0.9147335886955261
0.684153139591217
0.6207700371742249
0.5739730000495911
0.5195144414901733
0.4792896807193756
0.43568190932273865
0.4427342414855957
0.4004709720611572
0.42083531618118286
0.4072161614894867
0.40254905819892883
0.38814491033554077
0.4049585163593292
0.3927876651287079
0.39732035994529724
0.3695484697818756
0.3694126009941101
0.3568498492240906
0.34306612610816956
0.3659519553184509
0.37618884444236755
0.3535762131214142
0.36129051446914673
0.345971018075943
0.35842451453208923
0.3413383364677429
0.35491710901260376
0.3319894075393677
0.32510456442832947
0.3406997323036194
0.3477552533149719
0.32093706727027893
0.3293554186820984
0.3347310423851013
0.322869211435318
0.32093533873558044
0.29971638321876526
0.3032519519329071
0.3032330870628357
0.2912197709083557
0.3024753928184509
0.2927732467651367
0.3023524284362793
0.31391221284866333
0.3014073073863983
0.3067784607410431
0.31012943387031555
0.2956908345222473
0.28249645233154297
0.2783167362213135
0.2953571379184723
0.2881183326244354
0.2941220700740814
0.2810373604297638
0.30554360151290894
0.2841016948223114
0.2655412554740906
0.2740580439567566
0.2949431836605072
0.28128930926322937
0.3084407448768616
0.2700631320476532
0.264426589012146
0.25812143087387085
0.26214492321014404
0.2628992795944214
0.26582589745521545
0.2563699781894684
0.2792614996433258
0.2510547935962677
0.25634104013442993
0.24477547407150269
0.22721675038337708
0.2462872862815857
0.24038544297218323
0.2487499713897705
0.2416900247335434
0.2432590126991272
0.24171115458011627
0.22413143515586853
0.23527735471725464
0.2464057058095932
0.2290988266468048
0.23045919835567474
0.22933337092399597
0.2614656388759613
0.23001861572265625
0.21127985417842865
0.2391001135110855
0.2375841736793518
0.21992827951908112
0.22564636170864105
0.23173078894615173
0.23263265192508698
0.22060824930667877
0.21436820924282074
0.21704848110675812
0.2187556028366089
0.21645048260688782
0.22328612208366394
0.2133399099111557
0.22438369691371918
0.20578347146511078
0.19491414725780487
0.22093632817268372
0.20561645925045013
0.2149622142314911
0.20321987569332123
0.20238088071346283
0.19290077686309814
0.19544275104999542
0.17786982655525208
0.19187341630458832
0.1884363293647766
0.18349920213222504
0.19134287536144257
0.1849685162305832
0.2022951990365982
0.1992877721786499
0.21454869210720062
0.18799927830696106
0.18648360669612885
0.17806999385356903
0.18037763237953186
0.18169783055782318
0.17767788469791412
0.1783028542995453
0.18240278959274292
0.1830446422100067
0.17620235681533813
0.1758430302143097
0.19113720953464508
0.16688871383666992
0.17178964614868164
0.16081029176712036
0.16252268850803375
0.1616957187652588
0.1643516570329666
0.17137043178081512
0.1606207937002182
0.15497121214866638
0.1632308065891266
0.16302138566970825
0.15328887104988098
0.15247344970703125
0.14499492943286896
0.1523095667362213
0.15295417606830597
0.15800215303897858
0.15843933820724487
0.14591163396835327
0.1596396267414093
0.15085124969482422
0.16653680801391602
0.1500423550605774
0.1541880965232849
0.15814580023288727
0.1382005661725998
0.14954930543899536
0.16200698912143707
0.14439614117145538
0.14441195130348206
0.16342762112617493
0.15897834300994873
0.13861873745918274
0.1474827378988266
0.15089210867881775
0.14983417093753815
0.1441958248615265
0.13558481633663177
0.15091869235038757
0.13396874070167542
0.1456562876701355
0.13920384645462036
0.13089801371097565
0.12342602759599686
0.14364174008369446
0.1560063511133194
0.16018670797348022
0.14730265736579895
0.155074343085289
0.14968067407608032
0.1486550122499466
0.1328616440296173
0.13992959260940552
0.13525301218032837
0.15368181467056274
0.13163624703884125
0.14046289026737213
0.14344777166843414
0.12585483491420746
0.12484408169984818
0.1534825712442398
0.11551548540592194
0.11484473943710327
0.14225423336029053
0.1288549154996872
0.1222410798072815
0.13040170073509216
0.1237865686416626
0.13106605410575867
0.13063578307628632
0.11850646138191223
0.13725589215755463
0.13526201248168945
0.11501146107912064
0.12904313206672668
0.12855568528175354
0.11254620552062988
0.12449510395526886
0.11918991059064865
0.1038375198841095
0.13676007091999054
0.11701758205890656
0.11270565539598465
0.11839330941438675
0.10059041529893875
0.12437754124403
0.12415145337581635
0.12643393874168396
0.11956549435853958
0.10533294081687927
0.10281196236610413
0.1315256804227829
0.0957193672657013
0.10688158869743347
0.11757484078407288
0.09372565150260925
0.11532282829284668
0.1242823526263237
0.10867366939783096
0.11670416593551636
0.10344555974006653
0.10864400118589401
0.11822415888309479
0.10688357800245285
0.1063648983836174
0.10225187987089157
0.10746026784181595
0.1087651327252388
0.09735118597745895
0.10686063021421432
0.1028907373547554
0.1127888485789299
0.10439715534448624
0.10614872723817825
0.09770862013101578
0.11013554036617279
0.10871048271656036
0.12275072932243347
0.09931378066539764
0.10816160589456558
0.09947320818901062
0.11205931007862091
0.09632555395364761
0.10408496856689453
0.09032499045133591
0.09821278601884842
0.0981103777885437
0.09179051965475082
0.11791427433490753
0.08526439964771271
0.10686712712049484
0.08938267827033997
0.11884292215108871
0.11102893948554993
0.08920501917600632
0.08414822816848755
0.09622835367918015
0.09390878677368164
0.10173811763525009
0.096755750477314
0.10329274088144302
0.0962003692984581
0.09241195023059845
0.10002671182155609
0.09665264934301376
0.09341347962617874
0.10903853178024292
0.11497275531291962
0.09815113991498947
0.09195326268672943
0.09841791540384293
0.10517404228448868
0.0922931432723999
0.0855075791478157
0.10444511473178864
0.09940674155950546
0.09735296666622162
0.08664975315332413
0.09927284717559814
0.08299140632152557
0.09940820932388306
0.09975457936525345
0.09808062762022018
0.08432896435260773
0.09502480179071426
0.0946984589099884
0.08836735039949417
0.08652708679437637
0.10301266610622406
0.07987379282712936
0.09970534592866898
0.10453779995441437
0.0990128219127655
0.09341323375701904
0.08741176873445511
0.0942402258515358
0.08936997503042221
0.0736120417714119
0.11019905656576157
0.08737975358963013
0.08088952302932739
0.09202136844396591
0.09133066982030869
0.1131848618388176
0.07627912610769272
0.10983286052942276
0.0888756513595581
0.10455617308616638
0.0902288481593132
0.10203474014997482
0.07496168464422226
0.09979838877916336
0.07595264911651611
0.08735831081867218
0.08165200799703598
0.09361825883388519
0.0919463112950325
0.08740973472595215
0.09405931085348129
0.0868396908044815
0.08869326114654541
0.10118559002876282
0.08835242688655853
0.07970350980758667
0.0779542624950409
0.08388342708349228
0.09890776872634888
0.0809071883559227
0.08711441606283188
0.09909845888614655
0.0838707983493805
0.08639905601739883
0.08765138685703278
0.08272617310285568
0.08152167499065399
0.08806139975786209
0.08516401052474976
0.09016744792461395
0.08357658237218857
0.10305144637823105
0.10049354285001755
0.09306427091360092
0.08249087631702423
0.08284904807806015
0.09962637722492218
0.08218447864055634
0.08299057930707932
0.10365253686904907
0.09039187431335449
0.08478383719921112
0.07626166939735413
0.07285280525684357
0.0898553803563118
0.07069213688373566
0.08349207788705826
0.07573918253183365
0.09857065975666046
0.08642387390136719
0.09572979807853699
0.10255366563796997
0.07513702660799026
0.08340267837047577
0.10089153796434402
0.07012735307216644
0.09299933165311813
0.07450759410858154
0.08396851271390915
0.07202617824077606
0.08739785104990005
0.07193362712860107
0.07013648003339767
0.07483697682619095
0.07427063584327698
0.07938750088214874
0.08499667793512344
0.07979922741651535
0.09235832840204239
0.09076955169439316
0.09196293354034424
0.084797702729702
0.08781792223453522
0.09403002262115479
0.0793146938085556
0.08232449740171432
0.07064852863550186
0.08245296031236649
0.07382232695817947
0.08867789804935455
0.06785672903060913
0.080696702003479
0.07597852498292923
0.09255000948905945
0.07901687175035477
0.07293670624494553
0.07234682887792587
0.07670436054468155
0.08580262213945389
0.0811367928981781
0.07187051326036453
0.08153662830591202
0.08592577278614044
0.06650031358003616
0.08021439611911774
0.07625261694192886
0.07466492801904678
0.08042716234922409
0.08100908249616623
0.0675632432103157
0.07206762582063675
0.07817499339580536
0.07105278223752975
0.0596042238175869
0.07096055895090103
0.08179724961519241
0.08393783122301102
0.07366921007633209
0.08907801657915115
0.06601406633853912
0.07175122201442719
0.07371886819601059
0.09472479671239853
0.07853856682777405
0.07547347992658615
0.07158947736024857
0.07920270413160324
0.06212955713272095
0.08572475612163544
0.08697322756052017
0.07174288481473923
0.0759517252445221
0.07197835296392441
0.06872973591089249
0.07132969796657562
0.06489165127277374
0.07133989036083221
0.07650549709796906
0.08163459599018097
0.07550492137670517
0.07830316573381424
0.07566327601671219
0.07832647860050201
0.08655869960784912
0.06557220220565796
0.07777559012174606
0.06502798199653625
0.0630665197968483
0.08048759400844574
0.07473154366016388
0.10052789747714996
0.0608614981174469
0.06882335990667343
0.07991628348827362
0.06673167645931244
0.07396271079778671
0.06546997278928757
0.08737674355506897
0.08013100177049637
0.07196688652038574
0.09117236733436584
0.07299134135246277
0.07851247489452362
0.08008180558681488
0.08130333572626114
0.08156802505254745
0.07551705837249756
0.05351521074771881
0.07872059941291809
0.06563790142536163
0.07201404869556427
0.07731260359287262
0.07451995462179184
0.0817769393324852
0.07496605813503265
0.07671868056058884
0.07317551970481873
0.0693417489528656
0.07261110097169876
0.08281688392162323
0.0659431740641594
0.0915026068687439
0.07094992697238922
0.08230938017368317
0.07755181193351746
0.07675232738256454
0.07676252722740173
0.06358160078525543
0.08044256269931793
0.07430323213338852
0.0800749659538269
0.06233638897538185
0.06277753412723541
0.06518199294805527
0.056042589247226715
0.06795736402273178
0.07633540034294128
0.06074562668800354
0.07824760675430298
0.0755777359008789
0.06858277320861816
0.06933683156967163
0.07308324426412582
0.07235731184482574
0.06368014961481094
0.06787781417369843
0.06149682402610779
0.06476449221372604
0.07852431386709213
0.08450599014759064
0.08770951628684998
0.09887825697660446
0.08453154563903809
0.0741243064403534
0.07529935240745544
0.0734376311302185
0.08548565208911896
0.07119598984718323
0.08395978063344955
0.07112912088632584
0.07259858399629593
0.08058865368366241
0.07595883309841156
0.06033174693584442
0.0602489709854126
0.07353558391332626
0.08954332023859024
0.07062911987304688
0.07786057144403458
0.0731160044670105
0.07165878266096115
0.07759256660938263
0.08053404837846756
0.08275871723890305
0.07207298278808594
0.0564948171377182
0.07882319390773773
0.07576069235801697
0.0797259509563446
0.08055704087018967
0.07312057912349701
0.06239361688494682
0.07782121747732162
0.06383635103702545
0.08459148555994034
0.06524663418531418
0.06809144467115402
0.06949884444475174
0.0674513578414917
0.08540767431259155
0.06588485091924667
0.06743250787258148
0.06948141008615494
0.06828007102012634
0.07655076682567596
0.0722472295165062
0.06296154111623764
0.06799135357141495
0.060607969760894775
0.07021160423755646
0.08181488513946533
0.07562119513750076
0.0801176130771637
0.06592781096696854
0.08356451243162155
0.06980418413877487
0.07715927809476852
0.0743991807103157
0.06273119151592255
0.0676906481385231
0.07180670648813248
0.06981822103261948
0.08667422831058502
0.05606543645262718
0.07194702327251434
0.07092724740505219
0.07638239860534668
0.06846032291650772
0.06992344558238983
0.07131094485521317
0.06226968765258789
0.05598054453730583
0.06987452507019043
0.0655851885676384
0.08939114958047867
0.06583420932292938
0.07482069730758667
0.06009455397725105
0.07065322250127792
0.07523234933614731
0.06329913437366486
0.06703744828701019
0.06395874917507172
0.06123549863696098
0.087727852165699
0.08118610829114914
