0.5763239860534668
0.6090342402458191
0.6401869058609009
0.6604361534118652
0.6853582262992859
0.7024922370910645
0.7196261882781982
0.732087254524231
0.7398753762245178
0.7461059093475342
0.7461059093475342
0.7507787942886353
0.763239860534668
0.781931459903717
0.7912772297859192
0.8021807074546814
0.8130841255187988
0.8193146586418152
0.822429895401001
0.8317757248878479
0.836448609828949
0.8380062580108643
0.8380062580108643
0.8426791429519653
0.8473520278930664
0.8520249128341675
0.855140209197998
0.8582554459571838
0.8613707423210144
0.8629283308982849
0.8644859790802002
0.8644859790802002
0.8644859790802002
0.8644859790802002
0.8644859790802002
0.8691588640213013
0.8691588640213013
0.8691588640213013
0.8722741603851318
0.8769470453262329
0.8769470453262329
0.8753893971443176
0.8769470453262329
0.8738317489624023
0.8753893971443176
0.8769470453262329
0.8738317489624023
0.8785046935081482
0.8800622820854187
0.8800622820854187
0.8800622820854187
0.8831775784492493
0.8831775784492493
0.8847352266311646
0.8847352266311646
0.8894081115722656
0.8847352266311646
0.8831775784492493
0.8831775784492493
0.8847352266311646
0.8847352266311646
0.8831775784492493
0.8862928152084351
0.8878504633903503
0.8862928152084351
0.8831775784492493
0.8831775784492493
0.8831775784492493
0.881619930267334
0.881619930267334
0.8847352266311646
0.8847352266311646
0.8847352266311646
0.8862928152084351
0.8862928152084351
0.8862928152084351
0.8847352266311646
0.8894081115722656
0.8894081115722656
0.8894081115722656
0.8894081115722656
0.8862928152084351
0.8847352266311646
0.8847352266311646
0.8847352266311646
0.8847352266311646
0.8862928152084351
0.8831775784492493
0.8862928152084351
0.8847352266311646
0.8862928152084351
0.8862928152084351
0.8862928152084351
0.8878504633903503
0.8878504633903503
0.8925233483314514
0.8894081115722656
0.8894081115722656
0.8925233483314514
0.8940809965133667
0.8925233483314514
0.8925233483314514
0.8909657597541809
0.8894081115722656
0.8940809965133667
0.895638644695282
0.8925233483314514
0.8894081115722656
0.8909657597541809
0.8940809965133667
0.8925233483314514
0.8925233483314514
0.8940809965133667
0.8925233483314514
0.8971962332725525
0.895638644695282
0.8971962332725525
0.895638644695282
0.895638644695282
0.8925233483314514
0.8894081115722656
0.8894081115722656
0.8940809965133667
0.8940809965133667
0.8909657597541809
0.8925233483314514
0.8940809965133667
0.8940809965133667
0.8940809965133667
0.895638644695282
0.895638644695282
0.895638644695282
0.895638644695282
0.895638644695282
0.8971962332725525
0.895638644695282
0.895638644695282
0.9018691778182983
0.9049844145774841
0.9018691778182983
0.9018691778182983
0.8987538814544678
0.8987538814544678
0.9003115296363831
0.8971962332725525
0.8987538814544678
0.8987538814544678
0.8987538814544678
0.8987538814544678
0.9003115296363831
0.9003115296363831
0.9003115296363831
0.9003115296363831
0.8971962332725525
0.9018691778182983
0.8987538814544678
0.9003115296363831
0.8987538814544678
0.8987538814544678
0.9018691778182983
0.9018691778182983
0.9018691778182983
0.9034267663955688
0.9049844145774841
0.9034267663955688
0.9034267663955688
0.9018691778182983
0.9018691778182983
0.9034267663955688
0.9018691778182983
0.9018691778182983
0.8987538814544678
0.9003115296363831
0.9003115296363831
0.9018691778182983
0.9018691778182983
0.9018691778182983
0.8987538814544678
0.9003115296363831
0.8987538814544678
0.8987538814544678
0.9018691778182983
0.9003115296363831
0.8987538814544678
0.9003115296363831
0.8987538814544678
0.8987538814544678
0.8987538814544678
0.8987538814544678
0.9018691778182983
0.9018691778182983
0.9018691778182983
0.9018691778182983
0.9065420627593994
0.9080997109413147
0.9096572995185852
0.9080997109413147
0.9065420627593994
0.9049844145774841
0.9049844145774841
0.9049844145774841
0.9018691778182983
0.8987538814544678
0.8987538814544678
0.9018691778182983
0.9034267663955688
0.9003115296363831
0.9018691778182983
0.9018691778182983
0.9034267663955688
0.9034267663955688
0.9034267663955688
0.9049844145774841
0.9034267663955688
0.9018691778182983
0.9034267663955688
0.9049844145774841
0.9049844145774841
0.9049844145774841
0.9034267663955688
0.9034267663955688
0.9049844145774841
0.9049844145774841
0.9065420627593994
0.9065420627593994
0.9065420627593994
0.9065420627593994
0.9049844145774841
0.9049844145774841
0.9065420627593994
0.9065420627593994
0.9065420627593994
0.9065420627593994
0.9065420627593994
0.9065420627593994
0.9065420627593994
0.9065420627593994
0.9049844145774841
0.9049844145774841
0.9065420627593994
0.9080997109413147
0.9080997109413147
0.9080997109413147
0.9080997109413147
0.9080997109413147
0.9080997109413147
0.9065420627593994
0.9065420627593994
0.9049844145774841
0.9034267663955688
0.9034267663955688
0.9034267663955688
0.9034267663955688
0.9049844145774841
0.9018691778182983
0.9049844145774841
0.9065420627593994
0.9080997109413147
0.9065420627593994
0.9065420627593994
0.9065420627593994
0.9065420627593994
0.9065420627593994
0.9065420627593994
0.9065420627593994
0.9034267663955688
0.9034267663955688
0.9049844145774841
0.9049844145774841
0.9049844145774841
0.9080997109413147
0.9065420627593994
0.9065420627593994
0.9065420627593994
0.9049844145774841
0.9049844145774841
0.9049844145774841
0.9034267663955688
0.9034267663955688
0.9034267663955688
0.9049844145774841
0.9080997109413147
0.9127725958824158
0.9190031290054321
0.9205607771873474
0.9236760139465332
0.9221183657646179
0.9158878326416016
0.9127725958824158
0.9127725958824158
0.9096572995185852
0.9080997109413147
0.9065420627593994
0.9049844145774841
0.9065420627593994
0.9065420627593994
0.9080997109413147
0.9080997109413147
0.9080997109413147
0.9065420627593994
0.9065420627593994
0.9065420627593994
0.9034267663955688
0.9034267663955688
0.9034267663955688
0.9034267663955688
0.9034267663955688
0.9034267663955688
0.9034267663955688
0.9049844145774841
0.9049844145774841
0.9049844145774841
0.9065420627593994
0.9065420627593994
0.9065420627593994
0.9080997109413147
0.9080997109413147
0.9065420627593994
0.9080997109413147
0.9065420627593994
0.9065420627593994
0.9065420627593994
0.9065420627593994
0.9065420627593994
0.9065420627593994
0.9065420627593994
0.9065420627593994
0.9065420627593994
0.9065420627593994
0.9065420627593994
0.9065420627593994
0.9065420627593994
0.9065420627593994
0.9065420627593994
0.9065420627593994
0.9065420627593994
0.9065420627593994
0.9065420627593994
0.9065420627593994
0.9065420627593994
0.9065420627593994
0.9065420627593994
0.9065420627593994
0.9065420627593994
0.9065420627593994
0.9065420627593994
0.9065420627593994
0.9049844145774841
0.9049844145774841
0.9065420627593994
0.9065420627593994
0.9080997109413147
0.9112149477005005
0.9096572995185852
0.9096572995185852
0.9112149477005005
0.9112149477005005
0.9096572995185852
0.9096572995185852
0.9096572995185852
0.9127725958824158
0.9127725958824158
0.9127725958824158
0.9127725958824158
0.9127725958824158
0.9127725958824158
0.9127725958824158
0.9127725958824158
0.9127725958824158
0.9112149477005005
0.9112149477005005
0.9127725958824158
0.9112149477005005
0.9127725958824158
0.9127725958824158
0.9127725958824158
0.914330244064331
0.9127725958824158
0.9127725958824158
0.9127725958824158
0.9127725958824158
0.9127725958824158
0.914330244064331
0.914330244064331
0.914330244064331
0.9127725958824158
0.914330244064331
0.914330244064331
0.9127725958824158
0.9127725958824158
0.914330244064331
0.9127725958824158
0.914330244064331
0.914330244064331
0.914330244064331
0.9158878326416016
0.9127725958824158
0.9158878326416016
0.9158878326416016
0.9174454808235168
0.914330244064331
0.914330244064331
0.914330244064331
0.914330244064331
0.914330244064331
0.914330244064331
0.914330244064331
0.914330244064331
0.914330244064331
0.914330244064331
0.914330244064331
0.914330244064331
0.914330244064331
0.914330244064331
0.914330244064331
0.914330244064331
0.914330244064331
0.914330244064331
0.914330244064331
0.914330244064331
0.914330244064331
0.914330244064331
0.914330244064331
0.914330244064331
0.914330244064331
0.914330244064331
0.914330244064331
0.914330244064331
0.914330244064331
0.914330244064331
0.914330244064331
0.914330244064331
0.914330244064331
0.914330244064331
0.914330244064331
0.914330244064331
0.914330244064331
0.914330244064331
0.914330244064331
0.9158878326416016
0.9158878326416016
0.9158878326416016
0.9174454808235168
0.9174454808235168
0.9174454808235168
0.9174454808235168
0.9174454808235168
0.9174454808235168
0.9174454808235168
0.9158878326416016
0.9158878326416016
0.9158878326416016
0.9158878326416016
0.9158878326416016
0.9158878326416016
0.9158878326416016
0.9158878326416016
0.9158878326416016
0.9158878326416016
0.9158878326416016
0.9158878326416016
0.9158878326416016
0.9158878326416016
0.9158878326416016
0.9158878326416016
0.9158878326416016
0.9158878326416016
0.914330244064331
0.914330244064331
0.914330244064331
0.914330244064331
0.914330244064331
0.914330244064331
0.914330244064331
0.914330244064331
0.914330244064331
0.914330244064331
0.914330244064331
0.914330244064331
0.914330244064331
0.914330244064331
0.914330244064331
0.914330244064331
0.914330244064331
0.9127725958824158
0.9127725958824158
0.9127725958824158
0.9127725958824158
0.914330244064331
0.914330244064331
0.914330244064331
0.9158878326416016
0.9158878326416016
0.9158878326416016
0.9158878326416016
0.9174454808235168
0.9190031290054321
0.9190031290054321
0.9174454808235168
0.9174454808235168
0.9174454808235168
0.9158878326416016
0.9158878326416016
0.9158878326416016
0.9158878326416016
0.9158878326416016
0.9158878326416016
0.9158878326416016
0.9158878326416016
0.9158878326416016
0.9158878326416016
0.9158878326416016
0.9158878326416016
0.9158878326416016
0.9158878326416016
0.9158878326416016
0.9158878326416016
0.9158878326416016
0.9158878326416016
0.9158878326416016
0.9158878326416016
0.914330244064331
0.914330244064331
0.914330244064331
0.914330244064331
0.914330244064331
0.914330244064331
0.914330244064331
0.914330244064331
0.914330244064331
0.914330244064331
0.914330244064331
0.914330244064331
0.914330244064331
0.914330244064331
0.914330244064331
0.914330244064331
0.914330244064331
0.914330244064331
0.914330244064331
0.914330244064331
0.9158878326416016
0.9190031290054321
0.9190031290054321
0.9190031290054321
0.9174454808235168
0.9158878326416016
0.9158878326416016
0.9158878326416016
0.9158878326416016
0.9158878326416016
0.9174454808235168
0.9190031290054321
0.9190031290054321
0.9190031290054321
0.9190031290054321
0.9190031290054321
0.9190031290054321
0.9190031290054321
0.9190031290054321
0.9190031290054321
0.9190031290054321
0.9190031290054321
0.9190031290054321
0.9190031290054321
0.9190031290054321
0.9190031290054321
0.9190031290054321
0.9190031290054321
0.9190031290054321
0.9190031290054321
0.9190031290054321
0.9190031290054321
0.9190031290054321
0.9190031290054321
0.9190031290054321
0.9190031290054321
0.9190031290054321
0.9174454808235168
0.9190031290054321
0.9190031290054321
0.9190031290054321
0.9190031290054321
0.9190031290054321
0.9190031290054321
0.9190031290054321
0.9190031290054321
0.9174454808235168
0.9174454808235168
0.9174454808235168
0.9174454808235168
0.9174454808235168
0.9158878326416016
0.9158878326416016
0.9158878326416016
0.9158878326416016
0.9158878326416016
0.9158878326416016
0.9158878326416016
0.9158878326416016
0.9158878326416016
0.9174454808235168
0.9174454808235168
