0.4844236671924591
0.5514018535614014
0.5576323866844177
0.5295950174331665
0.5389407873153687
0.5685358047485352
0.5887850522994995
0.5669782161712646
0.5934579372406006
0.5887850522994995
0.6168224215507507
0.618380069732666
0.6308411359786987
0.6401869058609009
0.6277258396148682
0.677570104598999
0.6993769407272339
0.6557632684707642
0.6993769407272339
0.6900311708450317
0.7274143099784851
0.7102803587913513
0.7429906725883484
0.7149532437324524
0.7336448431015015
0.7461059093475342
0.7507787942886353
0.7445482611656189
0.763239860534668
0.7538940906524658
0.7554517388343811
0.7585669755935669
0.7585669755935669
0.763239860534668
0.7725856900215149
0.7725856900215149
0.7881619930267334
0.7850467562675476
0.7834891080856323
0.7912772297859192
0.781931459903717
0.8052959442138672
0.7788162231445312
0.7850467562675476
0.7788162231445312
0.7943925261497498
0.777258574962616
0.8052959442138672
0.7943925261497498
0.8021807074546814
0.8021807074546814
0.8068535923957825
0.8052959442138672
0.8084112405776978
0.8177570104598999
0.8084112405776978
0.8193146586418152
0.8442367315292358
0.8317757248878479
0.7990654110908508
0.8177570104598999
0.8255451917648315
0.8380062580108643
0.8177570104598999
0.8239875435829163
0.8348909616470337
0.8177570104598999
0.8130841255187988
0.822429895401001
0.836448609828949
0.8380062580108643
0.8115264773368835
0.8239875435829163
0.8333333134651184
0.8395638465881348
0.8380062580108643
0.8395638465881348
0.84112149477005
0.8286604285240173
0.8146417737007141
0.836448609828949
0.8489096760749817
0.8426791429519653
0.8457943797111511
0.8489096760749817
0.827102780342102
0.8489096760749817
0.8333333134651184
0.8489096760749817
0.84112149477005
0.8457943797111511
0.8473520278930664
0.8473520278930664
0.8535825610160828
0.8629283308982849
0.8426791429519653
0.8473520278930664
0.8426791429519653
0.8598130941390991
0.8629283308982849
0.8520249128341675
0.8442367315292358
0.8582554459571838
0.8660436272621155
0.8473520278930664
0.8442367315292358
0.8613707423210144
0.84112149477005
0.8520249128341675
0.8473520278930664
0.8395638465881348
0.8535825610160828
0.8442367315292358
0.8644859790802002
0.8504672646522522
0.8457943797111511
0.8598130941390991
0.8520249128341675
0.8473520278930664
0.8520249128341675
0.8457943797111511
0.8535825610160828
0.8457943797111511
0.8457943797111511
0.8520249128341675
0.8629283308982849
0.8613707423210144
0.8566977977752686
0.8504672646522522
0.8629283308982849
0.8722741603851318
0.8613707423210144
0.8691588640213013
0.8691588640213013
0.8566977977752686
0.8722741603851318
0.8489096760749817
0.8660436272621155
0.8644859790802002
0.8847352266311646
0.8644859790802002
0.8722741603851318
0.8598130941390991
0.8676012754440308
0.8582554459571838
0.8504672646522522
0.855140209197998
0.8489096760749817
0.8566977977752686
0.8769470453262329
0.8473520278930664
0.8520249128341675
0.8707165122032166
0.8566977977752686
0.8722741603851318
0.8629283308982849
0.8660436272621155
0.8722741603851318
0.8785046935081482
0.8660436272621155
0.8566977977752686
0.8753893971443176
0.8800622820854187
0.8738317489624023
0.8707165122032166
0.8676012754440308
0.8629283308982849
0.8831775784492493
0.8925233483314514
0.8691588640213013
0.8691588640213013
0.8769470453262329
0.8676012754440308
0.8660436272621155
0.8691588640213013
0.8831775784492493
0.8722741603851318
0.8535825610160828
0.8769470453262329
0.8691588640213013
0.8800622820854187
0.8785046935081482
0.8644859790802002
0.8800622820854187
0.881619930267334
0.8847352266311646
0.8660436272621155
0.8831775784492493
0.8676012754440308
0.8769470453262329
0.8707165122032166
0.8753893971443176
0.8722741603851318
0.8862928152084351
0.8566977977752686
0.8520249128341675
0.8769470453262329
0.8707165122032166
0.8862928152084351
0.8753893971443176
0.8629283308982849
0.8909657597541809
0.881619930267334
0.8676012754440308
0.8691588640213013
0.8582554459571838
0.8753893971443176
0.8862928152084351
0.8738317489624023
0.8676012754440308
0.8831775784492493
0.8987538814544678
0.881619930267334
0.8847352266311646
0.8738317489624023
0.8831775784492493
0.8800622820854187
0.8753893971443176
0.8785046935081482
0.881619930267334
0.8847352266311646
0.8862928152084351
0.8862928152084351
0.8847352266311646
0.8862928152084351
0.8894081115722656
0.8847352266311646
0.881619930267334
0.8800622820854187
0.8878504633903503
0.8722741603851318
0.8909657597541809
0.8707165122032166
0.8862928152084351
0.8847352266311646
0.8862928152084351
0.8847352266311646
0.8847352266311646
0.8878504633903503
0.8800622820854187
0.8940809965133667
0.8894081115722656
0.8831775784492493
0.881619930267334
0.881619930267334
0.8800622820854187
0.8800622820854187
0.8878504633903503
0.8862928152084351
0.9003115296363831
0.8831775784492493
0.8847352266311646
0.8878504633903503
0.9003115296363831
0.8940809965133667
0.8753893971443176
0.8925233483314514
0.8831775784492493
0.8785046935081482
0.8753893971443176
0.8862928152084351
0.8831775784492493
0.8691588640213013
0.9003115296363831
0.8909657597541809
0.8940809965133667
0.8909657597541809
0.8847352266311646
0.8878504633903503
0.8722741603851318
0.8800622820854187
0.8831775784492493
0.8940809965133667
0.8878504633903503
0.8769470453262329
0.8862928152084351
0.8862928152084351
0.8909657597541809
0.8894081115722656
0.9018691778182983
0.8831775784492493
0.8940809965133667
0.8847352266311646
0.8785046935081482
0.8738317489624023
0.8878504633903503
0.8831775784492493
0.8925233483314514
0.8987538814544678
0.8800622820854187
0.8940809965133667
0.8847352266311646
0.8738317489624023
0.8831775784492493
0.8971962332725525
0.8987538814544678
0.8925233483314514
0.8894081115722656
0.8831775784492493
0.8800622820854187
0.8925233483314514
0.8769470453262329
0.8878504633903503
0.8925233483314514
0.8894081115722656
0.8940809965133667
0.8831775784492493
0.8878504633903503
0.8878504633903503
0.8862928152084351
0.8769470453262329
0.8940809965133667
0.8862928152084351
0.8940809965133667
0.8894081115722656
0.8925233483314514
0.8878504633903503
0.8878504633903503
0.8847352266311646
0.8862928152084351
0.8940809965133667
0.8738317489624023
0.8878504633903503
0.8878504633903503
0.9003115296363831
0.8971962332725525
0.8831775784492493
0.8862928152084351
0.8769470453262329
0.895638644695282
0.9018691778182983
0.8894081115722656
0.9003115296363831
0.8894081115722656
0.8722741603851318
0.9080997109413147
0.8785046935081482
0.8894081115722656
0.881619930267334
0.8925233483314514
0.9003115296363831
0.895638644695282
0.8878504633903503
0.8847352266311646
0.8753893971443176
0.8785046935081482
0.8987538814544678
0.8847352266311646
0.895638644695282
0.895638644695282
0.8800622820854187
0.881619930267334
0.8862928152084351
0.8878504633903503
0.9018691778182983
0.8862928152084351
0.8878504633903503
0.8925233483314514
0.8878504633903503
0.8894081115722656
0.8894081115722656
0.8878504633903503
0.8971962332725525
0.8878504633903503
0.8971962332725525
0.9003115296363831
0.8785046935081482
0.8862928152084351
0.8769470453262329
0.8831775784492493
0.881619930267334
0.8862928152084351
0.9018691778182983
0.8753893971443176
0.8831775784492493
0.8847352266311646
0.881619930267334
0.8894081115722656
0.9003115296363831
0.8862928152084351
0.881619930267334
0.8862928152084351
0.8878504633903503
0.9003115296363831
0.8925233483314514
0.8862928152084351
0.9049844145774841
0.8894081115722656
0.8987538814544678
0.895638644695282
0.8894081115722656
0.8878504633903503
0.8831775784492493
0.8862928152084351
0.8785046935081482
0.8722741603851318
0.881619930267334
0.8862928152084351
0.8831775784492493
0.8800622820854187
0.8878504633903503
0.8987538814544678
0.8925233483314514
0.8785046935081482
0.895638644695282
0.9018691778182983
0.8940809965133667
0.9003115296363831
0.8894081115722656
0.8925233483314514
0.8878504633903503
0.9018691778182983
0.8800622820854187
0.8909657597541809
0.8831775784492493
0.9018691778182983
0.8925233483314514
0.8971962332725525
0.8925233483314514
0.8940809965133667
0.8971962332725525
0.9018691778182983
0.8909657597541809
0.8769470453262329
0.8862928152084351
0.8847352266311646
0.8862928152084351
0.895638644695282
0.8847352266311646
0.8831775784492493
0.8862928152084351
0.8831775784492493
0.8894081115722656
0.8894081115722656
0.895638644695282
0.9065420627593994
0.8894081115722656
0.8738317489624023
0.8862928152084351
0.8894081115722656
0.8862928152084351
0.881619930267334
0.895638644695282
0.8878504633903503
0.9018691778182983
0.9034267663955688
0.8847352266311646
0.8878504633903503
0.9018691778182983
0.8862928152084351
0.8925233483314514
0.9003115296363831
0.8909657597541809
0.8847352266311646
0.8800622820854187
0.8878504633903503
0.881619930267334
0.8925233483314514
0.8800622820854187
0.8847352266311646
0.8753893971443176
0.9034267663955688
0.8831775784492493
0.8909657597541809
0.8831775784492493
0.895638644695282
0.9003115296363831
0.9065420627593994
0.8925233483314514
0.8847352266311646
0.9003115296363831
0.8894081115722656
0.8831775784492493
0.8909657597541809
0.9018691778182983
0.895638644695282
0.8831775784492493
0.8894081115722656
0.8909657597541809
0.8753893971443176
0.8847352266311646
0.8831775784492493
0.8862928152084351
0.8940809965133667
0.895638644695282
0.895638644695282
0.9018691778182983
0.9018691778182983
0.9065420627593994
0.8971962332725525
0.8800622820854187
0.895638644695282
0.8862928152084351
0.8894081115722656
0.9065420627593994
0.895638644695282
0.8722741603851318
0.8909657597541809
0.9112149477005005
0.9018691778182983
0.8894081115722656
0.8831775784492493
0.895638644695282
0.8800622820854187
0.8878504633903503
0.8925233483314514
0.8862928152084351
0.8987538814544678
0.8971962332725525
0.881619930267334
0.8971962332725525
0.8987538814544678
0.8847352266311646
0.8940809965133667
0.8909657597541809
0.8753893971443176
0.881619930267334
0.8925233483314514
0.8909657597541809
0.8769470453262329
0.8909657597541809
0.8847352266311646
0.8878504633903503
0.8909657597541809
0.8769470453262329
0.9034267663955688
0.8847352266311646
0.8847352266311646
0.881619930267334
0.881619930267334
0.8971962332725525
0.8847352266311646
0.8971962332725525
0.8894081115722656
0.9034267663955688
0.8831775784492493
0.8862928152084351
0.9003115296363831
0.8971962332725525
0.8894081115722656
0.9003115296363831
0.895638644695282
0.8909657597541809
0.9127725958824158
0.8909657597541809
0.881619930267334
0.9112149477005005
0.8894081115722656
0.8940809965133667
0.895638644695282
0.8987538814544678
0.8800622820854187
0.8862928152084351
0.8878504633903503
0.8878504633903503
0.8909657597541809
0.8987538814544678
0.8925233483314514
0.9003115296363831
0.8847352266311646
0.895638644695282
0.8925233483314514
0.8831775784492493
0.8862928152084351
0.8971962332725525
0.9049844145774841
0.9065420627593994
0.9127725958824158
0.9065420627593994
0.8971962332725525
0.895638644695282
0.8909657597541809
0.9049844145774841
0.8925233483314514
0.9065420627593994
0.8940809965133667
0.9034267663955688
0.8878504633903503
0.9034267663955688
0.9003115296363831
0.8785046935081482
0.8894081115722656
0.8987538814544678
0.8925233483314514
0.8847352266311646
0.9003115296363831
0.8971962332725525
0.8971962332725525
0.9112149477005005
0.9034267663955688
0.9065420627593994
0.8909657597541809
0.9018691778182983
0.9018691778182983
0.8925233483314514
0.8785046935081482
0.8925233483314514
0.895638644695282
0.8878504633903503
0.895638644695282
0.9065420627593994
0.8878504633903503
0.8940809965133667
0.895638644695282
0.9003115296363831
0.8878504633903503
0.8925233483314514
0.8925233483314514
0.9065420627593994
0.8940809965133667
0.881619930267334
0.8894081115722656
0.8909657597541809
0.9080997109413147
0.8940809965133667
0.8894081115722656
0.8925233483314514
0.8971962332725525
0.8831775784492493
0.9080997109413147
0.8800622820854187
0.8925233483314514
0.895638644695282
0.895638644695282
0.8971962332725525
0.8753893971443176
0.8940809965133667
0.8971962332725525
0.8925233483314514
0.9018691778182983
0.8909657597541809
0.895638644695282
0.8971962332725525
0.8878504633903503
0.8894081115722656
0.895638644695282
0.8925233483314514
0.8862928152084351
0.895638644695282
0.895638644695282
0.8800622820854187
0.9065420627593994
0.881619930267334
0.881619930267334
0.8878504633903503
0.8971962332725525
0.8925233483314514
0.8925233483314514
0.9034267663955688
0.8831775784492493
0.8971962332725525
0.9018691778182983
0.8831775784492493
0.9003115296363831
0.8831775784492493
0.9096572995185852
0.8987538814544678
0.8738317489624023
0.8878504633903503
0.8909657597541809
0.8831775784492493
0.9018691778182983
