0.707481324672699
0.6661192178726196
0.664945125579834
0.6599684953689575
0.6468906402587891
0.6247952580451965
0.620433509349823
0.6301284432411194
0.6262291073799133
0.5938645005226135
0.6075008511543274
0.5751651525497437
0.5973111391067505
0.563382089138031
0.5772230625152588
0.5481280088424683
0.541731595993042
0.5378733277320862
0.5534010529518127
0.5614436864852905
0.5221256017684937
0.5478817820549011
0.508950412273407
0.5127574801445007
0.521388828754425
0.5014641284942627
0.5108764171600342
0.5298629999160767
0.5083191990852356
0.5016340017318726
0.49367305636405945
0.4784579575061798
0.5042480826377869
0.4870957136154175
0.49325618147850037
0.5011315941810608
0.48128387331962585
0.47814247012138367
0.4883193373680115
0.4951552748680115
0.47835710644721985
0.4695187509059906
0.4712681770324707
0.48408636450767517
0.47999700903892517
0.4769180715084076
0.4622119069099426
0.48290160298347473
0.4735732078552246
0.4761178493499756
0.4812924861907959
0.4557965099811554
0.42887982726097107
0.45790621638298035
0.468875527381897
0.4553035795688629
0.44697993993759155
0.44786766171455383
0.45124951004981995
0.4553382396697998
0.43154579401016235
0.44170889258384705
0.42592737078666687
0.4473227262496948
0.42576920986175537
0.4511297643184662
0.4211074411869049
0.44856366515159607
0.4231029152870178
0.42806288599967957
0.42552050948143005
0.41464152932167053
0.43981796503067017
0.4618741273880005
0.4174851179122925
0.4391230344772339
0.4310740530490875
0.4463244676589966
0.4328734874725342
0.4091164171695709
0.4096423387527466
0.40495985746383667
0.4313167333602905
0.4124193489551544
0.42359286546707153
0.43412157893180847
0.4248535633087158
0.42544570565223694
0.40058034658432007
0.3925178647041321
0.4294799268245697
0.42272046208381653
0.4025438129901886
0.38716867566108704
0.4262368679046631
0.42147529125213623
0.4037271738052368
0.39022737741470337
0.4084066152572632
0.3934887647628784
0.41554340720176697
0.40421098470687866
0.4007871150970459
0.40363243222236633
0.4177749454975128
0.409795880317688
0.4162277281284332
0.37585192918777466
0.3834051191806793
0.38862043619155884
0.39114445447921753
0.3883424401283264
0.3984948396682739
0.38669028878211975
0.4005921185016632
0.3836206793785095
0.38797295093536377
0.37843799591064453
0.38786181807518005
0.4038347005844116
0.3877306580543518
0.37273353338241577
0.3868069350719452
0.38681334257125854
0.37802669405937195
0.39540955424308777
0.3792451322078705
0.39622029662132263
0.3776581287384033
0.38025498390197754
0.37291720509529114
0.36837083101272583
0.38337478041648865
0.40132132172584534
0.3875734210014343
0.3848453760147095
0.38543766736984253
0.38331466913223267
0.39106515049934387
0.3801362216472626
0.37952253222465515
0.3856116533279419
0.3832031190395355
0.3650549352169037
0.37285590171813965
0.3846043646335602
0.38280823826789856
0.3819234371185303
0.36986151337623596
0.3803134262561798
0.399576336145401
0.3669684827327728
0.3538896441459656
0.37101826071739197
0.3687569797039032
0.39389607310295105
0.35294508934020996
0.3816945552825928
0.38685500621795654
0.3616320490837097
0.36359384655952454
0.3618556559085846
0.38082045316696167
0.3579537868499756
0.352839857339859
0.37326183915138245
0.35615235567092896
0.39115196466445923
0.3670509457588196
0.3660178482532501
0.380141943693161
0.3857421875
0.3567346930503845
0.36764368414878845
0.35522088408470154
0.37782740592956543
0.37147441506385803
0.374439001083374
0.36001694202423096
0.3629334568977356
0.35874485969543457
0.36556151509284973
0.3568640351295471
0.3687627613544464
0.3568173348903656
0.34291842579841614
0.3617495000362396
0.38375377655029297
0.35705217719078064
0.37468287348747253
0.3539697229862213
0.3665083050727844
0.36499544978141785
0.3851737380027771
0.346900999546051
0.3755117654800415
0.3645903170108795
0.34963372349739075
0.3667198121547699
0.3603546619415283
0.33591216802597046
0.35176053643226624
0.3413796126842499
0.3684031069278717
0.3508415222167969
0.36229443550109863
0.34611472487449646
0.3425627648830414
0.3394869565963745
0.33596840500831604
0.3473074734210968
0.3654904365539551
0.35698458552360535
0.3545001149177551
0.33806800842285156
0.35339444875717163
0.33762723207473755
0.34976938366889954
0.3380166292190552
0.3383994698524475
0.3673582077026367
0.33783331513404846
0.3417527377605438
0.33382561802864075
0.3419302701950073
0.365541934967041
0.3585320711135864
0.34153515100479126
0.3469565510749817
0.33535680174827576
0.34505435824394226
0.34980547428131104
0.34206274151802063
0.34140583872795105
0.3447440266609192
0.3517704904079437
0.32850947976112366
0.3466370701789856
0.342742383480072
0.34429264068603516
0.3268071711063385
0.3342776894569397
0.335692822933197
0.34524205327033997
0.3435039222240448
0.35133659839630127
0.33373913168907166
0.33497145771980286
0.33344733715057373
0.32333967089653015
0.33578768372535706
0.3400843143463135
0.33012139797210693
0.32423657178878784
0.3421165645122528
0.35456037521362305
0.35900765657424927
0.3241569995880127
0.3334842920303345
0.3372578024864197
0.347503125667572
0.32864636182785034
0.3433394730091095
0.33751294016838074
0.3450816869735718
0.33756986260414124
0.3167021870613098
0.3281475305557251
0.3127240240573883
0.33100181818008423
0.3103623688220978
0.31815871596336365
0.3276258707046509
0.33240002393722534
0.34097951650619507
0.35243457555770874
0.3349572718143463
0.3323221504688263
0.3325735032558441
0.3447842299938202
0.339760422706604
0.32247331738471985
0.3223717212677002
0.34304413199424744
0.30954936146736145
0.3183024823665619
0.31578588485717773
0.3279123306274414
0.3224804699420929
0.32752174139022827
0.3296450972557068
0.33196213841438293
0.3142651617527008
0.3262903690338135
0.3165214955806732
0.3210560977458954
0.3233353793621063
0.3353884816169739
0.3403419256210327
0.32957664132118225
0.3461596667766571
0.325653612613678
0.3357525169849396
0.3234599232673645
0.34241384267807007
0.33315137028694153
0.336943119764328
0.32552313804626465
0.3453277051448822
0.33183494210243225
0.3226913511753082
0.3417692184448242
0.33176133036613464
0.3225373923778534
0.3178257346153259
0.3251039385795593
0.33209678530693054
0.3324557840824127
0.3069082200527191
0.3219045102596283
0.33147168159484863
0.32143962383270264
0.32400447130203247
0.3276476562023163
0.34131747484207153
0.32421180605888367
0.3310518264770508
0.33717280626296997
0.3202916383743286
0.31646832823753357
0.3373301029205322
0.3149137496948242
0.3263438940048218
0.3196868300437927
0.34492015838623047
0.3245921730995178
0.323489785194397
0.3308127522468567
0.3236452043056488
0.3244759440422058
0.31908702850341797
0.32329896092414856
0.3098202645778656
0.3151642978191376
0.34722834825515747
0.3238968849182129
0.325640469789505
0.33942514657974243
0.3341962993144989
0.3512510657310486
0.3168027102947235
0.3339444398880005
0.33439481258392334
0.3411713242530823
0.3279103934764862
0.3274725675582886
0.31879982352256775
0.32889264822006226
0.30586308240890503
0.31693166494369507
0.319833368062973
0.3293847441673279
0.3267803192138672
0.33387184143066406
0.33262139558792114
0.32333165407180786
0.3110557496547699
0.30477598309516907
0.3252076208591461
0.31509560346603394
0.32452455163002014
0.2962244153022766
0.2975009083747864
0.32532885670661926
0.3251355290412903
0.31968894600868225
0.3134947419166565
0.3302406668663025
0.3342033326625824
0.30232247710227966
0.31883177161216736
0.3164401352405548
0.30411264300346375
0.30200308561325073
0.3273507058620453
0.3190089762210846
0.3115895390510559
0.326032429933548
0.3159271776676178
0.3091309666633606
0.3001813292503357
0.3310747444629669
0.3184811472892761
0.3160551190376282
0.3202647268772125
0.31370630860328674
0.322086364030838
0.3172660768032074
0.30319663882255554
0.3102276623249054
0.31324324011802673
0.32395297288894653
0.3139120936393738
0.31363117694854736
0.3156134784221649
0.31131142377853394
0.310459703207016
0.3160671591758728
0.32118386030197144
0.32369962334632874
0.3352385461330414
0.3259252607822418
0.3334270119667053
0.3149006962776184
0.29434409737586975
0.32201337814331055
0.30990710854530334
0.31365397572517395
0.2987363636493683
0.30729517340660095
0.30652427673339844
0.31471654772758484
0.3316229283809662
0.3130115270614624
0.3226146399974823
0.3257632255554199
0.3126063942909241
0.3239237070083618
0.3175548315048218
0.3210572600364685
0.31889280676841736
0.30222228169441223
0.3080637454986572
0.32498177886009216
0.33151549100875854
0.30396661162376404
0.3388090133666992
0.3077211380004883
0.3048470616340637
0.3086935877799988
0.3274567127227783
0.31982097029685974
0.3111359775066376
0.30620014667510986
0.2974855303764343
0.3071662187576294
0.3067862093448639
0.31685036420822144
0.3084242045879364
0.2974317669868469
0.3210281431674957
0.29796770215034485
0.3028072118759155
0.3056829571723938
0.30113518238067627
0.32425379753112793
0.3127228617668152
0.3261064291000366
0.3121631443500519
0.3087308704853058
0.31115809082984924
0.3088539242744446
0.32040175795555115
0.2987973392009735
0.3305200934410095
0.32851043343544006
0.315062940120697
0.3022608160972595
0.3048817217350006
0.30835801362991333
0.31746187806129456
0.31429964303970337
0.3159048855304718
0.30450600385665894
0.30004748702049255
0.3001512289047241
0.29720282554626465
0.32316887378692627
0.2960837185382843
0.3072150945663452
0.3121154308319092
0.31299689412117004
0.3020106852054596
0.3141193389892578
0.3142005205154419
0.30597123503685
0.3154086470603943
0.3073520362377167
0.3155604898929596
0.3315879702568054
0.324215292930603
0.29709455370903015
0.30765223503112793
0.31299111247062683
0.3195447325706482
0.30537497997283936
0.3076886832714081
0.3063693940639496
0.28698593378067017
0.3302500545978546
0.30458196997642517
0.3026709258556366
0.31810903549194336
0.3229266107082367
0.308261513710022
0.29821592569351196
0.3327482342720032
0.3172435164451599
0.3097231984138489
0.3173987865447998
0.3097236454486847
0.3153841197490692
0.303906112909317
0.2938788831233978
0.31234002113342285
0.3176499903202057
0.3090662360191345
0.295742392539978
0.3169447183609009
0.31711041927337646
0.3199135959148407
0.3236289918422699
0.31281426548957825
0.30478861927986145
0.3193775713443756
0.31391221284866333
0.31028613448143005
0.3240888714790344
0.3135222792625427
0.32440030574798584
0.3036799430847168
0.3051801025867462
0.2933880388736725
0.3220537602901459
0.31218305230140686
0.3173467218875885
0.3117894232273102
0.31154003739356995
0.3106344938278198
0.30718278884887695
0.31482818722724915
0.3111189603805542
0.31140705943107605
0.31620946526527405
0.28770050406455994
0.3197228014469147
0.3085628151893616
0.31681060791015625
0.3260389566421509
0.3066573441028595
0.2921365797519684
0.3125857412815094
0.31289738416671753
0.30100879073143005
0.32500240206718445
0.31924062967300415
0.31997838616371155
0.30978867411613464
0.3099903166294098
0.30484211444854736
0.28675970435142517
0.30016106367111206
0.309532105922699
0.31319567561149597
0.3332631587982178
0.3222969174385071
0.31871384382247925
0.3106725811958313
0.3145158588886261
0.28935322165489197
0.2968359589576721
0.2966096103191376
0.320436030626297
0.32177048921585083
0.3106732964515686
0.31098222732543945
0.2963736951351166
0.3173874616622925
0.2925131022930145
0.3376302123069763
0.30024051666259766
0.3078628480434418
0.29199883341789246
0.327572762966156
0.3026266098022461
0.31384459137916565
0.3063978850841522
0.29726484417915344
0.29991790652275085
0.31326159834861755
0.3146152198314667
0.3176570534706116
0.30472272634506226
0.32089442014694214
0.33385154604911804
0.31477195024490356
0.28713172674179077
0.3096195161342621
0.3221059739589691
0.3005973696708679
0.30599597096443176
0.30698296427726746
0.32441282272338867
0.3037368357181549
0.32012322545051575
0.30488404631614685
0.3099061846733093
0.3097667396068573
0.3090958595275879
0.30634066462516785
0.30679556727409363
0.31151506304740906
0.30389726161956787
0.28127196431159973
0.3114696145057678
0.3057212233543396
0.303468257188797
0.3192390501499176
0.2941235601902008
0.31661710143089294
0.31069639325141907
0.3284480571746826
0.3239845335483551
0.3051988184452057
0.31581056118011475
0.30524444580078125
0.3203177750110626
0.3279780447483063
0.31114834547042847
0.2939681112766266
0.2948547601699829
0.3053470253944397
0.3177083134651184
0.3135780692100525
0.3113553524017334
0.3197685182094574
0.3082699179649353
0.31513163447380066
0.2975394129753113
0.30155983567237854
0.28947702050209045
0.3077775835990906
0.30432450771331787
0.32408571243286133
0.3006749153137207
0.30393272638320923
0.3227394223213196
0.3180335462093353
0.3066636919975281
0.322960764169693
0.3074612021446228
0.30206891894340515
0.2982653081417084
0.29732546210289
0.3050648272037506
0.31272074580192566
0.30509528517723083
0.30607083439826965
0.314886212348938
0.30434858798980713
0.3069145083427429
0.3153867721557617
0.32104337215423584
0.31209617853164673
0.30277886986732483
0.3193807899951935
0.31940150260925293
0.3028600513935089
0.31434154510498047
0.3150815963745117
0.3123905062675476
0.29975026845932007
0.3134831190109253
0.3029164969921112
0.3234950304031372
0.2978854477405548
0.2880420386791229
0.2942797541618347
0.2988075315952301
0.3130926191806793
0.3171465992927551
0.30475786328315735
0.32462626695632935
0.3147987723350525
0.295685350894928
0.3031045198440552
0.3163122236728668
0.31651613116264343
0.3159880042076111
0.306377649307251
0.30795904994010925
0.31213808059692383
0.30616509914398193
0.3286651074886322
0.30760902166366577
0.30519190430641174
0.3204694986343384
0.2965123951435089
0.3105921149253845
0.30301862955093384
0.3172171115875244
0.3085829019546509
0.3054552972316742
0.30008211731910706
0.31113892793655396
0.32442668080329895
0.2935793399810791
0.3089871406555176
0.3153989315032959
0.3208257555961609
0.29629814624786377
0.2978658378124237
0.31012386083602905
0.30252304673194885
0.2994827628135681
0.3142234683036804
0.3105231821537018
0.3096471130847931
0.3054792582988739
