0.47975078225135803
0.5249221324920654
0.5342679023742676
0.5467289686203003
0.559190034866333
0.5669782161712646
0.5654205679893494
0.5669782161712646
0.5716511011123657
0.573208749294281
0.5700934529304504
0.5685358047485352
0.5623052716255188
0.5685358047485352
0.5716511011123657
0.5716511011123657
0.573208749294281
0.5716511011123657
0.5763239860534668
0.5716511011123657
0.5841121673583984
0.5965732336044312
0.6028037667274475
0.6152647733688354
0.6433022022247314
0.6495327353477478
0.6651090383529663
0.7102803587913513
0.7196261882781982
0.7647975087165833
0.7788162231445312
0.7975077629089355
0.795950174331665
0.795950174331665
0.795950174331665
0.7912772297859192
0.7866043448448181
0.8115264773368835
0.8177570104598999
0.8130841255187988
0.8130841255187988
0.8099688291549683
0.8052959442138672
0.8084112405776978
0.822429895401001
0.8099688291549683
0.8052959442138672
0.8161993622779846
0.8115264773368835
0.822429895401001
0.8208722472190857
0.8146417737007141
0.8380062580108643
0.8239875435829163
0.8161993622779846
0.8146417737007141
0.8161993622779846
0.8286604285240173
0.8146417737007141
0.8302180767059326
0.8177570104598999
0.8302180767059326
0.8177570104598999
0.8161993622779846
0.8255451917648315
0.8239875435829163
0.8333333134651184
0.8099688291549683
0.8286604285240173
0.8239875435829163
0.8177570104598999
0.8239875435829163
0.8317757248878479
0.836448609828949
0.8193146586418152
0.8302180767059326
0.8442367315292358
0.8239875435829163
0.8239875435829163
0.8395638465881348
0.8161993622779846
0.8333333134651184
0.8395638465881348
0.836448609828949
0.8286604285240173
0.822429895401001
0.8302180767059326
0.8255451917648315
0.8255451917648315
0.8395638465881348
0.8130841255187988
0.8442367315292358
0.8380062580108643
0.822429895401001
0.8380062580108643
0.8333333134651184
0.8333333134651184
0.84112149477005
0.84112149477005
0.822429895401001
0.8302180767059326
0.8380062580108643
0.8317757248878479
0.8426791429519653
0.8317757248878479
0.8426791429519653
0.8395638465881348
0.8333333134651184
0.8286604285240173
0.8286604285240173
0.8380062580108643
0.8457943797111511
0.827102780342102
0.8177570104598999
0.8333333134651184
0.8457943797111511
0.8317757248878479
0.8380062580108643
0.8348909616470337
0.8582554459571838
0.8380062580108643
0.8380062580108643
0.8302180767059326
0.8302180767059326
0.8442367315292358
0.8348909616470337
0.8535825610160828
0.8395638465881348
0.8380062580108643
0.8348909616470337
0.8520249128341675
0.8457943797111511
0.8426791429519653
0.8426791429519653
0.8255451917648315
0.8380062580108643
0.8286604285240173
0.8333333134651184
0.8457943797111511
0.8380062580108643
0.84112149477005
0.827102780342102
0.8115264773368835
0.8348909616470337
0.8317757248878479
0.8489096760749817
0.8348909616470337
0.8457943797111511
0.8566977977752686
0.8504672646522522
0.8348909616470337
0.836448609828949
0.8520249128341675
0.855140209197998
0.8473520278930664
0.8380062580108643
0.8457943797111511
0.84112149477005
0.8535825610160828
0.8520249128341675
0.8348909616470337
0.8426791429519653
0.8535825610160828
0.8644859790802002
0.8722741603851318
0.8457943797111511
0.8489096760749817
0.8286604285240173
0.8535825610160828
0.855140209197998
0.8504672646522522
0.836448609828949
0.8348909616470337
0.8395638465881348
0.8442367315292358
0.8520249128341675
0.8520249128341675
0.84112149477005
0.8395638465881348
0.8582554459571838
0.8286604285240173
0.8395638465881348
0.8582554459571838
0.836448609828949
0.8489096760749817
0.8566977977752686
0.8473520278930664
0.8442367315292358
0.8473520278930664
0.84112149477005
0.8473520278930664
0.8380062580108643
0.8426791429519653
0.8442367315292358
0.855140209197998
0.8535825610160828
0.8520249128341675
0.8348909616470337
0.8489096760749817
0.8489096760749817
0.8566977977752686
0.8598130941390991
0.8473520278930664
0.8629283308982849
0.8520249128341675
0.84112149477005
0.8457943797111511
0.8676012754440308
0.855140209197998
0.8442367315292358
0.8426791429519653
0.855140209197998
0.84112149477005
0.8598130941390991
0.8380062580108643
0.8566977977752686
0.8457943797111511
0.8504672646522522
0.8504672646522522
0.855140209197998
0.8426791429519653
0.8302180767059326
0.8457943797111511
0.8504672646522522
0.8380062580108643
0.8613707423210144
0.855140209197998
0.8566977977752686
0.8473520278930664
0.8520249128341675
0.8598130941390991
0.8380062580108643
0.8457943797111511
0.8473520278930664
0.8535825610160828
0.8489096760749817
0.8302180767059326
0.8442367315292358
0.8333333134651184
0.8520249128341675
0.8348909616470337
0.8380062580108643
0.8473520278930664
0.8395638465881348
0.8442367315292358
0.8582554459571838
0.8333333134651184
0.8613707423210144
0.8535825610160828
0.8535825610160828
0.8255451917648315
0.8582554459571838
0.8442367315292358
0.8535825610160828
0.8489096760749817
0.8380062580108643
0.8566977977752686
0.8644859790802002
0.8566977977752686
0.8395638465881348
0.8457943797111511
0.8473520278930664
0.8380062580108643
0.8535825610160828
0.8348909616470337
0.8520249128341675
0.8473520278930664
0.8582554459571838
0.8504672646522522
0.8535825610160828
0.8535825610160828
0.8380062580108643
0.8442367315292358
0.8457943797111511
0.8286604285240173
0.8457943797111511
0.8426791429519653
0.8442367315292358
0.8598130941390991
0.8473520278930664
0.8348909616470337
0.836448609828949
0.8457943797111511
0.8566977977752686
0.8457943797111511
0.8457943797111511
0.8504672646522522
0.8582554459571838
0.8317757248878479
0.8473520278930664
0.855140209197998
0.8457943797111511
0.8426791429519653
0.8644859790802002
0.8161993622779846
0.8489096760749817
0.8302180767059326
0.8442367315292358
0.8426791429519653
0.8504672646522522
0.8489096760749817
0.8380062580108643
0.8520249128341675
0.8426791429519653
0.8457943797111511
0.8457943797111511
0.8442367315292358
0.8442367315292358
0.8489096760749817
0.8380062580108643
0.8504672646522522
0.8722741603851318
0.8426791429519653
0.8426791429519653
0.8520249128341675
0.8473520278930664
0.8380062580108643
0.8489096760749817
0.8629283308982849
0.8598130941390991
0.8489096760749817
0.855140209197998
0.8504672646522522
0.8442367315292358
0.8473520278930664
0.8426791429519653
0.84112149477005
0.84112149477005
0.8504672646522522
0.84112149477005
0.8489096760749817
0.855140209197998
0.8504672646522522
0.8473520278930664
0.8629283308982849
0.8380062580108643
0.8255451917648315
0.8380062580108643
0.8535825610160828
0.8426791429519653
0.8535825610160828
0.855140209197998
0.8255451917648315
0.8629283308982849
0.8457943797111511
0.8504672646522522
0.8504672646522522
0.8644859790802002
0.8317757248878479
0.836448609828949
0.8489096760749817
0.8566977977752686
0.8629283308982849
0.8566977977752686
0.8566977977752686
0.8535825610160828
0.8395638465881348
0.855140209197998
0.8333333134651184
0.8489096760749817
0.8566977977752686
0.8566977977752686
0.8520249128341675
0.8426791429519653
0.8535825610160828
0.8520249128341675
0.8566977977752686
0.8644859790802002
0.855140209197998
0.8629283308982849
0.8473520278930664
0.8520249128341675
0.8457943797111511
0.8520249128341675
0.8613707423210144
0.8380062580108643
0.8426791429519653
0.8535825610160828
0.8473520278930664
0.855140209197998
0.8566977977752686
0.8676012754440308
0.8520249128341675
0.8535825610160828
0.836448609828949
0.8613707423210144
0.8707165122032166
0.8395638465881348
0.8426791429519653
0.8380062580108643
0.8598130941390991
0.8426791429519653
0.8582554459571838
0.8598130941390991
0.8582554459571838
0.8535825610160828
0.8489096760749817
0.8613707423210144
0.8489096760749817
0.836448609828949
0.8473520278930664
0.84112149477005
0.8629283308982849
0.8489096760749817
0.8535825610160828
0.8613707423210144
0.8442367315292358
0.8535825610160828
0.8395638465881348
0.8535825610160828
0.8738317489624023
0.8489096760749817
0.8598130941390991
0.8598130941390991
0.8473520278930664
0.8504672646522522
0.8457943797111511
0.855140209197998
0.8520249128341675
0.836448609828949
0.8520249128341675
0.855140209197998
0.8457943797111511
0.8489096760749817
0.8613707423210144
0.8582554459571838
0.8457943797111511
0.8535825610160828
0.8395638465881348
0.8629283308982849
0.8691588640213013
0.8380062580108643
0.855140209197998
0.8535825610160828
0.8426791429519653
0.8582554459571838
0.8489096760749817
0.8535825610160828
0.8644859790802002
0.8566977977752686
0.8504672646522522
0.8504672646522522
0.8660436272621155
0.8520249128341675
0.8426791429519653
0.8504672646522522
0.84112149477005
0.84112149477005
0.8644859790802002
0.8613707423210144
0.8785046935081482
0.855140209197998
0.8520249128341675
0.8380062580108643
0.8535825610160828
0.8520249128341675
0.855140209197998
0.8395638465881348
0.855140209197998
0.8535825610160828
0.8644859790802002
0.8598130941390991
0.8504672646522522
0.8566977977752686
0.8380062580108643
0.836448609828949
0.8473520278930664
0.8520249128341675
0.8629283308982849
0.8598130941390991
0.8644859790802002
0.8489096760749817
0.8426791429519653
0.8598130941390991
0.855140209197998
0.8582554459571838
0.8644859790802002
0.8380062580108643
0.836448609828949
0.8317757248878479
0.8629283308982849
0.855140209197998
0.8457943797111511
0.8489096760749817
0.8676012754440308
0.8489096760749817
0.8644859790802002
0.8660436272621155
0.8426791429519653
0.8598130941390991
0.836448609828949
0.8566977977752686
0.8489096760749817
0.84112149477005
0.8473520278930664
0.8644859790802002
0.8520249128341675
0.8707165122032166
0.8629283308982849
0.855140209197998
0.8644859790802002
0.8644859790802002
0.8504672646522522
0.8473520278930664
0.855140209197998
0.8489096760749817
0.8582554459571838
0.8566977977752686
0.8566977977752686
0.8535825610160828
0.8613707423210144
0.8660436272621155
0.8644859790802002
0.8473520278930664
0.8489096760749817
0.8535825610160828
0.8504672646522522
0.8489096760749817
0.8457943797111511
0.8707165122032166
0.8457943797111511
0.855140209197998
0.8442367315292358
0.8566977977752686
0.8426791429519653
0.8660436272621155
0.855140209197998
0.8566977977752686
0.8613707423210144
0.84112149477005
0.8582554459571838
0.84112149477005
0.8582554459571838
0.84112149477005
0.8504672646522522
0.8457943797111511
0.8489096760749817
0.8473520278930664
0.8489096760749817
0.8457943797111511
0.8598130941390991
0.8520249128341675
0.8676012754440308
0.8504672646522522
0.8535825610160828
0.8520249128341675
0.8457943797111511
0.836448609828949
0.8395638465881348
0.8395638465881348
0.8582554459571838
0.8457943797111511
0.8286604285240173
0.8691588640213013
0.8520249128341675
0.8457943797111511
0.8535825610160828
0.8395638465881348
0.8613707423210144
0.8473520278930664
0.8566977977752686
0.855140209197998
0.8489096760749817
0.8566977977752686
0.8613707423210144
0.8520249128341675
0.8722741603851318
0.8566977977752686
0.8566977977752686
0.8598130941390991
0.8566977977752686
0.8582554459571838
0.8473520278930664
0.8566977977752686
0.8520249128341675
0.8535825610160828
0.8566977977752686
0.827102780342102
0.8457943797111511
0.8535825610160828
0.855140209197998
0.8457943797111511
0.8660436272621155
0.8395638465881348
0.8442367315292358
0.8582554459571838
0.8473520278930664
0.8380062580108643
0.84112149477005
0.8520249128341675
0.8613707423210144
0.8473520278930664
0.8644859790802002
0.8598130941390991
0.8426791429519653
0.8473520278930664
0.8535825610160828
0.8504672646522522
0.8489096760749817
0.8629283308982849
0.8504672646522522
0.8380062580108643
0.8457943797111511
0.8442367315292358
0.8504672646522522
0.855140209197998
0.8535825610160828
0.8520249128341675
0.8457943797111511
0.8520249128341675
0.8395638465881348
0.8520249128341675
0.8566977977752686
0.8426791429519653
0.8598130941390991
0.8457943797111511
0.8395638465881348
0.8520249128341675
0.8582554459571838
0.8489096760749817
0.8535825610160828
0.8504672646522522
0.8520249128341675
0.8457943797111511
0.8566977977752686
0.8520249128341675
0.8582554459571838
0.8520249128341675
0.8426791429519653
0.8629283308982849
0.8457943797111511
0.8582554459571838
0.855140209197998
0.8473520278930664
0.8380062580108643
0.8457943797111511
0.8660436272621155
0.8676012754440308
0.8426791429519653
0.8613707423210144
0.8473520278930664
0.8535825610160828
0.8520249128341675
0.8582554459571838
0.84112149477005
0.8489096760749817
0.855140209197998
0.8629283308982849
0.8520249128341675
0.8535825610160828
0.8629283308982849
0.84112149477005
0.855140209197998
0.8504672646522522
0.8535825610160828
0.8457943797111511
0.8613707423210144
0.855140209197998
0.8426791429519653
0.8535825610160828
0.8457943797111511
0.8333333134651184
0.855140209197998
0.827102780342102
0.8566977977752686
0.8582554459571838
0.8566977977752686
0.8489096760749817
0.8395638465881348
0.8489096760749817
0.8598130941390991
0.8457943797111511
0.8644859790802002
0.8520249128341675
0.8520249128341675
0.8520249128341675
0.8520249128341675
0.8535825610160828
0.8426791429519653
0.8457943797111511
0.84112149477005
0.8504672646522522
0.8535825610160828
0.855140209197998
0.8457943797111511
0.8380062580108643
0.8504672646522522
0.8457943797111511
0.8535825610160828
0.8613707423210144
0.8457943797111511
0.8520249128341675
0.8473520278930664
0.8535825610160828
0.8473520278930664
0.8473520278930664
0.8395638465881348
0.8566977977752686
0.8473520278930664
0.8442367315292358
0.8504672646522522
0.8380062580108643
0.8660436272621155
0.8613707423210144
0.8457943797111511
0.8426791429519653
0.8442367315292358
0.8426791429519653
0.8426791429519653
0.8426791429519653
0.8442367315292358
0.8598130941390991
0.8380062580108643
0.8520249128341675
0.8504672646522522
0.8473520278930664
0.8582554459571838
0.8489096760749817
0.8489096760749817
0.8426791429519653
0.8442367315292358
0.8520249128341675
0.8348909616470337
0.8613707423210144
0.8473520278930664
0.8676012754440308
0.8457943797111511
0.8426791429519653
0.8613707423210144
0.8660436272621155
0.8473520278930664
0.8442367315292358
0.8442367315292358
0.8566977977752686
0.8395638465881348
0.855140209197998
0.8566977977752686
0.8473520278930664
0.8473520278930664
0.8489096760749817
0.8598130941390991
0.8566977977752686
0.8520249128341675
0.8504672646522522
0.8426791429519653
0.8566977977752686
0.8457943797111511
0.8395638465881348
0.8489096760749817
0.8566977977752686
