0.5893774628639221
0.5826576948165894
0.5766534805297852
0.5710307359695435
0.5658704042434692
0.5603845119476318
0.5549097061157227
0.5498167872428894
0.5449491143226624
0.5403270721435547
0.5356190800666809
0.53150475025177
0.5277379751205444
0.5240444540977478
0.5204962491989136
0.5167421698570251
0.5132812261581421
0.5098896026611328
0.5069158673286438
0.5035913586616516
0.500444233417511
0.4976077377796173
0.49437886476516724
0.49152496457099915
0.4888771176338196
0.4865676164627075
0.48402127623558044
0.4815322160720825
0.47889256477355957
0.4767433702945709
0.4746582508087158
0.47233447432518005
0.4703660011291504
0.46816539764404297
0.4662243723869324
0.46458834409713745
0.4629298448562622
0.46131640672683716
0.459770143032074
0.4581277370452881
0.4566311836242676
0.45539167523384094
0.45420771837234497
0.4528764486312866
0.4513647258281708
0.4497823715209961
0.4484596252441406
0.4472629129886627
0.44612136483192444
0.44500917196273804
0.4438510239124298
0.44268733263015747
0.44146406650543213
0.4403364360332489
0.4392853379249573
0.438145250082016
0.43697622418403625
0.43580660223960876
0.4345282018184662
0.4332458972930908
0.43219247460365295
0.4310586154460907
0.4300863742828369
0.42916741967201233
0.4282568693161011
0.42741355299949646
0.42664340138435364
0.4257567822933197
0.42480945587158203
0.42385974526405334
0.4230400025844574
0.42209452390670776
0.42122796177864075
0.4204281270503998
0.4195352792739868
0.4187673330307007
0.41800135374069214
0.41724345088005066
0.41655606031417847
0.41581064462661743
0.41501566767692566
0.41429048776626587
0.41365528106689453
0.41295698285102844
0.412260502576828
0.4115208089351654
0.41086679697036743
0.4102613031864166
0.4097099006175995
0.4090381860733032
0.4084911346435547
0.4077264964580536
0.40696981549263
0.40637269616127014
0.4058264195919037
0.4052514433860779
0.40475767850875854
0.40427619218826294
0.4035845994949341
0.40292853116989136
0.4024498462677002
0.4020509421825409
0.40149956941604614
0.40105515718460083
0.4006640911102295
0.4001700282096863
0.3998557925224304
0.3994921147823334
0.39912712574005127
0.3986760675907135
0.3981466591358185
0.39765921235084534
0.3972316384315491
0.3967878222465515
0.3963065445423126
0.3957899212837219
0.3953752815723419
0.3949710428714752
0.3945796489715576
0.39439278841018677
0.3942115306854248
0.3938414454460144
0.3934234082698822
0.3930554687976837
0.3926195204257965
0.3922291398048401
0.39176467061042786
0.39122024178504944
0.39073044061660767
0.39024633169174194
0.38979625701904297
0.38940945267677307
0.389034628868103
0.38867709040641785
0.3884042501449585
0.38812974095344543
0.38783836364746094
0.38750118017196655
0.3871559798717499
0.3868180215358734
0.38652166724205017
0.3861227333545685
0.385825514793396
0.3855104446411133
0.3852178156375885
0.384930819272995
0.3846152126789093
0.3843928277492523
0.38404330611228943
0.3838021457195282
0.3834759593009949
0.38308262825012207
0.38284438848495483
0.3826330602169037
0.3822912573814392
0.3819938004016876
0.38181617856025696
0.3815840184688568
0.38129472732543945
0.38104957342147827
0.3808087706565857
0.38056468963623047
0.3802858591079712
0.3800557851791382
0.37982988357543945
0.37960755825042725
0.3793887197971344
0.3791700601577759
0.37895679473876953
0.37873974442481995
0.3784482181072235
0.3782668113708496
0.378065288066864
0.3778821527957916
0.37764617800712585
0.3774468004703522
0.37724873423576355
0.37705129384994507
0.37685611844062805
0.3766898214817047
0.3764766454696655
0.376241534948349
0.37609559297561646
0.3759461045265198
0.37569597363471985
0.37569624185562134
0.37553927302360535
0.37541502714157104
0.3752238154411316
0.3750241994857788
0.37491193413734436
0.3746841251850128
0.3745061159133911
0.37440815567970276
0.374324232339859
0.37422460317611694
0.3740476667881012
0.3738973140716553
0.373651921749115
0.3734934628009796
0.37327349185943604
0.37310588359832764
0.37301838397979736
0.3728501796722412
0.3727567493915558
0.372603178024292
0.37249109148979187
0.37235116958618164
0.3722262978553772
0.3720201253890991
0.3719136416912079
0.3717538118362427
0.3715558350086212
0.3714611232280731
0.37126532196998596
0.3711049556732178
0.3710693120956421
0.37096092104911804
0.37077605724334717
0.3707093298435211
0.37060633301734924
0.3704749345779419
0.3703678548336029
0.37027499079704285
0.3701724112033844
0.37012702226638794
0.3699954152107239
0.3699239194393158
0.36975720524787903
0.3696305453777313
0.3694988489151001
0.3694077432155609
0.36931338906288147
0.36917003989219666
0.3690524101257324
0.3689088225364685
0.3688250780105591
0.36868971586227417
0.36860278248786926
0.3685755133628845
0.36850547790527344
0.36833876371383667
0.36826369166374207
0.36814212799072266
0.3680158257484436
0.3678920269012451
0.36776992678642273
0.3676658272743225
0.36754310131073
0.36750486493110657
0.3674798309803009
0.3674566149711609
0.3673882782459259
0.36727750301361084
0.3672003149986267
0.36708760261535645
0.36696717143058777
0.3668700158596039
0.36675384640693665
0.36665764451026917
0.36650562286376953
0.36649540066719055
0.36636531352996826
0.36625590920448303
0.36615079641342163
0.3661346733570099
0.3660368025302887
0.36595606803894043
0.3658975064754486
0.36580371856689453
0.36571288108825684
0.365645170211792
0.365574449300766
0.3654884397983551
0.36542317271232605
0.36534443497657776
0.3653721213340759
0.3653843104839325
0.3652918338775635
0.3653166592121124
0.3652493357658386
0.36508288979530334
0.3650587201118469
0.364922434091568
0.36502981185913086
0.3647821545600891
0.36467841267585754
0.364653080701828
0.3645072877407074
0.3645344078540802
0.36452171206474304
0.3644525408744812
0.36436256766319275
0.36426231265068054
0.364271342754364
0.36419084668159485
0.3641226589679718
0.364069402217865
0.3640478253364563
0.3639861047267914
0.36393240094184875
0.36388805508613586
0.36395034193992615
0.36388036608695984
0.36380165815353394
0.3638208508491516
0.36380553245544434
0.36372441053390503
0.36370107531547546
0.36359089612960815
0.3634587824344635
0.3633938729763031
0.3633226454257965
0.36327382922172546
0.3631815016269684
0.3631076514720917
0.36304035782814026
0.3629964292049408
0.3629556894302368
0.3628486692905426
0.36287954449653625
0.36283639073371887
0.362801730632782
0.3627147078514099
0.3626719117164612
0.3626249432563782
0.3625601828098297
0.36251839995384216
0.36249443888664246
0.36242803931236267
0.36230430006980896
0.36228635907173157
0.36223819851875305
0.3621770739555359
0.3621913194656372
0.3621727526187897
0.36208972334861755
0.3620587885379791
0.36199748516082764
0.3619438707828522
0.36192572116851807
0.36186233162879944
0.36184948682785034
0.36180198192596436
0.3617808222770691
0.3617180585861206
0.36163654923439026
0.3615954518318176
0.36157482862472534
0.36152467131614685
0.3615303635597229
0.3616078197956085
0.36148110032081604
0.361440509557724
0.3614075183868408
0.3613727390766144
0.36131277680397034
0.3612881600856781
0.36127880215644836
0.3612457811832428
0.3611763119697571
0.3610953092575073
0.36104920506477356
0.36099809408187866
0.36100417375564575
0.36096179485321045
0.36090752482414246
0.36085960268974304
0.3608355224132538
0.3608221709728241
0.36082592606544495
0.36071857810020447
0.36068543791770935
0.36063632369041443
0.3606213927268982
0.3606024980545044
0.36055928468704224
0.36050692200660706
0.3604740500450134
0.3604242503643036
0.3604525029659271
0.36039024591445923
0.360355019569397
0.3603830635547638
0.3603875935077667
0.36048799753189087
0.36040642857551575
0.360426127910614
0.36042046546936035
0.3603358268737793
0.3604505956172943
0.36043137311935425
0.36045074462890625
0.36039215326309204
0.36037003993988037
0.3603258430957794
0.36045563220977783
0.36033883690834045
0.3603551387786865
0.3602988123893738
0.3602651357650757
0.3601526916027069
0.3601492941379547
0.36013922095298767
0.3601844608783722
0.36015865206718445
0.360173761844635
0.3601551949977875
0.36008378863334656
0.36007145047187805
0.3600739538669586
0.36003053188323975
0.35997873544692993
0.3600577414035797
0.36008331179618835
0.36006346344947815
0.36003366112709045
0.3600468337535858
0.3600669503211975
0.3600345849990845
0.3600235879421234
0.35995733737945557
0.3599972724914551
0.3600586950778961
0.360017865896225
0.35996660590171814
0.3598484396934509
0.3598144054412842
0.35980698466300964
0.3597617447376251
0.3597572445869446
0.3596987724304199
0.35970452427864075
0.35963472723960876
0.359666109085083
0.35966870188713074
0.35968753695487976
0.35966429114341736
0.3597196638584137
0.35968777537345886
0.35974016785621643
0.35975077748298645
0.35981473326683044
0.35990649461746216
0.3598937392234802
0.35990795493125916
0.35988274216651917
0.3598994314670563
0.3598436713218689
0.3597709834575653
0.3597506880760193
0.3597608208656311
0.359744668006897
0.3597880005836487
0.35962343215942383
0.3595885634422302
0.35952505469322205
0.35951563715934753
0.3595414459705353
0.3596147894859314
0.35960716009140015
0.35963550209999084
0.3596630096435547
0.359607458114624
0.35958927869796753
0.35954660177230835
0.35952579975128174
0.35946524143218994
0.3594219982624054
0.35941943526268005
0.35937735438346863
0.359280526638031
0.35931330919265747
0.3593503534793854
0.3592785894870758
0.3592875003814697
0.35928991436958313
0.3592680096626282
0.359240859746933
0.3592263460159302
0.3591958284378052
0.359214723110199
0.35919511318206787
0.3591669201850891
0.35916009545326233
0.35919204354286194
0.35916224122047424
0.3592328131198883
0.359108030796051
0.3590823709964752
0.3591127097606659
0.35911089181900024
0.35909324884414673
0.359089732170105
0.3590676784515381
0.3590933680534363
0.3590336740016937
0.359029620885849
0.3589596450328827
0.35896915197372437
0.35895827412605286
0.35897791385650635
0.35896167159080505
0.3589792847633362
0.35893988609313965
0.358937531709671
0.35892248153686523
0.358934611082077
0.3588654100894928
0.3588827848434448
0.35888737440109253
0.35894575715065
0.35886016488075256
0.35886716842651367
0.35883617401123047
0.35892221331596375
0.3588995039463043
0.35883358120918274
0.3590068817138672
0.3589538335800171
0.35896095633506775
0.3589639365673065
0.3589518070220947
0.3589213490486145
0.35887712240219116
0.35884687304496765
0.35883384943008423
0.35885292291641235
0.35889795422554016
0.3589000701904297
0.35888078808784485
0.35887962579727173
0.35891640186309814
0.3589583933353424
0.3589664101600647
0.35893312096595764
0.35893476009368896
0.35884299874305725
0.3588692843914032
0.35885563492774963
0.3587915599346161
0.3587919771671295
0.35882070660591125
0.35879844427108765
0.35879942774772644
0.35879242420196533
0.35874783992767334
0.35880282521247864
0.35876575112342834
0.3587534427642822
0.35875576734542847
0.358741819858551
0.3587423264980316
0.3587754964828491
0.35878098011016846
0.35877105593681335
0.35876306891441345
0.35874447226524353
0.35875388979911804
0.3587421774864197
0.3587377667427063
0.3586978018283844
0.3586888909339905
0.35868221521377563
0.3586962819099426
0.358673095703125
0.35866203904151917
0.3586522340774536
0.3586522042751312
0.3586236238479614
0.3586203455924988
0.35861846804618835
0.35862183570861816
0.35858675837516785
0.3585771322250366
0.3585635721683502
0.35854673385620117
0.358560711145401
0.358547568321228
0.3585349917411804
0.35855624079704285
0.3585265874862671
0.3585287630558014
0.3585294485092163
0.35852429270744324
0.3585185706615448
0.35852083563804626
0.35845327377319336
0.3585053086280823
0.35848963260650635
0.358491986989975
0.35848546028137207
0.3584368824958801
0.35842350125312805
0.3584446310997009
0.3584481477737427
0.35843145847320557
0.35846269130706787
0.3584231436252594
0.35840365290641785
0.35840341448783875
0.35840848088264465
0.358405202627182
0.35840991139411926
0.3583996593952179
0.35839858651161194
0.3583965599536896
0.3583719730377197
0.35840272903442383
0.3583986163139343
0.3583816885948181
0.35838982462882996
0.3583439588546753
0.35834887623786926
0.35837864875793457
0.3583844006061554
0.35834959149360657
0.35834789276123047
0.3583672344684601
0.3583419620990753
0.3583507537841797
0.3583674430847168
0.3583568334579468
0.35835000872612
0.3583495616912842
0.35835036635398865
0.35835176706314087
0.35834482312202454
0.358357310295105
0.35837721824645996
0.3583536148071289
0.35842961072921753
0.3583785593509674
0.3583931028842926
0.3583897650241852
0.35840490460395813
0.35841822624206543
0.35842472314834595
0.35842713713645935
0.3584194779396057
0.35837191343307495
0.358384370803833
0.3583666980266571
0.3583431541919708
0.35835716128349304
0.3583635985851288
0.3583608567714691
0.35836175084114075
0.35837966203689575
0.35837382078170776
0.35837244987487793
0.3583657145500183
0.3583303987979889
0.3583217263221741
0.35833099484443665
0.35828250646591187
0.3582688868045807
0.3583388328552246
0.3583676815032959
0.3583129346370697
0.358312726020813
0.35833361744880676
0.35832148790359497
0.3583219647407532
0.35826238989830017
0.3582718074321747
0.35826462507247925
0.35826990008354187
0.3582596480846405
0.3582528531551361
0.35824841260910034
0.35825231671333313
0.35826176404953003
0.35824185609817505
0.35824382305145264
0.358266144990921
0.35824447870254517
0.3582350015640259
0.3582286536693573
0.35822874307632446
0.3582552373409271
0.35823071002960205
0.35823315382003784
0.35824188590049744
0.3582528829574585
0.35825315117836
0.35830506682395935
0.35826432704925537
0.35826754570007324
0.35827305912971497
0.35826146602630615
0.35826045274734497
0.35826727747917175
0.35825401544570923
0.35826393961906433
0.35824695229530334
0.3582417964935303
0.3582485020160675
0.3582535684108734
0.3582350015640259
0.3582201898097992
0.35819998383522034
0.3581984043121338
0.35818397998809814
0.3581850528717041
0.3581746816635132
0.3582003116607666
0.35818544030189514
0.3581942617893219
0.35817983746528625
0.3581649363040924
0.3581603169441223
0.35815688967704773
0.358150839805603
0.3581473231315613
0.35814836621284485
0.3581463396549225
0.35813605785369873
0.3581479489803314
0.3581386208534241
0.35814014077186584
0.35813650488853455
0.3581460118293762
0.3581398129463196
0.3581236004829407
0.358114093542099
0.3581082224845886
0.3581366240978241
0.35810643434524536
0.3581063151359558
0.35811421275138855
0.3581065237522125
0.35807910561561584
0.358120322227478
0.3581012189388275
0.35809868574142456
0.35806605219841003
0.35810747742652893
0.35809212923049927
0.35807958245277405
0.3580996096134186
0.35811305046081543
0.35812610387802124
0.3580917418003082
0.3580942749977112
0.35808828473091125
0.3580818176269531
0.3580942153930664
0.35810235142707825
0.35810387134552
0.3581300377845764
0.35810720920562744
0.3580915629863739
0.35810622572898865
0.35808417201042175
0.3581087291240692
0.3581046164035797
0.35811641812324524
0.3580995798110962
0.3580605089664459
0.3580954372882843
0.3580879867076874
0.3580889403820038
0.35806989669799805
0.3580698072910309
0.3580642640590668
0.3580814003944397
0.35806187987327576
0.3580889105796814
0.35806164145469666
0.3580547571182251
0.35805314779281616
0.35807284712791443
0.3580435812473297
0.3580460250377655
0.358026385307312
0.35803037881851196
0.3580338656902313
0.3580326437950134
0.3580482602119446
0.35805508494377136
0.35807862877845764
0.3580433428287506
0.3580528497695923
0.3580701947212219
0.35803407430648804
0.35805830359458923
0.3580305278301239
0.3580213785171509
0.3580324053764343
0.35802656412124634
0.3580305278301239
0.3580237627029419
0.35802170634269714
0.3580072224140167
0.35802748799324036
0.3580256998538971
0.3580094575881958
0.3580276072025299
0.3580012023448944
0.35804283618927
0.35801175236701965
0.358005553483963
0.35803720355033875
0.35802599787712097
0.3580400347709656
0.35801228880882263
0.3580290377140045
0.35801467299461365
0.3580282926559448
0.35802513360977173
0.35801565647125244
0.35801199078559875
0.3580038845539093
0.35800468921661377
0.35800468921661377
0.3580094277858734
0.3579963147640228
0.3580233156681061
0.35801926255226135
0.35800474882125854
0.3580248951911926
0.3579864799976349
0.35799553990364075
0.35798409581184387
0.3579975962638855
0.3579665422439575
0.35795673727989197
0.3579680323600769
0.3579764664173126
0.3579922318458557
0.357966810464859
0.3580041527748108
0.35793599486351013
0.35796692967414856
0.35800495743751526
0.3580111563205719
0.35803285241127014
0.35800987482070923
0.35804620385169983
0.35805827379226685
0.35804495215415955
0.3580223321914673
0.35801103711128235
0.3580276668071747
0.3581114411354065
0.3580467700958252
0.3580569624900818
0.35803738236427307
0.3580421805381775
0.35803303122520447
0.358039528131485
0.35804063081741333
0.35799717903137207
0.35802745819091797
0.35805419087409973
0.35807666182518005
0.358055979013443
0.3581213057041168
0.3580893874168396
0.3580757975578308
0.3580683767795563
0.35805705189704895
0.3580593466758728
0.3580418527126312
0.35801923274993896
0.358024001121521
0.3579848110675812
0.3579857647418976
0.35793840885162354
0.3579835593700409
0.3579763174057007
0.35799798369407654
0.3580361008644104
0.35796481370925903
0.357961505651474
0.3579500913619995
0.3579452335834503
0.35794320702552795
0.35800081491470337
0.3579672873020172
0.35797935724258423
0.3579634428024292
0.3579593598842621
0.35796400904655457
0.3579467535018921
0.35794875025749207
0.35793745517730713
0.3579491376876831
0.3579314649105072
0.3579346239566803
0.3579341471195221
0.3579495847225189
0.3579524755477905
0.3579392433166504
0.3579441010951996
0.35793769359588623
0.3579427897930145
0.3579382300376892
0.3579467236995697
0.357940137386322
0.3579402565956116
0.357951283454895
0.35793548822402954
0.3579224944114685
0.3579252064228058
0.35791823267936707
0.35791805386543274
0.3579130172729492
0.35791078209877014
0.35790371894836426
0.35792338848114014
0.3579084277153015
0.35791435837745667
0.3579114079475403
0.35790765285491943
0.35791724920272827
0.35791459679603577
0.35792720317840576
0.3579116761684418
0.3579139709472656
0.357902854681015
0.3579036295413971
0.35789188742637634
0.35789740085601807
0.3578909635543823
0.35788533091545105
0.35788673162460327
0.3578833341598511
0.3578691780567169
0.3578736484050751
0.3578960597515106
0.35789528489112854
0.3578970432281494
0.3579123616218567
0.35792630910873413
0.3579046428203583
0.35788750648498535
0.3579009771347046
0.3578993082046509
0.35790035128593445
0.35790738463401794
0.35790491104125977
0.35789257287979126
0.35789138078689575
0.357880175113678
0.3578871190547943
0.3578919470310211
0.35789746046066284
0.35790181159973145
0.3578982949256897
0.35788679122924805
0.35788044333457947
0.3578868508338928
0.35787808895111084
0.3578764498233795
0.3578694462776184
0.3578872084617615
0.35788777470588684
0.3578770160675049
0.35788169503211975
0.35790202021598816
0.3578792214393616
0.3578726649284363
0.35788193345069885
0.35787999629974365
0.3578745722770691
0.35788026452064514
0.35788440704345703
0.35787415504455566
0.3578728437423706
0.357879102230072
0.3578876852989197
0.3578849732875824
0.3578750193119049
0.357880562543869
0.3578808903694153
0.3578711152076721
0.35787421464920044
0.35788029432296753
0.35787802934646606
0.35787132382392883
0.3578720688819885
0.3578642010688782
0.357864648103714
0.3578829765319824
0.35786721110343933
0.3578569293022156
0.35787540674209595
0.3578754663467407
0.35785797238349915
0.3578718900680542
0.3578810691833496
0.3578771948814392
0.3578640818595886
0.35785746574401855
0.35786595940589905
0.35786154866218567
0.35786300897598267
0.3578615188598633
0.3578614890575409
0.35785940289497375
0.35785621404647827
0.35785800218582153
0.35786303877830505
0.3578570485115051
0.3578568398952484
0.3578569293022156
0.35785505175590515
0.35785937309265137
0.3578546941280365
0.3578541576862335
0.35785919427871704
0.3578532934188843
0.35785263776779175
0.3578488230705261
0.3578490614891052
0.35785484313964844
0.35785093903541565
0.3578585386276245
0.35785070061683655
0.35785388946533203
0.3578624427318573
0.35785120725631714
0.35785719752311707
0.3578530550003052
0.35786521434783936
0.3578522205352783
0.3578575551509857
0.3578470051288605
0.35785040259361267
0.3578492999076843
0.35785111784935
0.3578564524650574
0.3578527867794037
0.3578505218029022
0.35785168409347534
0.357851505279541
0.35784751176834106
0.3578483760356903
0.35784614086151123
0.3578544855117798
0.35785090923309326
0.3578512966632843
0.3578517436981201
0.35784807801246643
0.3578490614891052
0.3578469455242157
0.3578442633152008
0.3578492999076843
0.3578487038612366
0.3578474521636963
0.3578471839427948
0.3578453063964844
0.35784605145454407
0.35784637928009033
0.3578462302684784
0.357843279838562
0.35784488916397095
0.35785120725631714
0.35784539580345154
0.3578453063964844
0.35784000158309937
0.35784026980400085
0.3578394651412964
0.35784071683883667
0.35784009099006653
0.357840359210968
0.35784634947776794
0.3578403890132904
0.3578428626060486
0.35784003138542175
0.35783979296684265
0.3578479290008545
0.35784170031547546
0.35784217715263367
0.3578403890132904
0.35783955454826355
0.35783883929252625
0.35784298181533813
0.35783952474594116
0.3578389585018158
0.35783958435058594
0.35783690214157104
0.35783714056015015
0.357841432094574
0.3578384220600128
0.35784775018692017
0.35784074664115906
0.357841819524765
0.35784009099006653
0.35784390568733215
0.35784247517585754
0.3578389883041382
0.3578411936759949
0.3578421175479889
0.35784095525741577
0.35783934593200684
0.35783979296684265
0.3578408360481262
0.3578413426876068
0.3578369617462158
0.3578406572341919
0.3578418791294098
0.35783955454826355
0.3578392267227173
0.35783851146698
0.3578397333621979
0.35783904790878296
0.35783976316452026
0.35784047842025757
0.3578391671180725
0.35783883929252625
0.35783737897872925
0.35783928632736206
0.35784050822257996
0.35783860087394714
0.3578362762928009
0.35784050822257996
0.35783684253692627
0.35783621668815613
0.35783591866493225
0.3578362762928009
0.3578380346298218
0.3578343689441681
0.35783639550209045
0.35784032940864563
0.357837975025177
0.3578384220600128
0.35783717036247253
0.35783740878105164
0.35783851146698
0.35783669352531433
0.3578341603279114
0.35783520340919495
0.3578321635723114
0.3578377366065979
0.35783621668815613
0.35783496499061584
0.35783594846725464
0.3578348159790039
0.3578365445137024
0.35783523321151733
0.35783156752586365
0.3578338325023651
0.3578333854675293
0.35783669352531433
0.3578328490257263
0.35783377289772034
0.35782888531684875
0.35783183574676514
0.3578328788280487
0.35782989859580994
0.35783129930496216
0.35782936215400696
0.3578294813632965
0.3578293025493622
0.3578285574913025
0.35782864689826965
0.357835054397583
0.357828825712204
0.35782501101493835
0.3578258454799652
0.3578310012817383
0.35782721638679504
0.3578258752822876
0.3578268885612488
0.3578283488750458
0.35782676935195923
0.3578278124332428
0.3578261733055115
0.35782578587532043
0.3578259348869324
0.35782697796821594
0.35782501101493835
0.3578256666660309
0.35783082246780396
0.35782545804977417
0.3578275740146637
0.35782691836357117
0.35782545804977417
0.3578264117240906
0.35782673954963684
0.35782739520072937
0.35782676935195923
0.35782769322395325
0.3578256070613861
0.3578242063522339
0.3578270673751831
0.35782870650291443
0.35782545804977417
0.3578256666660309
0.35782673954963684
0.3578244149684906
0.3578236997127533
0.3578236997127533
0.3578256070613861
0.3578242063522339
0.3578244149684906
0.3578241169452667
0.35782304406166077
0.35782521963119507
0.357819527387619
0.35782232880592346
0.3578241169452667
0.35782313346862793
0.35782337188720703
0.3578221797943115
0.3578226566314697
0.3578222095966339
0.35782337188720703
0.35782286524772644
0.357822448015213
0.3578227162361145
0.3578227162361145
0.35782212018966675
0.35782405734062195
0.35782554745674133
0.35782527923583984
0.3578227758407593
0.3578227162361145
0.35782304406166077
0.3578227758407593
0.3578225076198578
0.3578221797943115
0.35782381892204285
0.3578227162361145
0.35782182216644287
0.3578225374221802
0.3578229248523712
0.35782280564308167
0.3578234910964966
0.3578231930732727
0.35782256722450256
0.3578231930732727
0.3578224778175354
0.35782158374786377
0.35782161355018616
0.3578259348869324
0.35782259702682495
0.3578225374221802
0.3578234314918518
0.3578227460384369
0.35782158374786377
0.35782042145729065
0.3578232526779175
0.35782313346862793
0.3578214645385742
0.3578219413757324
0.3578214645385742
0.3578234612941742
0.3578204810619354
0.3578204810619354
0.35782042145729065
0.35781997442245483
0.3578205406665802
0.3578202724456787
0.3578195869922638
0.35782182216644287
0.3578205406665802
0.3578208088874817
0.3578213155269623
0.35782039165496826
0.3578193485736847
0.3578210771083832
0.3578207790851593
0.3578175902366638
0.35781946778297424
0.3578203618526459
0.35782042145729065
0.3578200340270996
0.35781925916671753
0.35781964659690857
0.35781916975975037
0.35782110691070557
0.357819139957428
0.35781964659690857
0.35781922936439514
0.35781919956207275
0.3578189015388489
0.3578190207481384
0.35781925916671753
0.35782018303871155
0.3578190803527832
0.35781797766685486
0.35781893134117126
0.3578186631202698
0.35781875252723694
0.357817679643631
0.35781794786453247
0.3578173816204071
0.3578174412250519
0.35781770944595337
0.357817143201828
