0.6486011147499084
0.5443172454833984
0.4726772606372833
0.48039278388023376
0.45259255170822144
0.4093034565448761
0.40281620621681213
0.39690884947776794
0.3804394602775574
0.3768922984600067
0.3893551826477051
0.3499339520931244
0.35252535343170166
0.33659160137176514
0.34713974595069885
0.34044528007507324
0.32461029291152954
0.3299237787723541
0.32009392976760864
0.3210963010787964
0.3241634964942932
0.30734488368034363
0.3296672999858856
0.29242122173309326
0.2908436059951782
0.3023463487625122
0.2747083008289337
0.2867901623249054
0.27215299010276794
0.28179770708084106
0.2593781352043152
0.26536989212036133
0.26565736532211304
0.2653120458126068
0.24761097133159637
0.2677305340766907
0.2519233226776123
0.2765118479728699
0.2598418593406677
0.25129473209381104
0.243742898106575
0.24145899713039398
0.25399070978164673
0.25854745507240295
0.23915132880210876
0.2638234794139862
0.25254616141319275
0.2447272092103958
0.2541975677013397
0.2299506664276123
0.24359698593616486
0.22953182458877563
0.21700671315193176
0.21698078513145447
0.2213863730430603
0.22503435611724854
0.22508767247200012
0.22280120849609375
0.21935240924358368
0.22116924822330475
0.22938518226146698
0.21997801959514618
0.2249213457107544
0.21464334428310394
0.2347857505083084
0.2033313810825348
0.22509174048900604
0.2069883495569229
0.1969696283340454
0.2024674415588379
0.19867947697639465
0.19496554136276245
0.2121933549642563
0.1887168288230896
0.17158417403697968
0.1858336478471756
0.20286104083061218
0.18164557218551636
0.1761690378189087
0.1796453446149826
0.17211434245109558
0.18437503278255463
0.17206043004989624
0.17533716559410095
0.16632071137428284
0.18322890996932983
0.1835923194885254
0.18301254510879517
0.18272998929023743
0.16252866387367249
0.16649578511714935
0.14906466007232666
0.1672685742378235
0.16493107378482819
0.13945113122463226
0.16408061981201172
0.15184932947158813
0.13883094489574432
0.16716018319129944
0.14529964327812195
0.16934160888195038
0.1483069658279419
0.13964150846004486
0.16391970217227936
0.13798783719539642
0.1294318288564682
0.1491205394268036
0.13263532519340515
0.12579917907714844
0.1473277509212494
0.1257733553647995
0.14066793024539948
0.13398779928684235
0.11836114525794983
0.13373376429080963
0.11677731573581696
0.12130025774240494
0.12207739800214767
0.13688716292381287
0.12549805641174316
0.12804435193538666
0.1234980896115303
0.13122262060642242
0.10685662180185318
0.12412317842245102
0.15973488986492157
0.12861259281635284
0.1279471516609192
0.12654758989810944
0.12015575170516968
0.12821036577224731
0.10823394358158112
0.1154768168926239
0.09833739697933197
0.09280383586883545
0.11704977601766586
0.10706149786710739
0.11218933016061783
0.11615944653749466
0.09870040416717529
0.09456785768270493
0.0796242207288742
0.1075376495718956
0.11735738813877106
0.1058046817779541
0.10511540621519089
0.11574646085500717
0.10392819344997406
0.08930066972970963
0.10162980109453201
0.093624047935009
0.08856689184904099
0.10277197510004044
0.08186964690685272
0.0911618173122406
0.11026894301176071
0.08311516046524048
0.08267516642808914
0.09294454008340836
0.10312878340482712
0.08740948885679245
0.09986639767885208
0.07388301193714142
0.08851642906665802
0.09195969253778458
0.08752358704805374
0.08834446966648102
0.0912976935505867
0.08460310846567154
0.07137516140937805
0.07470323145389557
0.07799515873193741
0.10165613144636154
0.0941208079457283
0.07828675210475922
0.08262939006090164
0.08737307041883469
0.09561812877655029
0.08399616926908493
0.08287879824638367
0.08010949939489365
0.0701398253440857
0.07135656476020813
0.08149881660938263
0.08439615368843079
0.07824821770191193
0.07593914121389389
0.07039827853441238
0.08200373500585556
0.06407778710126877
0.06450050324201584
0.07618825882673264
0.07267597317695618
0.0757986530661583
0.07727141678333282
0.07921616733074188
0.0848320722579956
0.08994985371828079
0.07272446900606155
0.07495386898517609
0.09771116822957993
0.08423149585723877
0.0916522890329361
0.07541561126708984
0.06390834599733353
0.08452578634023666
0.08085918426513672
0.07583919167518616
0.06598202884197235
0.06620555371046066
0.06618313491344452
0.05471539869904518
0.05893620476126671
0.07399657368659973
0.11259762197732925
0.10234586894512177
0.07259269058704376
0.0671393871307373
0.0649995282292366
0.058598052710294724
0.052227672189474106
0.07035543769598007
0.06829848140478134
0.06368060410022736
0.06223420798778534
0.06798192858695984
0.06991398334503174
0.058491479605436325
0.06538451462984085
0.05841449648141861
0.04331233352422714
0.06770719587802887
0.06549470126628876
0.05805620551109314
0.04512845724821091
0.0716518759727478
0.052949316799640656
0.053527723997831345
0.06809623539447784
0.06259758770465851
0.05923463776707649
0.0545850545167923
0.05614110827445984
0.06278018653392792
0.04617420211434364
0.06732196360826492
0.05075949802994728
0.042863957583904266
0.05962810292840004
0.049982111901044846
0.05866607651114464
0.04877369850873947
0.05371232330799103
0.0523972325026989
0.07414110749959946
0.0700387954711914
0.05629449710249901
0.05314324423670769
0.042691342532634735
0.04953402280807495
0.061555709689855576
0.055916838347911835
0.048434652388095856
0.05741270259022713
0.05491646006703377
0.0551239550113678
0.05543539300560951
0.0518193393945694
0.058661267161369324
0.06343943625688553
0.0690590888261795
0.053175993263721466
0.05326857045292854
0.045233629643917084
0.05054602771997452
0.054305434226989746
0.06031688302755356
0.05331159383058548
0.04279306158423424
0.06068258732557297
0.0408637560904026
0.04603518918156624
0.06658294796943665
0.06071896478533745
0.05443861335515976
0.04612777754664421
0.04976802319288254
0.05449399724602699
0.04014243185520172
0.05106789991259575
0.04172048717737198
0.04274667054414749
0.04079204425215721
0.037583958357572556
0.04477940499782562
0.058330047875642776
0.04605606570839882
0.06185420975089073
0.04297759011387825
0.04275621473789215
0.05282142385840416
0.05151093378663063
0.0482371523976326
0.04010606184601784
0.04643166437745094
0.06923054903745651
0.05100267380475998
0.03603678196668625
0.048596810549497604
0.03664735332131386
0.06324581801891327
0.04336882010102272
0.05005455017089844
0.050631605088710785
0.04679946228861809
0.03558836877346039
0.04105064272880554
0.03525096923112869
0.048621129244565964
0.06736017018556595
0.03572630509734154
0.04293929412961006
0.030683737248182297
0.04435504600405693
0.047739651054143906
0.03651120141148567
0.03425811231136322
0.039210960268974304
0.028940236195921898
0.03851521387696266
0.032735928893089294
0.06180299073457718
0.047556035220623016
0.055280737578868866
0.04495807737112045
0.057685330510139465
0.033814407885074615
0.05287332460284233
0.029596328735351562
0.038610056042671204
0.05893263965845108
0.04125022143125534
0.04572133719921112
0.046604737639427185
0.05091051012277603
0.035684987902641296
0.03599895164370537
0.03358445689082146
0.04816773161292076
0.037973660975694656
0.037370868027210236
0.05477400869131088
0.032135818153619766
0.039097853004932404
0.03215589374303818
0.03949907794594765
0.04951052367687225
0.04305056110024452
0.04233706369996071
0.036150846630334854
0.04278147965669632
0.04198937863111496
0.043356798589229584
0.049117278307676315
0.03187641128897667
0.055539265275001526
0.0501527339220047
0.03948162496089935
0.04593965411186218
0.0424218587577343
0.030201753601431847
0.04142959415912628
0.029447581619024277
0.04597237706184387
0.046171724796295166
0.043889209628105164
0.03676222264766693
0.04801694303750992
0.027367815375328064
0.043439216911792755
0.032261356711387634
0.030914071947336197
0.038384679704904556
0.049732282757759094
0.027637755498290062
0.04912889376282692
0.05056861788034439
0.043536584824323654
0.03489331528544426
0.03221798688173294
0.028222763910889626
0.02432330511510372
0.03521192446351051
0.04987948387861252
0.03823170065879822
0.033775195479393005
0.059105515480041504
0.02916843257844448
0.03573862090706825
0.03000437095761299
0.052066825330257416
0.032837629318237305
0.03826315701007843
0.04479437321424484
0.03246385231614113
0.04437946528196335
0.032338328659534454
0.030047280713915825
0.022369278594851494
0.03373805433511734
0.04519397020339966
0.02552638202905655
0.03476394712924957
0.039542462676763535
0.04093767702579498
0.030133696272969246
0.0424378328025341
0.03344496339559555
0.02980772592127323
0.022817591205239296
0.03316497430205345
0.045571740716695786
0.042378559708595276
0.04250612109899521
0.0405522845685482
0.03683442622423172
0.04561120644211769
0.04403386637568474
0.042319778352975845
0.026722881942987442
0.04940899834036827
0.029246220365166664
0.04162817448377609
0.031918883323669434
0.04156957194209099
0.03486384451389313
0.030430562794208527
0.032132837921381
0.05573752894997597
0.043542083352804184
0.01873822696506977
0.04204218089580536
0.027912378311157227
0.03581002354621887
0.028290513902902603
0.03507192060351372
0.029736893251538277
0.03721243888139725
0.02997995913028717
0.043593015521764755
0.02903706207871437
0.04714360460639
0.027455685660243034
0.03422429412603378
0.04909384623169899
0.03634551912546158
0.059722233563661575
0.03938199579715729
0.04211628437042236
0.034472472965717316
0.03242507576942444
0.052751410752534866
0.027277488261461258
0.03702592849731445
0.0571749247610569
0.03519628942012787
0.03138607367873192
0.03252750635147095
0.030390555039048195
0.030586957931518555
0.033197615295648575
0.03676937520503998
0.021091893315315247
0.03333979472517967
0.035006314516067505
0.03918289765715599
0.028171204030513763
0.028109366074204445
0.025254154577851295
0.028324071317911148
0.04211410507559776
0.04136621952056885
0.03391352668404579
0.020044444128870964
0.03781930357217789
0.03974832594394684
0.027528757229447365
0.031088722869753838
0.04426843672990799
0.024547699838876724
0.044772788882255554
0.035528514534235
0.03479962795972824
0.03001333400607109
0.045120980590581894
0.047176457941532135
0.040108583867549896
0.028660479933023453
0.025586478412151337
0.0279752966016531
0.02346600405871868
0.026592522859573364
0.055723611265420914
0.0341721773147583
0.031206494197249413
0.02780092880129814
0.04806791990995407
0.0350690521299839
0.030896350741386414
0.026443392038345337
0.032113127410411835
0.03692231699824333
0.0377466194331646
0.0482352115213871
0.02524404413998127
0.042204536497592926
0.04593329131603241
0.04033459722995758
0.03062489815056324
0.03342943266034126
0.03834158927202225
0.031511928886175156
0.022816771641373634
0.03037230111658573
0.028998279944062233
0.03065314330160618
0.02648209221661091
0.025409577414393425
0.027920788154006004
0.030031034722924232
0.03539711609482765
0.03300534561276436
0.029294781386852264
0.038942933082580566
0.017932381480932236
0.02987033687531948
0.034651175141334534
0.03153882548213005
0.02997855842113495
0.036827679723501205
0.014201898127794266
0.03515694662928581
0.030333420261740685
0.03473523259162903
0.03448832780122757
0.022214803844690323
0.0282878614962101
0.05438043549656868
0.02044958993792534
0.03605033457279205
0.031985994428396225
0.03850417956709862
0.03708633407950401
0.03288693726062775
0.028760524466633797
0.024827659130096436
0.02683277614414692
0.02725605107843876
0.04323858767747879
0.03073306381702423
0.048457417637109756
0.0365743488073349
0.03158647567033768
0.02841022238135338
0.02643299102783203
0.027610555291175842
0.027818918228149414
0.024691402912139893
0.04845670610666275
0.034963395446538925
0.03918081521987915
0.02309323288500309
0.04137176647782326
0.03572692722082138
0.04276356101036072
0.03399742767214775
0.02392130345106125
0.027292821556329727
0.041649848222732544
0.022305088117718697
0.03346416726708412
0.031496286392211914
0.04694485291838646
0.06070280075073242
0.02425631321966648
0.025612032040953636
0.02563016675412655
0.035976797342300415
0.04185223579406738
0.03336576372385025
0.031771257519721985
0.04056279733777046
0.03022833541035652
0.024945657700300217
0.02825760841369629
0.03604842722415924
0.045193783938884735
0.03175326809287071
0.030969204381108284
0.024040687829256058
0.04173192381858826
0.023266542702913284
0.03442393243312836
0.039668869227170944
0.024503987282514572
