0.6542488932609558
0.559288501739502
0.49628669023513794
0.4886949360370636
0.4469173848628998
0.44595399498939514
0.437302827835083
0.4143795669078827
0.4161885678768158
0.4097125232219696
0.3899156451225281
0.40286439657211304
0.4073590338230133
0.38172978162765503
0.39670684933662415
0.38870328664779663
0.3837272822856903
0.38933253288269043
0.3667328655719757
0.3887828588485718
0.36994269490242004
0.36863577365875244
0.36906594038009644
0.3697548508644104
0.3645075261592865
0.3678657114505768
0.3914695978164673
0.35156306624412537
0.37524303793907166
0.3648437261581421
0.3403873145580292
0.33925682306289673
0.3433893918991089
0.3354529142379761
0.3350761830806732
0.3378109633922577
0.35847365856170654
0.31502848863601685
0.3388756215572357
0.34752893447875977
0.322515606880188
0.3365764617919922
0.3443716764450073
0.32290518283843994
0.32308998703956604
0.34200432896614075
0.32477882504463196
0.33258283138275146
0.335025817155838
0.3218744695186615
0.3307607173919678
0.3096987307071686
0.32070550322532654
0.31466278433799744
0.31309619545936584
0.3144102692604065
0.31881090998649597
0.2979964017868042
0.3026081323623657
0.3166147470474243
0.3139299750328064
0.30831456184387207
0.30583518743515015
0.3022051453590393
0.330261766910553
0.30183616280555725
0.300965815782547
0.3041166365146637
0.3097335696220398
0.31763890385627747
0.28467950224876404
0.30144596099853516
0.2912289500236511
0.29806196689605713
0.2919073700904846
0.29457059502601624
0.3027784824371338
0.30053046345710754
0.2998259663581848
0.3025745451450348
0.30196714401245117
0.2853453457355499
0.27855339646339417
0.2979937195777893
0.28871604800224304
0.2805401682853699
0.298511803150177
0.29694196581840515
0.2724109888076782
0.28150859475135803
0.28504815697669983
0.28312161564826965
0.2721966803073883
0.27401965856552124
0.2802163362503052
0.2876628041267395
0.27849718928337097
0.26549816131591797
0.2836219072341919
0.26900196075439453
0.2838815748691559
0.26788559556007385
0.27290263772010803
0.2776622176170349
0.25557994842529297
0.27289262413978577
0.2794320285320282
0.2645606994628906
0.2540731132030487
0.2657623887062073
0.2595095634460449
0.2504841983318329
0.2572099268436432
0.28169283270835876
0.2635232210159302
0.2496946156024933
0.2653805613517761
0.26789242029190063
0.254750519990921
0.25648796558380127
0.25043123960494995
0.2528938949108124
0.2588450014591217
0.2534446716308594
0.26654475927352905
0.24901241064071655
0.27638840675354004
0.2638604938983917
0.23923180997371674
0.24339303374290466
0.24494653940200806
0.25391149520874023
0.24525371193885803
0.24888503551483154
0.24249167740345
0.24145951867103577
0.2610854506492615
0.25008636713027954
0.2583739757537842
0.2520816922187805
0.24938194453716278
0.23077796399593353
0.24107153713703156
0.22604098916053772
0.22678734362125397
0.23569712042808533
0.24184446036815643
0.2401798516511917
0.21109376847743988
0.2342357486486435
0.23364286124706268
0.24290409684181213
0.22621580958366394
0.23589472472667694
0.23891569674015045
0.22201569378376007
0.22832521796226501
0.22293558716773987
0.22477120161056519
0.2244960516691208
0.22665034234523773
0.22823548316955566
0.22368094325065613
0.21131911873817444
0.22396589815616608
0.24079103767871857
0.2162441611289978
0.2421535849571228
0.21565431356430054
0.239638552069664
0.2172718197107315
0.22179780900478363
0.22877885401248932
0.22313854098320007
0.22889289259910583
0.2121984213590622
0.23286668956279755
0.22148627042770386
0.2223450094461441
0.21878518164157867
0.24277280271053314
0.23182091116905212
0.20644111931324005
0.2232341319322586
0.21118487417697906
0.2248169183731079
0.21988411247730255
0.20499277114868164
0.21463324129581451
0.2144937515258789
0.22014717757701874
0.21348032355308533
0.20116008818149567
0.20212946832180023
0.22458337247371674
0.23221467435359955
0.22464407980442047
0.22233474254608154
0.2203570157289505
0.20892074704170227
0.20328177511692047
0.20083706080913544
0.21018749475479126
0.21346335113048553
0.22496455907821655
0.2116108387708664
0.20815595984458923
0.20616768300533295
0.21635088324546814
0.19988638162612915
0.21550096571445465
0.21122078597545624
0.22292563319206238
0.20567923784255981
0.2084597945213318
0.21490345895290375
0.21912404894828796
0.22017589211463928
0.2058073878288269
0.21080875396728516
0.1971798539161682
0.20424585044384003
0.21371051669120789
0.1962781697511673
0.21042640507221222
0.22128307819366455
0.1950080692768097
0.20703916251659393
0.18614937365055084
0.20419639348983765
0.2177717536687851
0.20206578075885773
0.18987426161766052
0.21347670257091522
0.206777885556221
0.19952841103076935
0.20028498768806458
0.2025497555732727
0.20584538578987122
0.19224299490451813
0.19040243327617645
0.2051611989736557
0.20090807974338531
0.19659918546676636
0.19198542833328247
0.18681642413139343
0.2161361426115036
0.20977698266506195
0.19158850610256195
0.196445032954216
0.19854281842708588
0.19802750647068024
0.18498440086841583
0.19282950460910797
0.20116029679775238
0.19341923296451569
0.19899947941303253
0.2147907316684723
0.18840862810611725
0.20013853907585144
0.18909338116645813
0.2006508708000183
0.20130185782909393
0.18305420875549316
0.17869019508361816
0.20716315507888794
0.1962393820285797
0.20500706136226654
0.18824197351932526
0.20292484760284424
0.18711604177951813
0.19431796669960022
0.20300036668777466
0.20319722592830658
0.19108085334300995
0.18979622423648834
0.19136083126068115
0.1848295032978058
0.19677868485450745
0.18905143439769745
0.1979578733444214
0.19149720668792725
0.1933308243751526
0.19481928646564484
0.2175612449645996
0.17588487267494202
0.19605638086795807
0.1912570744752884
0.1867121458053589
0.19841289520263672
0.18136411905288696
0.195919468998909
0.19082163274288177
0.187444806098938
0.2068232148885727
0.2014087438583374
0.1930960714817047
0.18137922883033752
0.1831934154033661
0.1871214658021927
0.1886475682258606
0.18921315670013428
0.17989581823349
0.17948806285858154
0.19536438584327698
0.19738055765628815
0.1910669356584549
0.19625413417816162
0.19066821038722992
0.19672073423862457
0.17872558534145355
0.18319512903690338
0.19772563874721527
0.1865766942501068
0.17873777449131012
0.17377473413944244
0.19784431159496307
0.19125954806804657
0.18879517912864685
0.18938958644866943
0.18894952535629272
0.1880059689283371
0.18637467920780182
0.18283934891223907
0.1870962530374527
0.1980089247226715
0.195182204246521
0.18985812366008759
0.18440179526805878
0.17411431670188904
0.19314077496528625
0.1815699338912964
0.1938883662223816
0.2068651169538498
0.16653554141521454
0.1924399882555008
0.18341787159442902
0.19269882142543793
0.18366150557994843
0.1796121746301651
0.19063298404216766
0.17724940180778503
0.17510484158992767
0.19198648631572723
0.18106886744499207
0.18600402772426605
0.16752959787845612
0.17552749812602997
0.18325339257717133
0.17866507172584534
0.2025110423564911
0.19124053418636322
0.16600172221660614
0.17980360984802246
0.1876378208398819
0.17182810604572296
0.18610283732414246
0.18816448748111725
0.17724409699440002
0.18815182149410248
0.19224807620048523
0.1823662519454956
0.1744917780160904
0.19446223974227905
0.1810772716999054
0.19561676681041718
0.1981469690799713
0.19504185020923615
0.17593611776828766
0.17950887978076935
0.18855547904968262
0.20133620500564575
0.18575643002986908
0.17566831409931183
0.17519840598106384
0.18661335110664368
0.19660459458827972
0.17999178171157837
0.17469733953475952
0.17095667123794556
0.18220846354961395
0.18748973309993744
0.189266175031662
0.1838003396987915
0.1720786690711975
0.18991027772426605
0.1827985644340515
0.1745295226573944
0.17946769297122955
0.176140695810318
0.17743510007858276
0.18064723908901215
0.17364580929279327
0.1758088618516922
0.17377471923828125
0.1886776089668274
0.18216899037361145
0.18729019165039062
0.16968122124671936
0.17750222980976105
0.16866329312324524
0.19457708299160004
0.18094536662101746
0.18535473942756653
0.1709873229265213
0.2060939222574234
0.1883201152086258
0.16866382956504822
0.18336601555347443
0.18721063435077667
0.1683604121208191
0.17936395108699799
0.17773935198783875
0.18207557499408722
0.180882066488266
0.18578696250915527
0.18017800152301788
0.18568827211856842
0.18237653374671936
0.17485526204109192
0.1802588701248169
0.18341748416423798
0.18600565195083618
0.18386389315128326
0.17112886905670166
0.18119357526302338
0.16599124670028687
0.19057951867580414
0.20300856232643127
0.17995300889015198
0.17988227307796478
0.16593314707279205
0.187820702791214
0.17033232748508453
0.1697142869234085
0.18568065762519836
0.15076224505901337
0.17745625972747803
0.17436736822128296
0.17183490097522736
0.18403218686580658
0.19161702692508698
0.16810202598571777
0.17217527329921722
0.18397340178489685
0.1728016883134842
0.1801346391439438
0.17434704303741455
0.1633586883544922
0.16452710330486298
0.17667242884635925
0.18457379937171936
0.18344300985336304
0.16764752566814423
0.17860594391822815
0.1736452877521515
0.18016019463539124
0.17238280177116394
0.17794248461723328
0.16599546372890472
0.18659082055091858
0.1827464997768402
0.1733059585094452
0.1843952238559723
0.1890261024236679
0.1800459921360016
0.172286719083786
0.18136441707611084
0.17868572473526
0.1745002418756485
0.1642913520336151
0.1753821223974228
0.1633097231388092
0.18037046492099762
0.17046089470386505
0.17691467702388763
0.1675650030374527
0.1848544180393219
0.20257499814033508
0.17234133183956146
0.17938745021820068
0.16718225181102753
0.1726335883140564
0.17185701429843903
0.17946197092533112
0.17078226804733276
0.17463767528533936
0.1836003214120865
0.16833369433879852
0.1680593490600586
0.1604454666376114
0.161151722073555
0.17699012160301208
0.18418453633785248
0.17903442680835724
0.18036140501499176
0.18760566413402557
0.17345330119132996
0.18715859949588776
0.18090535700321198
0.1764422357082367
0.18233485519886017
0.18318147957324982
0.19197003543376923
0.17247940599918365
0.17570281028747559
0.1720675230026245
0.1624622941017151
0.16995006799697876
0.1672435849905014
0.16945289075374603
0.16631458699703217
0.1862633377313614
0.18216091394424438
0.16780905425548553
0.17334803938865662
0.18473699688911438
0.19258730113506317
0.17464636266231537
0.16182440519332886
0.17584392428398132
0.1851499229669571
0.17973150312900543
0.16527670621871948
0.16425840556621552
0.18348796665668488
0.16807982325553894
0.17720969021320343
0.17208918929100037
0.16393345594406128
0.1755225956439972
0.15853925049304962
0.17653201520442963
0.17000868916511536
0.18464507162570953
0.17177614569664001
0.1718360036611557
0.16607020795345306
0.18553879857063293
0.1926807463169098
0.17301250994205475
0.16078372299671173
0.16590556502342224
0.17317916452884674
0.18122225999832153
0.1668277084827423
0.16887876391410828
0.17267991602420807
0.1730564832687378
0.1746169924736023
0.17877869307994843
0.1775723546743393
0.16564325988292694
0.16911529004573822
0.1720762997865677
0.1753346025943756
0.17241539061069489
0.18201225996017456
0.18284384906291962
0.15822190046310425
0.1628940999507904
0.1741008758544922
0.17558106780052185
0.1797952651977539
0.17834001779556274
0.1625073105096817
0.17518484592437744
0.1748306155204773
0.17780432105064392
0.17293809354305267
0.17252711951732635
0.1719551682472229
0.18214283883571625
0.17264607548713684
0.15722879767417908
0.19321954250335693
0.17339888215065002
0.16824215650558472
0.1948329657316208
0.1763654351234436
0.17666566371917725
0.19041800498962402
0.16488423943519592
0.1697346419095993
0.17442694306373596
0.16580303013324738
0.1712106615304947
0.16984602808952332
0.1705705225467682
0.16934344172477722
0.17546752095222473
0.15920893847942352
0.17368780076503754
0.17536306381225586
0.16353066265583038
0.16659961640834808
0.17232400178909302
0.16365720331668854
0.19636280834674835
0.17725099623203278
0.17528590559959412
