0.9053824543952942
0.7317931056022644
0.663532555103302
0.6243354082107544
0.5777484178543091
0.566459596157074
0.5283247828483582
0.5070701241493225
0.5301089882850647
0.4919387400150299
0.4738328754901886
0.4641973674297333
0.43623441457748413
0.4340140223503113
0.47042417526245117
0.4384264051914215
0.421185702085495
0.4277552366256714
0.4288560152053833
0.4112817943096161
0.40978410840034485
0.3990463316440582
0.4077584445476532
0.4173630177974701
0.3915938138961792
0.3774910271167755
0.3918517529964447
0.38910865783691406
0.3575917184352875
0.3631507158279419
0.3829115331172943
0.3851572573184967
0.3589707016944885
0.37524211406707764
0.38323384523391724
0.36731085181236267
0.3596544861793518
0.3865708112716675
0.3990531861782074
0.3807588219642639
0.35830020904541016
0.3731539845466614
0.3462907373905182
0.351056843996048
0.3512149453163147
0.36240383982658386
0.3359338045120239
0.3379405736923218
0.35629722476005554
0.35283026099205017
0.3498725891113281
0.3375931978225708
0.35643187165260315
0.3353085219860077
0.3344448506832123
0.3426392078399658
0.34486135840415955
0.33687183260917664
0.34895598888397217
0.3442608416080475
0.33236804604530334
0.3371620178222656
0.32002773880958557
0.32749903202056885
0.3204497992992401
0.3359539806842804
0.3305974006652832
0.35006609559059143
0.3240010738372803
0.3123681843280792
0.317609965801239
0.3090200126171112
0.320438951253891
0.30852144956588745
0.3288401961326599
0.3086296319961548
0.3091175854206085
0.3120007812976837
0.30392444133758545
0.30377840995788574
0.30628469586372375
0.3172144889831543
0.3043047785758972
0.3040851354598999
0.3095851540565491
0.32362881302833557
0.30659204721450806
0.314721018075943
0.31678900122642517
0.3020581901073456
0.3070873022079468
0.3177020251750946
0.28303056955337524
0.30415046215057373
0.28217655420303345
0.29554691910743713
0.3090846836566925
0.3000110983848572
0.29408663511276245
0.29409605264663696
0.29811957478523254
0.2812805771827698
0.302976131439209
0.2708844244480133
0.28054219484329224
0.2919073700904846
0.2933678925037384
0.2765612006187439
0.2887142598628998
0.26516735553741455
0.2845301032066345
0.2855982482433319
0.27968481183052063
0.27931705117225647
0.27826836705207825
0.2769927680492401
0.28162285685539246
0.2650693953037262
0.2754773497581482
0.28141430020332336
0.2716347873210907
0.297961950302124
0.29272034764289856
0.2792094945907593
0.2743919789791107
0.2818756699562073
0.2650085389614105
0.27507880330085754
0.2779717743396759
0.2914241552352905
0.2760012745857239
0.26774507761001587
0.26728206872940063
0.26615265011787415
0.2511187195777893
0.27868086099624634
0.263511061668396
0.2789072096347809
0.2623131573200226
0.23797528445720673
0.2673450708389282
0.2430405169725418
0.2606819272041321
0.2625495195388794
0.2490411400794983
0.24196788668632507
0.265849232673645
0.2688747048377991
0.24875593185424805
0.2534649670124054
0.26457399129867554
0.2560739815235138
0.25734543800354004
0.2458897978067398
0.2621307671070099
0.267722487449646
0.26809951663017273
0.25795412063598633
0.2836552560329437
0.25116899609565735
0.23944219946861267
0.2400686889886856
0.25623008608818054
0.24787043035030365
0.24936364591121674
0.24485795199871063
0.24944189190864563
0.2504367530345917
0.25027886033058167
0.24777013063430786
0.25248289108276367
0.24183663725852966
0.23249928653240204
0.23740270733833313
0.24630209803581238
0.2240704745054245
0.23985067009925842
0.23758570849895477
0.2530314326286316
0.2317374348640442
0.24147453904151917
0.24371594190597534
0.23489712178707123
0.21898004412651062
0.22281183302402496
0.22974303364753723
0.2437945455312729
0.2296438217163086
0.23627562820911407
0.2286655306816101
0.24074357748031616
0.22634972631931305
0.24464060366153717
0.2350059151649475
0.24053288996219635
0.2309151589870453
0.22061371803283691
0.2377033233642578
0.22055314481258392
0.2101181596517563
0.21127645671367645
0.2215014547109604
0.2285863757133484
0.2278769165277481
0.2261675000190735
0.21899105608463287
0.22748902440071106
0.21182355284690857
0.21738797426223755
0.23523597419261932
0.21962794661521912
0.22314755618572235
0.2224532514810562
0.2184632420539856
0.2067185938358307
0.22299033403396606
0.21305978298187256
0.21606630086898804
0.19821389019489288
0.22510413825511932
0.23924240469932556
0.227450430393219
0.2164936512708664
0.22256824374198914
0.2211955487728119
0.2052285224199295
0.1926419585943222
0.21027234196662903
0.19854509830474854
0.20684315264225006
0.2236156016588211
0.23260049521923065
0.19022290408611298
0.1943226158618927
0.19330450892448425
0.20543326437473297
0.19962261617183685
0.2004491537809372
0.20785778760910034
0.21865572035312653
0.20001085102558136
0.20475324988365173
0.19245873391628265
0.20336617529392242
0.19428996741771698
0.1726526916027069
0.18578140437602997
0.191084086894989
0.18904168903827667
0.1874639242887497
0.18278808891773224
0.19012682139873505
0.18242353200912476
0.20225639641284943
0.2005658894777298
0.2172735333442688
0.19028249382972717
0.2045428603887558
0.1935868114233017
0.19427980482578278
0.20019295811653137
0.18366804718971252
0.19436348974704742
0.18790927529335022
0.19324807822704315
0.1949695199728012
0.20053967833518982
0.18192118406295776
0.17464320361614227
0.19019164144992828
0.18408134579658508
0.18453840911388397
0.18819865584373474
0.1869468092918396
0.18543915450572968
0.19540609419345856
0.1872130036354065
0.1887732297182083
0.1956986039876938
0.1642686426639557
0.18637950718402863
0.17419195175170898
0.19561073184013367
0.1824111044406891
0.191692516207695
0.17982620000839233
0.18528351187705994
0.19263333082199097
0.1885681301355362
0.1883077770471573
0.19044546782970428
0.18154554069042206
0.1724420189857483
0.17523014545440674
0.17415669560432434
0.161985844373703
0.18768315017223358
0.1870378851890564
0.18305598199367523
0.19077704846858978
0.1820172816514969
0.18446269631385803
0.18262316286563873
0.17446309328079224
0.15732461214065552
0.18815205991268158
0.18194380402565002
0.16857938468456268
0.1731126606464386
0.17110712826251984
0.17054301500320435
0.18262287974357605
0.167371466755867
0.1888461410999298
0.1799222230911255
0.15732501447200775
0.1840396225452423
0.16844934225082397
0.163467675447464
0.165062814950943
0.16862621903419495
0.16348548233509064
0.1751595437526703
0.17813339829444885
0.16573062539100647
0.1906365305185318
0.1648150086402893
0.1675010770559311
0.16846179962158203
0.16930708289146423
0.1811123490333557
0.15320172905921936
0.16350752115249634
0.1641700267791748
0.15906861424446106
0.16067282855510712
0.1682490110397339
0.1584392488002777
0.16849692165851593
0.16274824738502502
0.1756371110677719
0.15270859003067017
0.15819503366947174
0.1647936999797821
0.18577919900417328
0.1770172119140625
0.19203458726406097
0.15815208852291107
0.16833679378032684
0.16092902421951294
0.17235442996025085
0.16789278388023376
0.15618067979812622
0.1864738166332245
0.17134645581245422
0.16590510308742523
0.14530478417873383
0.16480758786201477
0.16515780985355377
0.18099066615104675
0.16447144746780396
0.16227540373802185
0.1702292114496231
0.15182891488075256
0.1509082317352295
0.15449850261211395
0.1418665200471878
0.1594088226556778
0.15941496193408966
0.15641960501670837
0.1618175506591797
0.16315077245235443
0.15171152353286743
0.1521308273077011
0.1751265823841095
0.15182450413703918
0.16045358777046204
0.15222850441932678
0.15074755251407623
0.16462703049182892
0.15601061284542084
0.14805001020431519
0.17725929617881775
0.15805701911449432
0.15935304760932922
0.14876705408096313
0.16081789135932922
0.16934899985790253
0.1656089425086975
0.15380287170410156
0.1566208153963089
0.13808774948120117
0.14651992917060852
0.14965958893299103
0.1631612628698349
0.14628277719020844
0.1587376743555069
0.14520542323589325
0.1438826620578766
0.1597743034362793
0.14812925457954407
0.1587071567773819
0.17270812392234802
0.16234685480594635
0.15591087937355042
0.1477646678686142
0.14291560649871826
0.15132389962673187
0.14684563875198364
0.15838584303855896
0.1501947045326233
0.14707015454769135
0.14455991983413696
0.16273434460163116
0.144642174243927
0.14392808079719543
0.16231824457645416
0.16987930238246918
0.15079830586910248
0.15128666162490845
0.15012623369693756
0.152749702334404
0.16528135538101196
0.1342659592628479
0.14572693407535553
0.1491122841835022
0.16032031178474426
0.1602446734905243
0.1690954566001892
0.15323397517204285
0.17085862159729004
0.14477427303791046
0.15445874631404877
0.1318374127149582
0.16391469538211823
0.15878556668758392
0.15457892417907715
0.15778128802776337
0.15999022126197815
0.1519584357738495
0.13923577964305878
0.14866308867931366
0.15062065422534943
0.16168057918548584
0.1439381092786789
0.13315986096858978
0.14737211167812347
0.1441154181957245
0.1424698829650879
0.1524248570203781
0.1516009122133255
0.15191537141799927
0.1602589637041092
0.1464797854423523
0.1369761973619461
0.146561861038208
0.16435079276561737
0.1659114807844162
0.14721748232841492
0.1493324637413025
0.14604178071022034
0.13686349987983704
0.13699352741241455
0.14410842955112457
0.14924319088459015
0.14150196313858032
0.1299673467874527
0.17674370110034943
0.14177022874355316
0.14936839044094086
0.15384189784526825
0.1342894434928894
0.14950330555438995
0.15518806874752045
0.1379396915435791
0.14497220516204834
0.14773544669151306
0.1564561128616333
0.14867644011974335
0.14266236126422882
0.15455231070518494
0.1510322242975235
0.16643087565898895
0.15942640602588654
0.1372106671333313
0.1352618783712387
0.13946497440338135
0.1506468504667282
0.14969605207443237
0.13939911127090454
0.1367107480764389
0.14031949639320374
0.1385481059551239
0.1561199128627777
0.13867241144180298
0.15843190252780914
0.14518512785434723
0.12978309392929077
0.15784400701522827
0.14509785175323486
0.14479637145996094
0.15015438199043274
0.14125877618789673
0.13117051124572754
0.1544707715511322
0.1530272513628006
0.13800902664661407
0.12869301438331604
0.14054931700229645
0.14919090270996094
0.13374768197536469
0.15132637321949005
0.13294903934001923
0.14609473943710327
0.13690881431102753
0.13204310834407806
0.1502304971218109
0.1523602455854416
0.1318804770708084
0.13913902640342712
0.12889595329761505
0.16913901269435883
0.16742649674415588
0.13097794353961945
0.14315001666545868
0.14036764204502106
0.13382205367088318
0.1281336545944214
0.13600485026836395
0.1496359258890152
0.1461186558008194
0.1496850699186325
0.17015789449214935
0.14061421155929565
0.15523512661457062
0.1392367035150528
0.15988676249980927
0.1534317582845688
0.15435855090618134
0.14040981233119965
0.15780113637447357
0.13776300847530365
0.1377641260623932
0.1590990573167801
0.14558370411396027
0.14854802191257477
0.13240648806095123
0.11549346894025803
0.1502435803413391
0.1506112813949585
0.1335299015045166
0.14952003955841064
0.14688952267169952
0.1566804200410843
0.13503803312778473
0.13720868527889252
0.14562878012657166
0.13069388270378113
0.14044089615345
0.1398988962173462
0.1714232712984085
0.1541176289319992
0.15914171934127808
0.14194804430007935
0.14481915533542633
0.1255388706922531
0.1279584765434265
0.14147312939167023
0.13376294076442719
0.1321626752614975
0.16032645106315613
0.15405315160751343
0.11872506886720657
0.14009983837604523
0.1494561731815338
0.1312824934720993
0.13392314314842224
0.14570637047290802
0.13763612508773804
0.13253293931484222
0.1522381454706192
0.1391661912202835
0.15176153182983398
0.13744084537029266
0.13600167632102966
0.13027170300483704
0.14793691039085388
0.1695016324520111
0.1533924639225006
0.15031442046165466
0.15767084062099457
0.13296136260032654
0.12247098982334137
0.1428772658109665
0.13990169763565063
0.15548810362815857
0.14451126754283905
0.12354985624551773
0.13984301686286926
0.13469746708869934
0.13697072863578796
0.13214677572250366
0.13795116543769836
0.14227551221847534
0.15951231122016907
0.12961211800575256
0.13772264122962952
0.13403011858463287
0.1400711089372635
0.1374015063047409
0.14769653975963593
0.14201082289218903
0.13545575737953186
0.1499292552471161
0.1275290548801422
0.13214528560638428
0.14130277931690216
0.1291937381029129
0.13109198212623596
0.12489895522594452
0.13305820524692535
0.13236960768699646
0.13861772418022156
0.15474338829517365
0.13008596003055573
0.14603151381015778
0.14864419400691986
0.13637249171733856
0.13179711997509003
0.1627528965473175
0.14634646475315094
0.1297071874141693
0.13619011640548706
0.12309393286705017
0.1402752548456192
0.14449167251586914
0.16885574162006378
0.1409432291984558
0.14304982125759125
0.12747320532798767
0.1399042308330536
0.1286802887916565
0.13386254012584686
0.1512068659067154
0.13172569870948792
0.15172696113586426
0.14063869416713715
0.12625004351139069
0.14630182087421417
0.14025403559207916
0.13818426430225372
0.14628413319587708
0.1417076587677002
0.13695262372493744
0.1264561265707016
0.12564709782600403
0.11807859688997269
