0.6772336959838867
0.6762126088142395
0.6777551174163818
0.6763734221458435
0.6711229085922241
0.6598196625709534
0.657860517501831
0.6625916361808777
0.6493791937828064
0.6600026488304138
0.6479160189628601
0.6363378763198853
0.6308199167251587
0.62943035364151
0.6211732029914856
0.6171277165412903
0.6253229379653931
0.6148927211761475
0.6081736087799072
0.6134418845176697
0.6037307977676392
0.5983784794807434
0.5903340578079224
0.5880855917930603
0.5955655574798584
0.5754897594451904
0.5878313183784485
0.579391598701477
0.5737032890319824
0.5708785653114319
0.5788240432739258
0.5640347599983215
0.5681694149971008
0.543454110622406
0.5614073276519775
0.5563604235649109
0.554751455783844
0.5489321947097778
0.5421361923217773
0.5390905737876892
0.5461411476135254
0.5291234254837036
0.5299285054206848
0.5457921624183655
0.54583740234375
0.5197935700416565
0.5281946063041687
0.5180712342262268
0.5061442255973816
0.5150934457778931
0.5143881440162659
0.5016075968742371
0.5143454670906067
0.5039741396903992
0.5061306357383728
0.4864252805709839
0.5171407461166382
0.4836122393608093
0.49382922053337097
0.5000528693199158
0.509148359298706
0.4925520122051239
0.4605589210987091
0.47042685747146606
0.47434791922569275
0.4809666872024536
0.500926673412323
0.49252423644065857
0.4689086377620697
0.4967922270298004
0.49301955103874207
0.4720872640609741
0.4709042012691498
0.4606524407863617
0.4654347598552704
0.46720558404922485
0.4663500487804413
0.4577219784259796
0.46548938751220703
0.46960464119911194
0.4799448549747467
0.46043387055397034
0.5218225717544556
0.46353811025619507
0.47844189405441284
0.4732245206832886
0.4614473283290863
0.48224133253097534
0.4755581319332123
0.4602568447589874
0.451271116733551
0.4666222929954529
0.47522979974746704
0.463981568813324
0.4514123499393463
0.46672865748405457
0.45059317350387573
0.4437735080718994
0.48415467143058777
0.46298670768737793
0.4603821337223053
0.443145751953125
0.4556899964809418
0.46469834446907043
0.4509360194206238
0.45650359988212585
0.4622831642627716
0.4624745845794678
0.45909613370895386
0.43848374485969543
0.4594779312610626
0.46120938658714294
0.4408581554889679
0.4718022346496582
0.4560204744338989
0.43968313932418823
0.4289053678512573
0.46571335196495056
0.4545305073261261
0.47060900926589966
0.44864970445632935
0.4618723690509796
0.4521268904209137
0.463214635848999
0.4364287853240967
0.4632295072078705
0.4388014078140259
0.46368706226348877
0.44240376353263855
0.45910778641700745
0.4379621744155884
0.45490339398384094
0.44676312804222107
0.4271260201931
0.4410150945186615
0.447419673204422
0.4448258876800537
0.47182750701904297
0.4696100950241089
0.4715310335159302
0.42796316742897034
0.43576425313949585
0.4414795935153961
0.45315322279930115
0.45648059248924255
0.451778769493103
0.4488365054130554
0.4536760747432709
0.446725994348526
0.42793911695480347
0.44393113255500793
0.4407205879688263
0.4522208273410797
0.45045217871665955
0.4643130600452423
0.44314295053482056
0.4515949487686157
0.4221920073032379
0.4335392415523529
0.444889634847641
0.4429377019405365
0.43641039729118347
0.4324210584163666
0.4269251823425293
0.4484252333641052
0.4598482847213745
0.4218727648258209
0.4513688087463379
0.45090457797050476
0.4164057970046997
0.45328739285469055
0.4394882917404175
0.43367475271224976
0.4587261974811554
0.4414077699184418
0.4285087585449219
0.4408436119556427
0.43130236864089966
0.4586699903011322
0.4388503432273865
0.43799418210983276
0.43214935064315796
0.4434770345687866
0.4270048439502716
0.4430371820926666
0.42072850465774536
0.42957717180252075
0.4313107430934906
0.42579904198646545
0.4261845052242279
0.42851489782333374
0.4250040054321289
0.4310529828071594
0.45299631357192993
0.42264658212661743
0.4389010965824127
0.42010074853897095
0.4236900806427002
0.4555777311325073
0.41467931866645813
0.4397711753845215
0.4371122419834137
0.4368196725845337
0.43774646520614624
0.4356040060520172
0.4312376081943512
0.4238218367099762
0.41891321539878845
0.4378800392150879
0.42787668108940125
0.4354327917098999
0.4261808395385742
0.44392380118370056
0.43559369444847107
0.421112596988678
0.4427657127380371
0.42124441266059875
0.4235600233078003
0.43968871235847473
0.4338129460811615
0.4432516098022461
0.4404192864894867
0.4475235939025879
0.42242303490638733
0.4129849374294281
0.4161147475242615
0.41113871335983276
0.434081494808197
0.43700405955314636
0.42244961857795715
0.43495064973831177
0.4334383010864258
0.4371194839477539
0.4219611883163452
0.4339366555213928
0.4198743999004364
0.4209027588367462
0.4130198061466217
0.422792911529541
0.4069306552410126
0.4249289929866791
0.4338131844997406
0.429805189371109
0.43926116824150085
0.4315112829208374
0.4233333170413971
0.4155786335468292
0.4453190565109253
0.436861515045166
0.42898160219192505
0.4141571819782257
0.40727272629737854
0.4482184648513794
0.44268038868904114
0.40187057852745056
0.42923226952552795
0.42438408732414246
0.4218255579471588
0.4331613779067993
0.40739041566848755
0.42816656827926636
0.431674599647522
0.4127798080444336
0.4175697863101959
0.42246952652931213
0.431822270154953
0.4067882001399994
0.4137851893901825
0.4294664263725281
0.42723405361175537
0.4091796278953552
0.419861376285553
0.42584604024887085
0.4380243718624115
0.41890615224838257
0.4140373468399048
0.4201085865497589
0.4330771863460541
0.4183797836303711
0.3988734781742096
0.4183407723903656
0.42514878511428833
0.40489673614501953
0.4341496229171753
0.4458986222743988
0.42921632528305054
0.42300647497177124
0.4157520830631256
0.4180871546268463
0.41940635442733765
0.42787155508995056
0.4021493196487427
0.4070848524570465
0.41049689054489136
0.4165059030056
0.4245662987232208
0.4278436005115509
0.39932727813720703
0.41904574632644653
0.4164336919784546
0.4301450252532959
0.4231374263763428
0.40864282846450806
0.42139944434165955
0.40418216586112976
0.4158058166503906
0.405906617641449
0.3972095847129822
0.4326041638851166
0.4179966151714325
0.40184682607650757
0.41651639342308044
0.4287489056587219
0.4223906099796295
0.4235122501850128
0.4100126326084137
0.42658108472824097
0.45452216267585754
0.4211001396179199
0.4232276678085327
0.4070253074169159
0.418782114982605
0.4231925308704376
0.43825361132621765
0.42456501722335815
0.4288743734359741
0.4135787785053253
0.4064963757991791
0.41197437047958374
0.4336792528629303
0.3875134289264679
0.40756064653396606
0.42283308506011963
0.43759962916374207
0.40622228384017944
0.4087837338447571
0.39826351404190063
0.41928377747535706
0.424330472946167
0.4125171899795532
0.4120210111141205
0.4184540808200836
0.42087695002555847
0.43675071001052856
0.42367735505104065
0.4041177034378052
0.42464515566825867
0.4123934805393219
0.40837767720222473
0.387129008769989
0.4290016293525696
0.4194096326828003
0.42992594838142395
0.40962696075439453
0.433980792760849
0.40342074632644653
0.42241427302360535
0.40475282073020935
0.420485258102417
0.42203158140182495
0.41923987865448
0.4130558967590332
0.4407001733779907
0.4039580523967743
0.3887474238872528
0.41303303837776184
0.38954871892929077
0.4382525384426117
0.4103504419326782
0.4288279116153717
0.4159688651561737
0.4331107437610626
0.4041892886161804
0.4255017042160034
0.4169275760650635
0.417734295129776
0.41808491945266724
0.42529410123825073
0.4085191786289215
0.41799014806747437
0.42061546444892883
0.40656545758247375
0.4226103127002716
0.40466442704200745
0.427435040473938
0.4210907518863678
0.4158974587917328
0.41958722472190857
0.41830015182495117
0.43848296999931335
0.4286007583141327
0.4063366651535034
0.3923321068286896
0.41359251737594604
0.41237980127334595
0.42668503522872925
0.4251619577407837
0.4301091730594635
0.4230726361274719
0.4076320230960846
0.42178961634635925
0.41178351640701294
0.41031864285469055
0.41078731417655945
0.42847493290901184
0.3987903594970703
0.4145089387893677
0.44974827766418457
0.41422969102859497
0.4025687277317047
0.4283607602119446
0.4239613711833954
0.40695783495903015
0.43010109663009644
0.41627421975135803
0.4089554250240326
0.4078092575073242
0.4216414988040924
0.4148279130458832
0.3909614086151123
0.40869173407554626
0.43191248178482056
0.40603119134902954
0.4271136522293091
0.38741758465766907
0.41694319248199463
0.4111838638782501
0.3882051110267639
0.3957887887954712
0.39819127321243286
0.4206113815307617
0.40408363938331604
0.3861064612865448
0.4116765558719635
0.3890986442565918
0.4022272825241089
0.42099687457084656
0.41757553815841675
0.38666921854019165
0.40606123208999634
0.42622071504592896
0.40239599347114563
0.39899080991744995
0.3963366448879242
0.4237174093723297
0.4075354039669037
0.40202102065086365
0.3886822760105133
0.3924417793750763
0.428230881690979
0.40684181451797485
0.41758233308792114
0.3912816643714905
0.41158077120780945
0.4089556038379669
0.38421693444252014
0.4042704105377197
0.41937294602394104
0.42616528272628784
0.4116268455982208
0.40299564599990845
0.4268181324005127
0.3988826274871826
0.4354550838470459
0.41302788257598877
0.4028710722923279
0.38684767484664917
0.4117231070995331
0.4084693193435669
0.4051346480846405
0.42384061217308044
0.41113510727882385
0.41944167017936707
0.398779034614563
0.4288250803947449
0.41369134187698364
0.4160577356815338
0.37970224022865295
0.39799201488494873
0.41466885805130005
0.40674370527267456
0.3846050202846527
0.40919485688209534
0.4074334502220154
0.4046672582626343
0.4297192394733429
0.38410982489585876
0.40305212140083313
0.4037347137928009
0.40503063797950745
0.41709765791893005
0.412599116563797
0.4117889404296875
0.4235262870788574
0.4029933512210846
0.4107729196548462
0.4270852208137512
0.40103963017463684
0.4036317765712738
0.41912147402763367
0.4026212990283966
0.3992595374584198
0.41010257601737976
0.41773563623428345
0.3921623229980469
0.380939781665802
0.4270244836807251
0.39798060059547424
0.40214139223098755
0.4124891459941864
0.382591187953949
0.3962109684944153
0.3966025114059448
0.4324822425842285
0.41576215624809265
0.42725998163223267
0.42129459977149963
0.4062519967556
0.4097896218299866
0.4173441231250763
0.4213690459728241
0.4169952869415283
0.39410829544067383
0.4216969907283783
0.4006744623184204
0.40153712034225464
0.4166334867477417
0.4220026433467865
0.40420588850975037
0.40823549032211304
0.40808048844337463
0.41550910472869873
0.40948808193206787
0.40569382905960083
0.4196183979511261
0.4009692370891571
0.40536028146743774
0.4144754707813263
0.40496596693992615
0.4145296812057495
0.40314438939094543
0.4129091203212738
0.4013223648071289
0.3970426619052887
0.4082920551300049
0.4045926034450531
0.4069693982601166
0.4141160845756531
0.42284053564071655
0.39567887783050537
0.41420987248420715
0.4335739314556122
0.40846893191337585
0.4158203601837158
0.40339940786361694
0.38847509026527405
0.40655308961868286
0.4089083671569824
0.4120890200138092
0.4115326404571533
0.4217792749404907
0.3993504047393799
0.4213208258152008
0.3983018100261688
0.42170530557632446
0.4129272997379303
0.4115738570690155
0.416444331407547
0.4168201684951782
0.40165406465530396
0.39383232593536377
0.39941853284835815
0.42643722891807556
0.38993290066719055
0.39867526292800903
0.40263813734054565
0.38828781247138977
0.4156441390514374
0.4012193977832794
0.3999009132385254
0.39993396401405334
0.43102917075157166
0.42593321204185486
0.42675215005874634
0.395112544298172
0.404471755027771
0.39607805013656616
0.3839786946773529
0.41079750657081604
0.4179823100566864
0.41503971815109253
0.39683663845062256
0.4180324971675873
0.4007226526737213
0.4181598424911499
0.41689106822013855
0.3874426782131195
0.4185890853404999
0.41724470257759094
0.40482407808303833
0.41237181425094604
0.41894492506980896
0.4087541103363037
0.4356132447719574
0.3967095613479614
0.3934386074542999
0.4193568825721741
0.4080931842327118
0.41279730200767517
0.411944180727005
0.40406277775764465
0.40812811255455017
0.4122665822505951
0.41046062111854553
0.407991886138916
0.3891584575176239
0.4080778658390045
0.41903620958328247
0.3852643668651581
0.4128313958644867
0.413425475358963
0.4072692394256592
0.38476601243019104
0.41150444746017456
0.4158863425254822
0.4225555658340454
0.39590972661972046
0.41356807947158813
0.39864614605903625
0.4019874632358551
0.4072153568267822
0.40667638182640076
0.3967481255531311
0.41814640164375305
0.38983073830604553
0.3995268642902374
0.40669140219688416
0.41319018602371216
0.39836204051971436
0.39277684688568115
0.4017425775527954
0.43236154317855835
0.418371319770813
0.39903467893600464
0.39841651916503906
0.3976561427116394
0.4176154136657715
0.39164623618125916
0.41459953784942627
0.41001346707344055
0.4045121669769287
0.42226484417915344
0.4093540608882904
0.4031420648097992
0.4020816385746002
0.38309988379478455
0.41810983419418335
0.3784388601779938
0.39687636494636536
0.4018416702747345
0.3843967616558075
0.4231586754322052
0.3788411021232605
0.38625821471214294
0.3983699381351471
0.3983931243419647
0.41885608434677124
0.40264979004859924
0.3950707018375397
0.4235009551048279
0.4196890890598297
0.4068905711174011
0.3945996165275574
0.4095025956630707
0.4061569273471832
0.42215389013290405
0.3979027271270752
0.3968246281147003
0.4213874340057373
0.4070339500904083
0.4359916150569916
0.4282115697860718
0.38896605372428894
0.4032459259033203
0.4128328263759613
0.3980526626110077
0.41993990540504456
0.41046997904777527
0.39897620677948
0.41314083337783813
0.39945968985557556
0.39849621057510376
0.4249393939971924
0.40908709168434143
0.4013091027736664
0.387710839509964
0.4174197316169739
0.41034767031669617
0.3900349736213684
0.4279760420322418
0.40302592515945435
0.4041796922683716
0.4158798158168793
0.4096719026565552
0.40620556473731995
0.4130757749080658
0.42911431193351746
0.3949394226074219
0.41452011466026306
0.4015921354293823
0.41711747646331787
0.4008356034755707
0.40037375688552856
0.3939509093761444
0.4063095152378082
0.3993825912475586
0.40411099791526794
0.4091622531414032
0.40068814158439636
0.38920918107032776
0.39815735816955566
0.4095885753631592
0.42259693145751953
0.40089094638824463
0.4104074239730835
0.41348257660865784
0.40929239988327026
0.40742382407188416
0.40053850412368774
0.4111440181732178
0.41237470507621765
0.42436227202415466
0.38868921995162964
0.4150000214576721
0.3905629813671112
0.4086350202560425
0.4225119352340698
0.3959798514842987
0.40942102670669556
0.3928118944168091
0.3963623642921448
0.38392359018325806
0.40554681420326233
0.39418530464172363
0.4224005341529846
0.4140312075614929
0.4092702865600586
0.4077160656452179
0.40514180064201355
0.4317273199558258
0.4098277688026428
0.4225255250930786
0.4101768732070923
0.4295608699321747
0.4134142994880676
0.4144207239151001
0.42213961482048035
0.41248586773872375
0.41652074456214905
0.39221394062042236
0.4264112710952759
0.39748257398605347
0.40578487515449524
0.421272873878479
0.3962685763835907
0.39873236417770386
0.4141087532043457
0.3940061628818512
0.40588730573654175
0.4252201318740845
0.3910466730594635
0.404744952917099
0.41195055842399597
0.4022327661514282
0.38628533482551575
0.3880068063735962
0.40322020649909973
0.4135209918022156
0.4008450508117676
0.3970012366771698
0.4178667366504669
0.4162342846393585
0.4155478775501251
0.40797585248947144
0.3994722068309784
0.4264364242553711
0.41106027364730835
0.39669784903526306
0.43475180864334106
0.4140144884586334
0.422072172164917
0.39775726199150085
0.4065152406692505
0.3982982337474823
0.41930240392684937
0.4097301959991455
0.4058872163295746
0.44123008847236633
0.41224056482315063
0.41112449765205383
0.39754751324653625
0.41135281324386597
0.39733612537384033
0.4005981683731079
0.4079321622848511
0.40285417437553406
0.40589186549186707
0.3982886075973511
0.41080352663993835
0.4047996401786804
0.3796289265155792
0.40555694699287415
0.3904019892215729
0.3933141231536865
0.41591310501098633
0.4095449447631836
0.4051901698112488
0.4112113416194916
0.40244871377944946
0.4219612181186676
0.38799193501472473
0.40918415784835815
0.3892293870449066
0.4058457612991333
0.4112500846385956
0.4250171184539795
0.4089099168777466
0.40857163071632385
0.4042396545410156
0.4213167130947113
0.41536444425582886
0.40735068917274475
0.40499839186668396
0.42282262444496155
0.4062619209289551
0.4096068739891052
0.38521844148635864
0.4082188606262207
0.42688605189323425
0.4340379536151886
0.4000648260116577
0.40885797142982483
0.387552410364151
0.39200863242149353
0.39907190203666687
0.4298832416534424
0.40361565351486206
0.3849742114543915
0.42291259765625
0.3986412584781647
0.390211284160614
0.4180961549282074
0.4046824276447296
0.39717400074005127
0.4087164103984833
0.43307727575302124
0.4134206473827362
0.40897294878959656
0.3917962908744812
0.43301767110824585
0.38759055733680725
0.42326393723487854
0.3875645399093628
0.4205021262168884
0.4160878360271454
0.4099281430244446
0.4054047167301178
0.38751205801963806
0.4052330255508423
