0.925658106803894
0.8507367372512817
0.7382404804229736
0.6968186497688293
0.6813364624977112
0.6660407781600952
0.6573621034622192
0.6544510722160339
0.6522493958473206
0.6312674283981323
0.6233556866645813
0.6234899759292603
0.6102075576782227
0.5890961289405823
0.5799024105072021
0.5705757737159729
0.5640338659286499
0.5271561741828918
0.5355067849159241
0.5147060751914978
0.5122956037521362
0.5204840302467346
0.4993986189365387
0.4846525192260742
0.4749875068664551
0.508122980594635
0.46589043736457825
0.4685438275337219
0.45337730646133423
0.4568179249763489
0.4243273437023163
0.4360707104206085
0.43743032217025757
0.4391443729400635
0.4256637394428253
0.4302437901496887
0.4494689404964447
0.4336734116077423
0.41005879640579224
0.42035621404647827
0.42190057039260864
0.42377498745918274
0.41652125120162964
0.42094525694847107
0.382249116897583
0.3979916274547577
0.40689656138420105
0.3922334909439087
0.41322061419487
0.4037681519985199
0.39618879556655884
0.3779890239238739
0.4084325432777405
0.3941945731639862
0.3883224427700043
0.3735131025314331
0.40608638525009155
0.3690606653690338
0.3796433210372925
0.35693788528442383
0.35954535007476807
0.35843437910079956
0.38061267137527466
0.38325178623199463
0.3812091052532196
0.37255600094795227
0.3809742033481598
0.37328916788101196
0.3694256842136383
0.37612277269363403
0.37993013858795166
0.3665122091770172
0.3737625777721405
0.34992116689682007
0.37522682547569275
0.3541509211063385
0.35604822635650635
0.37355586886405945
0.3770315945148468
0.351063072681427
0.35826796293258667
0.344669908285141
0.3647673428058624
0.34968969225883484
0.35958021879196167
0.35431861877441406
0.3730238080024719
0.3379960060119629
0.3600127696990967
0.35572922229766846
0.352874219417572
0.33265724778175354
0.3337884545326233
0.34398153424263
0.3269878625869751
0.35474902391433716
0.323827862739563
0.3225748538970947
0.32771915197372437
0.336581826210022
0.35259756445884705
0.32917147874832153
0.33098873496055603
0.3365987241268158
0.32033661007881165
0.33141249418258667
0.33340078592300415
0.3458999991416931
0.3270203173160553
0.3615350127220154
0.3229435384273529
0.32462045550346375
0.32424506545066833
0.348741352558136
0.3480978012084961
0.3185448944568634
0.34823015332221985
0.3087809085845947
0.32574358582496643
0.32169657945632935
0.36076924204826355
0.3352682888507843
0.3212992250919342
0.3177102506160736
0.3058245778083801
0.32271790504455566
0.32866576313972473
0.32364875078201294
0.329182893037796
0.3184606432914734
0.3242879807949066
0.315240740776062
0.29492223262786865
0.309418261051178
0.2974538505077362
0.3161049485206604
0.2883736491203308
0.29621782898902893
0.30803626775741577
0.31170526146888733
0.31242796778678894
0.30291905999183655
0.27908381819725037
0.2990714907646179
0.3009943664073944
0.3138822913169861
0.3223857581615448
0.2837994396686554
0.3034655451774597
0.30483871698379517
0.2997690439224243
0.29349884390830994
0.29386186599731445
0.30010950565338135
0.30569779872894287
0.2952452600002289
0.31157854199409485
0.32270002365112305
0.3086525797843933
0.2931166887283325
0.3024052381515503
0.31559664011001587
0.30206045508384705
0.2945193648338318
0.31626206636428833
0.29306867718696594
0.29404786229133606
0.3035513758659363
0.29882219433784485
0.3073340952396393
0.28858354687690735
0.32177212834358215
0.3109179437160492
0.3004477322101593
0.2761046886444092
0.2850470244884491
0.2986243963241577
0.2881620526313782
0.28090766072273254
0.27994808554649353
0.2956079840660095
0.27956631779670715
0.29798424243927
0.2884175777435303
0.2880229353904724
0.29321640729904175
0.2882639765739441
0.2767655551433563
0.2792115807533264
0.2783399522304535
0.29143401980400085
0.2716723382472992
0.2909945547580719
0.28477728366851807
0.29767295718193054
0.29219764471054077
0.2764802873134613
0.2990710437297821
0.2840026617050171
0.2792210876941681
0.27324530482292175
0.2880087196826935
0.2852736711502075
0.2851095199584961
0.3112635016441345
0.2843557298183441
0.2880377173423767
0.28695324063301086
0.29595381021499634
0.2608989477157593
0.27368825674057007
0.2818649113178253
0.2704446017742157
0.2813573479652405
0.2790253758430481
0.28159651160240173
0.2696652114391327
0.2598345875740051
0.2866019308567047
0.2701295018196106
0.2721497118473053
0.3032400906085968
0.2752033472061157
0.2687542140483856
0.27006393671035767
0.2747678756713867
0.26114779710769653
0.2786763906478882
0.2854550778865814
0.2668355703353882
0.2874754071235657
0.29894813895225525
0.27990829944610596
0.26915979385375977
0.2690229117870331
0.2827509343624115
0.2712536156177521
0.2639854848384857
0.28697115182876587
0.2701973021030426
0.27376917004585266
0.25502079725265503
0.27848726511001587
0.2546761631965637
0.2575998902320862
0.2771376967430115
0.26225075125694275
0.256544291973114
0.27396681904792786
0.2778286039829254
0.25600573420524597
0.2676321864128113
0.2546911835670471
0.244986891746521
0.26905959844589233
0.2649678885936737
0.2576589286327362
0.2749814987182617
0.2556477189064026
0.2802541255950928
0.2519393265247345
0.25788405537605286
0.25484246015548706
0.2622672915458679
0.243241086602211
0.2666560411453247
0.27685341238975525
0.25367313623428345
0.26169952750205994
0.25344759225845337
0.26867011189460754
0.25429731607437134
0.2629481554031372
0.26817211508750916
0.2753659784793854
0.24879826605319977
0.25270330905914307
0.25935593247413635
0.2739602327346802
0.2518196702003479
0.25192466378211975
0.267194539308548
0.25749051570892334
0.26660311222076416
0.2702399492263794
0.24815399944782257
0.2599674165248871
0.27166682481765747
0.24899359047412872
0.24736155569553375
0.26156696677207947
0.2398630827665329
0.25589510798454285
0.25701555609703064
0.2557365596294403
0.2691837549209595
0.25511905550956726
0.2603946924209595
0.2569023072719574
0.24721671640872955
0.2618134021759033
0.24293339252471924
0.2580316364765167
0.24880045652389526
0.2596026360988617
0.2590610384941101
0.24744318425655365
0.2599121630191803
0.24341295659542084
0.2667385935783386
0.2669264078140259
0.24812784790992737
0.25791090726852417
0.2569814920425415
0.25887352228164673
0.25652173161506653
0.2636968195438385
0.2480011284351349
0.2502463161945343
0.2365233451128006
0.24831634759902954
0.2582237422466278
0.25944605469703674
0.24443872272968292
0.2650439143180847
0.2553340494632721
0.2568923234939575
0.25602978467941284
0.2503041923046112
0.247542142868042
0.24588005244731903
0.2550051212310791
0.2549731433391571
0.2523643970489502
0.23477303981781006
0.2468571811914444
0.24983353912830353
0.23832930624485016
0.2722983658313751
0.23683908581733704
0.25498440861701965
0.24156464636325836
0.2796127498149872
0.2527956962585449
0.2459784299135208
0.235334575176239
0.23490720987319946
0.2652154266834259
0.2415468394756317
0.234578475356102
0.22681179642677307
0.2524063289165497
0.26029425859451294
0.23721133172512054
0.252419114112854
0.2531270384788513
0.22831617295742035
0.24458616971969604
0.2588805556297302
0.2348232865333557
0.24565772712230682
0.25281569361686707
0.2362741082906723
0.22852353751659393
0.2350940704345703
0.24538438022136688
0.25310781598091125
0.24220359325408936
0.23165245354175568
0.23718446493148804
0.24646395444869995
0.23900970816612244
0.238217294216156
0.2570457458496094
0.24108119308948517
0.2571014165878296
0.25961339473724365
0.24543070793151855
0.2395058572292328
0.24795934557914734
0.2430487871170044
0.23116958141326904
0.22740358114242554
0.24554115533828735
0.23486308753490448
0.2523910105228424
0.24043159186840057
0.2475188970565796
0.23048748075962067
0.24622352421283722
0.2429838627576828
0.2450009137392044
0.23323865234851837
0.24682676792144775
0.2475130558013916
0.2517399787902832
0.23252493143081665
0.23235194385051727
0.2414214015007019
0.2391066700220108
0.2202214002609253
0.2423752099275589
0.24260875582695007
0.22368372976779938
0.24480405449867249
0.24068208038806915
0.234285369515419
0.2342934012413025
0.2333146631717682
0.22028450667858124
0.21871106326580048
0.23552407324314117
0.22528979182243347
0.24507708847522736
0.24617259204387665
0.24420204758644104
0.22640176117420197
0.2552720308303833
0.2519482672214508
0.23043324053287506
0.24607916176319122
0.2415364384651184
0.24289143085479736
0.20253047347068787
0.2495850920677185
0.22591908276081085
0.26249077916145325
0.2309320718050003
0.24645955860614777
0.258270800113678
0.2503805458545685
0.2428792268037796
0.23368802666664124
0.2470228523015976
0.23618119955062866
0.24380509555339813
0.23450574278831482
0.2500523626804352
0.26017844676971436
0.24628572165966034
0.2274366021156311
0.23934316635131836
0.25397005677223206
0.24563398957252502
0.2596103847026825
0.23642750084400177
0.24270206689834595
0.21924878656864166
0.23508204519748688
0.22731457650661469
0.23992164433002472
0.23179247975349426
0.2352505326271057
0.24551479518413544
0.23207196593284607
0.22736629843711853
0.2377549409866333
0.22689099609851837
0.22774754464626312
0.21527279913425446
0.231510192155838
0.23310883343219757
0.23011541366577148
0.2526412904262543
0.2375728338956833
0.23541328310966492
0.23282963037490845
0.2332068681716919
0.2565075755119324
0.2207895666360855
0.23016789555549622
0.25478827953338623
0.23722372949123383
0.24171631038188934
0.24213074147701263
0.24025949835777283
0.23234549164772034
0.2322947233915329
0.2253173440694809
0.2454979419708252
0.23795606195926666
0.24582800269126892
0.2653762400150299
0.23127563297748566
0.2296733856201172
0.23341847956180573
0.22289732098579407
0.23094028234481812
0.2315906286239624
0.22987550497055054
0.227186918258667
0.22999104857444763
0.21125908195972443
0.2461645007133484
0.24016126990318298
0.23963360488414764
0.23648209869861603
0.2464510053396225
0.24533037841320038
0.22476160526275635
0.22026725113391876
0.24317556619644165
0.22667451202869415
0.2494705468416214
0.23871144652366638
0.24174922704696655
0.22279305756092072
0.21773037314414978
0.2164628505706787
0.2374548316001892
0.22749660909175873
0.2254556268453598
0.22582301497459412
0.23116238415241241
0.23230791091918945
0.2411118745803833
0.24397584795951843
0.2350819855928421
0.237925186753273
0.22106662392616272
0.2512543201446533
0.238910973072052
0.225878044962883
0.24773074686527252
0.2526874840259552
0.21969783306121826
0.23739491403102875
0.2183523178100586
0.23706646263599396
0.235617995262146
0.23095782101154327
0.2321051061153412
0.22951897978782654
0.24154368042945862
0.2542949318885803
0.2315937578678131
0.2432554066181183
0.2448251098394394
0.2599758207798004
0.26209113001823425
0.24635663628578186
0.23379725217819214
0.2170349359512329
0.237827330827713
0.23299548029899597
0.23391655087471008
0.24296529591083527
0.24218155443668365
0.2320229858160019
0.2541070282459259
0.23481671512126923
0.22345726191997528
0.23132145404815674
0.2491745948791504
0.22695043683052063
0.23021455109119415
0.21904951333999634
0.2194799780845642
0.22084316611289978
0.2314273715019226
0.22203028202056885
0.23772937059402466
0.2291179597377777
0.2350335270166397
0.2501894235610962
0.23810069262981415
0.22772958874702454
0.2284042090177536
0.22699017822742462
0.21724076569080353
0.24545784294605255
0.23042061924934387
0.23753002285957336
0.23499083518981934
0.2422574907541275
0.23241671919822693
0.24639329314231873
0.22164174914360046
0.22268609702587128
0.25195056200027466
0.249536395072937
0.2215374857187271
0.23509667813777924
0.23968301713466644
0.23588445782661438
0.2307184487581253
0.25132450461387634
0.2408951073884964
0.24112585186958313
0.23826679587364197
0.24762806296348572
0.2240126132965088
0.21118423342704773
0.21958179771900177
0.2523954510688782
0.2541361451148987
0.22525399923324585
0.2393777221441269
0.2229899764060974
0.2158455103635788
0.2326938658952713
0.21745388209819794
0.22300788760185242
0.23634018003940582
0.2413151115179062
