0.8200204372406006
0.6656525135040283
0.574789822101593
0.5103421211242676
0.48390063643455505
0.48638758063316345
0.452694296836853
0.4159470796585083
0.41169172525405884
0.40043550729751587
0.40743985772132874
0.3881518542766571
0.39389273524284363
0.3802497386932373
0.3755982220172882
0.36184659600257874
0.36036208271980286
0.3632732331752777
0.3502371907234192
0.3493240773677826
0.3522947132587433
0.3548949658870697
0.33432698249816895
0.3517960011959076
0.34880149364471436
0.3424123227596283
0.3324388265609741
0.34273672103881836
0.3415206968784332
0.3293841481208801
0.32970601320266724
0.34351667761802673
0.3372832238674164
0.3198055624961853
0.3293667435646057
0.33684593439102173
0.32802337408065796
0.323026567697525
0.32140257954597473
0.3259570002555847
0.3140392005443573
0.3190472424030304
0.32145604491233826
0.3016798496246338
0.31677135825157166
0.31303536891937256
0.3168603181838989
0.30455559492111206
0.31413787603378296
0.29873737692832947
0.3026546835899353
0.3086854815483093
0.30017390847206116
0.30278512835502625
0.29453182220458984
0.2913534343242645
0.27996987104415894
0.29418352246284485
0.28871285915374756
0.29898932576179504
0.2991093695163727
0.2799418270587921
0.28422456979751587
0.2904376983642578
0.287346214056015
0.27924787998199463
0.2879481911659241
0.27709677815437317
0.2829069197177887
0.28228962421417236
0.2857055068016052
0.27897390723228455
0.282696932554245
0.27334898710250854
0.2737421691417694
0.2676311433315277
0.2778920829296112
0.2631925642490387
0.27759048342704773
0.2675446569919586
0.26837271451950073
0.262590616941452
0.25702908635139465
0.26735860109329224
0.2679508626461029
0.25760573148727417
0.2518655061721802
0.26892080903053284
0.25972995162010193
0.2649928331375122
0.2603170573711395
0.25433582067489624
0.2549601197242737
0.26240676641464233
0.2503441572189331
0.25841057300567627
0.2571920156478882
0.25363990664482117
0.2624231278896332
0.25898507237434387
0.2570142149925232
0.24636660516262054
0.24939069151878357
0.2540721595287323
0.24671444296836853
0.24392761290073395
0.2528536915779114
0.2431151419878006
0.23665854334831238
0.254951536655426
0.24579593539237976
0.24270430207252502
0.25021257996559143
0.24556803703308105
0.2391796112060547
0.23797619342803955
0.2320026159286499
0.24171017110347748
0.23736952245235443
0.23318184912204742
0.23364992439746857
0.23092348873615265
0.23337778449058533
0.23567338287830353
0.24267297983169556
0.23932181298732758
0.2354249507188797
0.2389051467180252
0.23483668267726898
0.2375757098197937
0.2252129465341568
0.23373684287071228
0.22465775907039642
0.24411945044994354
0.22427983582019806
0.23238088190555573
0.23021279275417328
0.23472239077091217
0.22628048062324524
0.22820933163166046
0.22130052745342255
0.2174685001373291
0.22526676952838898
0.23788173496723175
0.23244400322437286
0.23088867962360382
0.22179456055164337
0.22073321044445038
0.21728630363941193
0.22295008599758148
0.2214132696390152
0.21964187920093536
0.2229520082473755
0.20620085299015045
0.22182807326316833
0.2146943062543869
0.2131149023771286
0.22219710052013397
0.21301278471946716
0.22281259298324585
0.21226909756660461
0.21351566910743713
0.21444079279899597
0.22017261385917664
0.20956161618232727
0.21057268977165222
0.20836548507213593
0.20372141897678375
0.20394110679626465
0.21089448034763336
0.20619593560695648
0.20259249210357666
0.19920319318771362
0.21192066371440887
0.2072894424200058
0.20549961924552917
0.205855593085289
0.2054976522922516
0.19606713950634003
0.20133493840694427
0.20269820094108582
0.20252951979637146
0.19738993048667908
0.19754043221473694
0.2037735879421234
0.20802627503871918
0.19752635061740875
0.2042681723833084
0.20200639963150024
0.19921264052391052
0.20151355862617493
0.19916249811649323
0.19424115121364594
0.195005401968956
0.19732026755809784
0.20289763808250427
0.2033575177192688
0.21035970747470856
0.20548932254314423
0.19722405076026917
0.20585069060325623
0.20569075644016266
0.19900158047676086
0.19791974127292633
0.20015455782413483
0.20047684013843536
0.19290469586849213
0.19147394597530365
0.19411882758140564
0.20085498690605164
0.19301937520503998
0.19834481179714203
0.19156071543693542
0.19420015811920166
0.2129935920238495
0.20300664007663727
0.20470596849918365
0.1963793784379959
0.1903129369020462
0.19506824016571045
0.19760367274284363
0.19150839745998383
0.18740442395210266
0.19270820915699005
0.19372773170471191
0.19626986980438232
0.19196553528308868
0.18643924593925476
0.1968400776386261
0.18970556557178497
0.18240118026733398
0.17823825776576996
0.18464148044586182
0.19262656569480896
0.19945205748081207
0.20436352491378784
0.18662743270397186
0.18671032786369324
0.1943492889404297
0.19393296539783478
0.1929181069135666
0.18868400156497955
0.1951257735490799
0.1895197033882141
0.18591521680355072
0.18899843096733093
0.18174563348293304
0.19636057317256927
0.17909930646419525
0.17592613399028778
0.18076974153518677
0.18550951778888702
0.18303216993808746
0.19612805545330048
0.1776980757713318
0.1727868914604187
0.18184997141361237
0.18363401293754578
0.18773235380649567
0.19075311720371246
0.17920631170272827
0.17717312276363373
0.18359389901161194
0.1808771938085556
0.18728089332580566
0.17867626249790192
0.17576481401920319
0.1849343329668045
0.17650702595710754
0.18485362827777863
0.1855887472629547
0.17969883978366852
0.18445327877998352
0.1854480803012848
0.1732865273952484
0.17919804155826569
0.177933931350708
0.17456363141536713
0.17875368893146515
0.18502505123615265
0.1878831833600998
0.17350725829601288
0.18451783061027527
0.16668522357940674
0.17230339348316193
0.1670469045639038
0.17437191307544708
0.17680734395980835
0.18904082477092743
0.18588843941688538
0.1791391521692276
0.17406004667282104
0.1751452535390854
0.16637755930423737
0.18339397013187408
0.17850419878959656
0.17924265563488007
0.1791948676109314
0.1765650361776352
0.18297307193279266
0.17354170978069305
0.1711425632238388
0.18693870306015015
0.18563535809516907
0.17487692832946777
0.17657266557216644
0.18031169474124908
0.18988731503486633
0.1710261106491089
0.17673270404338837
0.17277655005455017
0.18683560192584991
0.18431589007377625
0.18378540873527527
0.16533616185188293
0.16989387571811676
0.16957612335681915
0.16872379183769226
0.17263515293598175
0.19073741137981415
0.18456195294857025
0.17532891035079956
0.17731396853923798
0.16782455146312714
0.17500396072864532
0.17225463688373566
0.1643984317779541
0.17035017907619476
0.17711344361305237
0.1722468137741089
0.17420493066310883
0.18335886299610138
0.17340224981307983
0.17974306643009186
0.1720046103000641
0.17840056121349335
0.1705484539270401
0.17540057003498077
0.17077010869979858
0.1723020374774933
0.1720166951417923
0.16673825681209564
0.18445754051208496
0.1753118932247162
0.17300987243652344
0.1759532392024994
0.17653807997703552
0.15799658000469208
0.17707619071006775
0.16706551611423492
0.16696225106716156
0.1757262796163559
0.17247678339481354
0.17256151139736176
0.16662055253982544
0.17055773735046387
0.1779489666223526
0.17360854148864746
0.17097502946853638
0.17695215344429016
0.17317929863929749
0.16498154401779175
0.16810216009616852
0.1687030792236328
0.1703297346830368
0.1765572428703308
0.16784986853599548
0.17549055814743042
0.16928717494010925
0.17926464974880219
0.16399604082107544
0.17491662502288818
0.1682557910680771
0.1690565049648285
0.165091410279274
0.17619866132736206
0.1646641492843628
0.16486506164073944
0.16595549881458282
0.16194014251232147
0.1732909232378006
0.17635738849639893
0.17225097119808197
0.16912992298603058
0.1618020236492157
0.17425480484962463
0.17087915539741516
0.1581837236881256
0.17505225539207458
0.16407674551010132
0.16147084534168243
0.16531991958618164
0.1754252314567566
0.16168944537639618
0.1770130693912506
0.17042392492294312
0.16335920989513397
0.15290376543998718
0.1618574559688568
0.18256670236587524
0.17178459465503693
0.17425715923309326
0.15930257737636566
0.15980513393878937
0.1669664978981018
0.1686890572309494
0.16320189833641052
0.1804131716489792
0.16578982770442963
0.16810625791549683
0.1638517826795578
0.16041912138462067
0.16153886914253235
0.16889287531375885
0.1712137907743454
0.16494396328926086
0.17402637004852295
0.17111648619174957
0.16035553812980652
0.1710541695356369
0.17046353220939636
0.16532175242900848
0.16527923941612244
0.16924922168254852
0.16714732348918915
0.16886314749717712
0.1745956689119339
0.1702101081609726
0.17152433097362518
0.16449229419231415
0.1804533153772354
0.16627228260040283
0.16922135651111603
0.16675622761249542
0.17142030596733093
0.15919038653373718
0.164017453789711
0.17429575324058533
0.16327959299087524
0.1618865430355072
0.1654483824968338
0.17246578633785248
0.15329283475875854
0.161328986287117
0.16456910967826843
0.1713607907295227
0.17032253742218018
0.17418763041496277
0.16961103677749634
0.17059259116649628
0.16714593768119812
0.16443312168121338
0.17231619358062744
0.16317881643772125
0.16350840032100677
0.16827084124088287
0.15641722083091736
0.16404543817043304
0.16918137669563293
0.15791669487953186
0.16310955584049225
0.17000770568847656
0.17240415513515472
0.17165444791316986
0.163761168718338
0.15827372670173645
0.15932446718215942
0.16123777627944946
0.1576990932226181
0.1489589363336563
0.15701091289520264
0.16480213403701782
0.16401658952236176
0.16064468026161194
0.17124393582344055
0.16489499807357788
0.16275712847709656
0.15755264461040497
0.15841372311115265
0.16308267414569855
0.16356845200061798
0.15906763076782227
0.16375920176506042
0.17053812742233276
0.16746275126934052
0.1647406667470932
0.16745854914188385
0.1617620289325714
0.15904507040977478
0.1678180694580078
0.16061609983444214
0.1599300056695938
0.15965552628040314
0.16031786799430847
0.15405602753162384
0.15563423931598663
0.1510230302810669
0.16704349219799042
0.1728169322013855
0.16177158057689667
0.17008154094219208
0.1622857302427292
0.1624743789434433
0.16691963374614716
0.15794602036476135
0.15448665618896484
0.15640290081501007
0.16305768489837646
0.1606505811214447
0.1638014316558838
0.16501237452030182
0.15690867602825165
0.15048211812973022
0.1700013130903244
0.1607743501663208
0.16500622034072876
0.1605357527732849
0.16746975481510162
0.1667303591966629
0.16567590832710266
0.1696481853723526
0.15079592168331146
0.16458289325237274
0.16439217329025269
0.16373302042484283
0.1602940410375595
0.15805134177207947
0.15589971840381622
0.16183286905288696
0.15871594846248627
0.1604706197977066
0.1671217828989029
0.17103904485702515
0.15989099442958832
0.16252501308918
0.16370287537574768
0.15746046602725983
0.15988843142986298
0.15923148393630981
0.15646986663341522
0.15459375083446503
0.16543781757354736
0.16058531403541565
0.16407179832458496
0.15704022347927094
0.15682663023471832
0.1588878035545349
0.1566072255373001
0.15644897520542145
0.16750933229923248
0.1546381562948227
0.17019255459308624
0.15756264328956604
0.16495956480503082
0.16510529816150665
0.1513684242963791
0.15348532795906067
0.16385146975517273
0.16855600476264954
0.16225124895572662
0.16486161947250366
0.1578882932662964
0.16293631494045258
0.16060517728328705
0.16131915152072906
0.1535951942205429
0.1574200838804245
0.15756942331790924
0.15730172395706177
0.15880978107452393
0.16154581308364868
0.17115655541419983
0.16898755729198456
0.15096299350261688
0.16120044887065887
0.1549362987279892
0.15643225610256195
0.15114866197109222
0.15767192840576172
0.1641474962234497
0.16531801223754883
0.15654058754444122
0.16194620728492737
0.15803173184394836
0.15448109805583954
0.15153934061527252
0.15164856612682343
0.1721699833869934
0.17596368491649628
0.1610017716884613
0.16034799814224243
0.15622620284557343
0.1553303450345993
0.1609097570180893
0.17006774246692657
0.15900173783302307
0.15517902374267578
0.16650475561618805
0.1640358418226242
0.16502058506011963
0.15872447192668915
