0.7722181081771851
0.7179054617881775
0.6770807504653931
0.6720986366271973
0.6687968969345093
0.6484091877937317
0.6627070307731628
0.643197774887085
0.6426500082015991
0.6067655682563782
0.625726044178009
0.5746533870697021
0.6123770475387573
0.5896504521369934
0.5802856087684631
0.5761424899101257
0.5687175393104553
0.556158185005188
0.5633864998817444
0.5463563203811646
0.56049644947052
0.5408756136894226
0.5276739001274109
0.5378299355506897
0.5452459454536438
0.5561324954032898
0.5335195660591125
0.5324106216430664
0.5298794507980347
0.5190904140472412
0.5373717546463013
0.48936232924461365
0.5052512884140015
0.49337583780288696
0.4915214776992798
0.4779401123523712
0.48133841156959534
0.4868224859237671
0.47058984637260437
0.4836888909339905
0.46692341566085815
0.43441835045814514
0.4619961678981781
0.45009782910346985
0.4569823741912842
0.45849600434303284
0.45190542936325073
0.43803927302360535
0.4266040325164795
0.42922118306159973
0.4508085250854492
0.422153502702713
0.4183018207550049
0.4271257221698761
0.4171598553657532
0.4220893979072571
0.41069647669792175
0.44580215215682983
0.4287409782409668
0.4403936564922333
0.406349241733551
0.410004198551178
0.4020880460739136
0.4177805483341217
0.3787778913974762
0.39049598574638367
0.3925968110561371
0.39651206135749817
0.38827162981033325
0.40478602051734924
0.3883606791496277
0.38313138484954834
0.39403846859931946
0.4035079777240753
0.3778526782989502
0.3647828996181488
0.4129449427127838
0.3913583755493164
0.39393118023872375
0.38635995984077454
0.397520512342453
0.35909050703048706
0.3730708956718445
0.36487439274787903
0.3724771738052368
0.3686128556728363
0.3971690535545349
0.34729576110839844
0.35893720388412476
0.3700768053531647
0.34995752573013306
0.3665238618850708
0.3977053761482239
0.36324208974838257
0.35658562183380127
0.3725896179676056
0.351105272769928
0.34585314989089966
0.3683602511882782
0.3550528585910797
0.34885600209236145
0.38121142983436584
0.35715073347091675
0.3487185537815094
0.33878093957901
0.35900014638900757
0.380473256111145
0.3414510190486908
0.3411710858345032
0.3498697578907013
0.32838353514671326
0.3367299437522888
0.3535975515842438
0.3317720890045166
0.32780641317367554
0.32458174228668213
0.3286537826061249
0.32018646597862244
0.34088027477264404
0.34294867515563965
0.32105404138565063
0.3151969611644745
0.35219037532806396
0.3480991721153259
0.33047783374786377
0.3670710623264313
0.3306867480278015
0.3470757007598877
0.3317312002182007
0.3270207643508911
0.3323448598384857
0.3366064727306366
0.33024826645851135
0.3152575194835663
0.351254940032959
0.3180333375930786
0.3279999792575836
0.3079012334346771
0.3151363134384155
0.3097653090953827
0.3227253258228302
0.332568496465683
0.32929447293281555
0.3023107051849365
0.30529555678367615
0.31153395771980286
0.31607627868652344
0.3225586414337158
0.29811012744903564
0.290262371301651
0.2846169173717499
0.31727874279022217
0.31329837441444397
0.30853503942489624
0.3018319606781006
0.3188832700252533
0.30952683091163635
0.3029354512691498
0.29264035820961
0.3051150143146515
0.3079632818698883
0.27796003222465515
0.2768879532814026
0.31377241015434265
0.28887853026390076
0.2930884063243866
0.3090575635433197
0.28636646270751953
0.3041512966156006
0.2926771342754364
0.282206654548645
0.32808178663253784
0.32618919014930725
0.2981918156147003
0.3055535554885864
0.28668212890625
0.2844372093677521
0.2852102518081665
0.27800604701042175
0.264689564704895
0.2961624562740326
0.25659987330436707
0.2609613835811615
0.24978576600551605
0.26951196789741516
0.28241243958473206
0.29307252168655396
0.274547815322876
0.26774662733078003
0.27133458852767944
0.2508056163787842
0.2729223966598511
0.28865113854408264
0.2640232741832733
0.2709658741950989
0.25678980350494385
0.25544074177742004
0.2960657775402069
0.255144864320755
0.26669439673423767
0.26972392201423645
0.26052549481391907
0.26564091444015503
0.2735023498535156
0.2627449035644531
0.277782678604126
0.2538159191608429
0.24895833432674408
0.24705350399017334
0.2551927864551544
0.25447404384613037
0.25014933943748474
0.2374221533536911
0.25689461827278137
0.24777764081954956
0.2447422295808792
0.2413284182548523
0.268998384475708
0.2521258294582367
0.2624788284301758
0.25075021386146545
0.24814049899578094
0.2761748433113098
0.2606530785560608
0.26821160316467285
0.26634740829467773
0.26986852288246155
0.25428590178489685
0.25698229670524597
0.24704918265342712
0.24453651905059814
0.24720196425914764
0.2484707236289978
0.2525191307067871
0.23661212623119354
0.25356417894363403
0.24215342104434967
0.24706096947193146
0.2299913763999939
0.2348824441432953
0.22247594594955444
0.20986734330654144
0.24241335690021515
0.2462548017501831
0.24543990194797516
0.23224349319934845
0.25747764110565186
0.2297695130109787
0.23517775535583496
0.2546730935573578
0.24240051209926605
0.23764090240001678
0.23445425927639008
0.2291206270456314
0.21489864587783813
0.25205379724502563
0.21717990934848785
0.2371484935283661
0.23672832548618317
0.19821229577064514
0.2574843466281891
0.2644018530845642
0.2358110100030899
0.22440138459205627
0.2353188395500183
0.2380342036485672
0.23920832574367523
0.22132183611392975
0.2535390257835388
0.2257513403892517
0.22977808117866516
0.2268332540988922
0.2485114187002182
0.24721242487430573
0.20912902057170868
0.21222460269927979
0.23870407044887543
0.23880760371685028
0.2365698665380478
0.22594007849693298
0.23558127880096436
0.2259397655725479
0.23109538853168488
0.2410646677017212
0.21915259957313538
0.21633024513721466
0.2158178836107254
0.22041061520576477
0.2508199214935303
0.23384684324264526
0.20988616347312927
0.20804375410079956
0.20499762892723083
0.24928583204746246
0.2363167107105255
0.21956439316272736
0.20523865520954132
0.19855676591396332
0.21401570737361908
0.21275757253170013
0.1998470276594162
0.20041683316230774
0.21135814487934113
0.22869370877742767
0.19929519295692444
0.22569231688976288
0.2226833999156952
0.2180282473564148
0.23002204298973083
0.20862430334091187
0.21690429747104645
0.22046421468257904
0.22319984436035156
0.21279814839363098
0.21765948832035065
0.22286240756511688
0.22823086380958557
0.23178504407405853
0.22669115662574768
0.22543442249298096
0.2086295485496521
0.23149384558200836
0.22041316330432892
0.2210633009672165
0.19430483877658844
0.2071031928062439
0.19569875299930573
0.21581363677978516
0.2110031396150589
0.20884288847446442
0.20801591873168945
0.22155113518238068
0.225998654961586
0.23097872734069824
0.21642917394638062
0.19700245559215546
0.209074005484581
0.19499266147613525
0.21883541345596313
0.20879097282886505
0.22518493235111237
0.21036496758460999
0.20665016770362854
0.21111765503883362
0.19809801876544952
0.2408173680305481
0.21868672966957092
0.21264797449111938
0.19230860471725464
0.21189731359481812
0.19756150245666504
0.20555587112903595
0.23086312413215637
0.1979074478149414
0.20167948305606842
0.20103798806667328
0.2078738808631897
0.2243334800004959
0.2131928950548172
0.21915815770626068
0.20043577253818512
0.19020600616931915
0.20558670163154602
0.22512014210224152
0.2038857340812683
0.18517324328422546
0.199909508228302
0.2189273238182068
0.21641044318675995
0.2007906436920166
0.21209976077079773
0.22794382274150848
0.2158113718032837
0.21925301849842072
0.22917835414409637
0.2215416431427002
0.21832594275474548
0.20391353964805603
0.2135755866765976
0.19751137495040894
0.20825958251953125
0.20508027076721191
0.2035505175590515
0.20553229749202728
0.2051207572221756
0.20461057126522064
0.21275193989276886
0.17882199585437775
0.21144184470176697
0.2176218181848526
0.20989330112934113
0.21683605015277863
0.20149782299995422
0.19425874948501587
0.21114851534366608
0.2198297083377838
0.2077956199645996
0.20079822838306427
0.1904134303331375
0.2020249217748642
0.23333951830863953
0.17530812323093414
0.18628419935703278
0.19762007892131805
0.2133082002401352
0.207706481218338
0.22204609215259552
0.2259543538093567
0.22386261820793152
0.19282452762126923
0.19650347530841827
0.20461755990982056
0.18463033437728882
0.18745850026607513
0.19921112060546875
0.1837819516658783
0.1912548542022705
0.19409781694412231
0.19644543528556824
0.18254221975803375
0.19358980655670166
0.18854372203350067
0.19439548254013062
0.19123685359954834
0.201465904712677
0.2009420394897461
0.18988683819770813
0.17811205983161926
0.21491624414920807
0.1929406076669693
0.2001514434814453
0.21891620755195618
0.20772728323936462
0.21939529478549957
0.1954910159111023
0.19286242127418518
0.19325420260429382
0.18812847137451172
0.20321835577487946
0.183759868144989
0.18194438517093658
0.1790562868118286
0.2060600072145462
0.20719890296459198
0.19324102997779846
0.1871582716703415
0.2161908894777298
0.21043111383914948
0.18723955750465393
0.20717066526412964
0.18443380296230316
0.1943209171295166
0.1893879473209381
0.18274781107902527
0.1971035897731781
0.18738238513469696
0.20768485963344574
0.18800826370716095
0.1958072930574417
0.20362906157970428
0.18959271907806396
0.20093296468257904
0.1712600439786911
0.1963023692369461
0.19582484662532806
0.1889471411705017
0.18978455662727356
0.20379427075386047
0.18337678909301758
0.18904031813144684
0.20186543464660645
0.18743248283863068
0.1798672080039978
0.20282350480556488
0.19508281350135803
0.18648414313793182
0.1919342279434204
0.19553808867931366
0.17883501946926117
0.19528375566005707
0.17195308208465576
0.1805098056793213
0.20129822194576263
0.2012162208557129
0.17262163758277893
0.1838415563106537
0.1945320963859558
0.2104230523109436
0.20062312483787537
0.17524829506874084
0.18193382024765015
0.1901756376028061
0.19682054221630096
0.20515570044517517
0.20560787618160248
0.1873037964105606
0.1931115984916687
0.18468590080738068
0.19300080835819244
0.17923922836780548
0.18464593589305878
0.1779518723487854
0.20429550111293793
0.19359035789966583
0.18995122611522675
0.19592441618442535
0.18777036666870117
0.19849398732185364
0.20800873637199402
0.21338190138339996
0.17829212546348572
0.19039291143417358
0.1834312379360199
0.18185323476791382
0.18987113237380981
0.21876147389411926
0.18573713302612305
0.20447970926761627
0.2048899531364441
0.16956287622451782
0.19086948037147522
0.19925065338611603
0.20225249230861664
0.1949300616979599
0.18118776381015778
0.19643709063529968
0.17882344126701355
0.2067299783229828
0.19289925694465637
0.18578767776489258
0.19787606596946716
0.19994933903217316
0.21775370836257935
0.19388547539710999
0.1938774436712265
0.17489838600158691
0.19971145689487457
0.19899840652942657
0.18199361860752106
0.1945846974849701
0.20014630258083344
0.18359260261058807
0.19120942056179047
0.18982751667499542
0.1996561735868454
0.2020837366580963
0.17161251604557037
0.20504508912563324
0.17282365262508392
0.21043343842029572
0.2039589136838913
0.1844850778579712
0.18202830851078033
0.17302091419696808
0.17837034165859222
0.18363897502422333
0.20161329209804535
0.2112857699394226
0.18934522569179535
0.19429442286491394
0.19957329332828522
0.17930258810520172
0.19234995543956757
0.1884920597076416
0.19082537293434143
0.19959546625614166
0.1893405020236969
0.2037268429994583
0.1964709311723709
0.1989528089761734
0.18756510317325592
0.18931430578231812
0.17801617085933685
0.17897923290729523
0.18040154874324799
0.18563681840896606
0.19673758745193481
0.18074263632297516
0.20645368099212646
0.19020889699459076
0.18458335101604462
0.1915881484746933
0.18741567432880402
0.1787429004907608
0.18272551894187927
0.18928922712802887
0.16476032137870789
0.1953011304140091
0.2027929723262787
0.18525128066539764
0.17967589199543
0.1974533647298813
0.18359407782554626
0.2091234177350998
0.18702279031276703
0.20173193514347076
0.18652261793613434
0.18085528910160065
0.1994062066078186
0.1580711454153061
0.19523920118808746
0.1836596429347992
0.18545159697532654
0.18724334239959717
0.19449788331985474
0.15313805639743805
0.19760146737098694
0.17560602724552155
0.17208026349544525
0.1819322258234024
0.2003168910741806
0.19994275271892548
0.17950527369976044
0.188341423869133
0.1907060146331787
0.1720733940601349
0.17586995661258698
0.2034316509962082
0.17221367359161377
0.1933409422636032
0.20614683628082275
0.17172913253307343
0.1798921674489975
0.18840031325817108
0.19649359583854675
