0.6968332529067993
0.5840945243835449
0.499652236700058
0.500999927520752
0.4676702916622162
0.48352715373039246
0.45475879311561584
0.4380917549133301
0.42035552859306335
0.42309704422950745
0.3972179889678955
0.3972916007041931
0.39468857645988464
0.3841415047645569
0.39426931738853455
0.38312828540802
0.37806108593940735
0.3578277826309204
0.36242619156837463
0.36995458602905273
0.34385305643081665
0.35267290472984314
0.3474881947040558
0.35468533635139465
0.3486515283584595
0.33511433005332947
0.3366395831108093
0.33566081523895264
0.3242323100566864
0.3415030837059021
0.31681880354881287
0.3220564126968384
0.3298916816711426
0.32782623171806335
0.33946308493614197
0.31178581714630127
0.31138017773628235
0.30869969725608826
0.31136566400527954
0.31453078985214233
0.30364087224006653
0.3088255822658539
0.2911778688430786
0.2969646155834198
0.3125974237918854
0.31956395506858826
0.2912095785140991
0.28344279527664185
0.2941506505012512
0.2838415205478668
0.285324364900589
0.28106868267059326
0.29222118854522705
0.2914446294307709
0.2773047983646393
0.26871076226234436
0.2741183340549469
0.28280410170555115
0.27159011363983154
0.26533815264701843
0.2748461067676544
0.27629998326301575
0.2820471525192261
0.2545585036277771
0.267151415348053
0.2608219087123871
0.23996426165103912
0.2516273558139801
0.2659341096878052
0.25247910618782043
0.24801063537597656
0.2599338889122009
0.2547978162765503
0.24732153117656708
0.2685558795928955
0.2463575154542923
0.23954138159751892
0.2303086221218109
0.25327587127685547
0.22992639243602753
0.2524811625480652
0.2650644779205322
0.23905500769615173
0.23402908444404602
0.24330854415893555
0.22495102882385254
0.24397186934947968
0.24287091195583344
0.22412076592445374
0.21577145159244537
0.220540389418602
0.2178945541381836
0.23136277496814728
0.198974147439003
0.19922563433647156
0.21619203686714172
0.21077044308185577
0.2013128697872162
0.21119722723960876
0.20629487931728363
0.19540032744407654
0.20287327468395233
0.20224617421627045
0.2390315681695938
0.193313866853714
0.2013140767812729
0.221266508102417
0.2270398885011673
0.19870561361312866
0.19350945949554443
0.18766412138938904
0.17423374950885773
0.18131528794765472
0.19931328296661377
0.1910390853881836
0.18472641706466675
0.17029932141304016
0.18530745804309845
0.16385360062122345
0.16884954273700714
0.19162647426128387
0.1838868111371994
0.18581624329090118
0.17771752178668976
0.17345963418483734
0.1851080060005188
0.18914569914340973
0.16874279081821442
0.17142631113529205
0.16332632303237915
0.1692737340927124
0.18562787771224976
0.17131908237934113
0.16500744223594666
0.1994636058807373
0.17711275815963745
0.1574568748474121
0.16072237491607666
0.15931080281734467
0.15596559643745422
0.16751617193222046
0.15712793171405792
0.1556665003299713
0.15621249377727509
0.1457175463438034
0.14055363833904266
0.13971509039402008
0.153109610080719
0.13735495507717133
0.13346825540065765
0.14365729689598083
0.151290163397789
0.13941225409507751
0.1395711600780487
0.14567570388317108
0.14143985509872437
0.14284765720367432
0.14818324148654938
0.1582375168800354
0.13708846271038055
0.1350616067647934
0.13993960618972778
0.1463880091905594
0.13790056109428406
0.13847136497497559
0.1388595998287201
0.13244853913784027
0.12640251219272614
0.1269531399011612
0.12641867995262146
0.128520667552948
0.14626331627368927
0.13235889375209808
0.12457948923110962
0.12427257001399994
0.13934463262557983
0.12143946439027786
0.1213432252407074
0.15215188264846802
0.12926162779331207
0.13000205159187317
0.1442663073539734
0.11285991966724396
0.14789344370365143
0.11827646195888519
0.11287011951208115
0.1319228857755661
0.12612085044384003
0.11273349076509476
0.12831906974315643
0.1147649884223938
0.12055427581071854
0.13255004584789276
0.12463071942329407
0.11277052015066147
0.13068066537380219
0.11617948114871979
0.11894923448562622
0.11833157390356064
0.11448711156845093
0.10348387062549591
0.13851983845233917
0.13191495835781097
0.12325550615787506
0.11724399775266647
0.11743217706680298
0.10339710861444473
0.106435127556324
0.1246534213423729
0.14534196257591248
0.12452508509159088
0.11631251871585846
0.10843932628631592
0.1117885634303093
0.12228469550609589
0.10813979804515839
0.1000845804810524
0.09668952971696854
0.10345660895109177
0.11060363054275513
0.10033722221851349
0.09530748426914215
0.10134126991033554
0.10159330070018768
0.11557244509458542
0.1077873483300209
0.10239272564649582
0.10900852829217911
0.09951085597276688
0.10239136219024658
0.10940827429294586
0.10107935220003128
0.10159330070018768
0.09985651075839996
0.11544394493103027
0.08463702350854874
0.11435388028621674
0.09656155109405518
0.11976727843284607
0.0968434065580368
0.08028791099786758
0.09753724932670593
0.09044639766216278
0.08571132272481918
0.08024132251739502
0.08835244923830032
0.07993399351835251
0.10391230881214142
0.10064461082220078
0.07766715437173843
0.07431355863809586
0.09392282366752625
0.09285847097635269
0.08349895477294922
0.10361672192811966
0.08785732835531235
0.08003535866737366
0.08972020447254181
0.09576916694641113
0.09124011546373367
0.08682604134082794
0.07724550366401672
0.07762176543474197
0.08105072379112244
0.07448403537273407
0.08387859165668488
0.06797163933515549
0.10830508917570114
0.07867943495512009
0.09135670214891434
0.07903552055358887
0.08995470404624939
0.10377314686775208
0.08517199009656906
0.08558585494756699
0.08905171602964401
0.09321843832731247
0.10356878489255905
0.0870637521147728
0.08615066856145859
0.0755913257598877
0.06042817234992981
0.08847533911466599
0.07346826791763306
0.077504962682724
0.09802970290184021
0.08987847715616226
0.08823858946561813
0.07531783729791641
0.08016304671764374
0.06476210057735443
0.07735785841941833
0.08684635907411575
0.10928148776292801
0.0753696858882904
0.09579569101333618
0.07863765209913254
0.07110249251127243
0.10627254843711853
0.0919196754693985
0.0859457328915596
0.08258876949548721
0.08934750407934189
0.0740017518401146
0.0704193264245987
0.10286659002304077
0.08260166645050049
0.06312058120965958
0.06330610066652298
0.10061823576688766
0.0790717750787735
0.05871189758181572
0.07042142003774643
0.09848622232675552
0.07118609547615051
0.07379872351884842
0.0828900933265686
0.08585035800933838
0.08047924190759659
0.07662901282310486
0.07581817358732224
0.07660362869501114
0.0843798890709877
0.06631926447153091
0.09371098130941391
0.10215751826763153
0.07367394119501114
0.07015746086835861
0.08437372744083405
0.08032762259244919
0.0798742026090622
0.0901251956820488
0.07441762834787369
0.08715803921222687
0.07676763832569122
0.07574885338544846
0.06579603254795074
0.07708225399255753
0.07483881711959839
0.060854628682136536
0.08874794095754623
0.06882642954587936
0.08156699687242508
0.10314948856830597
0.06595105677843094
0.06686133146286011
0.06676129251718521
0.06852125376462936
0.08375263214111328
0.07564254105091095
0.0804610475897789
0.08014342933893204
0.06563801318407059
0.0736517533659935
0.07774881273508072
0.06802307814359665
0.07419726997613907
0.07197542488574982
0.08307383954524994
0.06220778822898865
0.08858898282051086
0.07859412580728531
0.06397337466478348
0.07549487054347992
0.07043826580047607
0.07014202326536179
0.07752350717782974
0.06848584115505219
0.07447337359189987
0.06496821343898773
0.05629472807049751
0.07324930280447006
0.07567546516656876
0.059596698731184006
0.08237585425376892
0.0647965669631958
0.07040653377771378
0.0765739306807518
0.07025232911109924
0.0795113742351532
0.0617542639374733
0.07578528672456741
0.061074454337358475
0.06871441006660461
0.08119285106658936
0.0989912897348404
0.061345767229795456
0.0750126987695694
0.06810639053583145
0.08932270109653473
0.07575412839651108
0.07910477370023727
0.07376839220523834
0.06777693331241608
0.07689112424850464
0.09055554866790771
0.058164484798908234
0.061741385608911514
0.06955157220363617
0.08179464191198349
0.06666652858257294
0.07601888477802277
0.049603719264268875
0.08862153440713882
0.07862693071365356
0.11806508153676987
0.07645740360021591
0.06591776013374329
0.0731029286980629
0.05916794389486313
0.06703543663024902
0.0506514273583889
0.07748986035585403
0.08107776939868927
0.0791371688246727
0.06509430706501007
0.05818009749054909
0.07165378332138062
0.06913121789693832
0.05623424053192139
0.06312362104654312
0.06560376286506653
0.07351888716220856
0.07211648672819138
0.05189181864261627
0.06491107493638992
0.07454679906368256
0.08790278434753418
0.06900589168071747
0.07930001616477966
0.06188441812992096
0.06325992941856384
0.07919277250766754
0.057936131954193115
0.062640480697155
0.05854199081659317
0.06764624267816544
0.07724718004465103
0.06872877478599548
0.062358174473047256
0.07286442071199417
0.07453658431768417
0.06807764619588852
0.057816050946712494
0.06941227614879608
0.07030490040779114
0.08170701563358307
0.0798247754573822
0.07552593946456909
0.05307595804333687
0.058201152831315994
0.07393842190504074
0.07476107776165009
0.0605911947786808
0.07113587111234665
0.07733302563428879
0.07113733887672424
0.08354338258504868
0.0762590765953064
0.06589823216199875
0.07392847537994385
0.06007218360900879
0.08246197551488876
0.05551224201917648
0.06849026679992676
0.059075940400362015
0.06740362197160721
0.06696145236492157
0.06120848283171654
0.07537004351615906
0.08000772446393967
0.07165601849555969
0.07299640774726868
0.05918702483177185
0.0776415467262268
0.07039012759923935
0.08495203405618668
0.05566355213522911
0.07105235010385513
0.068200021982193
0.0697483941912651
0.057512570172548294
0.05254337936639786
0.07494350522756577
0.05983021855354309
0.04959661886096001
0.06306683272123337
0.07089375704526901
0.066409632563591
0.057192448526620865
0.07645199447870255
0.0801171362400055
0.06320149451494217
0.07212875038385391
0.05574635788798332
0.06234056130051613
0.06406242400407791
0.09099458903074265
0.04673680290579796
0.047711923718452454
0.047335147857666016
0.06323499232530594
0.06522881239652634
0.05847914144396782
0.06948371231555939
0.06228885427117348
0.058365654200315475
0.06172231212258339
0.06213003396987915
0.06405439972877502
0.04696454852819443
0.07049437612295151
0.061305221170186996
0.07176468521356583
0.057906124740839005
0.07402199506759644
0.07231248915195465
0.06777876615524292
0.061044346541166306
0.06162161007523537
0.04883606359362602
0.07988406717777252
0.05691537261009216
0.06260420382022858
0.06698118895292282
0.06889019906520844
0.06809569150209427
0.06308838725090027
0.06299224495887756
0.04629633575677872
0.06189635023474693
0.07294956594705582
0.061692964285612106
0.06952343136072159
0.05857650563120842
0.0747656598687172
0.0684826597571373
0.06001297011971474
0.07614348828792572
0.0673471987247467
0.04831424728035927
0.05958523973822594
0.07157708704471588
0.06788690388202667
0.06928831338882446
0.05230659991502762
0.0687403455376625
0.07119188457727432
0.052339453250169754
0.049383655190467834
0.057383254170417786
0.05376964434981346
0.049003198742866516
0.06390760838985443
0.0864134132862091
0.06977582722902298
0.06705977767705917
0.06679799407720566
0.06644238531589508
0.06795093417167664
0.06285986304283142
0.06976097077131271
0.07032964378595352
0.04954983666539192
0.061358917504549026
0.07028789818286896
0.0594092458486557
0.06145663186907768
0.053255848586559296
0.05299268662929535
0.06704429537057877
0.054322898387908936
0.048077505081892014
0.05632109194993973
0.057391513139009476
0.05992671847343445
0.06343922019004822
0.06984131038188934
0.06830132007598877
0.05128112807869911
0.05265417695045471
0.06948964297771454
0.0775393396615982
0.06726134568452835
0.07202745229005814
0.04846710339188576
0.05603150278329849
0.06011596694588661
0.06080866977572441
0.054309915751218796
0.054865363985300064
0.06578488647937775
0.09478987008333206
0.05154133588075638
0.05692034587264061
0.052415117621421814
0.07287202775478363
0.06913388520479202
0.06456471979618073
0.04725320637226105
0.055170848965644836
0.05679793655872345
0.06717164814472198
0.05594323202967644
