0.6168224215507507
0.6214953064918518
0.6308411359786987
0.6433022022247314
0.6386292576789856
0.644859790802002
0.6526479721069336
0.663551390171051
0.677570104598999
0.6822429895401001
0.6884735226631165
0.6978192925453186
0.704049825668335
0.7118380069732666
0.7149532437324524
0.7133956551551819
0.7211837768554688
0.7211837768554688
0.722741425037384
0.732087254524231
0.732087254524231
0.7336448431015015
0.7336448431015015
0.7414330244064331
0.7445482611656189
0.7554517388343811
0.7616822719573975
0.763239860534668
0.7694703936576843
0.7710280418395996
0.777258574962616
0.7803738117218018
0.7834891080856323
0.7834891080856323
0.7866043448448181
0.7866043448448181
0.7897196412086487
0.7975077629089355
0.8021807074546814
0.8052959442138672
0.8115264773368835
0.8130841255187988
0.8208722472190857
0.8255451917648315
0.8286604285240173
0.8286604285240173
0.8286604285240173
0.8255451917648315
0.8239875435829163
0.822429895401001
0.8255451917648315
0.8255451917648315
0.8239875435829163
0.8239875435829163
0.827102780342102
0.8302180767059326
0.8286604285240173
0.8286604285240173
0.827102780342102
0.8302180767059326
0.8348909616470337
0.8380062580108643
0.836448609828949
0.836448609828949
0.8348909616470337
0.8395638465881348
0.84112149477005
0.84112149477005
0.8426791429519653
0.8442367315292358
0.8504672646522522
0.8520249128341675
0.8504672646522522
0.8504672646522522
0.8504672646522522
0.8535825610160828
0.855140209197998
0.8566977977752686
0.855140209197998
0.855140209197998
0.8566977977752686
0.8598130941390991
0.8598130941390991
0.8613707423210144
0.8660436272621155
0.8660436272621155
0.8660436272621155
0.8660436272621155
0.8660436272621155
0.8660436272621155
0.8676012754440308
0.8707165122032166
0.8707165122032166
0.8722741603851318
0.8722741603851318
0.8707165122032166
0.8707165122032166
0.8738317489624023
0.8738317489624023
0.8738317489624023
0.8738317489624023
0.8722741603851318
0.8722741603851318
0.8722741603851318
0.8738317489624023
0.8738317489624023
0.8738317489624023
0.8753893971443176
0.8769470453262329
0.8769470453262329
0.8769470453262329
0.8769470453262329
0.8800622820854187
0.8800622820854187
0.8800622820854187
0.8800622820854187
0.8785046935081482
0.8785046935081482
0.8785046935081482
0.8769470453262329
0.8769470453262329
0.8769470453262329
0.8769470453262329
0.8785046935081482
0.881619930267334
0.881619930267334
0.881619930267334
0.881619930267334
0.881619930267334
0.8800622820854187
0.881619930267334
0.881619930267334
0.881619930267334
0.8831775784492493
0.8862928152084351
0.8847352266311646
0.8800622820854187
0.881619930267334
0.8831775784492493
0.8878504633903503
0.8847352266311646
0.8862928152084351
0.8878504633903503
0.8878504633903503
0.8894081115722656
0.8894081115722656
0.8878504633903503
0.8878504633903503
0.8878504633903503
0.8878504633903503
0.8878504633903503
0.8894081115722656
0.8878504633903503
0.8878504633903503
0.8878504633903503
0.8862928152084351
0.8862928152084351
0.8878504633903503
0.8878504633903503
0.8862928152084351
0.8847352266311646
0.8831775784492493
0.8831775784492493
0.8831775784492493
0.8847352266311646
0.8847352266311646
0.8831775784492493
0.881619930267334
0.881619930267334
0.881619930267334
0.881619930267334
0.881619930267334
0.881619930267334
0.881619930267334
0.8831775784492493
0.8831775784492493
0.8800622820854187
0.8831775784492493
0.8831775784492493
0.8831775784492493
0.8831775784492493
0.8831775784492493
0.8831775784492493
0.8831775784492493
0.8831775784492493
0.8847352266311646
0.881619930267334
0.8831775784492493
0.8831775784492493
0.881619930267334
0.8847352266311646
0.8862928152084351
0.8878504633903503
0.8878504633903503
0.8878504633903503
0.8878504633903503
0.8847352266311646
0.8878504633903503
0.8847352266311646
0.8862928152084351
0.8862928152084351
0.8862928152084351
0.8862928152084351
0.8862928152084351
0.8862928152084351
0.8862928152084351
0.8847352266311646
0.8862928152084351
0.8847352266311646
0.8831775784492493
0.8831775784492493
0.8831775784492493
0.8831775784492493
0.8847352266311646
0.8847352266311646
0.8831775784492493
0.8831775784492493
0.8847352266311646
0.8847352266311646
0.881619930267334
0.8800622820854187
0.8800622820854187
0.8785046935081482
0.8785046935081482
0.8800622820854187
0.881619930267334
0.881619930267334
0.8847352266311646
0.881619930267334
0.8800622820854187
0.8800622820854187
0.8800622820854187
0.8800622820854187
0.881619930267334
0.8831775784492493
0.8847352266311646
0.8862928152084351
0.8862928152084351
0.8862928152084351
0.8862928152084351
0.881619930267334
0.881619930267334
0.8831775784492493
0.8831775784492493
0.8831775784492493
0.8800622820854187
0.881619930267334
0.881619930267334
0.8862928152084351
0.8847352266311646
0.8847352266311646
0.8878504633903503
0.8894081115722656
0.8909657597541809
0.8925233483314514
0.8909657597541809
0.8909657597541809
0.8894081115722656
0.8878504633903503
0.8878504633903503
0.8862928152084351
0.8831775784492493
0.8831775784492493
0.881619930267334
0.8831775784492493
0.8800622820854187
0.8800622820854187
0.8800622820854187
0.8800622820854187
0.8831775784492493
0.8862928152084351
0.8894081115722656
0.8894081115722656
0.8909657597541809
0.8894081115722656
0.8894081115722656
0.8894081115722656
0.8878504633903503
0.8847352266311646
0.8847352266311646
0.8847352266311646
0.8847352266311646
0.8831775784492493
0.8831775784492493
0.881619930267334
0.8831775784492493
0.8862928152084351
0.8862928152084351
0.881619930267334
0.8800622820854187
0.8785046935081482
0.881619930267334
0.8785046935081482
0.8785046935081482
0.8800622820854187
0.8831775784492493
0.8847352266311646
0.8847352266311646
0.8862928152084351
0.8862928152084351
0.8862928152084351
0.8847352266311646
0.8847352266311646
0.8847352266311646
0.8847352266311646
0.8862928152084351
0.8909657597541809
0.895638644695282
0.8925233483314514
0.8940809965133667
0.8925233483314514
0.8894081115722656
0.8894081115722656
0.8894081115722656
0.8894081115722656
0.8894081115722656
0.8894081115722656
0.8894081115722656
0.8894081115722656
0.8878504633903503
0.8894081115722656
0.8909657597541809
0.8878504633903503
0.8878504633903503
0.8894081115722656
0.8894081115722656
0.8894081115722656
0.8894081115722656
0.8894081115722656
0.8878504633903503
0.8862928152084351
0.8878504633903503
0.8894081115722656
0.8894081115722656
0.8862928152084351
0.8878504633903503
0.8894081115722656
0.8894081115722656
0.895638644695282
0.8940809965133667
0.8925233483314514
0.8925233483314514
0.8894081115722656
0.8894081115722656
0.8940809965133667
0.8925233483314514
0.8909657597541809
0.8925233483314514
0.8909657597541809
0.8909657597541809
0.8909657597541809
0.8909657597541809
0.8909657597541809
0.8909657597541809
0.8925233483314514
0.8925233483314514
0.8925233483314514
0.8925233483314514
0.8909657597541809
0.8925233483314514
0.8909657597541809
0.8909657597541809
0.8909657597541809
0.8909657597541809
0.8909657597541809
0.8909657597541809
0.8894081115722656
0.8878504633903503
0.8894081115722656
0.8894081115722656
0.8862928152084351
0.8862928152084351
0.8894081115722656
0.8940809965133667
0.8940809965133667
0.8925233483314514
0.8909657597541809
0.8894081115722656
0.8894081115722656
0.8909657597541809
0.8909657597541809
0.8909657597541809
0.8894081115722656
0.8878504633903503
0.8878504633903503
0.8894081115722656
0.8925233483314514
0.895638644695282
0.8940809965133667
0.8909657597541809
0.8909657597541809
0.8909657597541809
0.8925233483314514
0.8925233483314514
0.8925233483314514
0.8925233483314514
0.8925233483314514
0.8925233483314514
0.8940809965133667
0.8940809965133667
0.8971962332725525
0.8971962332725525
0.8971962332725525
0.8971962332725525
0.8940809965133667
0.895638644695282
0.8925233483314514
0.8909657597541809
0.8909657597541809
0.8909657597541809
0.8925233483314514
0.8878504633903503
0.8878504633903503
0.8909657597541809
0.8940809965133667
0.895638644695282
0.895638644695282
0.895638644695282
0.8940809965133667
0.8940809965133667
0.8925233483314514
0.8925233483314514
0.8940809965133667
0.8925233483314514
0.8909657597541809
0.8909657597541809
0.8925233483314514
0.8925233483314514
0.895638644695282
0.8971962332725525
0.8971962332725525
0.8971962332725525
0.895638644695282
0.8971962332725525
0.895638644695282
0.8971962332725525
0.895638644695282
0.895638644695282
0.895638644695282
0.8925233483314514
0.8940809965133667
0.895638644695282
0.895638644695282
0.895638644695282
0.895638644695282
0.8940809965133667
0.8940809965133667
0.895638644695282
0.895638644695282
0.895638644695282
0.895638644695282
0.895638644695282
0.895638644695282
0.895638644695282
0.895638644695282
0.8925233483314514
0.8940809965133667
0.8940809965133667
0.8925233483314514
0.8925233483314514
0.8940809965133667
0.8925233483314514
0.8925233483314514
0.8925233483314514
0.8925233483314514
0.8925233483314514
0.8940809965133667
0.8940809965133667
0.8940809965133667
0.895638644695282
0.895638644695282
0.895638644695282
0.895638644695282
0.895638644695282
0.895638644695282
0.8987538814544678
0.8987538814544678
0.8987538814544678
0.8987538814544678
0.8987538814544678
0.8987538814544678
0.8987538814544678
0.8987538814544678
0.8987538814544678
0.8987538814544678
0.8987538814544678
0.8987538814544678
0.8987538814544678
0.8987538814544678
0.8987538814544678
0.8987538814544678
0.8987538814544678
0.8987538814544678
0.8987538814544678
0.8987538814544678
0.9003115296363831
0.8987538814544678
0.8987538814544678
0.8987538814544678
0.8987538814544678
0.8987538814544678
0.9003115296363831
0.8987538814544678
0.8987538814544678
0.8987538814544678
0.8987538814544678
0.9003115296363831
0.8971962332725525
0.8987538814544678
0.8987538814544678
0.8987538814544678
0.8987538814544678
0.8987538814544678
0.8987538814544678
0.8987538814544678
0.8987538814544678
0.8987538814544678
0.8987538814544678
0.895638644695282
0.895638644695282
0.895638644695282
0.895638644695282
0.895638644695282
0.895638644695282
0.8940809965133667
0.8940809965133667
0.895638644695282
0.895638644695282
0.895638644695282
0.8940809965133667
0.8925233483314514
0.8925233483314514
0.8940809965133667
0.8971962332725525
0.8971962332725525
0.8987538814544678
0.8987538814544678
0.8987538814544678
0.8987538814544678
0.8987538814544678
0.8987538814544678
0.8987538814544678
0.8971962332725525
0.8971962332725525
0.8987538814544678
0.8987538814544678
0.8987538814544678
0.8987538814544678
0.8987538814544678
0.8987538814544678
0.8987538814544678
0.8987538814544678
0.8987538814544678
0.8987538814544678
0.8987538814544678
0.8987538814544678
0.8987538814544678
0.8987538814544678
0.8987538814544678
0.8987538814544678
0.8987538814544678
0.8987538814544678
0.8987538814544678
0.8987538814544678
0.8987538814544678
0.8987538814544678
0.8987538814544678
0.8987538814544678
0.8987538814544678
0.8987538814544678
0.8987538814544678
0.8987538814544678
0.8987538814544678
0.8987538814544678
0.8987538814544678
0.8971962332725525
0.8971962332725525
0.8971962332725525
0.8971962332725525
0.8971962332725525
0.8971962332725525
0.8971962332725525
0.8971962332725525
0.8987538814544678
0.8987538814544678
0.8987538814544678
0.8987538814544678
0.8987538814544678
0.8987538814544678
0.8987538814544678
0.8987538814544678
0.8987538814544678
0.8987538814544678
0.8987538814544678
0.8987538814544678
0.8987538814544678
0.8987538814544678
0.8987538814544678
0.8987538814544678
0.8987538814544678
0.8987538814544678
0.8987538814544678
0.8987538814544678
0.8987538814544678
0.8987538814544678
0.8987538814544678
0.8987538814544678
0.8987538814544678
0.8987538814544678
0.8987538814544678
0.8987538814544678
0.8987538814544678
0.8987538814544678
0.8987538814544678
0.8987538814544678
0.8987538814544678
0.9003115296363831
0.9003115296363831
0.9003115296363831
0.9003115296363831
0.9003115296363831
0.9003115296363831
0.9003115296363831
0.9003115296363831
0.8987538814544678
0.8987538814544678
0.8987538814544678
0.8987538814544678
0.9003115296363831
0.9003115296363831
0.9003115296363831
0.9003115296363831
0.9003115296363831
0.8987538814544678
0.8987538814544678
0.8987538814544678
0.8987538814544678
0.8987538814544678
0.8987538814544678
0.8987538814544678
0.8987538814544678
0.8987538814544678
0.8987538814544678
0.8987538814544678
0.8987538814544678
0.8987538814544678
0.8987538814544678
0.8987538814544678
0.8987538814544678
0.8987538814544678
0.8987538814544678
0.8987538814544678
0.8987538814544678
0.8987538814544678
0.8987538814544678
0.8987538814544678
0.8987538814544678
0.8987538814544678
0.8987538814544678
0.8987538814544678
0.8987538814544678
0.8987538814544678
0.8987538814544678
0.8987538814544678
0.8987538814544678
0.8987538814544678
0.8987538814544678
0.8987538814544678
0.8987538814544678
0.8987538814544678
0.8987538814544678
0.8987538814544678
0.8987538814544678
0.8987538814544678
0.8987538814544678
0.8987538814544678
0.8987538814544678
0.8987538814544678
0.8987538814544678
0.8987538814544678
0.8987538814544678
0.8987538814544678
0.8987538814544678
0.8987538814544678
0.8987538814544678
0.8987538814544678
0.8987538814544678
0.8987538814544678
0.8987538814544678
0.8987538814544678
0.8987538814544678
0.8987538814544678
0.8987538814544678
0.8987538814544678
0.8987538814544678
0.8987538814544678
0.8987538814544678
0.8987538814544678
0.9003115296363831
0.9003115296363831
0.9003115296363831
0.9003115296363831
0.9003115296363831
0.9003115296363831
0.9003115296363831
0.9003115296363831
0.9003115296363831
0.9003115296363831
0.9003115296363831
0.9003115296363831
0.9003115296363831
0.9003115296363831
0.9003115296363831
0.9003115296363831
0.9003115296363831
0.9003115296363831
0.9003115296363831
0.9003115296363831
0.9003115296363831
0.9003115296363831
0.9003115296363831
0.9003115296363831
0.9003115296363831
0.9003115296363831
0.9003115296363831
0.9003115296363831
0.9003115296363831
0.9003115296363831
0.9003115296363831
0.9003115296363831
0.9003115296363831
0.9003115296363831
0.9003115296363831
0.9003115296363831
0.9003115296363831
0.9003115296363831
0.9003115296363831
0.9003115296363831
0.9003115296363831
0.9003115296363831
0.9003115296363831
0.9003115296363831
0.9003115296363831
0.9003115296363831
0.9003115296363831
0.9003115296363831
0.9003115296363831
0.9003115296363831
0.9003115296363831
0.9003115296363831
0.9003115296363831
0.9003115296363831
0.9003115296363831
0.9003115296363831
