0.6951814293861389
0.6927247047424316
0.6912418007850647
0.69032883644104
0.6892250776290894
0.6873528361320496
0.6856427788734436
0.6847491264343262
0.6814554929733276
0.6810489296913147
0.6781306266784668
0.6773430109024048
0.6746359467506409
0.6706766486167908
0.6689183115959167
0.6687602400779724
0.6639877557754517
0.6554455161094666
0.6502958536148071
0.6484752297401428
0.6365907788276672
0.6255834698677063
0.6137351393699646
0.6161669492721558
0.6024490594863892
0.5888891220092773
0.587722897529602
0.58040851354599
0.5687021017074585
0.5536954998970032
0.539338231086731
0.5194714665412903
0.51314777135849
0.4970743656158447
0.4794030487537384
0.4708271324634552
0.46067020297050476
0.458182692527771
0.4451063871383667
0.4594988524913788
0.44779616594314575
0.44462457299232483
0.4506722688674927
0.44703546166419983
0.4209872782230377
0.4315187335014343
0.4429889917373657
0.4263935387134552
0.43478816747665405
0.41296252608299255
0.4301789700984955
0.41877281665802
0.4294971227645874
0.43050262331962585
0.44145020842552185
0.43248870968818665
0.4126822352409363
0.43855494260787964
0.4223036766052246
0.4262382984161377
0.43554985523223877
0.4465489983558655
0.409189909696579
0.4255650043487549
0.4129357635974884
0.4209619462490082
0.41771847009658813
0.44633325934410095
0.4223036766052246
0.4216859042644501
0.4308454990386963
0.41490378975868225
0.4027237594127655
0.4104115962982178
0.42045512795448303
0.41440027952194214
0.4120945334434509
0.40854352712631226
0.417484849691391
0.3964887857437134
0.4161745309829712
0.40371593832969666
0.401865690946579
0.3973917067050934
0.3949119448661804
0.4309456944465637
0.4001488983631134
0.4222105145454407
0.417244017124176
0.38693875074386597
0.4316980540752411
0.4107228219509125
0.3859077990055084
0.41880476474761963
0.3985236883163452
0.41026100516319275
0.3919581174850464
0.38718879222869873
0.402538925409317
0.4081563949584961
0.41029199957847595
0.40106624364852905
0.3917698562145233
0.3919191360473633
0.40527671575546265
0.3892943561077118
0.3990779519081116
0.4144669771194458
0.39626139402389526
0.3942652642726898
0.40936142206192017
0.3886328339576721
0.4131251871585846
0.39185336232185364
0.3946569561958313
0.4011341631412506
0.38687774538993835
0.3922855854034424
0.40087324380874634
0.4058113098144531
0.39987894892692566
0.4042406380176544
0.3975919187068939
0.40770435333251953
0.40232691168785095
0.39882442355155945
0.3963334858417511
0.38438737392425537
0.390326589345932
0.3862897753715515
0.3895927667617798
0.3937569558620453
0.3760625422000885
0.39408233761787415
0.3946361243724823
0.3989681899547577
0.38735154271125793
0.4087216258049011
0.3889610171318054
0.38949769735336304
0.38920265436172485
0.3986015319824219
0.4101695716381073
0.38156014680862427
0.4113461375236511
0.37926626205444336
0.37877774238586426
0.3748543858528137
0.40274831652641296
0.39288946986198425
0.39748674631118774
0.3801840841770172
0.3999112844467163
0.3988454341888428
0.393081933259964
0.39315950870513916
0.3976130783557892
0.3987305164337158
0.38669857382774353
0.3781139552593231
0.3866633176803589
0.39466241002082825
0.3917635381221771
0.36984026432037354
0.3721335828304291
0.39743196964263916
0.3801129460334778
0.39898210763931274
0.3840987980365753
0.38686999678611755
0.3971051871776581
0.3885720670223236
0.394666463136673
0.41229185461997986
0.39791780710220337
0.38087448477745056
0.3716873824596405
0.3828285336494446
0.3957057595252991
0.38945215940475464
0.39404022693634033
0.3648678660392761
0.37338173389434814
0.38950225710868835
0.3958674371242523
0.3749254643917084
0.38567858934402466
0.40029484033584595
0.38050326704978943
0.3860105276107788
0.3774194121360779
0.3858233094215393
0.391571581363678
0.39033904671669006
0.3839915990829468
0.38284555077552795
0.3782796561717987
0.3896888196468353
0.3826817572116852
0.3816283643245697
0.3810100257396698
0.3769979178905487
0.38715285062789917
0.38231974840164185
0.36822080612182617
0.3930736184120178
0.3868114650249481
0.3728157877922058
0.3895782232284546
0.38442331552505493
0.36916473507881165
0.3577589988708496
0.39439627528190613
0.38271260261535645
0.3868672847747803
0.3768491744995117
0.3768808841705322
0.37416699528694153
0.3725108504295349
0.35958537459373474
0.3891344964504242
0.3775526285171509
0.37093672156333923
0.3854520916938782
0.3830134868621826
0.34827330708503723
0.3782905638217926
0.3609187602996826
0.37436118721961975
0.3795062005519867
0.3788760304450989
0.3943152129650116
0.39301472902297974
0.3929627239704132
0.3801886737346649
0.38400521874427795
0.38239431381225586
0.3678457736968994
0.39836812019348145
0.3775548040866852
0.3652874827384949
0.38634684681892395
0.3820793926715851
0.3820466101169586
0.36130210757255554
0.3549204468727112
0.3985840976238251
0.3780617415904999
0.36195892095565796
0.3790147006511688
0.37813645601272583
0.3698127269744873
0.3668421506881714
0.3708783686161041
0.3801456391811371
0.37568455934524536
0.37505337595939636
0.36141103506088257
0.36224091053009033
0.37356987595558167
0.39915457367897034
0.36826014518737793
0.38385698199272156
0.3699663579463959
0.39033183455467224
0.3724856376647949
0.3837909400463104
0.34433525800704956
0.3629712164402008
0.3663547933101654
0.37987059354782104
0.36342233419418335
0.37676703929901123
0.36472126841545105
0.370697557926178
0.3761264979839325
0.35665303468704224
0.3667851388454437
0.3509696125984192
0.3723890781402588
0.38510024547576904
0.37988704442977905
0.34673017263412476
0.3822564482688904
0.36302661895751953
0.3646009564399719
0.3683975636959076
0.3741499185562134
0.36808085441589355
0.3852045238018036
0.3660602271556854
0.36617231369018555
0.3882438838481903
0.37384122610092163
0.38020646572113037
0.36828961968421936
0.3848704993724823
0.3787107467651367
0.3644216060638428
0.3727160096168518
0.375472754240036
0.36844152212142944
0.35656583309173584
0.3839448094367981
0.3770991861820221
0.3652849495410919
0.3713449239730835
0.3659864664077759
0.3488401472568512
0.3723320960998535
0.3712790310382843
0.3455013930797577
0.3709435760974884
0.3792111873626709
0.3555032014846802
0.35784780979156494
0.3718208074569702
0.37063512206077576
0.34746891260147095
0.3654928505420685
0.37449193000793457
0.35377612709999084
0.3519498109817505
0.3638983368873596
0.37433770298957825
0.39088869094848633
0.37861207127571106
0.3782147467136383
0.36169689893722534
0.3716135025024414
0.36358150839805603
0.37153711915016174
0.3753761053085327
0.36707451939582825
0.3602583110332489
0.3687931299209595
0.3814932107925415
0.370430052280426
0.3553142547607422
0.35304829478263855
0.36304423213005066
0.36117327213287354
0.375640869140625
0.34666091203689575
0.35709938406944275
0.37423115968704224
0.35686227679252625
0.3640006184577942
0.3664730489253998
0.3661387860774994
0.3662887513637543
0.3437986671924591
0.3517995774745941
0.36999940872192383
0.3577573299407959
0.3468620181083679
0.38675084710121155
0.36733776330947876
0.37844133377075195
0.37425824999809265
0.3563891053199768
0.3610766530036926
0.3631170094013214
0.3668830394744873
0.3632885217666626
0.378416508436203
0.362268328666687
0.3354042172431946
0.36962273716926575
0.34286201000213623
0.35678789019584656
0.34791699051856995
0.3660864531993866
0.3623886704444885
0.3477433919906616
0.36693647503852844
0.3686428964138031
0.3582490384578705
0.3637215793132782
0.36120420694351196
0.3661881685256958
0.34945061802864075
0.3743371367454529
0.3674718141555786
0.36033183336257935
0.3723456859588623
0.3369937539100647
0.3628283143043518
0.3614005446434021
0.3646748960018158
0.36096706986427307
0.35055220127105713
0.34267207980155945
0.36296024918556213
0.34803280234336853
0.36524203419685364
0.37142765522003174
0.3563167154788971
0.353358656167984
0.3807859420776367
0.35535553097724915
0.35310158133506775
0.3427760601043701
0.37487247586250305
0.3802509605884552
0.3649449944496155
0.37123700976371765
0.36090877652168274
0.3426398038864136
0.3548811078071594
0.33532029390335083
0.3727833926677704
0.36548176407814026
0.35123249888420105
0.3618449568748474
0.3640863001346588
0.3579294681549072
0.3555770218372345
0.3832692801952362
0.36406654119491577
0.36115139722824097
0.35959357023239136
0.3573824167251587
0.3591383397579193
0.352535605430603
0.3561384379863739
0.367927610874176
0.34769538044929504
0.34876710176467896
0.3541921079158783
0.33658453822135925
0.36485373973846436
0.36556780338287354
0.3602246344089508
0.37003207206726074
0.3480657637119293
0.3421970009803772
0.35981008410453796
0.3514481484889984
0.3449733555316925
0.3623793423175812
0.35667121410369873
0.35282614827156067
0.3533519506454468
0.3800240755081177
0.38415828347206116
0.34913021326065063
0.3755027949810028
0.3556734621524811
0.3492734134197235
0.3318652808666229
0.34984585642814636
0.3543224036693573
0.3689298629760742
0.3420117199420929
0.3585481345653534
0.3751400113105774
0.36790549755096436
0.372490257024765
0.36464202404022217
0.3539937436580658
0.3467559814453125
0.3636719286441803
0.37536218762397766
0.35134801268577576
0.35421431064605713
0.3564106822013855
0.36762577295303345
0.3716784119606018
0.35900673270225525
0.3388293385505676
0.35249051451683044
0.36910584568977356
0.33576470613479614
0.3519342839717865
0.3588552474975586
0.34879565238952637
0.36841872334480286
0.35311001539230347
0.36371418833732605
0.35965877771377563
0.34173285961151123
0.3698512315750122
0.3477395176887512
0.3581676185131073
0.354474276304245
0.33621981739997864
0.35225459933280945
0.36977463960647583
0.3516889214515686
0.33979296684265137
0.34870609641075134
0.35452815890312195
0.3593721389770508
0.38005611300468445
0.3520643711090088
0.3626295030117035
0.3382943272590637
0.3707970380783081
0.34853461384773254
0.3440629839897156
0.3468433618545532
0.35009491443634033
0.35966238379478455
0.3504607677459717
0.3609359860420227
0.34956490993499756
0.35337457060813904
0.36338967084884644
0.34660059213638306
0.3385753929615021
0.33638453483581543
0.34061288833618164
0.35756421089172363
0.34104251861572266
0.36601871252059937
0.3402006924152374
0.3553963899612427
0.3602541387081146
0.34310027956962585
0.3525433838367462
0.35659149289131165
0.3624783456325531
0.34957030415534973
0.34320005774497986
0.35144221782684326
0.3538431227207184
0.37495237588882446
0.35387539863586426
0.37310460209846497
0.35426196455955505
0.36582568287849426
0.34429892897605896
0.35455602407455444
0.3495733439922333
0.36549052596092224
0.36023402214050293
0.3554356098175049
0.34784528613090515
0.3608279228210449
0.35994046926498413
0.35565999150276184
0.34879472851753235
0.3537849485874176
0.3482954800128937
0.34393298625946045
0.3614162504673004
0.3514271378517151
0.3715588450431824
0.35245347023010254
0.3495260179042816
0.3500700294971466
0.3447524309158325
0.35421016812324524
0.3651389181613922
0.37085217237472534
0.3409680724143982
0.3568344712257385
0.34378114342689514
0.3464778661727905
0.3538579046726227
0.3560364246368408
0.36446914076805115
0.3614879548549652
0.34335726499557495
0.3564786911010742
0.3333616256713867
0.34460654854774475
0.3447597920894623
0.3319554924964905
0.33689799904823303
0.33599236607551575
0.35219264030456543
0.34645766019821167
0.3484606146812439
0.358551949262619
0.3605559766292572
0.36911433935165405
0.36672189831733704
0.36197054386138916
0.34337612986564636
0.36336302757263184
0.34194236993789673
0.36283570528030396
0.36379343271255493
0.3262209892272949
0.35484522581100464
0.3541933298110962
0.35550808906555176
0.34475892782211304
0.35996177792549133
0.36691924929618835
0.3386733829975128
0.3314852714538574
0.3674117624759674
0.3546096682548523
0.36235886812210083
0.36431530117988586
0.34811121225357056
0.33869728446006775
0.3739860951900482
0.3639424443244934
0.35183262825012207
0.36619889736175537
0.36129143834114075
0.3510873019695282
0.35548990964889526
0.3582359552383423
0.35820239782333374
0.37698760628700256
0.37404268980026245
0.34227731823921204
0.34385228157043457
0.37800487875938416
0.3492376506328583
0.3580544888973236
0.369446337223053
0.36226892471313477
0.33617547154426575
0.35360807180404663
0.34018638730049133
0.37595799565315247
0.3518298268318176
0.35592320561408997
0.33884698152542114
0.3574487864971161
0.3457498550415039
0.35719940066337585
0.3643684685230255
0.3491169810295105
0.360717236995697
0.34297460317611694
0.352632999420166
0.3462156057357788
0.36355432868003845
0.37314632534980774
0.3315489590167999
0.34913429617881775
0.35037750005722046
0.34948742389678955
0.35315075516700745
0.3657255172729492
0.35161614418029785
0.3588178753852844
0.36371901631355286
0.36805737018585205
0.3560921847820282
0.33216360211372375
0.3571394681930542
0.3780043125152588
0.3441072404384613
0.3685913681983948
0.3560870885848999
0.3615371584892273
0.33370736241340637
0.35358715057373047
0.35546621680259705
0.3465934693813324
0.36926016211509705
0.3466891348361969
0.3635008633136749
0.36449840664863586
0.35149651765823364
0.3845781981945038
0.3484686017036438
0.34164416790008545
0.34699106216430664
0.3447209894657135
0.3732888400554657
0.3448115885257721
0.34873589873313904
0.3464723825454712
0.34873533248901367
0.37186354398727417
0.3529892563819885
0.35489794611930847
0.35956212878227234
0.3584168255329132
0.35897737741470337
0.3517521917819977
0.3589062988758087
0.3524203300476074
0.3600023686885834
0.34080350399017334
0.3663523197174072
0.3610885739326477
0.3464832603931427
0.36368924379348755
0.34820467233657837
0.3394589126110077
0.3592211604118347
0.36065495014190674
0.3703485429286957
0.35747143626213074
0.352201372385025
0.34987181425094604
0.36567917466163635
0.33793678879737854
0.35399821400642395
0.3647148013114929
0.34706616401672363
0.36405402421951294
0.33360132575035095
0.34804075956344604
0.35462987422943115
0.3462171256542206
0.3425149619579315
0.3514357805252075
0.36474063992500305
0.3733570873737335
0.3524476885795593
0.3603588342666626
0.3526611328125
0.36463457345962524
0.35409775376319885
0.3623376190662384
0.33358699083328247
0.36246538162231445
0.3686673641204834
0.3541998565196991
0.3451630175113678
0.34819087386131287
0.3428925573825836
0.3312413692474365
0.3707100749015808
0.3378444314002991
0.35930484533309937
0.36622950434684753
0.3470485210418701
0.35835474729537964
0.3603737950325012
0.36630314588546753
0.3632092773914337
0.35930249094963074
0.3550502359867096
0.3468117117881775
0.3511335551738739
0.3523392379283905
0.3412976861000061
0.36224499344825745
0.3498041033744812
0.35052555799484253
0.35320165753364563
0.3728925883769989
0.36877426505088806
0.3543674647808075
0.35126134753227234
0.3764515221118927
0.35424748063087463
0.3493962585926056
