0.853792667388916
0.5947222709655762
0.5423837304115295
0.4685555696487427
0.44673869013786316
0.44699230790138245
0.4200248420238495
0.4426838159561157
0.40376952290534973
0.3611418306827545
0.3824602961540222
0.395616352558136
0.35795751214027405
0.37436917424201965
0.3560135066509247
0.376402348279953
0.35818061232566833
0.3545311987400055
0.36361077427864075
0.3390750288963318
0.34699806571006775
0.34706783294677734
0.32585495710372925
0.3082355856895447
0.3360229730606079
0.3324466347694397
0.31024304032325745
0.3242829740047455
0.32760173082351685
0.29783114790916443
0.2821773886680603
0.3112311065196991
0.3050769567489624
0.30696508288383484
0.30864205956459045
0.2885015606880188
0.3130800426006317
0.30475348234176636
0.3142337501049042
0.3024895191192627
0.29350823163986206
0.28009751439094543
0.2775875926017761
0.2828519940376282
0.2826351225376129
0.2685161530971527
0.2658848166465759
0.28234609961509705
0.27226725220680237
0.2739619016647339
0.26175805926322937
0.2713735103607178
0.27452975511550903
0.2447737455368042
0.2407989799976349
0.2506049573421478
0.2563386559486389
0.2305338978767395
0.22771553695201874
0.2520939111709595
0.23788359761238098
0.24813450872898102
0.2378177046775818
0.24523402750492096
0.22376194596290588
0.24296769499778748
0.22839707136154175
0.2316465824842453
0.2190983146429062
0.21744294464588165
0.22583316266536713
0.23087957501411438
0.2336272895336151
0.2370932251214981
0.21635276079177856
0.2172088623046875
0.23318536579608917
0.2536713182926178
0.21260474622249603
0.22330783307552338
0.24515652656555176
0.2563987672328949
0.24002887308597565
0.23674139380455017
0.21081887185573578
0.21131181716918945
0.2082122564315796
0.20818153023719788
0.20419330894947052
0.2048788070678711
0.21088780462741852
0.19935937225818634
0.2017381191253662
0.1893392652273178
0.18619436025619507
0.18905431032180786
0.19241520762443542
0.18717478215694427
0.19038504362106323
0.181112602353096
0.16386327147483826
0.17090165615081787
0.16363078355789185
0.18087296187877655
0.16858439147472382
0.18735012412071228
0.171645849943161
0.17593097686767578
0.1490313708782196
0.16294769942760468
0.1615149974822998
0.16746512055397034
0.15889357030391693
0.18448007106781006
0.1893390715122223
0.21641868352890015
0.19742795825004578
0.2083914875984192
0.17438022792339325
0.15973533689975739
0.15804839134216309
0.16869418323040009
0.16539286077022552
0.16921837627887726
0.16847196221351624
0.16217516362667084
0.15356512367725372
0.15409648418426514
0.15197116136550903
0.17162659764289856
0.1561204493045807
0.14868049323558807
0.14428550004959106
0.13789013028144836
0.14151383936405182
0.1262468546628952
0.1445528119802475
0.16673265397548676
0.14716075360774994
0.14731542766094208
0.12694597244262695
0.14078755676746368
0.1354183554649353
0.13908034563064575
0.13578300178050995
0.1360367089509964
0.14241637289524078
0.11615577340126038
0.14038538932800293
0.12285738438367844
0.1274845451116562
0.13793376088142395
0.11869480460882187
0.13979530334472656
0.1327805519104004
0.11508790403604507
0.13286279141902924
0.13461652398109436
0.13046373426914215
0.12192127853631973
0.11671862751245499
0.12461772561073303
0.13245390355587006
0.13168807327747345
0.12091448158025742
0.141511008143425
0.12760382890701294
0.12083218991756439
0.11115600168704987
0.1200493648648262
0.11511895805597305
0.13014696538448334
0.13727426528930664
0.12521187961101532
0.14270325005054474
0.11773867905139923
0.1343807429075241
0.11505214869976044
0.12073060870170593
0.12097078561782837
0.1285281926393509
0.11932842433452606
0.104998379945755
0.12241952866315842
0.10485561937093735
0.11694639176130295
0.13124039769172668
0.11700920760631561
0.1188758909702301
0.113486647605896
0.10274887084960938
0.10904168337583542
0.10754342377185822
0.105286605656147
0.12255819141864777
0.12799961864948273
0.09382286667823792
0.10775364935398102
0.10647495090961456
0.12983249127864838
0.09735320508480072
0.12123804539442062
0.10077563673257828
0.10736199468374252
0.12350873649120331
0.10148558765649796
0.0925474464893341
0.09507990628480911
0.0950038731098175
0.10874462127685547
0.08744360506534576
0.10780877619981766
0.09625958651304245
0.08084254711866379
0.09347403049468994
0.09512225538492203
0.08845898509025574
0.10461679846048355
0.07923584431409836
0.08968479186296463
0.09370820969343185
0.08311999589204788
0.09764035791158676
0.09405194222927094
0.08100805431604385
0.1055261492729187
0.08612408488988876
0.08812373876571655
0.10524078458547592
0.15011993050575256
0.10240034013986588
0.09709037095308304
0.09872262179851532
0.09189514815807343
0.09514407813549042
0.10192526131868362
0.07698657363653183
0.08763065934181213
0.06817510724067688
0.08719045668840408
0.08140724152326584
0.08248347789049149
0.0710395947098732
0.08937165141105652
0.0825786143541336
0.07377764582633972
0.08357877284288406
0.09670614451169968
0.09423847496509552
0.08105604350566864
0.08892998099327087
0.08832160383462906
0.07521779090166092
0.08219148963689804
0.08077743649482727
0.07416853308677673
0.07800803333520889
0.07791411131620407
0.0773007795214653
0.08673045039176941
0.07709365338087082
0.07697604596614838
0.07755172997713089
0.09790591895580292
0.06894607841968536
0.09095078706741333
0.08084823191165924
0.08674754947423935
0.09294815361499786
0.09146503359079361
0.07429154962301254
0.08558253943920135
0.07892748713493347
0.07963157445192337
0.08377373963594437
0.08738649636507034
0.08052370697259903
0.06043832376599312
0.07051956653594971
0.07692332565784454
0.07456539571285248
0.0784434825181961
0.07681641727685928
0.08263129740953445
0.08425222337245941
0.0874439924955368
0.08442836254835129
0.11664746701717377
0.06686923652887344
0.07916169613599777
0.08896758407354355
0.09223557263612747
0.0827881395816803
0.05664145573973656
0.09182550758123398
0.09035775065422058
0.07569588720798492
0.0803174376487732
0.08383069932460785
0.06402582675218582
0.07112433016300201
0.06897728145122528
0.07360347360372543
0.061079684644937515
0.062440175563097
0.07166635990142822
0.0802748054265976
0.07834675163030624
0.06713614612817764
0.07518692314624786
0.05194930359721184
0.05899643898010254
0.07905090600252151
0.08521255850791931
0.07047700136899948
0.06795459240674973
0.08088523894548416
0.07263989001512527
0.06937101483345032
0.07286616414785385
0.06585864722728729
0.08654531091451645
0.07385088503360748
0.07561317086219788
0.05419626459479332
0.059806305915117264
0.09067175537347794
0.06920871138572693
0.08300288766622543
0.06262009590864182
0.07894185930490494
0.10500367730855942
0.07294530421495438
0.07191845029592514
0.0735953226685524
0.09358043223619461
0.07460357248783112
0.06616274267435074
0.05468461662530899
0.08660385757684708
0.06424571573734283
0.0680302307009697
0.06163517385721207
0.06011618301272392
0.0700148344039917
0.06970243155956268
0.0684276893734932
0.07437311857938766
0.06458749622106552
0.06168089807033539
0.08787316083908081
0.06841843575239182
0.06717288494110107
0.06822459399700165
0.06315692514181137
0.07044871896505356
0.05729334056377411
0.08699410408735275
0.06727945804595947
0.07193697243928909
0.06566242128610611
0.0746375173330307
0.06628159433603287
0.049584683030843735
0.06408070772886276
0.05706878751516342
0.06658235192298889
0.07187899947166443
0.08673715591430664
0.06473978608846664
0.05525277554988861
0.05739540606737137
0.0752323567867279
0.07312169671058655
0.07474513351917267
0.05992145463824272
0.06093486398458481
0.06735879927873611
0.0660686045885086
0.054922714829444885
0.0634058490395546
0.07116402685642242
0.07798220217227936
0.0651925653219223
0.06674043089151382
0.053211990743875504
0.06364129483699799
0.057770274579524994
0.0660082995891571
0.05310248211026192
0.05505955219268799
0.05023084580898285
0.0633530393242836
0.043496761471033096
0.05979163572192192
0.08727468550205231
0.06908829510211945
0.05876382067799568
0.05440536513924599
0.04077676683664322
0.06132698804140091
0.06712816655635834
0.0680379718542099
0.04953993856906891
0.06620585173368454
0.06676025688648224
0.06589018553495407
0.058084797114133835
0.06875942647457123
0.0567145012319088
0.045508239418268204
0.06454608589410782
0.058843594044446945
0.07102210819721222
0.07416894286870956
0.06846356391906738
0.057269927114248276
0.0481564961373806
0.05187638849020004
0.055849675089120865
0.06730739027261734
0.07535255700349808
0.06250030547380447
0.06989336013793945
0.05814601108431816
0.06796558946371078
0.06771424412727356
0.06868535280227661
0.06123849377036095
0.0461249016225338
0.060778673738241196
0.0570627860724926
0.0607726089656353
0.05910317972302437
0.05534924194216728
0.06320875883102417
0.04357818514108658
0.05284006893634796
0.07127686589956284
0.05491499602794647
0.06029466539621353
0.09342215955257416
0.058776527643203735
0.06410476565361023
0.05091263726353645
0.05258658900856972
0.05620903521776199
0.05344337970018387
0.06077616661787033
0.0489494614303112
0.059023573994636536
0.07166482508182526
0.03474952280521393
0.055435359477996826
0.0683332234621048
0.04359874129295349
0.05625692754983902
0.0610165111720562
0.06275424361228943
0.04532434791326523
0.04697856679558754
0.048201318830251694
0.05481762811541557
0.05522415414452553
0.06883227080106735
0.05524300038814545
0.0540568046271801
0.06475797295570374
0.08289153128862381
0.060528289526700974
0.046569883823394775
0.04304136335849762
0.04588872939348221
0.05162820219993591
0.08222535252571106
0.0507962591946125
0.04097763076424599
0.05999559164047241
0.05106281861662865
0.05243057757616043
0.0736379474401474
0.06199628859758377
0.050077278167009354
0.06620721518993378
0.05127495154738426
0.06140682101249695
0.050850193947553635
0.050596218556165695
0.06257281452417374
0.08569834381341934
0.06248633190989494
0.07443276047706604
0.05222506448626518
0.060783494263887405
0.06293010711669922
0.05536407232284546
0.06429020315408707
0.06228022277355194
0.06275905668735504
0.07439602166414261
0.0600297749042511
0.06322690099477768
0.0534428171813488
0.05566432327032089
0.06369263678789139
0.07019180059432983
0.0673830434679985
0.05731801316142082
0.04075290262699127
0.06401782482862473
0.05632874742150307
0.05749807134270668
0.06306153535842896
0.05853693187236786
0.070528544485569
0.057302072644233704
0.08450765907764435
0.055417727679014206
0.06390447914600372
0.06672642379999161
0.05209269002079964
0.06259750574827194
0.06034354493021965
0.062869593501091
0.04885481297969818
0.05650956928730011
0.04777732864022255
0.05386991426348686
0.06423617154359818
0.0517270527780056
0.06267569959163666
0.06182999163866043
0.0508590042591095
0.05848810449242592
0.05873594060540199
0.06066292151808739
0.07238326221704483
0.07195021212100983
0.052290819585323334
0.05384419485926628
0.05574752762913704
0.0547310896217823
0.08078529685735703
0.07254551351070404
0.055199068039655685
0.071693554520607
0.0531332790851593
0.04624878987669945
0.07340406626462936
0.062355101108551025
0.056194428354501724
0.06127107888460159
0.06745058298110962
0.057732418179512024
0.04668141156435013
0.054789088666439056
0.07958248257637024
0.05999218299984932
0.06414807587862015
0.06432989984750748
0.06220323219895363
0.053161412477493286
0.05808737128973007
0.07371209561824799
0.06206248700618744
0.05056983605027199
0.05067173391580582
0.06163939833641052
0.055221326649188995
0.04990038648247719
0.05984054505825043
0.04427165910601616
0.05663341283798218
0.05402442440390587
0.051858581602573395
0.04177938029170036
0.06548615545034409
0.06280543655157089
0.061697106808423996
0.04982887953519821
0.05070767179131508
0.05283288657665253
0.054030485451221466
0.04849781468510628
0.06119798123836517
0.05936294049024582
0.045829448848962784
0.060364820063114166
0.05394098535180092
0.04844752326607704
0.05539765581488609
0.059573687613010406
0.0597853921353817
0.04951256141066551
0.04662604257464409
0.06670545786619186
0.0673622265458107
0.06006256118416786
0.05731198936700821
0.04936732351779938
0.057110901921987534
0.07575000822544098
0.056856971234083176
