0.6943811178207397
0.5920178890228271
0.5148392915725708
0.4897552728652954
0.45230141282081604
0.4504036009311676
0.41161367297172546
0.414337158203125
0.40449661016464233
0.3899220824241638
0.36517322063446045
0.3604942560195923
0.3620590567588806
0.36107391119003296
0.35358747839927673
0.3427102267742157
0.34996286034584045
0.34092894196510315
0.3472956418991089
0.3350292444229126
0.33418625593185425
0.3265502452850342
0.3249528408050537
0.3211541473865509
0.32790330052375793
0.32084766030311584
0.32022523880004883
0.31817078590393066
0.3070923388004303
0.3118532598018646
0.3183852732181549
0.296686053276062
0.3137117326259613
0.3174446225166321
0.305053174495697
0.30213460326194763
0.2974989116191864
0.31009069085121155
0.2960272431373596
0.2881394028663635
0.2872741222381592
0.2883746325969696
0.29961708188056946
0.2886829674243927
0.28421419858932495
0.29935601353645325
0.2933497130870819
0.26598745584487915
0.2763562798500061
0.27981868386268616
0.27337151765823364
0.27921488881111145
0.2652618885040283
0.2747509777545929
0.268047034740448
0.2865341603755951
0.2703910171985626
0.2769356369972229
0.25604313611984253
0.261633962392807
0.2687279284000397
0.26480594277381897
0.26201096177101135
0.2661471366882324
0.2509728968143463
0.2445782870054245
0.24017921090126038
0.24869102239608765
0.2387334704399109
0.2584187686443329
0.25300300121307373
0.24754342436790466
0.23964431881904602
0.23233196139335632
0.22934558987617493
0.2270396649837494
0.24732241034507751
0.235113725066185
0.22593632340431213
0.22652563452720642
0.22387464344501495
0.255148708820343
0.25100183486938477
0.23609375953674316
0.23576509952545166
0.22193457186222076
0.2315514087677002
0.24095429480075836
0.2358207106590271
0.2524499297142029
0.2385713756084442
0.23382197320461273
0.24426771700382233
0.22137290239334106
0.22184380888938904
0.22451739013195038
0.2286263108253479
0.20871831476688385
0.2194327712059021
0.20399554073810577
0.1995559185743332
0.20487284660339355
0.20319221913814545
0.224840447306633
0.2113025188446045
0.2204606533050537
0.21891318261623383
0.21552471816539764
0.21945616602897644
0.20613689720630646
0.19212105870246887
0.21137210726737976
0.20123693346977234
0.2166307121515274
0.19241555035114288
0.1935410052537918
0.19096672534942627
0.18097299337387085
0.19526636600494385
0.19472743570804596
0.20164896547794342
0.17794153094291687
0.19370299577713013
0.1854976862668991
0.17812030017375946
0.19048990309238434
0.18647927045822144
0.1864262819290161
0.17640596628189087
0.17308089137077332
0.19859667122364044
0.1706327348947525
0.19250063598155975
0.18047983944416046
0.17875711619853973
0.16918309032917023
0.1808757781982422
0.19607259333133698
0.18233053386211395
0.18172328174114227
0.18340446054935455
0.1894591748714447
0.1957830786705017
0.19816534221172333
0.1865188479423523
0.18226848542690277
0.17640775442123413
0.17983202636241913
0.17238275706768036
0.16996778547763824
0.17021112143993378
0.1694795787334442
0.16038668155670166
0.15681138634681702
0.15082477033138275
0.16847488284111023
0.1633521020412445
0.1709519922733307
0.17160214483737946
0.15832099318504333
0.16888687014579773
0.15335893630981445
0.16634196043014526
0.15457288920879364
0.15839247405529022
0.16141803562641144
0.19361832737922668
0.17164526879787445
0.17271025478839874
0.17244309186935425
0.1737717241048813
0.16557127237319946
0.1578792780637741
0.14180433750152588
0.16327038407325745
0.14581403136253357
0.16315199434757233
0.14329683780670166
0.1576080620288849
0.16981105506420135
0.1523195505142212
0.16010504961013794
0.14042681455612183
0.14534257352352142
0.15610964596271515
0.14297620952129364
0.15877175331115723
0.15481609106063843
0.16187171638011932
0.1700105369091034
0.15626339614391327
0.14878660440444946
0.15867775678634644
0.14391197264194489
0.1475437432527542
0.1462586373090744
0.15202222764492035
0.15412811934947968
0.15771925449371338
0.1490582972764969
0.14746111631393433
0.14987291395664215
0.16054236888885498
0.16119815409183502
0.15435978770256042
0.1417188197374344
0.1459430605173111
0.1540745496749878
0.13108347356319427
0.14691664278507233
0.14032220840454102
0.1442311704158783
0.14245399832725525
0.1481601744890213
0.1321612000465393
0.13028086721897125
0.15013641119003296
0.13947728276252747
0.1439339518547058
0.14510506391525269
0.13348150253295898
0.15130162239074707
0.14921234548091888
0.1248532235622406
0.15014539659023285
0.13325153291225433
0.1423819661140442
0.14069287478923798
0.1387985497713089
0.14007419347763062
0.14040736854076385
0.13729222118854523
0.13872899115085602
0.13795539736747742
0.12247374653816223
0.16029761731624603
0.1412307471036911
0.12948593497276306
0.13066577911376953
0.14368624985218048
0.13416968286037445
0.12973293662071228
0.11854801326990128
0.12175136059522629
0.14172819256782532
0.12540923058986664
0.133645161986351
0.13498033583164215
0.1387304663658142
0.11935927718877792
0.12241297960281372
0.12900759279727936
0.12735512852668762
0.14524978399276733
0.1182565689086914
0.12392785400152206
0.12028227746486664
0.1236046627163887
0.1302705705165863
0.1289139986038208
0.12277918308973312
0.14089109003543854
0.13129666447639465
0.11805912852287292
0.12970557808876038
0.1421431601047516
0.1404825896024704
0.11476588249206543
0.1263391673564911
0.11696819961071014
0.12330439686775208
0.12298663705587387
0.12589924037456512
0.12193060666322708
0.13294824957847595
0.11309266835451126
0.12350156903266907
0.12527136504650116
0.11298142373561859
0.13233858346939087
0.12712305784225464
0.13073375821113586
0.10448447614908218
0.13129214942455292
0.1221974566578865
0.12924085557460785
0.12427167594432831
0.12478328496217728
0.1257897913455963
0.12717822194099426
0.1277364045381546
0.12399152666330338
0.11958824843168259
0.11244992911815643
0.11893926560878754
0.12514451146125793
0.12947343289852142
0.12154284119606018
0.12338592112064362
0.14172929525375366
0.12452094256877899
0.1165027916431427
0.11750547587871552
0.11771535128355026
0.11750659346580505
0.12764014303684235
0.1236906573176384
0.12228123843669891
0.10480447113513947
0.11852186918258667
0.11357053369283676
0.11491232365369797
0.12691137194633484
0.12130089849233627
0.1150866448879242
0.10120437294244766
0.10606450587511063
0.12865515053272247
0.13435950875282288
0.11517779529094696
0.11670830845832825
0.11619944870471954
0.10758133232593536
0.11262837797403336
0.11031417548656464
0.11979714781045914
0.11809180676937103
0.10836941748857498
0.10996651649475098
0.11119101941585541
0.11638367921113968
0.10808896273374557
0.11700457334518433
0.10943513363599777
0.10625110566616058
0.12205738574266434
0.11722191423177719
0.10743162035942078
0.09966900944709778
0.11139479279518127
0.1108025386929512
0.1125912144780159
0.11949411034584045
0.11973889172077179
0.1237301453948021
0.11902868002653122
0.12749184668064117
0.10271252691745758
0.1168254017829895
0.10990092903375626
0.11553549766540527
0.11156637221574783
0.11700659245252609
0.11146242171525955
0.12777450680732727
0.1166849136352539
0.1310243010520935
0.10252008587121964
0.11280461400747299
0.11923721432685852
0.11130132526159286
0.12234035134315491
0.09712390601634979
0.1232844889163971
0.11168531328439713
0.11674827337265015
0.11184068769216537
0.11883832514286041
0.10530900955200195
0.10763569921255112
0.1172616183757782
0.10654192417860031
0.11374346911907196
0.11394219100475311
0.11029547452926636
0.12190961837768555
0.11476600170135498
0.10623466223478317
0.10975351929664612
0.10125108808279037
0.1261838674545288
0.10441707074642181
0.10501475632190704
0.11281047016382217
0.11641361564397812
0.11348997801542282
0.10689804702997208
0.0987100601196289
0.10864787548780441
0.10080374032258987
0.10666532069444656
0.11394543200731277
0.10899750143289566
0.11103533208370209
0.10292919725179672
0.10111869126558304
0.11599236726760864
0.10041599720716476
0.09960918128490448
0.10806708037853241
0.10728931427001953
0.11904031038284302
0.09691844880580902
0.0992572084069252
0.10629765689373016
0.11058222502470016
0.09567386656999588
0.11684170365333557
0.09455558657646179
0.10221073776483536
0.1034325435757637
0.10974983870983124
0.1083349883556366
0.10380122810602188
0.09553766250610352
0.10693157464265823
0.09124870598316193
0.12046174705028534
0.09511485695838928
0.11586100608110428
0.10368826985359192
0.10806745290756226
0.10246248543262482
0.08770594745874405
0.1166607141494751
0.11266644299030304
0.10608940571546555
0.09540295600891113
0.10615675151348114
0.10425839573144913
0.10789121687412262
0.10205793380737305
0.09263439476490021
0.10190767794847488
0.12076041847467422
0.11291514337062836
0.09845595061779022
0.10744816064834595
0.1007029116153717
0.1094057634472847
0.10920649766921997
0.087318055331707
0.10193648189306259
0.10852999240159988
0.10908479988574982
0.09813416004180908
0.09966044127941132
0.11643039435148239
0.11685220152139664
0.09938724339008331
0.1123235821723938
0.0998573899269104
0.10145296901464462
0.09741703420877457
0.09800832718610764
0.08797025680541992
0.10409683734178543
0.09674835950136185
0.09358880668878555
0.11798441410064697
0.10777541995048523
0.09101054072380066
0.09892132878303528
0.10176060348749161
0.10220908373594284
0.1001175045967102
0.10065242648124695
0.10836567729711533
0.1054108664393425
0.12173030525445938
0.10172199457883835
0.10101166367530823
0.09204920381307602
0.10932610183954239
0.0970781147480011
0.1082853302359581
0.10761939734220505
0.10062938183546066
0.10756326466798782
0.10155902057886124
0.11008906364440918
0.09712960571050644
0.1058683693408966
0.10651984810829163
0.10512301325798035
0.10152656584978104
0.10800851881504059
0.09223487228155136
0.11078428477048874
0.10950066149234772
0.0947510302066803
0.10390923172235489
0.10393945872783661
0.10919610410928726
0.09430237859487534
0.1144331842660904
0.09853103011846542
0.10106922686100006
0.10873126983642578
0.1042889952659607
0.09382417798042297
0.08648134022951126
0.09061411023139954
0.1073441207408905
0.0937105342745781
0.1068587526679039
0.11036121100187302
0.10640872269868851
0.09515073150396347
0.11275401711463928
0.09906768798828125
0.1034509688615799
0.11022762954235077
0.1041516438126564
0.10477473586797714
0.09465553611516953
0.08638401329517365
0.09211171418428421
0.10083892196416855
0.09427782893180847
0.0968376100063324
0.09707839787006378
0.09831082075834274
0.09972299635410309
0.1092066690325737
0.10100976377725601
0.09408191591501236
0.08744146674871445
0.09344874322414398
0.09315195679664612
0.09407589584589005
0.09803299605846405
0.10732495039701462
0.10184001922607422
0.09070814400911331
0.08743734657764435
0.10090932995080948
0.11160643398761749
0.11227449029684067
0.09856125712394714
0.08921361714601517
0.10180158168077469
0.0953633114695549
0.10529819130897522
0.09536608308553696
0.11492498219013214
0.1034221351146698
0.0979137271642685
0.1134222000837326
0.09385266900062561
0.10053475201129913
0.09551430493593216
0.09370645135641098
0.09917798638343811
0.1084253340959549
0.09496420621871948
0.09226909279823303
0.09898994117975235
0.09769859164953232
0.09426689893007278
0.10162173211574554
0.09836897253990173
0.09981375187635422
0.09766074270009995
0.1036035567522049
0.10779597610235214
0.11235739290714264
0.11314104497432709
0.10482440143823624
0.10301677882671356
0.08388259261846542
0.10505069047212601
0.08965709805488586
0.10385002195835114
0.09915109723806381
0.10367929190397263
0.08857816457748413
0.09482559561729431
0.11029794067144394
0.08856802433729172
0.1114056184887886
0.1029372438788414
0.1106334701180458
0.09567858278751373
0.10831737518310547
0.09376595169305801
0.1047225221991539
0.11251133680343628
0.10133139789104462
0.08971134573221207
0.09539449214935303
0.10078468173742294
0.10237594693899155
0.10083359479904175
0.1028970405459404
0.10119527578353882
0.10294819623231888
0.11464551091194153
0.11234822124242783
0.0956118032336235
0.10172466933727264
0.0966716781258583
0.09307697415351868
0.10656574368476868
0.10236985236406326
0.10082010924816132
0.10938223451375961
