1.7574130296707153
1.4996734857559204
1.3103834390640259
1.2013167142868042
0.9935910105705261
0.8783628940582275
0.8714779019355774
0.8369468450546265
0.7727451324462891
0.7491002082824707
0.7972782850265503
0.7205811142921448
0.6901301741600037
0.7032574415206909
0.7067549228668213
0.6832478046417236
0.6828181147575378
0.634524405002594
0.6439107060432434
0.6263648271560669
0.6396282911300659
0.5961476564407349
0.5938759446144104
0.6017196774482727
0.5920270085334778
0.5858176350593567
0.5833675265312195
0.57102370262146
0.5852987170219421
0.5682105422019958
0.5869672298431396
0.5721532106399536
0.5488035678863525
0.5600720643997192
0.5367467403411865
0.5488981604576111
0.5480360984802246
0.5391344428062439
0.5386295318603516
0.5271369814872742
0.5039709806442261
0.5041555762290955
0.5327755212783813
0.5165799856185913
0.50221848487854
0.49904996156692505
0.49586552381515503
0.47975704073905945
0.5146706104278564
0.4971112906932831
0.4929778277873993
0.503383457660675
0.4691419303417206
0.47420480847358704
0.47025662660598755
0.47456440329551697
0.474086731672287
0.4869477450847626
0.5012459754943848
0.4704468548297882
0.46848613023757935
0.4592605531215668
0.4478534460067749
0.44485074281692505
0.4535958766937256
0.4448961019515991
0.44146728515625
0.4524303078651428
0.46213167905807495
0.46647244691848755
0.46334633231163025
0.43378788232803345
0.441466748714447
0.447262167930603
0.43557754158973694
0.4517267048358917
0.44387027621269226
0.43712684512138367
0.4189331829547882
0.44862663745880127
0.45742136240005493
0.44720858335494995
0.43673402070999146
0.42789214849472046
0.4120081663131714
0.41344454884529114
0.4207042157649994
0.4233243465423584
0.4341548979282379
0.42710238695144653
0.4307539463043213
0.4030126631259918
0.4329465925693512
0.41356828808784485
0.4117952287197113
0.4250200688838959
0.4326972961425781
0.4235418736934662
0.3900686204433441
0.43395301699638367
0.3915030062198639
0.4269397258758545
0.4145437479019165
0.4228755533695221
0.39885661005973816
0.4313952922821045
0.3934856057167053
0.3778068721294403
0.3864421546459198
0.39341771602630615
0.3762531578540802
0.39415067434310913
0.39809903502464294
0.398095041513443
0.40271976590156555
0.4055977165699005
0.3943372070789337
0.3778073191642761
0.4025261402130127
0.3819195628166199
0.3842051923274994
0.3687271773815155
0.39887362718582153
0.3693993091583252
0.4064406752586365
0.38318192958831787
0.3584526479244232
0.3733190894126892
0.3783476948738098
0.3780819773674011
0.3662678301334381
0.37976861000061035
0.3661005198955536
0.372122585773468
0.358418732881546
0.3553845286369324
0.36364269256591797
0.3602200448513031
0.37056976556777954
0.36902379989624023
0.34717506170272827
0.35302823781967163
0.3719245493412018
0.3752993047237396
0.3690268099308014
0.3762257993221283
0.3584394156932831
0.3594921827316284
0.3623211979866028
0.34503862261772156
0.35230839252471924
0.34755969047546387
0.3634049892425537
0.3316614627838135
0.33972445130348206
0.3608814477920532
0.36427217721939087
0.35244661569595337
0.32962095737457275
0.357869952917099
0.35636863112449646
0.35219258069992065
0.34439924359321594
0.34789082407951355
0.3593099117279053
0.3378060460090637
0.3506608009338379
0.34521234035491943
0.3424176275730133
0.33329150080680847
0.3403416574001312
0.32568490505218506
0.3414900302886963
0.36084261536598206
0.3565162718296051
0.328849732875824
0.3245221674442291
0.3424692153930664
0.35073256492614746
0.3236432671546936
0.33377954363822937
0.3251461088657379
0.3246719241142273
0.34467050433158875
0.3434278666973114
0.36491549015045166
0.3342394232749939
0.33875736594200134
0.33320391178131104
0.32223793864250183
0.35404151678085327
0.3334760367870331
0.330377995967865
0.3250545263290405
0.3157501816749573
0.3306352198123932
0.3137635886669159
0.3306613862514496
0.34335198998451233
0.3160965144634247
0.30287033319473267
0.3228243291378021
0.329185426235199
0.31385043263435364
0.32919618487358093
0.3148955702781677
0.31151971220970154
0.3194742500782013
0.33061712980270386
0.3213273882865906
0.320449560880661
0.3016095459461212
0.3231883943080902
0.29654937982559204
0.3165651261806488
0.33951058983802795
0.299457311630249
0.31948041915893555
0.3153076767921448
0.30590373277664185
0.30749139189720154
0.2920970916748047
0.3317476212978363
0.29123538732528687
0.30415502190589905
0.2953234612941742
0.3205558955669403
0.28665557503700256
0.3013171851634979
0.30793365836143494
0.31159263849258423
0.30556705594062805
0.3249227702617645
0.31690293550491333
0.329142689704895
0.3156610429286957
0.3080107271671295
0.31207120418548584
0.3116661310195923
0.2948217988014221
0.3149838447570801
0.2936304807662964
0.29099568724632263
0.30405542254447937
0.31257951259613037
0.3035969138145447
0.3044910132884979
0.3064224421977997
0.3047961890697479
0.29175543785095215
0.29738426208496094
0.298248291015625
0.29600033164024353
0.29764798283576965
0.3093596398830414
0.2951655387878418
0.313985675573349
0.297107458114624
0.31190645694732666
0.32099616527557373
0.31080394983291626
0.2963491380214691
0.288967490196228
0.2790948748588562
0.3230273425579071
0.2839835286140442
0.31250080466270447
0.2985776662826538
0.2774338722229004
0.2860834002494812
0.28908419609069824
0.2855355739593506
0.2917502820491791
0.28274470567703247
0.28926336765289307
0.29316282272338867
0.2897075116634369
0.2726513743400574
0.2952611446380615
0.2899888753890991
0.2824007272720337
0.2678059935569763
0.29348182678222656
0.2844601571559906
0.27528563141822815
0.2898154854774475
0.2908681333065033
0.27186286449432373
0.2941015958786011
0.288045197725296
0.2927275002002716
0.29465559124946594
0.2790221571922302
0.2835105359554291
0.288925439119339
0.28503623604774475
0.2921958565711975
0.2707761824131012
0.29332131147384644
0.2823576331138611
0.2923843264579773
0.28453153371810913
0.29655173420906067
0.28274932503700256
0.2855405807495117
0.2803035378456116
0.2927984893321991
0.27877166867256165
0.27404123544692993
0.30067330598831177
0.28291746973991394
0.28475263714790344
0.27304574847221375
0.26690515875816345
0.2598095238208771
0.28017279505729675
0.28604236245155334
0.2851785719394684
0.26370352506637573
0.2798317074775696
0.2905482053756714
0.2838097810745239
0.29052892327308655
0.2780815064907074
0.2738005220890045
0.2659071683883667
0.2885868549346924
0.2739419937133789
0.28029805421829224
0.26411983370780945
0.27909472584724426
0.2718297243118286
0.2937212884426117
0.27173149585723877
0.2827959656715393
0.27398040890693665
0.2761457860469818
0.2861301004886627
0.28657037019729614
0.2848697900772095
0.2726171016693115
0.27007564902305603
0.27463966608047485
0.26895421743392944
0.2676617503166199
0.28718477487564087
0.25132107734680176
0.27389800548553467
0.2678672671318054
0.2614738345146179
0.29769280552864075
0.26996588706970215
0.2740918695926666
0.26544106006622314
0.27269867062568665
0.2662142813205719
0.2620978057384491
0.27974948287010193
0.2638166546821594
0.27969709038734436
0.2726162075996399
0.26539507508277893
0.2702433168888092
0.29103565216064453
0.2700437605381012
0.2711966335773468
0.25406312942504883
0.2717055380344391
0.2705564796924591
0.2524622678756714
0.2740556299686432
0.27527302503585815
0.2684985101222992
0.27111878991127014
0.28540703654289246
0.2701120674610138
0.2581106424331665
0.2702879011631012
0.2610621154308319
0.2580401599407196
0.269375741481781
0.24938170611858368
0.27536237239837646
0.2748905122280121
0.28699880838394165
0.2642477750778198
0.24859027564525604
0.2611290216445923
0.26767367124557495
0.2739756107330322
0.27571040391921997
0.2804359495639801
0.26557615399360657
0.2804889976978302
0.26328399777412415
0.27613624930381775
0.276006817817688
0.2612077593803406
0.2633492350578308
0.26960813999176025
0.26201847195625305
0.2716592848300934
0.273495078086853
0.2669154405593872
0.2558555603027344
0.25113987922668457
0.26438766717910767
0.2668454945087433
0.2729470431804657
0.26272714138031006
0.2541953921318054
0.27682748436927795
0.2509562075138092
0.27383729815483093
0.2826530337333679
0.2711455821990967
0.2614124119281769
0.28389260172843933
0.25996580719947815
0.2494734823703766
0.25953564047813416
0.26575011014938354
0.24709324538707733
0.2621261179447174
0.2645394802093506
0.28599813580513
0.24866174161434174
0.26336753368377686
0.2658340632915497
0.27281689643859863
0.26808783411979675
0.25315821170806885
0.2647555470466614
0.2659057378768921
0.24989087879657745
0.26661285758018494
0.27412641048431396
0.2738901674747467
0.2578398287296295
0.2715042531490326
0.26389530301094055
0.2831943929195404
0.2620803117752075
0.259743332862854
0.2560719847679138
0.25920751690864563
0.26872047781944275
0.2724858820438385
0.24596528708934784
0.2651507258415222
0.24058224260807037
0.26550841331481934
0.25154778361320496
0.2600793242454529
0.2622419595718384
0.2507513165473938
0.2572006285190582
0.26117435097694397
0.2559114396572113
0.2654877007007599
0.25501301884651184
0.268749475479126
0.2605525255203247
0.2653425335884094
0.252872109413147
0.2636893093585968
0.2578012943267822
0.27048537135124207
0.26003384590148926
0.2448781281709671
0.2679624855518341
0.2730939984321594
0.24907711148262024
0.25963449478149414
0.2547941207885742
0.2693290114402771
0.25692665576934814
0.266026109457016
0.26566165685653687
0.25822970271110535
0.2507621645927429
0.24582551419734955
0.26016125082969666
0.26783958077430725
0.25413382053375244
0.2454681694507599
0.26110950112342834
0.2535417079925537
0.25955021381378174
0.2612870931625366
0.25593236088752747
0.2596147358417511
0.26068031787872314
0.2524479329586029
0.26864367723464966
0.2600736916065216
0.27128535509109497
0.2594214379787445
0.25664713978767395
0.2639574110507965
0.2565572261810303
0.2631673514842987
0.24847348034381866
0.24893607199192047
0.2568053603172302
0.25611522793769836
0.2614375948905945
0.26929008960723877
0.24852828681468964
0.24798643589019775
0.24972467124462128
0.23641271889209747
0.24891898036003113
0.2525849938392639
0.24534152448177338
0.27078863978385925
0.2669003903865814
0.2563176155090332
0.25118783116340637
0.25084200501441956
0.24369890987873077
0.2401161789894104
0.24761651456356049
0.2544593811035156
0.26639676094055176
0.2674811780452728
0.2509366273880005
0.25929534435272217
0.2671283781528473
0.26898282766342163
0.2527921795845032
0.25501835346221924
0.24956443905830383
0.25404092669487
0.2628950774669647
0.26996928453445435
0.2574813663959503
0.2547236680984497
0.26656869053840637
0.2671619653701782
0.2552095353603363
0.27495014667510986
0.2517915666103363
0.256113201379776
0.26909807324409485
0.2533855736255646
0.2512188255786896
0.2445746511220932
0.2532285153865814
0.2562096416950226
0.26510509848594666
0.24949370324611664
0.2650674283504486
0.2599378526210785
0.2610301375389099
0.265408992767334
0.2736622095108032
0.2568275034427643
0.24869570136070251
0.2569947838783264
0.2432098090648651
0.25250980257987976
0.2634846866130829
0.23701760172843933
0.24859251081943512
0.26101452112197876
0.2540102005004883
0.27702972292900085
0.2584269940853119
0.250789612531662
0.2626318633556366
0.25266724824905396
0.2631962299346924
0.265961229801178
0.2659953832626343
0.2696516811847687
0.24483461678028107
0.2632627487182617
0.2547500431537628
0.2538091838359833
0.264843225479126
0.23512792587280273
0.27729547023773193
0.24910709261894226
0.24989143013954163
0.24450962245464325
0.24148327112197876
0.2629522681236267
0.25099146366119385
0.2500491142272949
0.24011166393756866
0.25819170475006104
0.25157442688941956
0.2772181034088135
0.25189754366874695
0.25492623448371887
0.26022031903266907
0.24239833652973175
0.24469681084156036
0.2598671019077301
0.26541048288345337
0.2740425765514374
0.2584371566772461
0.2557837665081024
0.2535194456577301
0.2554653286933899
0.24782498180866241
0.2636477053165436
0.25501030683517456
0.24736125767230988
0.26412078738212585
0.25110360980033875
0.2564048171043396
0.25934526324272156
0.24609318375587463
0.2608680725097656
0.2626124918460846
0.2591731548309326
0.25005653500556946
0.25512993335723877
0.2543010711669922
0.24878288805484772
0.2651721239089966
0.2412511259317398
0.24747219681739807
0.2643811106681824
0.24461309611797333
0.25990408658981323
0.2524200975894928
0.2501707971096039
0.2614690363407135
0.2544902563095093
0.27484428882598877
0.2476183921098709
0.25630930066108704
0.2590489983558655
0.26497969031333923
0.2504936456680298
0.2603963315486908
0.2538834512233734
0.24234335124492645
0.24084776639938354
0.25532102584838867
0.2657157778739929
0.25498077273368835
0.252933144569397
0.25026825070381165
0.26331204175949097
0.25731828808784485
0.2484196424484253
0.24994181096553802
0.2486562281847
0.25435981154441833
0.2548809349536896
0.23759251832962036
0.2605046331882477
0.24675798416137695
0.2729063332080841
0.25193893909454346
0.2566990256309509
