0.7396371364593506
0.7106250524520874
0.6753506064414978
0.6449599266052246
0.6439874768257141
0.6378834843635559
0.6175617575645447
0.5981112718582153
0.5780936479568481
0.5616242289543152
0.5690993070602417
0.5564776062965393
0.5421598553657532
0.520160436630249
0.5226913094520569
0.5190212726593018
0.5023473501205444
0.5113385915756226
0.4644804000854492
0.4659467041492462
0.4346119463443756
0.4534204304218292
0.4495323896408081
0.45972445607185364
0.44853848218917847
0.4636721611022949
0.42862579226493835
0.4341052174568176
0.44619983434677124
0.4351007640361786
0.4413984417915344
0.4541741609573364
0.4263504445552826
0.42628636956214905
0.4184981882572174
0.42506143450737
0.4130723774433136
0.39380863308906555
0.4313763380050659
0.4152181148529053
0.3956794738769531
0.41651180386543274
0.4256378412246704
0.38163721561431885
0.4260696470737457
0.4066850543022156
0.4210894703865051
0.3989464044570923
0.396150141954422
0.4186118543148041
0.37138620018959045
0.4040122926235199
0.3902289867401123
0.41741183400154114
0.4045606851577759
0.4156776964664459
0.387199342250824
0.40485668182373047
0.3828139901161194
0.3740701675415039
0.3765505254268646
0.38852858543395996
0.3828171193599701
0.35932740569114685
0.376292884349823
0.379966676235199
0.38287365436553955
0.36805009841918945
0.3667638301849365
0.38230100274086
0.3656497597694397
0.3719246983528137
0.3561478555202484
0.35751354694366455
0.37378132343292236
0.38488659262657166
0.36711618304252625
0.39243701100349426
0.37887895107269287
0.3727201223373413
0.37752339243888855
0.36938896775245667
0.3510076403617859
0.3596876561641693
0.3615776002407074
0.3631330132484436
0.3519012928009033
0.3548088073730469
0.3583388924598694
0.36411356925964355
0.366946280002594
0.3550136983394623
0.3489347994327545
0.3773297667503357
0.3796190619468689
0.3596714437007904
0.34237924218177795
0.33733075857162476
0.3485703468322754
0.35278528928756714
0.35516357421875
0.35190582275390625
0.35332953929901123
0.354251891374588
0.3406171500682831
0.36064356565475464
0.33344805240631104
0.3432161808013916
0.3394409120082855
0.34927210211753845
0.33947160840034485
0.3611373007297516
0.32681503891944885
0.32599198818206787
0.33408817648887634
0.3331639766693115
0.33023306727409363
0.33501651883125305
0.35298195481300354
0.32911548018455505
0.3226379454135895
0.33871224522590637
0.3346077501773834
0.345321387052536
0.31014758348464966
0.3355427086353302
0.30215945839881897
0.34867769479751587
0.32156553864479065
0.34282830357551575
0.3305596709251404
0.3185501992702484
0.32476767897605896
0.32750898599624634
0.3127625584602356
0.3300711512565613
0.3084601163864136
0.33242329955101013
0.3092665374279022
0.31814733147621155
0.3152710795402527
0.32235652208328247
0.3104737102985382
0.3232223391532898
0.3094148635864258
0.31530123949050903
0.3275083303451538
0.32052934169769287
0.3238985538482666
0.3114796578884125
0.30249229073524475
0.31462961435317993
0.3088560998439789
0.32132598757743835
0.31072545051574707
0.29607275128364563
0.2943546175956726
0.3159201443195343
0.30739834904670715
0.3225610554218292
0.31287506222724915
0.31145283579826355
0.31625252962112427
0.31430286169052124
0.3098938465118408
0.2808201014995575
0.30523428320884705
0.31932857632637024
0.2970634996891022
0.29396766424179077
0.29081809520721436
0.32273685932159424
0.30568066239356995
0.290275901556015
0.29040461778640747
0.29816752672195435
0.30206894874572754
0.3051263093948364
0.31277647614479065
0.315927654504776
0.27554139494895935
0.2911784052848816
0.3021247386932373
0.29275208711624146
0.28916120529174805
0.3098434805870056
0.30178990960121155
0.2982458472251892
0.27509841322898865
0.29503899812698364
0.3038918972015381
0.3026154339313507
0.2919081449508667
0.27492550015449524
0.2896876037120819
0.28477251529693604
0.2947732210159302
0.28452348709106445
0.2961723506450653
0.28976351022720337
0.2923795282840729
0.28438857197761536
0.2712075412273407
0.2821148931980133
0.2674649953842163
0.29792430996894836
0.275353342294693
0.2839392423629761
0.298508882522583
0.2832195460796356
0.2809986472129822
0.290946900844574
0.2785432040691376
0.2761792242527008
0.2807546555995941
0.28786787390708923
0.2771995961666107
0.28688785433769226
0.27265456318855286
0.2863912880420685
0.27224496006965637
0.2894115149974823
0.27947333455085754
0.29730841517448425
0.28083720803260803
0.2788350582122803
0.2931981086730957
0.2859247028827667
0.2750132977962494
0.2881079316139221
0.27149057388305664
0.2796879708766937
0.28861960768699646
0.2678241729736328
0.2608448266983032
0.27545106410980225
0.2879655957221985
0.2742069959640503
0.28736233711242676
0.27778324484825134
0.270706444978714
0.27075204253196716
0.26854175329208374
0.2815011143684387
0.26522693037986755
0.28972765803337097
0.27536559104919434
0.2813158929347992
0.2845124900341034
0.26772552728652954
0.27051740884780884
0.27904796600341797
0.28110310435295105
0.2686534523963928
0.2510561943054199
0.27455928921699524
0.2688288986682892
0.2669770121574402
0.281137615442276
0.2861073911190033
0.27625772356987
0.2808143198490143
0.2402268648147583
0.2536773383617401
0.2780085802078247
0.26943567395210266
0.25939682126045227
0.2769107222557068
0.26821425557136536
0.2656884491443634
0.27605968713760376
0.2607954144477844
0.2586801052093506
0.27375856041908264
0.27873295545578003
0.26405400037765503
0.2607699930667877
0.26944077014923096
0.2553054690361023
0.2721583843231201
0.28344476222991943
0.26079925894737244
0.2833624482154846
0.2635189890861511
0.261385440826416
0.2760263979434967
0.2443791776895523
0.2589172422885895
0.2555844783782959
0.2625153064727783
0.2711329162120819
0.260172575712204
0.2798970937728882
0.2709040939807892
0.26682576537132263
0.2610023021697998
0.2643004357814789
0.2645311951637268
0.26264747977256775
0.26268070936203003
0.24833835661411285
0.25875625014305115
0.2674461007118225
0.2519115209579468
0.25721657276153564
0.25900888442993164
0.25936058163642883
0.25955986976623535
0.26881131529808044
0.25841572880744934
0.2515692710876465
0.2782976031303406
0.2658749520778656
0.2552832365036011
0.24421223998069763
0.2596021890640259
0.26210272312164307
0.2652744650840759
0.26703691482543945
0.2542616128921509
0.257694810628891
0.24561536312103271
0.2786543071269989
0.24228237569332123
0.27130746841430664
0.2484990805387497
0.25133270025253296
0.2491694688796997
0.24870048463344574
0.25532403588294983
0.2624356746673584
0.2596641182899475
0.26388806104660034
0.26331889629364014
0.2547495365142822
0.25804847478866577
0.2620563805103302
0.2753799557685852
0.24636879563331604
0.2542995810508728
0.2555280923843384
0.2664339244365692
0.24339817464351654
0.2791384756565094
0.25960445404052734
0.2606502175331116
0.2694723904132843
0.25631532073020935
0.26515069603919983
0.25514310598373413
0.2531077265739441
0.25021323561668396
0.270902156829834
0.2526782155036926
0.2520480155944824
0.2563938498497009
0.26392534375190735
0.2510775029659271
0.25093555450439453
0.251659631729126
0.2498183697462082
0.2531481981277466
0.26268526911735535
0.25075846910476685
0.2499413937330246
0.2518988847732544
0.25707411766052246
0.2470104694366455
0.2499431073665619
0.24742844700813293
0.24843716621398926
0.24803800880908966
0.2416897565126419
0.24436722695827484
0.2543049156665802
0.2500135600566864
0.2527563273906708
0.25898078083992004
0.2602446973323822
0.268025279045105
0.24924373626708984
0.23764891922473907
0.2501738369464874
0.25590893626213074
0.23898115754127502
0.24915264546871185
0.25154706835746765
0.25477123260498047
0.252118855714798
0.25534534454345703
0.24760380387306213
0.2687951624393463
0.2513769567012787
0.25622081756591797
0.23978590965270996
0.24211792647838593
0.24893619120121002
0.2677050530910492
0.2687376141548157
0.23227886855602264
0.25114208459854126
0.24361474812030792
0.24046041071414948
0.2585138976573944
0.22977520525455475
0.25295960903167725
0.25525009632110596
0.2388104647397995
0.24845170974731445
0.2545147240161896
0.2469644695520401
0.25203731656074524
0.24472889304161072
0.24853718280792236
0.25388652086257935
0.258125364780426
0.24390456080436707
0.2525601387023926
0.24402223527431488
0.23124398291110992
0.23170720040798187
0.2620996832847595
0.2576712667942047
0.24472641944885254
0.24063773453235626
0.2603091895580292
0.2543465197086334
0.23840543627738953
0.25783851742744446
0.23938554525375366
0.25293317437171936
0.24726319313049316
0.24517115950584412
0.2546086609363556
0.2340053915977478
0.2365940362215042
0.22913451492786407
0.25696030259132385
0.25128471851348877
0.2503089904785156
0.23377586901187897
0.241153746843338
0.2538245618343353
0.24805223941802979
0.23024490475654602
0.2582854628562927
0.25802069902420044
0.24289755523204803
0.25684264302253723
0.25356781482696533
0.2484370470046997
0.23976168036460876
0.24830016493797302
0.2398506999015808
0.24664682149887085
0.2410115748643875
0.26622751355171204
0.2523338794708252
0.2605825364589691
0.24840764701366425
0.239924356341362
0.25683605670928955
0.2468825727701187
0.24566733837127686
0.2327253371477127
0.23823608458042145
0.24064424633979797
0.2619307339191437
0.24353493750095367
0.2571982741355896
0.25170865654945374
0.2372686266899109
0.24300289154052734
0.2543628513813019
0.2652803361415863
0.22664403915405273
0.2401490956544876
0.24430111050605774
0.2595115602016449
0.2554951012134552
0.24000078439712524
0.24652954936027527
0.24504025280475616
0.23530861735343933
0.24249599874019623
0.25055116415023804
0.2468937635421753
0.24147668480873108
0.24222567677497864
0.2377677708864212
0.25583794713020325
0.26902177929878235
0.2378828525543213
0.25887763500213623
0.24229557812213898
0.2473960518836975
0.25020989775657654
0.241744726896286
0.23484954237937927
0.23974153399467468
0.23747673630714417
0.2445962280035019
0.2280602604150772
0.24059028923511505
0.25647401809692383
0.25935935974121094
0.25413477420806885
0.24291536211967468
0.23242439329624176
0.24436978995800018
0.24526570737361908
0.24523845314979553
0.2497619241476059
0.2569195330142975
0.23831027746200562
0.24448910355567932
0.23677262663841248
0.24232004582881927
0.2404361069202423
0.24587756395339966
0.2467890977859497
0.23895707726478577
0.2441253364086151
0.2717261016368866
0.24342197179794312
0.24372252821922302
0.2413879781961441
0.24107681214809418
0.22886450588703156
0.2471519559621811
0.24366120994091034
0.24194970726966858
0.24484148621559143
0.2342342734336853
0.2484406977891922
0.23714223504066467
0.26146140694618225
0.23777057230472565
0.25304269790649414
0.2631686329841614
0.2406027913093567
0.2354334592819214
0.24891126155853271
0.24715889990329742
0.2504236698150635
0.25329503417015076
0.2520463764667511
0.22214505076408386
0.24455085396766663
0.2490241676568985
0.24674615263938904
0.2422066032886505
0.24466653168201447
0.22369427978992462
0.2160501480102539
0.2486773580312729
0.2561495304107666
0.24989059567451477
0.237621009349823
0.25415340065956116
0.24705512821674347
0.23772820830345154
0.26402297616004944
0.24009180068969727
0.23462781310081482
0.2396443486213684
0.2363947182893753
0.2586919367313385
0.24483616650104523
0.24666480720043182
0.25170812010765076
0.24935469031333923
0.23630136251449585
0.24658511579036713
0.2421649992465973
0.24371197819709778
0.22570586204528809
0.2504091262817383
0.24494415521621704
0.25251254439353943
0.2522773742675781
0.24210764467716217
0.23854129016399384
0.24547192454338074
0.23243781924247742
0.24314908683300018
0.23952548205852509
0.2458493411540985
0.22743481397628784
0.2512280344963074
0.2325933277606964
0.22753944993019104
0.2262324094772339
0.2345801144838333
0.2563299536705017
0.21295011043548584
0.25034239888191223
0.260054349899292
0.2512027323246002
0.22965703904628754
0.24335727095603943
0.24728010594844818
0.26340845227241516
0.2538086473941803
0.24084821343421936
0.2325294017791748
0.22939027845859528
0.2560163140296936
0.24482634663581848
0.24045006930828094
0.23314447700977325
0.23562565445899963
0.23752087354660034
0.24782602488994598
0.22567038238048553
0.24343200027942657
0.25781047344207764
0.23876234889030457
0.25957369804382324
0.23787949979305267
0.23248563706874847
0.23189756274223328
0.24009397625923157
0.2576167583465576
0.234586700797081
0.2488897442817688
0.24872756004333496
0.2513931691646576
0.24380972981452942
0.23392826318740845
0.2487785667181015
