0.8507564067840576
0.7746458649635315
0.7244216203689575
0.6864740252494812
0.6922661662101746
0.6685315370559692
0.6638861298561096
0.6432894468307495
0.6422479748725891
0.6446292996406555
0.6178725957870483
0.6234015226364136
0.6236258745193481
0.5991556644439697
0.6058338284492493
0.5921292901039124
0.5973975658416748
0.579462468624115
0.5623329877853394
0.5775547623634338
0.5748084187507629
0.5715947151184082
0.5414004921913147
0.5475403666496277
0.5348528027534485
0.530564546585083
0.5278629064559937
0.5036001801490784
0.5167113542556763
0.5052601099014282
0.5045290589332581
0.5015583634376526
0.47472575306892395
0.4778202474117279
0.48068955540657043
0.47185584902763367
0.48442986607551575
0.4678840935230255
0.4601629972457886
0.4218752384185791
0.4541996419429779
0.46248292922973633
0.49361294507980347
0.45796701312065125
0.43457871675491333
0.43603387475013733
0.4319382309913635
0.4358166456222534
0.4333752691745758
0.41026273369789124
0.4465370178222656
0.4065273702144623
0.4299043118953705
0.418060302734375
0.42864009737968445
0.4244947135448456
0.41501596570014954
0.3881892263889313
0.4040811061859131
0.42018094658851624
0.4183681011199951
0.405621737241745
0.3911639153957367
0.4095037877559662
0.4043979346752167
0.3864099681377411
0.4187650680541992
0.39620885252952576
0.3954913914203644
0.40067967772483826
0.3969520032405853
0.4051336944103241
0.4072721600532532
0.39117881655693054
0.3984752893447876
0.38486650586128235
0.39571598172187805
0.3868979513645172
0.38684263825416565
0.3783087134361267
0.3931674659252167
0.3873637616634369
0.4072924554347992
0.4043113589286804
0.3898584842681885
0.3909448981285095
0.3749842643737793
0.3823631703853607
0.3656727969646454
0.3731372654438019
0.36297571659088135
0.3720628619194031
0.37662509083747864
0.3595771789550781
0.3659650981426239
0.3722599446773529
0.35689854621887207
0.3651566505432129
0.3790876567363739
0.3610658049583435
0.3581277132034302
0.36494630575180054
0.3692340552806854
0.3756217956542969
0.3723452389240265
0.35075369477272034
0.38139939308166504
0.3574866056442261
0.3560454845428467
0.3696337938308716
0.3691507875919342
0.3651319146156311
0.3490699827671051
0.3566916286945343
0.34703314304351807
0.35111865401268005
0.36804306507110596
0.3856706917285919
0.3568490445613861
0.34619373083114624
0.3442268371582031
0.35218313336372375
0.3588000237941742
0.352798730134964
0.3679739236831665
0.343767374753952
0.34737852215766907
0.35067814588546753
0.34844812750816345
0.36014267802238464
0.3645143210887909
0.3535592257976532
0.34369930624961853
0.3423977792263031
0.34992754459381104
0.34602683782577515
0.34895387291908264
0.3493911027908325
0.33989962935447693
0.3516762852668762
0.3447725176811218
0.35867562890052795
0.32941916584968567
0.33510416746139526
0.3521602153778076
0.3279014825820923
0.34277576208114624
0.3318035900592804
0.34149250388145447
0.3285147547721863
0.3413700461387634
0.336712121963501
0.3698709011077881
0.32653239369392395
0.3507400453090668
0.3350605368614197
0.3516371250152588
0.3329423666000366
0.3473118841648102
0.3453841209411621
0.3414616882801056
0.33154258131980896
0.3423842787742615
0.3475191593170166
0.3536825180053711
0.3466942608356476
0.32938793301582336
0.3173113465309143
0.3344854712486267
0.3167751133441925
0.3346499502658844
0.3314991593360901
0.3356982171535492
0.34149208664894104
0.3318564295768738
0.3175218105316162
0.3520261347293854
0.3205731213092804
0.34533706307411194
0.33254024386405945
0.33150923252105713
0.33550789952278137
0.32224228978157043
0.33942314982414246
0.3330610692501068
0.3116706907749176
0.3291018009185791
0.30703118443489075
0.3236851096153259
0.31764814257621765
0.3262566924095154
0.33847859501838684
0.3178856074810028
0.3277361989021301
0.3070477545261383
0.34288573265075684
0.30726444721221924
0.3322385549545288
0.33597129583358765
0.33051079511642456
0.3327639698982239
0.3295069932937622
0.3262001872062683
0.32740187644958496
0.32592064142227173
0.3180750906467438
0.33422625064849854
0.31375038623809814
0.319454550743103
0.30021923780441284
0.3121758997440338
0.3156700134277344
0.32945364713668823
0.3019651472568512
0.33478406071662903
0.31346017122268677
0.3123112916946411
0.32010868191719055
0.30513638257980347
0.32127225399017334
0.33027854561805725
0.31714800000190735
0.3238811790943146
0.31350183486938477
0.31137338280677795
0.3391679525375366
0.31433746218681335
0.32176628708839417
0.3159211277961731
0.3176514804363251
0.31963270902633667
0.30707767605781555
0.3028836250305176
0.3044494688510895
0.3083725571632385
0.3101077079772949
0.32668188214302063
0.3152526915073395
0.2995796203613281
0.31274446845054626
0.3137754201889038
0.31333136558532715
0.31678715348243713
0.30180060863494873
0.30796927213668823
0.2998940646648407
0.3105625510215759
0.3214775025844574
0.3047999441623688
0.29826080799102783
0.3227494955062866
0.3140072524547577
0.32070428133010864
0.3121929168701172
0.3098314106464386
0.3018757104873657
0.3171411454677582
0.30778953433036804
0.30247026681900024
0.32227179408073425
0.29368412494659424
0.3014608323574066
0.3085487186908722
0.3076557517051697
0.2844235301017761
0.319077730178833
0.319624662399292
0.3245394825935364
0.30328091979026794
0.3060225248336792
0.31167280673980713
0.29255250096321106
0.326081782579422
0.2978219985961914
0.3077854514122009
0.29712870717048645
0.3060161769390106
0.31171664595603943
0.2971690893173218
0.3008122146129608
0.31992414593696594
0.3098656237125397
0.29852011799812317
0.308400958776474
0.3165234923362732
0.3168995976448059
0.3001420497894287
0.32102468609809875
0.3109125792980194
0.29982665181159973
0.3212697505950928
0.299339234828949
0.3039160370826721
0.2883870303630829
0.31474581360816956
0.31506437063217163
0.31888484954833984
0.3013356626033783
0.3252352178096771
0.30412498116493225
0.3058605194091797
0.2993380129337311
0.304275780916214
0.31836023926734924
0.29706406593322754
0.2998798191547394
0.2887580692768097
0.31447547674179077
0.3002314567565918
0.30935898423194885
0.29813623428344727
0.3041895925998688
0.32079750299453735
0.30218544602394104
0.305438756942749
0.3166116774082184
0.2883947193622589
0.29288771748542786
0.29065972566604614
0.31791952252388
0.3127387762069702
0.3060165345668793
0.30415958166122437
0.29703250527381897
0.29137346148490906
0.3007773160934448
0.28566351532936096
0.30053675174713135
0.30769601464271545
0.307569682598114
0.29787400364875793
0.300678551197052
0.3030640482902527
0.2948038876056671
0.29596516489982605
0.2968658208847046
0.3027682304382324
0.3087250292301178
0.3033534586429596
0.2985864281654358
0.3089269995689392
0.29517826437950134
0.3037545382976532
0.3106420934200287
0.2866572439670563
0.2929854691028595
0.30385881662368774
0.30616989731788635
0.29693618416786194
0.296686589717865
0.29417550563812256
0.3007832467556
0.3113771378993988
0.2928105890750885
0.3119840621948242
0.27477723360061646
0.3102624714374542
0.31419652700424194
0.29152271151542664
0.3050898611545563
0.3198980987071991
0.3025515079498291
0.31628450751304626
0.29794400930404663
0.30820465087890625
0.3009313941001892
0.2978816628456116
0.30122825503349304
0.29900866746902466
0.3004089593887329
0.3019448518753052
0.2916397750377655
0.2895001173019409
0.30131345987319946
0.31633129715919495
0.3131926953792572
0.30274373292922974
0.2910277247428894
0.29853835701942444
0.29456639289855957
0.30644577741622925
0.2962127923965454
0.2974816560745239
0.29245564341545105
0.28807777166366577
0.30738145112991333
0.3010396957397461
0.29527848958969116
0.2939985394477844
0.3004647493362427
0.307466059923172
0.2855197787284851
0.3179841935634613
0.30251362919807434
0.30909574031829834
0.2896031439304352
0.2929147481918335
0.29691460728645325
0.30435773730278015
0.2960803210735321
0.30636414885520935
0.2980555593967438
0.285564661026001
0.2898775041103363
0.30271413922309875
0.3099602162837982
0.2847662568092346
0.31447431445121765
0.3024881184101105
0.30221015214920044
0.2999430298805237
0.2922227680683136
0.29772382974624634
0.29871866106987
0.2975350022315979
0.2993536591529846
0.2972736656665802
0.30356454849243164
0.3136449456214905
0.3148311376571655
0.2887747287750244
0.3191652297973633
0.29865771532058716
0.28517505526542664
0.28371894359588623
0.29845762252807617
0.3066669702529907
0.2952764928340912
0.3065800666809082
0.29979604482650757
0.303012490272522
0.2867274880409241
0.2801210284233093
0.3146274983882904
0.3052167296409607
0.2950942814350128
0.28473636507987976
0.31095653772354126
0.292265385389328
0.2912723124027252
0.2965087294578552
0.29039281606674194
0.2924235463142395
0.31067216396331787
0.2957835793495178
0.30660444498062134
0.28794172406196594
0.2991621196269989
0.3127003014087677
0.2908617854118347
0.3115111291408539
0.2910597026348114
0.28921929001808167
0.30686792731285095
0.2899579703807831
0.2887009382247925
0.30020758509635925
0.29381096363067627
0.2904343605041504
0.2974143922328949
0.30520254373550415
0.29085785150527954
0.30290094017982483
0.28691405057907104
0.3070399761199951
0.2864033281803131
0.3051086962223053
0.2838444709777832
0.29301443696022034
0.28819677233695984
0.2990278899669647
0.30948659777641296
0.28441983461380005
0.2983032166957855
0.30162349343299866
0.28802409768104553
0.3093074560165405
0.26789113879203796
0.29517242312431335
0.28736037015914917
0.2998083829879761
0.3067864775657654
0.3059934675693512
0.28698232769966125
0.30592080950737
0.31087857484817505
0.2960053086280823
0.28400918841362
0.29983359575271606
0.30351200699806213
0.2905865013599396
0.3068561851978302
0.30519476532936096
0.2935207486152649
0.291332483291626
0.2901288866996765
0.2919255197048187
0.2889235019683838
0.2844783663749695
0.30823618173599243
0.2922569513320923
0.2834622263908386
0.2876102328300476
0.29795387387275696
0.3015163242816925
0.2873740494251251
0.2793298661708832
0.29407986998558044
0.28152281045913696
0.28590720891952515
0.28447842597961426
0.2883594334125519
0.2883530557155609
0.2990013062953949
0.30461785197257996
0.2856390178203583
0.3118935525417328
0.2871394753456116
0.3001728355884552
0.29718780517578125
0.2736629247665405
0.3072921931743622
0.29568061232566833
0.2957996129989624
0.30162888765335083
0.30062225461006165
0.2997198700904846
0.3010081946849823
0.2987035810947418
0.28958365321159363
0.27992260456085205
0.3056207001209259
0.2826972007751465
0.3042507767677307
0.29515013098716736
0.2875185012817383
0.29369673132896423
0.2873924970626831
0.28137290477752686
0.2835763692855835
0.30079469084739685
0.29897311329841614
0.3011801540851593
0.29829496145248413
0.30356496572494507
0.2978477478027344
0.31205496191978455
0.29132941365242004
0.3018091022968292
0.28768518567085266
0.3048418164253235
0.28823837637901306
0.2798501253128052
0.29935145378112793
0.2957010567188263
0.29473137855529785
0.2986198663711548
0.29102736711502075
0.29403090476989746
0.29334601759910583
0.29547882080078125
0.29276037216186523
0.2970919609069824
0.2921408414840698
0.30890214443206787
0.28657266497612
0.2926503121852875
0.29119032621383667
0.28054770827293396
0.29719313979148865
0.3014218509197235
0.2926390469074249
0.29936566948890686
0.30341672897338867
0.289581835269928
0.302846759557724
0.29760614037513733
0.2856568992137909
0.3063450753688812
0.2947823703289032
0.28965798020362854
0.30178508162498474
0.30236244201660156
0.3038524389266968
0.29173269867897034
0.2962491810321808
0.2785903215408325
0.3050936758518219
0.28770512342453003
0.2948317229747772
0.293173611164093
0.3009851574897766
0.29795849323272705
0.29371336102485657
0.2917174696922302
0.27771952748298645
0.2976566553115845
0.2953522205352783
0.2942241430282593
0.2868443429470062
0.28803882002830505
0.2982940077781677
0.27955833077430725
0.2969779074192047
0.28143027424812317
0.303420752286911
0.30547410249710083
0.29789721965789795
0.28678834438323975
0.29012516140937805
0.28535425662994385
0.2770935595035553
0.3043082058429718
0.28669875860214233
0.2913825809955597
0.2921144664287567
