0.7166568040847778
0.6435450911521912
0.5873328447341919
0.5704751014709473
0.5556159615516663
0.5139362215995789
0.48561280965805054
0.46935123205184937
0.46650367975234985
0.45477479696273804
0.44059985876083374
0.43075379729270935
0.4257165491580963
0.385578989982605
0.4169740378856659
0.38912591338157654
0.385429710149765
0.3888624310493469
0.3767460286617279
0.38177528977394104
0.3842489421367645
0.3665241003036499
0.3762178122997284
0.3672305643558502
0.3747505843639374
0.3472585678100586
0.35682371258735657
0.35830914974212646
0.35978448390960693
0.3534351587295532
0.36874574422836304
0.3605000078678131
0.3562045991420746
0.3317629396915436
0.343263179063797
0.3448241651058197
0.3373109698295593
0.33146747946739197
0.3404100835323334
0.3110732138156891
0.3414751887321472
0.3400880694389343
0.3402248024940491
0.33167022466659546
0.33989161252975464
0.3281024694442749
0.32614976167678833
0.3281214237213135
0.31930676102638245
0.3188835084438324
0.3174971044063568
0.318036288022995
0.3084612488746643
0.31580010056495667
0.31108370423316956
0.2895244359970093
0.32801976799964905
0.3019576668739319
0.30262789130210876
0.3167206346988678
0.30246615409851074
0.3067740499973297
0.3060987591743469
0.29079505801200867
0.30450621247291565
0.29667046666145325
0.271538108587265
0.291226863861084
0.2985000014305115
0.29108238220214844
0.2944616675376892
0.30383604764938354
0.26919353008270264
0.28390026092529297
0.29090195894241333
0.280028373003006
0.2742668092250824
0.2964708209037781
0.2778012454509735
0.27617955207824707
0.2778341770172119
0.26942166686058044
0.28079527616500854
0.26987314224243164
0.28271663188934326
0.28719526529312134
0.268276572227478
0.26854124665260315
0.26915135979652405
0.2686387598514557
0.28346771001815796
0.2871149182319641
0.2695619761943817
0.27266448736190796
0.25616776943206787
0.2694671154022217
0.2663062512874603
0.2660667300224304
0.26161012053489685
0.2491030991077423
0.2673805058002472
0.2630736827850342
0.24937835335731506
0.2613949477672577
0.2488892525434494
0.2584923207759857
0.2605273425579071
0.2631814181804657
0.24680544435977936
0.25307497382164
0.25386151671409607
0.22971834242343903
0.24007147550582886
0.25120681524276733
0.2366841435432434
0.22407498955726624
0.24538829922676086
0.24302490055561066
0.25246164202690125
0.26522961258888245
0.2514798045158386
0.23919428884983063
0.23020654916763306
0.23079705238342285
0.23902921378612518
0.2466115951538086
0.22670182585716248
0.22320999205112457
0.21892495453357697
0.23054078221321106
0.21478894352912903
0.21964387595653534
0.22995233535766602
0.24375568330287933
0.2277534455060959
0.22308211028575897
0.22298698127269745
0.22164960205554962
0.20554855465888977
0.2373589724302292
0.20865552127361298
0.22330741584300995
0.21678540110588074
0.20836512744426727
0.20085100829601288
0.2149745374917984
0.2101024091243744
0.2147781103849411
0.20941561460494995
0.19871853291988373
0.20325690507888794
0.1981845200061798
0.2190794199705124
0.20734341442584991
0.2070530652999878
0.2014993280172348
0.19267672300338745
0.19786520302295685
0.1868881732225418
0.20320537686347961
0.2176516056060791
0.20414337515830994
0.20794449746608734
0.18785886466503143
0.16310134530067444
0.19188472628593445
0.19842684268951416
0.20505672693252563
0.1907823234796524
0.1833479404449463
0.19498233497142792
0.1874081790447235
0.19277074933052063
0.20083817839622498
0.1953522115945816
0.19989284873008728
0.18713794648647308
0.19808603823184967
0.1904437094926834
0.17670005559921265
0.18419042229652405
0.18223199248313904
0.1720397025346756
0.16905315220355988
0.17687121033668518
0.1869126260280609
0.18952171504497528
0.17345626652240753
0.1684228479862213
0.1944979876279831
0.18699321150779724
0.18589714169502258
0.1651420146226883
0.17933282256126404
0.17643852531909943
0.16735203564167023
0.18518154323101044
0.15660783648490906
0.1823401004076004
0.17563101649284363
0.18012382090091705
0.16765938699245453
0.17821133136749268
0.16882441937923431
0.16959404945373535
0.20377510786056519
0.17273682355880737
0.18574410676956177
0.1870293915271759
0.16961769759655
0.17034785449504852
0.1704183965921402
0.17042961716651917
0.17672191560268402
0.16098244488239288
0.15469448268413544
0.17093949019908905
0.16283577680587769
0.1600187122821808
0.1921902894973755
0.16253340244293213
0.1685691624879837
0.16282382607460022
0.17009271681308746
0.17531102895736694
0.16506469249725342
0.14811691641807556
0.15349476039409637
0.15741828083992004
0.16340497136116028
0.1588709056377411
0.1746673732995987
0.15558895468711853
0.1513301581144333
0.14746959507465363
0.15292125940322876
0.16775523126125336
0.16767536103725433
0.16532494127750397
0.16264164447784424
0.1401655375957489
0.17038708925247192
0.1632620245218277
0.15791691839694977
0.16554586589336395
0.16016191244125366
0.1656193882226944
0.15136504173278809
0.1460982859134674
0.15274856984615326
0.14757755398750305
0.172994002699852
0.1510697901248932
0.17196206748485565
0.1719163954257965
0.14198632538318634
0.16219133138656616
0.14865000545978546
0.16336260735988617
0.15414564311504364
0.16355139017105103
0.1666211634874344
0.15091854333877563
0.14502118527889252
0.13663801550865173
0.1417236626148224
0.14178301393985748
0.14700251817703247
0.14338475465774536
0.1509779393672943
0.15976247191429138
0.1484028697013855
0.1450992077589035
0.14397072792053223
0.13886435329914093
0.1702978014945984
0.1358877420425415
0.13207687437534332
0.15130198001861572
0.14335039258003235
0.15361322462558746
0.14456795156002045
0.1600482016801834
0.15415476262569427
0.13979661464691162
0.13703510165214539
0.16782961785793304
0.1638696789741516
0.13148728013038635
0.15539978444576263
0.146641805768013
0.13527846336364746
0.15247666835784912
0.14548225700855255
0.13586650788784027
0.13529828190803528
0.1437736451625824
0.14343710243701935
0.15141871571540833
0.14549778401851654
0.1418759524822235
0.14972683787345886
0.13738396763801575
0.15369506180286407
0.13246150314807892
0.14337994158267975
0.14874570071697235
0.14034590125083923
0.1328616589307785
0.14026163518428802
0.14893366396427155
0.14664185047149658
0.1464444249868393
0.1415354311466217
0.1418648660182953
0.13386835157871246
0.142046257853508
0.15980778634548187
0.13827182352542877
0.15021321177482605
0.13389621675014496
0.15273477137088776
0.12576507031917572
0.13052035868167877
0.13416461646556854
0.14145198464393616
0.13699576258659363
0.14292798936367035
0.1436217576265335
0.12512077391147614
0.13333778083324432
0.14118415117263794
0.12973758578300476
0.1275637000799179
0.14387141168117523
0.13814237713813782
0.14503411948680878
0.1434316337108612
0.15575844049453735
0.1471012681722641
0.13205470144748688
0.13088016211986542
0.137495219707489
0.13366544246673584
0.15694735944271088
0.11600268632173538
0.12965446710586548
0.14387153089046478
0.13338692486286163
0.14495430886745453
0.11727188527584076
0.14814746379852295
0.14928753674030304
0.13836580514907837
0.14373652637004852
0.1256515085697174
0.1293749064207077
0.1408226191997528
0.12357356399297714
0.13159893453121185
0.11089305579662323
0.1319417506456375
0.16009177267551422
0.12880155444145203
0.12931868433952332
0.12718749046325684
0.1385217159986496
0.13218991458415985
0.12581133842468262
0.12994781136512756
0.1327153742313385
0.1263706088066101
0.1447199434041977
0.13769438862800598
0.13651736080646515
0.11836842447519302
0.12646374106407166
0.1262829303741455
0.13357305526733398
0.1311163455247879
0.1285327970981598
0.11353793740272522
0.15784209966659546
0.1258203238248825
0.1261516511440277
0.1361580491065979
0.13810685276985168
0.13639886677265167
0.1262391060590744
0.11718252301216125
0.11929316818714142
0.11717897653579712
0.12463509291410446
0.11406377702951431
0.13048607110977173
0.1332373023033142
0.13118691742420197
0.12129440903663635
0.13203637301921844
0.12272801995277405
0.13280819356441498
0.1288156360387802
0.11948510259389877
0.14573098719120026
0.12674027681350708
0.12238891422748566
0.165462926030159
0.12897154688835144
0.1257842481136322
0.12221934646368027
0.13047976791858673
0.11825580894947052
0.13454516232013702
0.13659340143203735
0.12291169911623001
0.12919248640537262
0.11597826331853867
0.13291314244270325
0.12835079431533813
0.11997134983539581
0.11938641965389252
0.14161118865013123
0.13832277059555054
0.12143178284168243
0.13240377604961395
0.11294140666723251
0.14439567923545837
0.12889066338539124
0.14510796964168549
0.12247872352600098
0.11541306227445602
0.11767793446779251
0.11538644134998322
0.12498234212398529
0.11947562545537949
0.1404888778924942
0.11276578158140182
0.12580205500125885
0.1283135861158371
0.13649065792560577
0.12385331839323044
0.12174800038337708
0.1157069131731987
0.12029536068439484
0.12033504247665405
0.1344795674085617
0.11463820934295654
0.11802006512880325
0.12695689499378204
0.11151977628469467
0.13220922648906708
0.13810770213603973
0.12014977633953094
0.13972347974777222
0.1253397911787033
0.12341943383216858
0.13813720643520355
0.1212589219212532
0.14303237199783325
0.12134379893541336
0.13148163259029388
0.11635204404592514
0.11992306262254715
0.1145249456167221
0.12948624789714813
0.12433468550443649
0.12888187170028687
0.10658638179302216
0.12885123491287231
0.11459016799926758
0.1322144716978073
0.1159597635269165
0.1090148463845253
0.11303363740444183
0.11552519351243973
0.12043223530054092
0.14201487600803375
0.14134743809700012
0.12564300000667572
0.11191105097532272
0.11162537336349487
0.11601391434669495
0.1349097490310669
0.11792708933353424
0.13206347823143005
0.1335250586271286
0.12601658701896667
0.12914325296878815
0.11438126116991043
0.11791439354419708
0.09994499385356903
0.13399538397789001
0.10546758770942688
0.1250513195991516
0.13900813460350037
0.13510364294052124
0.12350667268037796
0.10591596364974976
0.12000204622745514
0.11604814976453781
0.12350791692733765
0.11347676068544388
0.11633338779211044
0.1369848996400833
0.11543441563844681
0.11922968178987503
0.1189003735780716
0.1115160807967186
0.12900108098983765
0.1445619910955429
0.11503409594297409
0.1205257996916771
0.1173727810382843
0.131597638130188
0.09907229989767075
0.12945091724395752
0.12621325254440308
0.1391615867614746
0.13209758698940277
0.1252794861793518
0.1208331286907196
0.10784871876239777
0.10904906690120697
0.11097853630781174
0.10969357937574387
0.13840535283088684
0.12712252140045166
0.14023993909358978
0.10838747769594193
0.11572951078414917
0.1111239641904831
0.13085608184337616
0.13334183394908905
0.13170678913593292
0.11947654187679291
0.13639523088932037
0.14112475514411926
0.11161188781261444
0.10476099699735641
0.12606224417686462
0.13592487573623657
0.10462038964033127
0.10880596935749054
0.1065262034535408
0.12336104363203049
0.1122547909617424
0.12226933240890503
0.10136584937572479
0.14135439693927765
0.10345111787319183
0.11641833186149597
0.12225553393363953
0.11247948557138443
0.11392746865749359
0.12122222781181335
0.1119932234287262
0.12067443877458572
0.12963929772377014
0.1227497085928917
0.12852032482624054
0.12985052168369293
0.12250132858753204
0.11789446324110031
0.11319416761398315
0.12319327145814896
0.13327714800834656
0.1268899291753769
0.1116669699549675
0.11565537005662918
0.11241710931062698
0.11627920717000961
0.1409759670495987
0.12252835929393768
0.13119730353355408
0.11013603955507278
0.12274092435836792
0.12761305272579193
0.12720783054828644
0.11539946496486664
0.11725488305091858
0.13404954969882965
0.10509171336889267
0.11854555457830429
0.11835131794214249
0.12496451288461685
0.13055628538131714
0.12149078398942947
0.12523508071899414
0.13068343698978424
0.11596162617206573
0.1203119307756424
0.14289753139019012
0.11306872218847275
0.11643870174884796
0.13862910866737366
0.11687673628330231
0.12141063064336777
0.11950677633285522
0.11695322394371033
0.12180046737194061
0.10866101086139679
0.1218811571598053
0.12959463894367218
0.12270349264144897
0.11241545528173447
0.1033245101571083
0.11710140109062195
