0.9229236245155334
0.6947064995765686
0.6460747718811035
0.6222113966941833
0.6111453771591187
0.5891910791397095
0.5690494179725647
0.5533705353736877
0.5218164920806885
0.548568844795227
0.5356662273406982
0.5032576322555542
0.4808812737464905
0.4785291254520416
0.45474377274513245
0.4379349946975708
0.4406420886516571
0.4544053077697754
0.4389166533946991
0.44208577275276184
0.4171765148639679
0.4110889434814453
0.4160829484462738
0.3585474491119385
0.37523791193962097
0.4047236442565918
0.40470632910728455
0.37054741382598877
0.3895702064037323
0.3815907835960388
0.362113356590271
0.35625433921813965
0.36947157979011536
0.3642207682132721
0.3595869243144989
0.3686952590942383
0.3438567519187927
0.3595416247844696
0.35054442286491394
0.3551276624202728
0.3339574635028839
0.3352566361427307
0.32330989837646484
0.3279351592063904
0.337128221988678
0.34519997239112854
0.3236164450645447
0.3501212000846863
0.31489357352256775
0.3099360167980194
0.3064136803150177
0.32633504271507263
0.29928702116012573
0.3219451606273651
0.29597947001457214
0.29747170209884644
0.2880118191242218
0.29018306732177734
0.2960032522678375
0.3068635165691376
0.30222317576408386
0.2975878417491913
0.2811592221260071
0.29928818345069885
0.27750784158706665
0.29339998960494995
0.2797802984714508
0.27413177490234375
0.30324751138687134
0.26263317465782166
0.28108471632003784
0.2984864115715027
0.27784264087677
0.27429720759391785
0.2795170247554779
0.2590870261192322
0.2660002112388611
0.27402806282043457
0.27487432956695557
0.2658853530883789
0.2534896731376648
0.24355167150497437
0.27165332436561584
0.2850392162799835
0.2746447026729584
0.2738707959651947
0.2502851188182831
0.266781210899353
0.247358500957489
0.262845903635025
0.2770267724990845
0.26023539900779724
0.2374855875968933
0.2515468895435333
0.24993988871574402
0.24154719710350037
0.24793262779712677
0.2530568540096283
0.26992344856262207
0.24040457606315613
0.250693678855896
0.2576385736465454
0.23491676151752472
0.24187912046909332
0.23827989399433136
0.2274130880832672
0.23611941933631897
0.24110016226768494
0.2357560694217682
0.233504980802536
0.2543356716632843
0.24059492349624634
0.23754043877124786
0.2425253987312317
0.2351202368736267
0.2322143316268921
0.2299359291791916
0.2375912070274353
0.22720324993133545
0.2049313336610794
0.22538214921951294
0.22775335609912872
0.2356645166873932
0.20827890932559967
0.23327527940273285
0.21050027012825012
0.22567369043827057
0.21183724701404572
0.23137907683849335
0.22640758752822876
0.21075603365898132
0.21785232424736023
0.22109141945838928
0.2035123109817505
0.20491427183151245
0.2217627763748169
0.20016248524188995
0.19532300531864166
0.19565711915493011
0.1982026845216751
0.20928914844989777
0.21396808326244354
0.20601046085357666
0.18019698560237885
0.1941843181848526
0.2127954363822937
0.1995863914489746
0.2097758799791336
0.20751598477363586
0.1923622339963913
0.19408190250396729
0.21130430698394775
0.18912042677402496
0.18075081706047058
0.1981152445077896
0.20934312045574188
0.1865200698375702
0.1904504895210266
0.17655031383037567
0.1962076872587204
0.2061174064874649
0.1829858124256134
0.18614429235458374
0.19670547544956207
0.18750452995300293
0.18664026260375977
0.17564721405506134
0.1962003856897354
0.18386310338974
0.17516319453716278
0.1770016849040985
0.1776488721370697
0.17835813760757446
0.16533540189266205
0.18001550436019897
0.19819854199886322
0.1741092950105667
0.17777840793132782
0.18700741231441498
0.1719757616519928
0.1722695529460907
0.18811355531215668
0.19537612795829773
0.16618682444095612
0.16648852825164795
0.1849575787782669
0.17004622519016266
0.1728798747062683
0.1587090790271759
0.16209839284420013
0.16997836530208588
0.16502545773983002
0.18370215594768524
0.17246513068675995
0.15671813488006592
0.16450843214988708
0.16737070679664612
0.17624592781066895
0.16663876175880432
0.15649308264255524
0.16481439769268036
0.1683124154806137
0.16984066367149353
0.1681542843580246
0.16945335268974304
0.16580553352832794
0.16193713247776031
0.162395641207695
0.16081413626670837
0.1547165811061859
0.15263475477695465
0.15745271742343903
0.16190291941165924
0.1758241057395935
0.1702929139137268
0.16426189243793488
0.16552899777889252
0.15214185416698456
0.1475445032119751
0.14364278316497803
0.18071919679641724
0.15200987458229065
0.1510329693555832
0.1567496806383133
0.1488666534423828
0.15959779918193817
0.16138239204883575
0.13198968768119812
0.1410169005393982
0.1659163534641266
0.15814608335494995
0.16742010414600372
0.15817585587501526
0.1622058004140854
0.1497081071138382
0.14594371616840363
0.1543547660112381
0.14223019778728485
0.14058341085910797
0.14112026989459991
0.15701884031295776
0.13884402811527252
0.1609540730714798
0.15285879373550415
0.13682226836681366
0.13788791000843048
0.13660892844200134
0.14639519155025482
0.132183238863945
0.1190175786614418
0.15920062363147736
0.14271289110183716
0.13520540297031403
0.1255471557378769
0.14734333753585815
0.1412774622440338
0.14564305543899536
0.1460314393043518
0.11860335618257523
0.13965372741222382
0.1368769407272339
0.15035001933574677
0.13847942650318146
0.13949669897556305
0.1508556604385376
0.15633922815322876
0.1475355476140976
0.13844230771064758
0.13123518228530884
0.13612304627895355
0.13531158864498138
0.13601170480251312
0.11435024440288544
0.1362922340631485
0.12752015888690948
0.13568854331970215
0.12942320108413696
0.12304907292127609
0.14230011403560638
0.13467958569526672
0.1382034569978714
0.1228766068816185
0.145572230219841
0.13054998219013214
0.12616735696792603
0.11033226549625397
0.13960672914981842
0.13065961003303528
0.13943733274936676
0.12821440398693085
0.11784496903419495
0.12825334072113037
0.1379137486219406
0.13846497237682343
0.13391393423080444
0.1332571804523468
0.11709297448396683
0.12039951235055923
0.11175239086151123
0.14955486357212067
0.13740266859531403
0.12528982758522034
0.12334989011287689
0.1333901286125183
0.12868838012218475
0.12090703099966049
0.12387517839670181
0.1220608800649643
0.13285881280899048
0.141610249876976
0.1250455677509308
0.13545702397823334
0.11143732815980911
0.12936928868293762
0.12434690445661545
0.13189592957496643
0.11944028735160828
0.12963195145130157
0.11561007797718048
0.12633030116558075
0.1079663634300232
0.113823302090168
0.11440147459506989
0.1194550022482872
0.11652785539627075
0.10719520598649979
0.11382551491260529
0.11081036925315857
0.11812537908554077
0.1109156385064125
0.13625898957252502
0.11948046833276749
0.12017317116260529
0.10473939776420593
0.12549646198749542
0.11557222157716751
0.12471885234117508
0.13535892963409424
0.11446698009967804
0.1185883954167366
0.12088791280984879
0.12010923773050308
0.1305927336215973
0.13188597559928894
0.12491168081760406
0.11651954799890518
0.11448086053133011
0.10237594693899155
0.10631097853183746
0.12062831968069077
0.11552878469228745
0.1231449618935585
0.11695599555969238
0.12227948755025864
0.11627434939146042
0.10153210163116455
0.11896007508039474
0.11782577633857727
0.12366845458745956
0.1177014708518982
0.09558416157960892
0.10730225592851639
0.10550575703382492
0.11426468193531036
0.11362073570489883
0.09739042073488235
0.13141950964927673
0.1160598024725914
0.1220284253358841
0.12855969369411469
0.10468482226133347
0.10886836796998978
0.11886096000671387
0.107968270778656
0.1270700991153717
0.09019573032855988
0.1091051921248436
0.11174121499061584
0.1348884254693985
0.11803752183914185
0.10523132234811783
0.10917999595403671
0.10772397369146347
0.12030838429927826
0.12007105350494385
0.10301756113767624
0.1008729562163353
0.10646319389343262
0.11158115416765213
0.11313081532716751
0.11900907009840012
0.09745406359434128
0.11299490928649902
0.0976610779762268
0.1029895544052124
0.09818810969591141
0.1268346905708313
0.10502378642559052
0.1119067445397377
0.15209676325321198
0.09877470135688782
0.1249755322933197
0.1198415532708168
0.10897625982761383
0.11227710545063019
0.10881432145833969
0.09800653904676437
0.11090045422315598
0.12028943002223969
0.10668126493692398
0.11724761128425598
0.11066964268684387
0.12243150919675827
0.10340750962495804
0.10208503156900406
0.1041034534573555
0.11053037643432617
0.10599517822265625
0.10086552798748016
0.11171630769968033
0.10368980467319489
0.10755123198032379
0.10523632913827896
0.11402881145477295
0.12164090573787689
0.09390798956155777
0.11017321050167084
0.10444936156272888
0.10196178406476974
0.10814427584409714
0.12010698020458221
0.0897420272231102
0.12209054082632065
0.12312979996204376
0.10877182334661484
0.0918167233467102
0.08726133406162262
0.10674062371253967
0.0888570174574852
0.10597696155309677
0.10723323374986649
0.12917190790176392
0.10071645677089691
0.11231822520494461
0.11348790675401688
0.11269060522317886
0.10529445111751556
0.08995437622070312
0.10074863582849503
0.1272469311952591
0.11570188403129578
0.09789494425058365
0.10544147342443466
0.10907647013664246
0.09865456819534302
0.1107625886797905
0.12040069699287415
0.10623584687709808
0.08988816291093826
0.1124982237815857
0.10593492537736893
0.07877013832330704
0.11153165996074677
0.11339588463306427
0.10318326950073242
0.10632970929145813
0.09321986138820648
0.08566874265670776
0.09567372500896454
0.10837288945913315
0.10799217969179153
0.09489548951387405
0.09345970302820206
0.10988764464855194
0.11647524684667587
0.1073109433054924
0.11292574554681778
0.1113763153553009
0.1083894744515419
0.10395096242427826
0.10409817099571228
0.08294440805912018
0.08583738654851913
0.09378638863563538
0.09582958370447159
0.10954202711582184
0.11809749156236649
0.09854345768690109
0.08232537657022476
0.10010874271392822
0.10290132462978363
0.1120104193687439
0.10473363101482391
0.10076817870140076
0.12159284204244614
0.1158742681145668
0.12992824614048004
0.11322448402643204
0.09563648700714111
0.11022793501615524
0.10629575699567795
0.09964867681264877
0.11113841086626053
0.10215377807617188
0.09628870338201523
0.08381135761737823
0.09206372499465942
0.10235164314508438
0.09020578116178513
0.10467998683452606
0.09081349521875381
0.11323901265859604
0.09539829939603806
0.1054963693022728
0.09940260648727417
0.10769743472337723
0.1015060767531395
0.11331979930400848
0.0907435268163681
0.1008281260728836
0.09954330325126648
0.08771859854459763
0.0991806834936142
0.09944351762533188
0.1012827530503273
0.09444338828325272
0.08458542078733444
0.10961436480283737
0.10143333673477173
0.11303640902042389
0.08833448588848114
0.09362329542636871
0.0943388044834137
0.09135297685861588
0.10211529582738876
0.10409277677536011
0.09137389808893204
0.10041987150907516
0.10277421027421951
0.10682330280542374
0.08191058039665222
0.09164389967918396
0.10399910807609558
0.09273871034383774
0.08572928607463837
0.10285340249538422
0.09893019497394562
0.10365211218595505
0.1065344512462616
0.11283541470766068
0.09144091606140137
0.10259775817394257
0.08945130556821823
0.10912784188985825
0.09215705841779709
0.08797933906316757
0.08766119182109833
0.10318612307310104
0.1146550253033638
0.09291960299015045
0.09512705355882645
0.10444694757461548
0.0896703377366066
0.11673462390899658
0.1070047914981842
0.08487109839916229
0.10348332673311234
0.1026429533958435
0.099149689078331
0.09329679608345032
0.09752515703439713
0.11222606152296066
0.1085343137383461
0.10671301931142807
0.11091383546590805
0.08980733156204224
0.08385700732469559
0.0959332287311554
0.0835808515548706
0.10940699279308319
0.08334022015333176
0.10493936389684677
0.08868994563817978
0.11493508517742157
0.10717117786407471
0.09253785014152527
0.09848449379205704
0.10465404391288757
0.09670858085155487
0.09573994576931
0.10821396857500076
0.09552601724863052
0.09677216410636902
0.0924319177865982
0.10764936357736588
0.09088083356618881
0.12436510622501373
0.09412294626235962
0.08825832605361938
0.08742659538984299
0.09177112579345703
0.10251899063587189
