0.5093457698822021
0.5093457698822021
0.49221184849739075
0.5202492475509644
0.5186915993690491
0.5311526656150818
0.5280373692512512
0.5358255505561829
0.5436137318611145
0.4859813153743744
0.5482866168022156
0.5404984354972839
0.559190034866333
0.6121495366096497
0.6246106028556824
0.618380069732666
0.6573208570480347
0.6682242751121521
0.65887850522995
0.6947040557861328
0.6962617039680481
0.7133956551551819
0.7071651220321655
0.7289719581604004
0.7336448431015015
0.7087227702140808
0.7383177280426025
0.7398753762245178
0.7585669755935669
0.7445482611656189
0.7538940906524658
0.7492212057113647
0.767912745475769
0.7616822719573975
0.7850467562675476
0.7803738117218018
0.7570093274116516
0.781931459903717
0.7866043448448181
0.7741432785987854
0.7834891080856323
0.7757009267807007
0.7897196412086487
0.7881619930267334
0.7912772297859192
0.7741432785987854
0.7943925261497498
0.7866043448448181
0.7912772297859192
0.795950174331665
0.7866043448448181
0.7866043448448181
0.8099688291549683
0.8052959442138672
0.8146417737007141
0.8099688291549683
0.8068535923957825
0.8068535923957825
0.7943925261497498
0.8052959442138672
0.8052959442138672
0.8161993622779846
0.8115264773368835
0.8255451917648315
0.8115264773368835
0.8146417737007141
0.8084112405776978
0.8130841255187988
0.84112149477005
0.822429895401001
0.836448609828949
0.8161993622779846
0.8286604285240173
0.8317757248878479
0.8239875435829163
0.84112149477005
0.8286604285240173
0.8239875435829163
0.8302180767059326
0.836448609828949
0.8286604285240173
0.836448609828949
0.8348909616470337
0.8395638465881348
0.8504672646522522
0.8348909616470337
0.8442367315292358
0.8380062580108643
0.855140209197998
0.8457943797111511
0.8442367315292358
0.8395638465881348
0.8317757248878479
0.8504672646522522
0.8473520278930664
0.8489096760749817
0.8520249128341675
0.8489096760749817
0.84112149477005
0.8473520278930664
0.8535825610160828
0.855140209197998
0.8629283308982849
0.8380062580108643
0.8566977977752686
0.8426791429519653
0.8566977977752686
0.8613707423210144
0.84112149477005
0.855140209197998
0.8504672646522522
0.8676012754440308
0.8520249128341675
0.8598130941390991
0.8489096760749817
0.8598130941390991
0.855140209197998
0.8566977977752686
0.8629283308982849
0.8535825610160828
0.8644859790802002
0.8691588640213013
0.8722741603851318
0.8598130941390991
0.8582554459571838
0.8489096760749817
0.8660436272621155
0.8629283308982849
0.8613707423210144
0.8598130941390991
0.8613707423210144
0.8582554459571838
0.8691588640213013
0.8691588640213013
0.855140209197998
0.8520249128341675
0.8707165122032166
0.8598130941390991
0.8566977977752686
0.8582554459571838
0.8629283308982849
0.8629283308982849
0.8566977977752686
0.8582554459571838
0.8535825610160828
0.8566977977752686
0.8629283308982849
0.8676012754440308
0.8644859790802002
0.8722741603851318
0.855140209197998
0.8660436272621155
0.8676012754440308
0.8598130941390991
0.8598130941390991
0.8520249128341675
0.8629283308982849
0.8582554459571838
0.8644859790802002
0.8676012754440308
0.8629283308982849
0.855140209197998
0.8613707423210144
0.8598130941390991
0.8691588640213013
0.8785046935081482
0.8676012754440308
0.8707165122032166
0.8738317489624023
0.8660436272621155
0.8629283308982849
0.8722741603851318
0.8660436272621155
0.8629283308982849
0.8629283308982849
0.8520249128341675
0.8598130941390991
0.8676012754440308
0.8660436272621155
0.8644859790802002
0.8582554459571838
0.8598130941390991
0.8707165122032166
0.8707165122032166
0.8629283308982849
0.8707165122032166
0.8676012754440308
0.8722741603851318
0.8722741603851318
0.8644859790802002
0.8691588640213013
0.8613707423210144
0.8707165122032166
0.8644859790802002
0.8691588640213013
0.8660436272621155
0.8691588640213013
0.8644859790802002
0.8691588640213013
0.8566977977752686
0.8629283308982849
0.8598130941390991
0.8738317489624023
0.8738317489624023
0.8660436272621155
0.8707165122032166
0.8722741603851318
0.8660436272621155
0.855140209197998
0.8613707423210144
0.8722741603851318
0.8722741603851318
0.8660436272621155
0.8769470453262329
0.8707165122032166
0.8613707423210144
0.8707165122032166
0.8707165122032166
0.8691588640213013
0.8660436272621155
0.8660436272621155
0.8691588640213013
0.8644859790802002
0.8691588640213013
0.8738317489624023
0.8753893971443176
0.8722741603851318
0.8707165122032166
0.8691588640213013
0.8691588640213013
0.8676012754440308
0.8753893971443176
0.8707165122032166
0.8660436272621155
0.8753893971443176
0.8691588640213013
0.8691588640213013
0.8691588640213013
0.8691588640213013
0.8753893971443176
0.8707165122032166
0.8738317489624023
0.881619930267334
0.8644859790802002
0.881619930267334
0.8831775784492493
0.8644859790802002
0.8753893971443176
0.8707165122032166
0.8769470453262329
0.8769470453262329
0.8676012754440308
0.8738317489624023
0.8691588640213013
0.8691588640213013
0.8769470453262329
0.8676012754440308
0.8831775784492493
0.8722741603851318
0.8722741603851318
0.8862928152084351
0.8738317489624023
0.8831775784492493
0.8785046935081482
0.8676012754440308
0.8753893971443176
0.8707165122032166
0.8831775784492493
0.8785046935081482
0.8785046935081482
0.8769470453262329
0.881619930267334
0.8738317489624023
0.8785046935081482
0.8800622820854187
0.8769470453262329
0.8676012754440308
0.8769470453262329
0.8800622820854187
0.8800622820854187
0.8722741603851318
0.881619930267334
0.8753893971443176
0.8847352266311646
0.8738317489624023
0.8847352266311646
0.8691588640213013
0.8769470453262329
0.8785046935081482
0.8769470453262329
0.8800622820854187
0.8800622820854187
0.8847352266311646
0.8800622820854187
0.8862928152084351
0.8785046935081482
0.881619930267334
0.8878504633903503
0.8847352266311646
0.8769470453262329
0.8800622820854187
0.8847352266311646
0.8862928152084351
0.8800622820854187
0.881619930267334
0.881619930267334
0.8847352266311646
0.8800622820854187
0.8847352266311646
0.8862928152084351
0.8800622820854187
0.8878504633903503
0.8847352266311646
0.8831775784492493
0.8769470453262329
0.8878504633903503
0.8800622820854187
0.881619930267334
0.8800622820854187
0.8769470453262329
0.881619930267334
0.8862928152084351
0.8862928152084351
0.8847352266311646
0.881619930267334
0.8831775784492493
0.8785046935081482
0.8940809965133667
0.8831775784492493
0.881619930267334
0.8831775784492493
0.8925233483314514
0.8847352266311646
0.8831775784492493
0.8831775784492493
0.8769470453262329
0.8847352266311646
0.881619930267334
0.8800622820854187
0.8800622820854187
0.881619930267334
0.8878504633903503
0.8847352266311646
0.8847352266311646
0.8894081115722656
0.8847352266311646
0.8878504633903503
0.8894081115722656
0.8800622820854187
0.8847352266311646
0.881619930267334
0.8862928152084351
0.8909657597541809
0.8878504633903503
0.8831775784492493
0.8847352266311646
0.8862928152084351
0.8847352266311646
0.8862928152084351
0.8862928152084351
0.8862928152084351
0.8878504633903503
0.8862928152084351
0.8862928152084351
0.8862928152084351
0.8894081115722656
0.8862928152084351
0.8894081115722656
0.8800622820854187
0.8862928152084351
0.8878504633903503
0.8862928152084351
0.8878504633903503
0.8769470453262329
0.8940809965133667
0.8831775784492493
0.8894081115722656
0.8940809965133667
0.8831775784492493
0.8894081115722656
0.8831775784492493
0.8847352266311646
0.8878504633903503
0.8831775784492493
0.881619930267334
0.8862928152084351
0.8925233483314514
0.8878504633903503
0.8831775784492493
0.8894081115722656
0.8800622820854187
0.8862928152084351
0.8753893971443176
0.8909657597541809
0.8925233483314514
0.8847352266311646
0.8831775784492493
0.8831775784492493
0.8878504633903503
0.8894081115722656
0.8925233483314514
0.8800622820854187
0.8878504633903503
0.8862928152084351
0.8862928152084351
0.8785046935081482
0.8831775784492493
0.8862928152084351
0.8847352266311646
0.8862928152084351
0.8878504633903503
0.8878504633903503
0.8862928152084351
0.8862928152084351
0.881619930267334
0.8940809965133667
0.8862928152084351
0.8909657597541809
0.881619930267334
0.8878504633903503
0.8800622820854187
0.8909657597541809
0.8894081115722656
0.8940809965133667
0.8847352266311646
0.8925233483314514
0.8878504633903503
0.895638644695282
0.8862928152084351
0.8878504633903503
0.8847352266311646
0.8909657597541809
0.8925233483314514
0.8831775784492493
0.8847352266311646
0.8862928152084351
0.8878504633903503
0.8878504633903503
0.8925233483314514
0.8831775784492493
0.8862928152084351
0.8847352266311646
0.8878504633903503
0.8925233483314514
0.8878504633903503
0.8878504633903503
0.8831775784492493
0.8925233483314514
0.8909657597541809
0.8909657597541809
0.8800622820854187
0.8925233483314514
0.8894081115722656
0.8909657597541809
0.8878504633903503
0.895638644695282
0.8909657597541809
0.8847352266311646
0.8847352266311646
0.8971962332725525
0.8831775784492493
0.8862928152084351
0.8940809965133667
0.8847352266311646
0.8909657597541809
0.8847352266311646
0.8894081115722656
0.8878504633903503
0.8785046935081482
0.8894081115722656
0.8878504633903503
0.8862928152084351
0.8894081115722656
0.8909657597541809
0.8971962332725525
0.8878504633903503
0.8862928152084351
0.8971962332725525
0.881619930267334
0.8831775784492493
0.881619930267334
0.8925233483314514
0.8831775784492493
0.895638644695282
0.8831775784492493
0.8894081115722656
0.8847352266311646
0.8878504633903503
0.8878504633903503
0.8831775784492493
0.8878504633903503
0.8862928152084351
0.8940809965133667
0.8940809965133667
0.8925233483314514
0.8925233483314514
0.8940809965133667
0.8800622820854187
0.8894081115722656
0.8909657597541809
0.8831775784492493
0.9018691778182983
0.8971962332725525
0.8909657597541809
0.8909657597541809
0.8909657597541809
0.8847352266311646
0.8925233483314514
0.8971962332725525
0.8862928152084351
0.8847352266311646
0.8831775784492493
0.8894081115722656
0.8847352266311646
0.8894081115722656
0.8940809965133667
0.8862928152084351
0.8894081115722656
0.895638644695282
0.8925233483314514
0.8894081115722656
0.895638644695282
0.8971962332725525
0.8878504633903503
0.8894081115722656
0.8878504633903503
0.8878504633903503
0.8862928152084351
0.8800622820854187
0.8940809965133667
0.8894081115722656
0.8894081115722656
0.8894081115722656
0.8878504633903503
0.8925233483314514
0.8909657597541809
0.8878504633903503
0.895638644695282
0.8909657597541809
0.895638644695282
0.8831775784492493
0.8878504633903503
0.8894081115722656
0.8878504633903503
0.8971962332725525
0.8909657597541809
0.8925233483314514
0.8925233483314514
0.8894081115722656
0.8987538814544678
0.8925233483314514
0.8878504633903503
0.8831775784492493
0.8909657597541809
0.9018691778182983
0.881619930267334
0.8909657597541809
0.8909657597541809
0.8862928152084351
0.8925233483314514
0.895638644695282
0.8940809965133667
0.8940809965133667
0.8925233483314514
0.895638644695282
0.8940809965133667
0.8940809965133667
0.8894081115722656
0.8862928152084351
0.8940809965133667
0.8878504633903503
0.8894081115722656
0.8862928152084351
0.8940809965133667
0.8909657597541809
0.895638644695282
0.8909657597541809
0.895638644695282
0.8909657597541809
0.8925233483314514
0.8971962332725525
0.8971962332725525
0.8987538814544678
0.8925233483314514
0.8971962332725525
0.8971962332725525
0.9018691778182983
0.895638644695282
0.895638644695282
0.8894081115722656
0.8909657597541809
0.8971962332725525
0.8925233483314514
0.895638644695282
0.8894081115722656
0.8940809965133667
0.8909657597541809
0.8894081115722656
0.8909657597541809
0.895638644695282
0.8987538814544678
0.9003115296363831
0.8940809965133667
0.8847352266311646
0.8925233483314514
0.8847352266311646
0.9003115296363831
0.8925233483314514
0.8894081115722656
0.8940809965133667
0.8987538814544678
0.8925233483314514
0.8940809965133667
0.8894081115722656
0.8878504633903503
0.895638644695282
0.8940809965133667
0.8925233483314514
0.8971962332725525
0.8894081115722656
0.8971962332725525
0.8940809965133667
0.8940809965133667
0.8894081115722656
0.8925233483314514
0.8878504633903503
0.8894081115722656
0.8831775784492493
0.8847352266311646
0.8971962332725525
0.8831775784492493
0.8971962332725525
0.8862928152084351
0.9034267663955688
0.9018691778182983
0.8909657597541809
0.8894081115722656
0.8909657597541809
0.895638644695282
0.8940809965133667
0.8940809965133667
0.8925233483314514
0.895638644695282
0.8894081115722656
0.895638644695282
0.8831775784492493
0.8862928152084351
0.8878504633903503
0.895638644695282
0.8909657597541809
0.895638644695282
0.881619930267334
0.8940809965133667
0.8909657597541809
0.8940809965133667
0.8940809965133667
0.8847352266311646
0.9003115296363831
0.8925233483314514
0.895638644695282
0.8940809965133667
0.895638644695282
0.8878504633903503
0.8878504633903503
0.8862928152084351
0.8971962332725525
0.8987538814544678
0.8971962332725525
0.8940809965133667
0.8894081115722656
0.8925233483314514
0.9003115296363831
0.8940809965133667
0.8940809965133667
0.8847352266311646
0.8925233483314514
0.9003115296363831
0.8940809965133667
0.8925233483314514
0.895638644695282
0.8925233483314514
0.8987538814544678
0.9018691778182983
0.8925233483314514
0.8878504633903503
0.9003115296363831
0.8894081115722656
0.895638644695282
0.8831775784492493
0.8878504633903503
0.8831775784492493
0.8940809965133667
0.895638644695282
0.8894081115722656
0.8894081115722656
0.8971962332725525
0.8909657597541809
0.9003115296363831
0.8894081115722656
0.8940809965133667
0.8987538814544678
0.8940809965133667
0.8940809965133667
0.8847352266311646
0.8909657597541809
0.8940809965133667
0.8925233483314514
0.8894081115722656
0.9018691778182983
0.8940809965133667
0.8940809965133667
0.8925233483314514
0.8940809965133667
0.9034267663955688
0.8940809965133667
0.8940809965133667
0.8925233483314514
0.8894081115722656
0.8909657597541809
0.8909657597541809
0.8925233483314514
0.8940809965133667
0.8987538814544678
0.8925233483314514
0.8925233483314514
0.9018691778182983
0.8862928152084351
0.8940809965133667
0.895638644695282
0.8940809965133667
0.8971962332725525
0.8940809965133667
0.9018691778182983
0.8940809965133667
0.8987538814544678
0.8862928152084351
0.895638644695282
0.8987538814544678
0.8831775784492493
