0.7170028686523438
0.709460973739624
0.7056522369384766
0.6937035322189331
0.6898796558380127
0.6895174384117126
0.6901372671127319
0.6822770833969116
0.676101565361023
0.6796039342880249
0.6720492839813232
0.6677301526069641
0.6584593653678894
0.648493230342865
0.6365850567817688
0.6376280784606934
0.6274945735931396
0.6245027184486389
0.6049350500106812
0.6105303168296814
0.593463122844696
0.6070918440818787
0.5909583568572998
0.5913125276565552
0.5802364945411682
0.5886709690093994
0.5656104683876038
0.567154049873352
0.5749620795249939
0.5692705512046814
0.5582817792892456
0.5430768728256226
0.529042661190033
0.5350407958030701
0.5252097845077515
0.5220340490341187
0.524268627166748
0.5252526998519897
0.5269603133201599
0.5184028148651123
0.518276572227478
0.5260498523712158
0.5113726258277893
0.5177972316741943
0.52171391248703
0.4946367144584656
0.512563943862915
0.49440449476242065
0.49841970205307007
0.4773132801055908
0.4887806475162506
0.49002745747566223
0.4801956117153168
0.46652838587760925
0.46762219071388245
0.47727733850479126
0.47503024339675903
0.47570136189460754
0.4574854075908661
0.4671539068222046
0.47292083501815796
0.45449647307395935
0.4579821527004242
0.46129530668258667
0.4537178575992584
0.46012192964553833
0.46002790331840515
0.4703671932220459
0.43299147486686707
0.46047452092170715
0.44700390100479126
0.42931753396987915
0.4509991407394409
0.45162370800971985
0.45532163977622986
0.44733521342277527
0.466496080160141
0.4530912935733795
0.4302821159362793
0.43146830797195435
0.4343634843826294
0.4241962730884552
0.43426162004470825
0.4211423993110657
0.4321482479572296
0.4149414300918579
0.42775192856788635
0.4248303174972534
0.409959077835083
0.4099940061569214
0.4368591904640198
0.41859865188598633
0.4089193046092987
0.41954538226127625
0.41729307174682617
0.42427709698677063
0.39725926518440247
0.41027992963790894
0.4147355556488037
0.40992265939712524
0.4072986841201782
0.43537893891334534
0.4127552807331085
0.41757312417030334
0.41371944546699524
0.42307716608047485
0.4222765266895294
0.4186074435710907
0.4062763750553131
0.3920746147632599
0.41857996582984924
0.4110608398914337
0.39081841707229614
0.4132383465766907
0.4086579382419586
0.41593503952026367
0.4096530079841614
0.4149959087371826
0.417520672082901
0.41296929121017456
0.38181281089782715
0.3763619363307953
0.4134027659893036
0.40329277515411377
0.41616150736808777
0.36069685220718384
0.39515024423599243
0.3937425911426544
0.40972447395324707
0.4104170799255371
0.39197903871536255
0.39846110343933105
0.38955631852149963
0.3921893239021301
0.4037961959838867
0.38052356243133545
0.4153622090816498
0.38978713750839233
0.4200405776500702
0.39820319414138794
0.39984607696533203
0.4087032973766327
0.391355037689209
0.3911612331867218
0.41403859853744507
0.3926636874675751
0.38976171612739563
0.401766300201416
0.38363733887672424
0.3982169032096863
0.3988568186759949
0.3994276225566864
0.39645513892173767
0.3927856981754303
0.36999788880348206
0.39474427700042725
0.38950470089912415
0.3988397419452667
0.40460509061813354
0.3895816206932068
0.37012389302253723
0.3784700632095337
0.39909428358078003
0.3933541476726532
0.3933272063732147
0.39334017038345337
0.4100897014141083
0.3867618143558502
0.4007027745246887
0.39400190114974976
0.404998779296875
0.3873072564601898
0.3774538040161133
0.3999108076095581
0.40889430046081543
0.3888395130634308
0.40078869462013245
0.3924182653427124
0.37695953249931335
0.40334978699684143
0.37053072452545166
0.3904319703578949
0.38508763909339905
0.3727656304836273
0.37959176301956177
0.3701578974723816
0.3741658926010132
0.38093456625938416
0.3825121819972992
0.362152636051178
0.388347864151001
0.3812466561794281
0.4019666612148285
0.38673490285873413
0.37741678953170776
0.37128746509552
0.37956783175468445
0.36863216757774353
0.3637188971042633
0.387304425239563
0.3698706328868866
0.35798320174217224
0.3929116129875183
0.37006065249443054
0.3614010810852051
0.3773968815803528
0.36540400981903076
0.38648200035095215
0.34954115748405457
0.3839133083820343
0.36821576952934265
0.36887937784194946
0.3623647689819336
0.3875555992126465
0.3873126208782196
0.3748847544193268
0.3662083148956299
0.3835255801677704
0.36799803376197815
0.372694730758667
0.385189950466156
0.3524838387966156
0.38133150339126587
0.38398754596710205
0.383404940366745
0.36253443360328674
0.38091835379600525
0.351816326379776
0.38207557797431946
0.3606151342391968
0.3854036331176758
0.38133782148361206
0.3991445302963257
0.36637502908706665
0.3574322760105133
0.3795110285282135
0.3523837924003601
0.3806653320789337
0.3793613314628601
0.3585529327392578
0.37291738390922546
0.37136998772621155
0.37515076994895935
0.37324342131614685
0.37528282403945923
0.36386802792549133
0.3483143448829651
0.37221837043762207
0.3570212721824646
0.37329769134521484
0.37133321166038513
0.35458579659461975
0.3667429983615875
0.34100112318992615
0.3560914993286133
0.34340786933898926
0.35842961072921753
0.3689487874507904
0.35707974433898926
0.38544830679893494
0.3823016285896301
0.34924063086509705
0.35472404956817627
0.3734596371650696
0.363973468542099
0.35394415259361267
0.36470890045166016
0.3531477749347687
0.34637194871902466
0.3657492399215698
0.37606877088546753
0.3603585362434387
0.3756943345069885
0.3536001741886139
0.35845109820365906
0.35863518714904785
0.33795076608657837
0.3572274446487427
0.3589789867401123
0.3568879961967468
0.3611883521080017
0.3515393137931824
0.3568899631500244
0.34948983788490295
0.3502058982849121
0.3499467968940735
0.36366841197013855
0.37916162610054016
0.3373038172721863
0.3607172966003418
0.3602831959724426
0.36324363946914673
0.3450380265712738
0.35631322860717773
0.354186475276947
0.36232954263687134
0.34291985630989075
0.3506903648376465
0.3386317491531372
0.3828142583370209
0.3572794497013092
0.3588237762451172
0.3439370393753052
0.34075117111206055
0.33805572986602783
0.35162433981895447
0.35497409105300903
0.34990429878234863
0.33904892206192017
0.3494364321231842
0.35357245802879333
0.32419413328170776
0.3447631299495697
0.3639163672924042
0.32974478602409363
0.32984015345573425
0.3496248126029968
0.3654756546020508
0.342609703540802
0.3549400568008423
0.35369521379470825
0.35626742243766785
0.3420535624027252
0.3519773483276367
0.3552511930465698
0.35205256938934326
0.32809221744537354
0.3380686342716217
0.3433442711830139
0.3431427478790283
0.3676793575286865
0.33788034319877625
0.32894328236579895
0.3277699947357178
0.35997313261032104
0.33203455805778503
0.3462144732475281
0.34587785601615906
0.3394656777381897
0.35916632413864136
0.3642599880695343
0.34133514761924744
0.3357570767402649
0.3436815142631531
0.3619573712348938
0.3432254493236542
0.3419797122478485
0.3607979118824005
0.34399086236953735
0.3369082510471344
0.36560970544815063
0.3247544467449188
0.35292741656303406
0.3520529270172119
0.34692078828811646
0.33920764923095703
0.35859426856040955
0.3367759585380554
0.336517870426178
0.3599153459072113
0.33758974075317383
0.3527749478816986
0.33346545696258545
0.3554496169090271
0.34600892663002014
0.3521218001842499
0.33556631207466125
0.34991246461868286
0.3300754725933075
0.33165568113327026
0.33044278621673584
0.34421640634536743
0.3395916819572449
0.35831165313720703
0.3296545147895813
0.3390885293483734
0.34088966250419617
0.3266414403915405
0.33928754925727844
0.3217734098434448
0.3316354751586914
0.3268778324127197
0.3166140913963318
0.3480643928050995
0.3517584502696991
0.3139210045337677
0.3476194739341736
0.3555641770362854
0.32110273838043213
0.3385414481163025
0.3274729251861572
0.34043174982070923
0.33200424909591675
0.3353843688964844
0.3113006055355072
0.33687058091163635
0.3472703695297241
0.34771251678466797
0.3251969814300537
0.3350466191768646
0.3394857347011566
0.34272632002830505
0.3406764566898346
0.3556624948978424
0.33477285504341125
0.33323273062705994
0.36073413491249084
0.3236783444881439
0.34223076701164246
0.3457535207271576
0.34750863909721375
0.334970623254776
0.3281317949295044
0.34606292843818665
0.3384416401386261
0.3492204546928406
0.32533010840415955
0.32898998260498047
0.33625179529190063
0.3294350802898407
0.34149062633514404
0.31952956318855286
0.3480769693851471
0.31753411889076233
0.34940776228904724
0.3548082113265991
0.3409605026245117
0.31678396463394165
0.3185829222202301
0.3331330418586731
0.3417421281337738
0.3166387379169464
0.3283102810382843
0.33876684308052063
0.3238125145435333
0.3414630591869354
0.32594627141952515
0.34317222237586975
0.3294631242752075
0.33399417996406555
0.35022035241127014
0.3390877842903137
0.32162195444107056
0.3339947760105133
0.3382374942302704
0.3456439673900604
0.326233834028244
0.3624730706214905
0.3429935574531555
0.3297647535800934
0.3563934862613678
0.31494688987731934
0.3464168906211853
0.32378673553466797
0.3355679214000702
0.35300448536872864
0.33564016222953796
0.3139440715312958
0.3253985345363617
0.333177775144577
0.3325860798358917
0.3500188887119293
0.33815842866897583
0.3096272945404053
0.33393001556396484
0.3331444263458252
0.35105276107788086
0.3269827961921692
0.3416444659233093
0.34248217940330505
0.3365217447280884
0.34758007526397705
0.3313397467136383
0.32465890049934387
0.3307034969329834
0.3506913185119629
0.3372425436973572
0.33895453810691833
0.33787307143211365
0.31999295949935913
0.34759634733200073
0.3286842703819275
0.3158571124076843
0.3211328685283661
0.3346793055534363
0.33693796396255493
0.332560271024704
0.3329952657222748
0.3566856384277344
0.3196223974227905
0.3237919807434082
0.31802573800086975
0.3167458474636078
0.3408834934234619
0.33179929852485657
0.35353150963783264
0.3408854007720947
0.33099618554115295
0.33803054690361023
0.32620492577552795
0.3393850028514862
0.358430415391922
0.3260548710823059
0.3411271274089813
0.325062096118927
0.35645875334739685
0.3466770052909851
0.32812830805778503
0.3286249339580536
0.32716652750968933
0.35633179545402527
0.3542446494102478
0.3228430151939392
0.32824623584747314
0.33932748436927795
0.33358949422836304
0.3339341878890991
0.3309710621833801
0.32460707426071167
0.33065107464790344
0.34300497174263
0.3635678291320801
0.35989299416542053
0.3384014368057251
0.3205666244029999
0.3325425982475281
0.3295295238494873
0.34063178300857544
0.32740122079849243
0.3458487093448639
0.33070826530456543
0.3234855532646179
0.32761967182159424
0.3318750858306885
0.3384150266647339
0.32174935936927795
0.32152482867240906
0.3009231984615326
0.3206915557384491
0.3342045843601227
0.29443541169166565
0.3516181409358978
0.3453544080257416
0.3487459123134613
0.3312922418117523
0.33560842275619507
0.34916678071022034
0.3372975289821625
0.3421240448951721
0.34310510754585266
0.32180070877075195
0.3188079297542572
0.33321908116340637
0.3428610861301422
0.33014824986457825
0.3424762785434723
0.3189438283443451
0.3259609341621399
0.33914482593536377
0.34110769629478455
0.3167549967765808
0.3282873034477234
0.3229019045829773
0.3254859745502472
0.3256707489490509
0.3310328423976898
0.34062832593917847
0.3440313935279846
0.33317238092422485
0.32669469714164734
0.3304198384284973
0.345919668674469
0.3306341767311096
0.3297136127948761
0.3302280306816101
0.3151666820049286
0.3318961262702942
0.35601505637168884
0.33469170331954956
0.3367898166179657
0.33182084560394287
0.3232819139957428
0.3539589047431946
0.3351781368255615
0.33621326088905334
0.33341118693351746
0.32415637373924255
0.3458687365055084
0.31764787435531616
0.3255818784236908
0.3170033097267151
0.3506326973438263
0.3286771774291992
0.33179306983947754
0.3264976143836975
0.3300442397594452
0.32197242975234985
0.3426147997379303
0.3351518511772156
0.35301172733306885
0.326309472322464
0.34175407886505127
0.32014939188957214
0.3524497449398041
0.33500832319259644
0.31598541140556335
0.34328344464302063
0.3321824073791504
0.3333674967288971
0.30463215708732605
0.3250481188297272
0.3319411277770996
0.32505980134010315
0.36003953218460083
0.33889317512512207
0.31119614839553833
0.32030928134918213
0.3478910028934479
0.3232567012310028
0.33213818073272705
0.34067732095718384
0.3258098363876343
0.343116819858551
0.31925442814826965
0.3479185402393341
0.31201425194740295
0.3116703927516937
0.3319968581199646
0.32158130407333374
0.331325888633728
0.3221483528614044
0.33197686076164246
0.3158855140209198
0.3126978576183319
0.3389973044395447
0.33883342146873474
0.3316093385219574
0.33406224846839905
0.32193025946617126
0.34534525871276855
0.3163525462150574
0.3356057107448578
0.33468058705329895
0.3507995009422302
0.3406822085380554
0.3295426070690155
0.3353329002857208
0.3212953507900238
0.3546602129936218
0.35104918479919434
0.3238680064678192
0.32461175322532654
0.3374951183795929
0.33109524846076965
0.3251882493495941
0.3338742256164551
0.3224445581436157
0.3168684244155884
0.33300065994262695
0.3156430125236511
0.32287752628326416
0.34928619861602783
0.3243577182292938
0.3554282784461975
0.3375488817691803
0.3455507159233093
0.35169777274131775
0.3244501054286957
0.3233839273452759
0.3326270878314972
0.3396300673484802
0.33073878288269043
0.3212651014328003
0.33698737621307373
0.3462441861629486
0.30203667283058167
0.33718356490135193
0.3379884660243988
0.31425365805625916
0.32024678587913513
0.33164873719215393
0.31635627150535583
0.33135470747947693
0.32801884412765503
0.31706947088241577
0.3398664891719818
0.3206337094306946
0.31967228651046753
0.3039829432964325
0.3279237151145935
0.3344634473323822
0.3275644779205322
0.3327244520187378
0.31897056102752686
0.3372182250022888
0.32593345642089844
0.31782713532447815
0.31836581230163574
0.30774378776550293
0.32881873846054077
0.3402424454689026
0.30724459886550903
0.3148147761821747
0.3200069069862366
0.30534854531288147
0.33667096495628357
0.3376905918121338
0.3132008910179138
0.3340241611003876
0.33536604046821594
0.30979010462760925
0.33248084783554077
0.32872623205184937
0.3452431857585907
0.3273806571960449
0.3277856111526489
0.32618415355682373
0.334236204624176
0.3277142345905304
0.315650075674057
0.31899163126945496
0.32855290174484253
0.3379417359828949
0.32288023829460144
0.3338923752307892
0.3268466293811798
0.33072391152381897
0.3477941155433655
0.3136163055896759
0.31130245327949524
0.3263244032859802
0.3323732316493988
0.3331993520259857
0.34019070863723755
0.3293261229991913
0.33243033289909363
0.31291744112968445
0.33115506172180176
0.33773550391197205
0.3541557788848877
0.3229909837245941
0.31769606471061707
0.3250308036804199
0.3506556749343872
