0.801638662815094
0.5794051289558411
0.496224045753479
0.4363768994808197
0.43481966853141785
0.4245416224002838
0.3871048390865326
0.39312830567359924
0.38894471526145935
0.4042983055114746
0.3872731328010559
0.3692755699157715
0.36115992069244385
0.35268282890319824
0.3554718494415283
0.34498846530914307
0.33702072501182556
0.3434823453426361
0.34084489941596985
0.33708861470222473
0.3218744099140167
0.3124145567417145
0.32010728120803833
0.31342849135398865
0.3223651945590973
0.3260993957519531
0.3179698884487152
0.3195579946041107
0.31659749150276184
0.3083074390888214
0.31139513850212097
0.2976279556751251
0.31987735629081726
0.29759523272514343
0.3037870228290558
0.2918141186237335
0.2987993657588959
0.29030877351760864
0.2764217257499695
0.28735533356666565
0.28284919261932373
0.2796846330165863
0.26980721950531006
0.26471713185310364
0.2813662588596344
0.27521568536758423
0.27651840448379517
0.2774183452129364
0.2814508080482483
0.26395395398139954
0.26936542987823486
0.274762362241745
0.24865630269050598
0.25105783343315125
0.2645038664340973
0.24945935606956482
0.25168782472610474
0.24934467673301697
0.258585125207901
0.22779522836208344
0.242768332362175
0.251155823469162
0.2378484010696411
0.2409900724887848
0.26438671350479126
0.2501010596752167
0.2504415214061737
0.2308139055967331
0.24092574417591095
0.2194846123456955
0.228031188249588
0.22460269927978516
0.22470520436763763
0.24411652982234955
0.22658424079418182
0.22544102370738983
0.21928653120994568
0.2255694717168808
0.21569229662418365
0.21298789978027344
0.2144417017698288
0.2167574018239975
0.20869538187980652
0.22326433658599854
0.21117764711380005
0.20383764803409576
0.21083368360996246
0.1858261078596115
0.19840942323207855
0.1988869458436966
0.20214149355888367
0.19741323590278625
0.2033938318490982
0.20129722356796265
0.19756941497325897
0.19465112686157227
0.1934116929769516
0.20126233994960785
0.20557522773742676
0.19300854206085205
0.20629476010799408
0.18323025107383728
0.19516174495220184
0.17920644581317902
0.16649042069911957
0.19192543625831604
0.18002532422542572
0.1749163717031479
0.1737031787633896
0.17089030146598816
0.1670525074005127
0.18285109102725983
0.20406465232372284
0.18398049473762512
0.16712015867233276
0.15848907828330994
0.1816536784172058
0.15545722842216492
0.16220885515213013
0.18695060908794403
0.1868201047182083
0.16329917311668396
0.17643651366233826
0.1732952743768692
0.1482234001159668
0.16811387240886688
0.16854743659496307
0.15306968986988068
0.1580520123243332
0.18002702295780182
0.16181501746177673
0.14818702638149261
0.16129502654075623
0.1586705446243286
0.15546804666519165
0.15753181278705597
0.1485714465379715
0.16336701810359955
0.14690589904785156
0.1469404101371765
0.13478267192840576
0.15212233364582062
0.15768231451511383
0.13811421394348145
0.159790500998497
0.1399422436952591
0.1384498029947281
0.13156269490718842
0.12553878128528595
0.1405441164970398
0.1523895114660263
0.15409091114997864
0.1289387047290802
0.13272590935230255
0.14465701580047607
0.1456591933965683
0.14234179258346558
0.14006075263023376
0.1348135620355606
0.1366335153579712
0.12970282137393951
0.12152508646249771
0.14353153109550476
0.12481197714805603
0.13787837326526642
0.12548860907554626
0.13210545480251312
0.13284572958946228
0.12877823412418365
0.11589575558900833
0.13802434504032135
0.1120893806219101
0.11949522793292999
0.11558359116315842
0.13743460178375244
0.11919039487838745
0.11817367374897003
0.12531934678554535
0.13548345863819122
0.13061586022377014
0.1281668096780777
0.12440823763608932
0.10858334600925446
0.11817213147878647
0.12514181435108185
0.11308427900075912
0.12494076788425446
0.12029118090867996
0.12249773740768433
0.11927781254053116
0.11113449931144714
0.11222833395004272
0.11542700231075287
0.10683316737413406
0.12098554521799088
0.10343731939792633
0.11034563183784485
0.10926405340433121
0.10599459707736969
0.0991392657160759
0.09694549441337585
0.11352838575839996
0.11460692435503006
0.12468014657497406
0.1145637035369873
0.10322373360395432
0.11265024542808533
0.1103605106472969
0.11980042606592178
0.1052652969956398
0.11227061599493027
0.10655621439218521
0.11506728827953339
0.13000717759132385
0.09539513289928436
0.1101565733551979
0.10682637989521027
0.10080906748771667
0.10373885929584503
0.09609207510948181
0.1067010760307312
0.09341718256473541
0.11138508468866348
0.11150716990232468
0.10058819502592087
0.11058192700147629
0.09536264836788177
0.10430067777633667
0.10675913095474243
0.10383138060569763
0.09102490544319153
0.09735529869794846
0.08701159060001373
0.09420634061098099
0.07831422984600067
0.10712748765945435
0.12084618955850601
0.09461018443107605
0.08955851197242737
0.09470853209495544
0.0953821986913681
0.0775948315858841
0.0965871512889862
0.08159172534942627
0.09605127573013306
0.09341565519571304
0.10278857499361038
0.09886355698108673
0.08507910370826721
0.09197797626256943
0.08252289146184921
0.09157530218362808
0.09433586150407791
0.07434594631195068
0.09686985611915588
0.09408295154571533
0.1035599485039711
0.10558223724365234
0.09358701854944229
0.0941045805811882
0.09320996701717377
0.08850135654211044
0.08455061167478561
0.09260860085487366
0.0897805467247963
0.08559621125459671
0.0940776988863945
0.08376087993383408
0.08285952359437943
0.08930198103189468
0.10323577374219894
0.07036662101745605
0.08621847629547119
0.07906278222799301
0.08063969016075134
0.08854421973228455
0.08918650448322296
0.08199644833803177
0.08815350383520126
0.08360081166028976
0.084382563829422
0.10254431515932083
0.07542134076356888
0.08405666053295135
0.0711207389831543
0.09399349242448807
0.08282066881656647
0.08465149998664856
0.08225696533918381
0.07568539679050446
0.09291357547044754
0.08185296505689621
0.0768565684556961
0.08526551723480225
0.0715191513299942
0.08777261525392532
0.08449183404445648
0.080251544713974
0.0770733654499054
0.08960280567407608
0.09876593202352524
0.09215462952852249
0.0856136828660965
0.07788402587175369
0.08435670286417007
0.09153718501329422
0.07700573652982712
0.07943101972341537
0.07062375545501709
0.0769621953368187
0.07565397769212723
0.07333381474018097
0.08498217165470123
0.07588847726583481
0.07805998623371124
0.07435792684555054
0.07364746928215027
0.09053939580917358
0.09100989252328873
0.07507862895727158
0.07446923851966858
0.08080482482910156
0.07621517032384872
0.08546759933233261
0.07331311702728271
0.07649390399456024
0.0650225579738617
0.08588290214538574
0.06827036291360855
0.07432195544242859
0.08022072911262512
0.07246167957782745
0.06885958462953568
0.07759727537631989
0.05864798277616501
0.0814911425113678
0.08190643787384033
0.07860566675662994
0.07051718235015869
0.07598114013671875
0.06713647395372391
0.07621476799249649
0.07763291895389557
0.08876989036798477
0.070259690284729
0.059654075652360916
0.07465947419404984
0.07037484645843506
0.07022005319595337
0.08012274652719498
0.06987911462783813
0.06461075693368912
0.07348965853452682
0.06543367356061935
0.08109145611524582
0.08054855465888977
0.0744519978761673
0.068531833589077
0.06706689298152924
0.07044636458158493
0.08423817902803421
0.06310515105724335
0.07480625063180923
0.06389995664358139
0.07096439599990845
0.07458809018135071
0.08085538446903229
0.052254002541303635
0.06539193540811539
0.0762442946434021
0.06715313345193863
0.0654149129986763
0.07069184631109238
0.06638440489768982
0.061541199684143066
0.06171790882945061
0.05546500161290169
0.05969581753015518
0.06225099787116051
0.06973429769277573
0.06835845112800598
0.06355679035186768
0.06404218077659607
0.0608094185590744
0.06439962983131409
0.06729800999164581
0.05339657515287399
0.07031415402889252
0.06610991805791855
0.0613691508769989
0.055512040853500366
0.07137888669967651
0.07904309779405594
0.06151263043284416
0.06716281175613403
0.06580379605293274
0.06044745072722435
0.0847272276878357
0.06364791095256805
0.06010786443948746
0.07483699917793274
0.06956630200147629
0.05349300056695938
0.07103841006755829
0.07340067625045776
0.05661768838763237
0.0734689012169838
0.07131953537464142
0.07261224091053009
0.0785382017493248
0.06103731319308281
0.061210714280605316
0.05584525316953659
0.06137477606534958
0.06276481598615646
0.06386170536279678
0.06456352770328522
0.06861885637044907
0.060230802744627
0.0652378499507904
0.06476064771413803
0.06096164137125015
0.054631926119327545
0.06604351848363876
0.06429547816514969
0.06288597732782364
0.07510409504175186
0.06429729610681534
0.0646716058254242
0.06564370542764664
0.05381462350487709
0.07665538787841797
0.06365975737571716
0.06059166416525841
0.05942244827747345
0.07562530040740967
0.06761447340250015
0.07608397305011749
0.06305285543203354
0.0672033503651619
0.06688523292541504
0.06131868436932564
0.05440483242273331
0.0631537064909935
0.06482116132974625
0.06200104579329491
0.06061215698719025
0.06498246639966965
0.06616492569446564
0.05203671380877495
0.06427980959415436
0.05877860262989998
0.054451197385787964
0.07344922423362732
0.0639396533370018
0.061134785413742065
0.06733708828687668
0.06014156714081764
0.07107212394475937
0.06544026732444763
0.06467600166797638
0.04871467500925064
0.06359124928712845
0.055182844400405884
0.06926411390304565
0.07838919758796692
0.06963008642196655
0.05694587901234627
0.07475191354751587
0.0715801864862442
0.06632969528436661
0.06062634661793709
0.06301061809062958
0.05881478264927864
0.05962939187884331
0.05841440707445145
0.06423191726207733
0.06613808870315552
0.06527238339185715
0.0583815760910511
0.064150869846344
0.06949838995933533
0.05477363243699074
0.05585508421063423
0.05571892857551575
0.06160169094800949
0.06767688691616058
0.06870416551828384
0.06545039266347885
0.06880148500204086
0.06607276946306229
0.06797372549772263
0.07827696204185486
0.056477680802345276
0.052570734173059464
0.06890196353197098
0.06313318014144897
0.05502397194504738
0.06246241182088852
0.06839754432439804
0.04939863458275795
0.06751621514558792
0.07670681923627853
0.04331429302692413
0.07222431153059006
0.05449953302741051
0.06364194303750992
0.0781078189611435
0.07232227176427841
0.05851944535970688
0.06068987771868706
0.06303051859140396
0.054735805839300156
0.06953707337379456
0.06412383913993835
0.06652820855379105
0.07137161493301392
0.06851174682378769
0.06463158875703812
0.06091403216123581
0.052648164331912994
0.06595566123723984
0.0572253093123436
0.05526350066065788
0.06351210922002792
0.06563103199005127
0.05544891208410263
0.07475391030311584
0.05302658677101135
0.06090134382247925
0.05954090505838394
0.05508068576455116
0.048618000000715256
0.06307721138000488
0.0547311007976532
0.07451962679624557
0.0812147781252861
0.053684644401073456
0.06906647980213165
0.05754869431257248
0.06206624582409859
0.05254059284925461
0.07368382811546326
0.07615400105714798
0.052837200462818146
0.06217052787542343
0.06230752915143967
0.05378144234418869
0.05776572227478027
0.07014241069555283
0.06234725937247276
0.0623808428645134
0.06795206665992737
0.060190796852111816
0.05449673533439636
0.06900448352098465
0.05451103672385216
0.05463626980781555
0.05978291854262352
0.06281676888465881
0.06253115832805634
0.0622514933347702
0.04351433366537094
0.048580437898635864
0.06665622442960739
0.06251835078001022
0.05613594874739647
0.0523669570684433
0.05916347727179527
0.04841014742851257
0.07435905933380127
0.0652686208486557
0.04640574008226395
0.05070222169160843
0.05506221204996109
0.05166179686784744
0.06382333487272263
0.06417529284954071
0.052419062703847885
0.050815142691135406
0.06140214577317238
0.05279291421175003
0.05777782201766968
0.05810747295618057
0.06723851710557938
0.07002967596054077
0.06544769555330276
0.05703495442867279
0.07459034770727158
0.08371806144714355
0.05596631392836571
0.05784641578793526
0.05303489416837692
0.05407525226473808
0.05549844354391098
0.06121418625116348
0.05853807553648949
0.05311807245016098
0.06024107709527016
0.066635861992836
0.04408542811870575
0.06489960104227066
0.05133507773280144
0.05014348775148392
0.06313551962375641
0.07336439937353134
0.059850674122571945
0.05470878258347511
0.05829591676592827
0.054721400141716
0.07838496565818787
0.07791014760732651
