0.7312389016151428
0.5261063575744629
0.47227486968040466
0.4342621862888336
0.4100954532623291
0.40315428376197815
0.39088308811187744
0.3726423382759094
0.3915024399757385
0.3701799213886261
0.36474624276161194
0.35780149698257446
0.35066646337509155
0.34135669469833374
0.33815017342567444
0.3406537175178528
0.3419550061225891
0.33888760209083557
0.32801759243011475
0.3276771605014801
0.3415490388870239
0.33872026205062866
0.3111654818058014
0.3250642716884613
0.3402039110660553
0.3122047781944275
0.30917686223983765
0.3151286840438843
0.31733375787734985
0.3292439579963684
0.31843528151512146
0.3156338632106781
0.28864777088165283
0.2974848449230194
0.28650954365730286
0.2946438193321228
0.294114887714386
0.2964387834072113
0.286324143409729
0.29638540744781494
0.2845342457294464
0.2775138318538666
0.2811790108680725
0.2700323462486267
0.2817230224609375
0.2826942801475525
0.2925797700881958
0.25853243470191956
0.2821425795555115
0.2884986698627472
0.27218446135520935
0.273043692111969
0.2581504285335541
0.27234914898872375
0.24602264165878296
0.2471906691789627
0.23861178755760193
0.24898046255111694
0.24498769640922546
0.24321526288986206
0.24254976212978363
0.2395036220550537
0.25138595700263977
0.23718321323394775
0.23548223078250885
0.23839132487773895
0.2243281751871109
0.2237226963043213
0.21848049759864807
0.2460806965827942
0.22840502858161926
0.24211567640304565
0.2427300214767456
0.23940008878707886
0.2231968194246292
0.21481922268867493
0.2297600507736206
0.2401464879512787
0.23386891186237335
0.22165794670581818
0.2045772671699524
0.21026404201984406
0.21057268977165222
0.2098090797662735
0.1990477591753006
0.21645228564739227
0.1834258735179901
0.21343187987804413
0.1763983815908432
0.18775764107704163
0.19143077731132507
0.19363802671432495
0.2097848653793335
0.19138050079345703
0.22304895520210266
0.19578571617603302
0.18122057616710663
0.1736466884613037
0.20097222924232483
0.2050587236881256
0.21657198667526245
0.20132525265216827
0.20264573395252228
0.18564550578594208
0.19412380456924438
0.17579896748065948
0.17326699197292328
0.17498411238193512
0.17591886222362518
0.1646714210510254
0.17640694975852966
0.15965980291366577
0.19285504519939423
0.1711050271987915
0.15532492101192474
0.17879170179367065
0.1595706045627594
0.16855670511722565
0.16330955922603607
0.1551997810602188
0.15894556045532227
0.1434701532125473
0.1558213084936142
0.16290247440338135
0.15702706575393677
0.14271403849124908
0.15348678827285767
0.13549911975860596
0.1408294439315796
0.14444229006767273
0.1650553196668625
0.13662780821323395
0.13055583834648132
0.14368289709091187
0.1451214700937271
0.1401640772819519
0.14046721160411835
0.1408989578485489
0.1313200294971466
0.13555291295051575
0.13112448155879974
0.14322823286056519
0.1352168172597885
0.13528941571712494
0.12956076860427856
0.12000835686922073
0.12822262942790985
0.12587271630764008
0.13029645383358002
0.1162751317024231
0.12542127072811127
0.1342533528804779
0.1082872524857521
0.11565697193145752
0.10289164632558823
0.11747532337903976
0.15120477974414825
0.12730258703231812
0.11103861033916473
0.12168527394533157
0.12137655913829803
0.12096533179283142
0.12043432891368866
0.11246181279420853
0.11272589862346649
0.11202607303857803
0.13333579897880554
0.11705417931079865
0.10363877564668655
0.13396133482456207
0.11519321799278259
0.10720621049404144
0.11991147696971893
0.11592256277799606
0.11008059978485107
0.11745325475931168
0.10689490288496017
0.11080607026815414
0.11750485748052597
0.12902741134166718
0.10818897187709808
0.11937931925058365
0.1129608303308487
0.08368869125843048
0.10707703232765198
0.10105589032173157
0.10082220286130905
0.12503954768180847
0.12001009285449982
0.11759497970342636
0.10724082589149475
0.0988897904753685
0.1020350381731987
0.09727361053228378
0.10163404047489166
0.10355918854475021
0.09991878271102905
0.1001652404665947
0.11017806828022003
0.09357514977455139
0.11654489487409592
0.1087900698184967
0.1081663966178894
0.09885908663272858
0.1022711768746376
0.0902610644698143
0.09621922671794891
0.09143675118684769
0.11143335700035095
0.14172013103961945
0.1102290153503418
0.09652291983366013
0.10834936797618866
0.1015143021941185
0.08988285064697266
0.12037035822868347
0.09766706079244614
0.11410225182771683
0.1006404384970665
0.09487825632095337
0.09230668097734451
0.08213940262794495
0.08215174823999405
0.09768489748239517
0.09727790951728821
0.0927530825138092
0.10273221135139465
0.10517480224370956
0.07048756629228592
0.08709656447172165
0.07363089919090271
0.07776486128568649
0.08114728331565857
0.08904081583023071
0.09103714674711227
0.08258780092000961
0.10569735616445541
0.08500830829143524
0.0970771312713623
0.08425009995698929
0.08206932991743088
0.08620787411928177
0.0911809429526329
0.0801396295428276
0.10312758386135101
0.11164925247430801
0.10269658267498016
0.07870397716760635
0.07240989059209824
0.09913811087608337
0.08286737650632858
0.09253386408090591
0.08616092056035995
0.06969530880451202
0.07331333309412003
0.07254752516746521
0.07776153087615967
0.07363612949848175
0.08135069906711578
0.07391149550676346
0.08154464513063431
0.07900899648666382
0.08149600028991699
0.07109476625919342
0.0764504224061966
0.07948645204305649
0.07908423244953156
0.0949946716427803
0.07591231167316437
0.07255982607603073
0.08978575468063354
0.08105125278234482
0.07927954196929932
0.08306821435689926
0.079548180103302
0.0885491743683815
0.07670007646083832
0.0765327513217926
0.06563914567232132
0.09418770670890808
0.07970228046178818
0.08856998383998871
0.08161898702383041
0.07936561107635498
0.06958874315023422
0.09570574760437012
0.08755042403936386
0.08169779181480408
0.07900767028331757
0.0797928124666214
0.07306162267923355
0.08027410507202148
0.07055496424436569
0.07465589791536331
0.07257932424545288
0.0768897533416748
0.09346986562013626
0.06863895803689957
0.0763741135597229
0.08943318575620651
0.063663549721241
0.06948447972536087
0.08718157559633255
0.07109470665454865
0.07875779271125793
0.06563794612884521
0.08254305273294449
0.06793177872896194
0.07122708857059479
0.07328909635543823
0.08090785145759583
0.06573091447353363
0.07625637948513031
0.06194666773080826
0.06691958010196686
0.05744199827313423
0.08308135718107224
0.07191149145364761
0.06547106057405472
0.0693150982260704
0.0729476660490036
0.06665536761283875
0.07413455098867416
0.0639604702591896
0.05965200066566467
0.06935301423072815
0.07540453225374222
0.07507050037384033
0.07020913809537888
0.06414654850959778
0.07956817001104355
0.07522917538881302
0.06796369701623917
0.07868703454732895
0.05858953669667244
0.08462025970220566
0.04879927262663841
0.06006307527422905
0.0766078308224678
0.06075061485171318
0.0711585059762001
0.062303900718688965
0.06858580559492111
0.0679365023970604
0.06849032640457153
0.07408448308706284
0.05687565729022026
0.06744720041751862
0.05385373905301094
0.0693824291229248
0.08139092475175858
0.06301939487457275
0.05857609584927559
0.06338667124509811
0.06293686479330063
0.051827337592840195
0.06715784966945648
0.0682671070098877
0.06975911557674408
0.07058950513601303
0.06632398813962936
0.06277898699045181
0.06390411406755447
0.0549580343067646
0.07391591370105743
0.05322137847542763
0.05503151938319206
0.06317152082920074
0.06809785217046738
0.052856676280498505
0.05569128692150116
0.06719420850276947
0.05115223303437233
0.05690972879528999
0.06817159056663513
0.05854519456624985
0.047194428741931915
0.06923366338014603
0.07506606727838516
0.0676639974117279
0.0595460943877697
0.08028735965490341
0.061637621372938156
0.06546507775783539
0.05516504868865013
0.05903242155909538
0.059823229908943176
0.05319670960307121
0.055091120302677155
0.06448563933372498
0.06212805584073067
0.07914191484451294
0.05843834578990936
0.0620712973177433
0.056866638362407684
0.07106325030326843
0.06367743015289307
0.05807439237833023
0.056896187365055084
0.051979485899209976
0.08531922101974487
0.0667290911078453
0.05218379944562912
0.062378257513046265
0.05610889568924904
0.07000187784433365
0.0703439712524414
0.05545622855424881
0.0813707634806633
0.0616375170648098
0.06152307987213135
0.06143210455775261
0.05916817858815193
0.06873305886983871
0.048440106213092804
0.06253203004598618
0.09054932743310928
0.07098238170146942
0.06211305782198906
0.055542681366205215
0.07065410166978836
0.06346006691455841
0.056443341076374054
0.05676145851612091
0.05337097868323326
0.04723326116800308
0.055253613740205765
0.047371335327625275
0.06564207375049591
0.056259885430336
0.05698561295866966
0.055999334901571274
0.07044918090105057
0.07118653506040573
0.0794202908873558
0.06176606938242912
0.06369590014219284
0.05451328307390213
0.0817687138915062
0.06633962690830231
0.06692447513341904
0.08127103000879288
0.05372138321399689
0.061790239065885544
0.06597583740949631
0.054508026689291
0.06107226386666298
0.048935577273368835
0.0609290711581707
0.05952754244208336
0.06341162323951721
0.05626033619046211
0.05104685202240944
0.0571710579097271
0.06452427804470062
0.06174900382757187
0.05391889810562134
0.05732166767120361
0.0633019208908081
0.054687388241291046
0.05692095309495926
0.048982806503772736
0.06725726276636124
0.07058196514844894
0.06467379629611969
0.055296603590250015
0.055176082998514175
0.06011457368731499
0.06678707897663116
0.054577820003032684
0.05733988434076309
0.054974738508462906
0.06919930875301361
0.06015663966536522
0.044468946754932404
0.056125491857528687
0.07032682746648788
0.054027337580919266
0.048471540212631226
0.05314118042588234
0.06140158697962761
0.06750217080116272
0.05229099094867706
0.047810450196266174
0.06132839620113373
0.05914570391178131
0.054163940250873566
0.050727616995573044
0.05374888330698013
0.05486374720931053
0.054734572768211365
0.05562382563948631
0.07538345456123352
0.06278455257415771
0.05659830570220947
0.037636350840330124
0.06119776889681816
0.06426744908094406
0.05277756601572037
0.060659121721982956
0.05290278047323227
0.052728503942489624
0.054411381483078
0.0549011304974556
0.04957764595746994
0.06963889300823212
0.04979094862937927
0.0577332079410553
0.04404519125819206
0.047647517174482346
0.06250767409801483
0.055892981588840485
0.05836760625243187
0.07858462631702423
0.04222631826996803
0.06846244633197784
0.044897496700286865
0.0688997358083725
0.0374491848051548
0.06525111198425293
0.04614875093102455
0.05376880615949631
0.052814435213804245
0.048097457736730576
0.043008606880903244
0.06473426520824432
0.05995279178023338
0.04845278710126877
0.06392928957939148
0.05985337123274803
0.05744609236717224
0.06417732685804367
0.04432478919625282
0.06646130234003067
0.04831012338399887
0.06461545079946518
0.06669698655605316
0.06878545135259628
0.06627711653709412
0.06836801767349243
0.05590924248099327
0.06833285838365555
0.04842736944556236
0.04685709998011589
0.06498697400093079
0.05904945731163025
0.056421298533678055
0.050397440791130066
0.057624418288469315
0.05204198509454727
0.05900682508945465
0.054075952619314194
0.047760166227817535
0.06407476216554642
0.04773802310228348
0.05998678505420685
0.051783934235572815
0.057385869324207306
0.05990200862288475
0.04579879716038704
0.05389203503727913
0.04459322988986969
0.053230784833431244
0.049144405871629715
0.0394451729953289
0.05005671828985214
0.0579981654882431
0.05462358891963959
0.05732446163892746
0.0564955435693264
0.04691961780190468
0.06322420388460159
0.04398542642593384
0.06123748794198036
0.0631980374455452
0.03938267379999161
0.0380953811109066
0.05449959263205528
0.05820109695196152
0.05529380962252617
0.0625414103269577
0.04531840607523918
0.0524761825799942
0.06453650444746017
0.05628275126218796
0.06713225692510605
0.04672497510910034
0.057662103325128555
0.046826042234897614
0.04472457244992256
0.05747024342417717
0.06314481794834137
0.055599115788936615
0.056136175990104675
0.05044366046786308
0.036016542464494705
0.06436572968959808
0.06040851026773453
0.0564507395029068
0.05325326323509216
0.057961538434028625
0.0711589828133583
0.0643015131354332
0.04759542644023895
