0.7616763710975647
0.6055390238761902
0.5298042893409729
0.4975396692752838
0.4739137887954712
0.45866090059280396
0.4175090789794922
0.4180159568786621
0.41096967458724976
0.3854638338088989
0.40965309739112854
0.38462066650390625
0.34426769614219666
0.37320318818092346
0.3840872049331665
0.35150429606437683
0.3588349223136902
0.362959086894989
0.35577744245529175
0.3362707495689392
0.33966419100761414
0.35152629017829895
0.3241812586784363
0.3376554250717163
0.34904733300209045
0.31457915902137756
0.31486839056015015
0.31122025847435
0.32044073939323425
0.319195955991745
0.30932843685150146
0.3007381856441498
0.3098280727863312
0.3242785632610321
0.3201919198036194
0.3023608326911926
0.30414631962776184
0.29727378487586975
0.2950283885002136
0.3066564202308655
0.3007010221481323
0.30071327090263367
0.2993810772895813
0.29631882905960083
0.28529810905456543
0.2893742024898529
0.27804896235466003
0.2880944013595581
0.28862646222114563
0.2890576720237732
0.28003740310668945
0.28953731060028076
0.26977676153182983
0.28657013177871704
0.2789171040058136
0.2692992687225342
0.27270784974098206
0.2801041901111603
0.27994483709335327
0.26830780506134033
0.26844966411590576
0.261440634727478
0.27578383684158325
0.2527100145816803
0.2605416476726532
0.27726978063583374
0.26857835054397583
0.2554231584072113
0.2516745328903198
0.27196335792541504
0.25645115971565247
0.25265416502952576
0.2419716715812683
0.2623232305049896
0.2569977343082428
0.2612648606300354
0.2527311444282532
0.2551202178001404
0.2593451142311096
0.2507530450820923
0.2527817487716675
0.2464180886745453
0.2511911690235138
0.24540190398693085
0.23772753775119781
0.2428998351097107
0.23456133902072906
0.23248694837093353
0.24990145862102509
0.24542920291423798
0.25594252347946167
0.24406321346759796
0.2595764696598053
0.24978657066822052
0.24121154844760895
0.23905925452709198
0.23466967046260834
0.22810815274715424
0.22878879308700562
0.23472407460212708
0.2418908327817917
0.24593022465705872
0.23241093754768372
0.23895959556102753
0.22392915189266205
0.23169030249118805
0.21855172514915466
0.22342537343502045
0.22752511501312256
0.22239980101585388
0.22419807314872742
0.2134469747543335
0.20799124240875244
0.22426049411296844
0.2371850609779358
0.2332855463027954
0.22094379365444183
0.21098142862319946
0.21494397521018982
0.21822324395179749
0.22197651863098145
0.22130247950553894
0.19520607590675354
0.20425410568714142
0.219720259308815
0.211166650056839
0.2043626755475998
0.22042889893054962
0.20689715445041656
0.19864153861999512
0.19938068091869354
0.202422097325325
0.20683057606220245
0.1863718181848526
0.19347605109214783
0.19294659793376923
0.19505448639392853
0.1935211420059204
0.20196309685707092
0.19213108718395233
0.19724169373512268
0.20119719207286835
0.19711452722549438
0.19733333587646484
0.19109462201595306
0.20382846891880035
0.2009720653295517
0.2044711709022522
0.17704637348651886
0.1970069706439972
0.1744728982448578
0.17355123162269592
0.18294104933738708
0.19368807971477509
0.19583600759506226
0.18454185128211975
0.19851082563400269
0.18081210553646088
0.17839428782463074
0.20119117200374603
0.19521403312683105
0.20235642790794373
0.17951364815235138
0.17535920441150665
0.17448267340660095
0.1804850995540619
0.17982767522335052
0.17170286178588867
0.18263722956180573
0.18130312860012054
0.1770656555891037
0.17753104865550995
0.18139198422431946
0.1794251799583435
0.18044333159923553
0.1747121661901474
0.16742442548274994
0.17626112699508667
0.16653645038604736
0.16405674815177917
0.17044053971767426
0.16632191836833954
0.18224050104618073
0.18643617630004883
0.163633331656456
0.17981314659118652
0.15781937539577484
0.1653764843940735
0.18202577531337738
0.1713268756866455
0.1661965399980545
0.16223491728305817
0.16565068066120148
0.16469721496105194
0.1593112349510193
0.1603587418794632
0.17192555963993073
0.16825436055660248
0.16547255218029022
0.16135597229003906
0.16871152818202972
0.1659216582775116
0.1537802517414093
0.1638573557138443
0.1609436720609665
0.16256776452064514
0.18141797184944153
0.1647350937128067
0.16204585134983063
0.15380609035491943
0.1507013738155365
0.1685733199119568
0.15961405634880066
0.1647491753101349
0.1473342925310135
0.15122272074222565
0.16015957295894623
0.161295086145401
0.1516343057155609
0.14612598717212677
0.15995000302791595
0.1514252871274948
0.15097877383232117
0.15514664351940155
0.15527789294719696
0.1536833643913269
0.15531475841999054
0.14563636481761932
0.16794227063655853
0.15313318371772766
0.14367438852787018
0.15442080795764923
0.15051448345184326
0.14981599152088165
0.15637058019638062
0.15560081601142883
0.15339745581150055
0.1649957001209259
0.16027142107486725
0.1496254801750183
0.1625080704689026
0.16067926585674286
0.14575783908367157
0.13636453449726105
0.15010134875774384
0.1507858783006668
0.1431228667497635
0.15599271655082703
0.14556795358657837
0.13527163863182068
0.13583171367645264
0.13835467398166656
0.141438826918602
0.14698098599910736
0.15840931236743927
0.1509706676006317
0.14410002529621124
0.1394321620464325
0.15218092501163483
0.14171333611011505
0.14172028005123138
0.14270128309726715
0.14761130511760712
0.1458960622549057
0.15886595845222473
0.1483902782201767
0.14927443861961365
0.1450509876012802
0.1454484462738037
0.1334853172302246
0.13251590728759766
0.1420133262872696
0.13516326248645782
0.15645486116409302
0.13647453486919403
0.1386016607284546
0.14886221289634705
0.15700890123844147
0.1412455290555954
0.14303721487522125
0.1372036337852478
0.1226992979645729
0.13166676461696625
0.14843709766864777
0.1515362709760666
0.14405696094036102
0.12094435840845108
0.14181004464626312
0.14168581366539001
0.13749128580093384
0.15166841447353363
0.1461515724658966
0.14972099661827087
0.14050042629241943
0.1504095196723938
0.1367213875055313
0.14832019805908203
0.14544536173343658
0.13360705971717834
0.14077238738536835
0.14413119852542877
0.12637116014957428
0.1282517910003662
0.141595721244812
0.1399705410003662
0.13990451395511627
0.13894683122634888
0.1408342570066452
0.142353817820549
0.14106912910938263
0.1379675418138504
0.14523650705814362
0.14411580562591553
0.13049189746379852
0.1434778869152069
0.1349814236164093
0.12085412442684174
0.13797612488269806
0.1313387155532837
0.14036604762077332
0.12593430280685425
0.1351485550403595
0.12488190084695816
0.14068277180194855
0.12669934332370758
0.14158520102500916
0.13348062336444855
0.13007034361362457
0.14519527554512024
0.13673314452171326
0.1239783987402916
0.13240887224674225
0.13016153872013092
0.14482443034648895
0.1331321746110916
0.1423081010580063
0.1519661694765091
0.132049560546875
0.1221756637096405
0.14191192388534546
0.1285228431224823
0.12710709869861603
0.12766925990581512
0.12982919812202454
0.14918576180934906
0.12773694097995758
0.13834026455879211
0.1284284144639969
0.12721700966358185
0.12814798951148987
0.13592730462551117
0.12802931666374207
0.1337500959634781
0.12277151644229889
0.13019511103630066
0.12908975780010223
0.13297373056411743
0.1296052634716034
0.1224471852183342
0.12016953527927399
0.13741447031497955
0.13451790809631348
0.12731483578681946
0.14375373721122742
0.12183845043182373
0.1206146702170372
0.12899082899093628
0.13202789425849915
0.12376861274242401
0.13876809179782867
0.13461056351661682
0.1409471184015274
0.1234932541847229
0.12596867978572845
0.13332128524780273
0.1310305893421173
0.13495796918869019
0.1204957589507103
0.1350010335445404
0.12120028585195541
0.12819424271583557
0.11349780857563019
0.1288606822490692
0.1367485374212265
0.1305122822523117
0.14010746777057648
0.13420912623405457
0.1204209253191948
0.1203952357172966
0.12358367443084717
0.12653182446956635
0.1362922489643097
0.1363023966550827
0.13130560517311096
0.12339731305837631
0.11394243687391281
0.12342225760221481
0.13685575127601624
0.1274345964193344
0.12165802717208862
0.1260191947221756
0.12492942065000534
0.12902255356311798
0.10935390740633011
0.1366543471813202
0.13281488418579102
0.12887458503246307
0.12441994994878769
0.1257137805223465
0.1259087771177292
0.12962684035301208
0.11942777037620544
0.1340855360031128
0.11693929880857468
0.12431958317756653
0.13379313051700592
0.12003733962774277
0.1177932396531105
0.126323863863945
0.12104330211877823
0.13407093286514282
0.14132443070411682
0.13788028061389923
0.1229824423789978
0.12687048316001892
0.12579406797885895
0.14223071932792664
0.11590693891048431
0.14216852188110352
0.129643514752388
0.12044546753168106
0.11727975308895111
0.13373516499996185
0.11754339933395386
0.11586625874042511
0.11611863970756531
0.1214134469628334
0.11460636556148529
0.11215773224830627
0.12068967521190643
0.1275923252105713
0.13498848676681519
0.11748600751161575
0.11350735276937485
0.13311439752578735
0.12577997148036957
0.1203952208161354
0.12877464294433594
0.13277150690555573
0.1204676553606987
0.1374502032995224
0.10853373259305954
0.12668614089488983
0.13583891093730927
0.11765281111001968
0.12001694738864899
0.12314707785844803
0.13337746262550354
0.1296069324016571
0.12580691277980804
0.11711462587118149
0.11764374375343323
0.11412329971790314
0.12194091826677322
0.1288367062807083
0.12557990849018097
0.12317783385515213
0.11858654022216797
0.12866249680519104
0.12143290042877197
0.12681448459625244
0.12381748110055923
0.1274322122335434
0.12096347659826279
0.1230078637599945
0.11981882154941559
0.1284496933221817
0.1374523788690567
0.11724276095628738
0.12789644300937653
0.12399659305810928
0.11275965720415115
0.11107950657606125
0.11742319166660309
0.11884704977273941
0.12270938605070114
0.11107887327671051
0.12205129861831665
0.11966002732515335
0.11408782750368118
0.11750319600105286
0.12055705487728119
0.11320453137159348
0.13368678092956543
0.11919920891523361
0.12968680262565613
0.13334500789642334
0.1316811442375183
0.12506310641765594
0.12382937222719193
0.11753281950950623
0.11730650067329407
0.12972648441791534
0.13320322334766388
0.11328424513339996
0.11889206618070602
0.1178256943821907
0.11484748870134354
0.126327246427536
0.12738820910453796
0.11671220511198044
0.12045086175203323
0.11764293164014816
0.12048926949501038
0.11255719512701035
0.10133807361125946
0.13997577130794525
0.1250268667936325
0.11475438624620438
0.1098763644695282
0.12246385961771011
0.11352138221263885
0.1358518749475479
0.1212393268942833
0.11912310868501663
0.12449432164430618
0.1281762272119522
0.1087188869714737
0.11976677179336548
0.12999075651168823
0.12920710444450378
0.10949325561523438
0.11925730109214783
0.11233533918857574
0.11104286462068558
0.11488304287195206
0.12192335724830627
0.12159581482410431
0.12080737203359604
0.11397753655910492
0.1191730797290802
0.11219356209039688
0.10529375821352005
0.11648531258106232
0.11431537568569183
0.11878925561904907
0.12542763352394104
0.10739317536354065
0.11293744295835495
0.13797476887702942
0.10417043417692184
0.11203170567750931
0.11137276142835617
0.11630462110042572
0.1184239387512207
0.1163853332400322
0.12311721593141556
0.11915738135576248
0.12317556142807007
0.1228758692741394
0.12003263086080551
0.11692602932453156
0.1219644546508789
0.13177593052387238
0.12448930740356445
0.11669283360242844
0.11484067887067795
0.12028265744447708
0.1239125058054924
0.1129186749458313
0.13247226178646088
0.11659466475248337
0.11699379235506058
0.11503636837005615
0.11190584301948547
0.12280929088592529
0.11980535835027695
0.12923382222652435
0.12692810595035553
0.11608075350522995
0.11798852682113647
0.1321648210287094
0.1317589282989502
0.12578529119491577
0.11544426530599594
0.11109268665313721
0.11941459029912949
0.11596879363059998
0.10762559622526169
0.11784087121486664
0.1119888424873352
0.10952666401863098
0.1372300684452057
0.11730785667896271
0.11181148886680603
0.12675784528255463
0.11622785776853561
0.10906367748975754
0.10722523182630539
0.130210280418396
0.10906982421875
