0.6122491955757141
0.47030341625213623
0.4211450517177582
0.4015467166900635
0.3898327648639679
0.3722972571849823
0.3735640048980713
0.35994797945022583
0.3594861924648285
0.3410367965698242
0.32927340269088745
0.3529193103313446
0.3205290734767914
0.3288920223712921
0.3440151810646057
0.3240302801132202
0.3343275487422943
0.3244903087615967
0.3157395124435425
0.2956894636154175
0.3179904520511627
0.30595192313194275
0.29346156120300293
0.28846511244773865
0.29222941398620605
0.285419225692749
0.27820098400115967
0.2822719216346741
0.28349438309669495
0.2590567469596863
0.26351040601730347
0.2744094133377075
0.2620083689689636
0.26024848222732544
0.2752551734447479
0.2680925130844116
0.2606351375579834
0.2613184154033661
0.27857348322868347
0.26554635167121887
0.2691357731819153
0.2514268755912781
0.2506158947944641
0.2446899712085724
0.23930349946022034
0.22939033806324005
0.2311646193265915
0.2639484703540802
0.23690161108970642
0.23492740094661713
0.22506307065486908
0.22946706414222717
0.24542514979839325
0.2295251339673996
0.22173193097114563
0.2307719737291336
0.23675920069217682
0.2148185819387436
0.2180689424276352
0.21627260744571686
0.20896179974079132
0.21210815012454987
0.2138308882713318
0.24045822024345398
0.20781339704990387
0.19872038066387177
0.2194046825170517
0.21309518814086914
0.1945352703332901
0.2098938375711441
0.20740504562854767
0.20984143018722534
0.20024223625659943
0.1988644301891327
0.18946494162082672
0.20320309698581696
0.1936458945274353
0.19777773320674896
0.1894395500421524
0.20325320959091187
0.18653233349323273
0.18296459317207336
0.19064326584339142
0.1933344006538391
0.16809360682964325
0.18447786569595337
0.1712529957294464
0.17177025973796844
0.1715126931667328
0.17564237117767334
0.1744624525308609
0.16810475289821625
0.16760192811489105
0.15487948060035706
0.1708400398492813
0.16011905670166016
0.164561465382576
0.165302574634552
0.17145109176635742
0.1582433134317398
0.16782121360301971
0.16526441276073456
0.16299529373645782
0.16467954218387604
0.14735926687717438
0.16736678779125214
0.15702012181282043
0.16032752394676208
0.14253143966197968
0.14059075713157654
0.1565350592136383
0.13708575069904327
0.14364808797836304
0.15337011218070984
0.14113952219486237
0.1428222358226776
0.15110574662685394
0.1513911932706833
0.1741514354944229
0.149983748793602
0.15031294524669647
0.15417751669883728
0.1345697045326233
0.14007040858268738
0.14355210959911346
0.1385039985179901
0.1275983303785324
0.14163926243782043
0.1314171850681305
0.12561404705047607
0.146652951836586
0.1247260570526123
0.1319875568151474
0.1144450306892395
0.11609075963497162
0.12958672642707825
0.11398125439882278
0.12327682971954346
0.11530863493680954
0.1246786117553711
0.10565431416034698
0.1142827719449997
0.116452157497406
0.11431737244129181
0.11511799693107605
0.12721601128578186
0.12150648236274719
0.11167633533477783
0.10752450674772263
0.12026530504226685
0.11821165680885315
0.12642095983028412
0.11193778365850449
0.1084166094660759
0.1074865460395813
0.11240417510271072
0.11200001090765
0.1250748485326767
0.11532603204250336
0.11493182182312012
0.11084777116775513
0.11562996357679367
0.12093064188957214
0.1046283170580864
0.09893393516540527
0.1156638041138649
0.10810240358114243
0.10357650369405746
0.10145077109336853
0.09452462941408157
0.11734859645366669
0.1003943607211113
0.10016653686761856
0.10048457980155945
0.1116885095834732
0.11223989725112915
0.10555245727300644
0.09573473781347275
0.10527978837490082
0.10712475329637527
0.10818148404359818
0.10915043205022812
0.09983845055103302
0.10318752378225327
0.1094236895442009
0.11147428303956985
0.09414970129728317
0.10338221490383148
0.0955946296453476
0.09268392622470856
0.10239768028259277
0.10273496806621552
0.10437532514333725
0.11239246279001236
0.09245307743549347
0.08656895160675049
0.09006953984498978
0.10058308392763138
0.0898650586605072
0.0910654217004776
0.08960508555173874
0.10132396966218948
0.08251023292541504
0.09297721832990646
0.08409015089273453
0.0917942151427269
0.08795259147882462
0.08487524092197418
0.09451612830162048
0.09293194115161896
0.07889975607395172
0.09243519604206085
0.11872938275337219
0.07810229063034058
0.10588257014751434
0.08039000630378723
0.08266523480415344
0.08246419578790665
0.08878609538078308
0.08634936809539795
0.07754289358854294
0.0736917033791542
0.0983959510922432
0.0921352431178093
0.08306267112493515
0.08288905769586563
0.08231037110090256
0.07063640654087067
0.08341199904680252
0.08638210594654083
0.07052361220121384
0.07254531979560852
0.08039380609989166
0.0857439711689949
0.0831877663731575
0.06630793958902359
0.07718268781900406
0.06467463076114655
0.06414677947759628
0.07205715775489807
0.07704614102840424
0.08366204798221588
0.07327935099601746
0.09330447018146515
0.06660126149654388
0.06767097115516663
0.08587797731161118
0.06952385604381561
0.0733194574713707
0.07798022031784058
0.07219356298446655
0.0790964886546135
0.07958698272705078
0.08439699560403824
0.08462491631507874
0.07566691190004349
0.07814537733793259
0.07754325121641159
0.07592623680830002
0.06364177912473679
0.07266775518655777
0.08300246298313141
0.06745067238807678
0.08527851849794388
0.07538239657878876
0.0683797225356102
0.08401253074407578
0.08615705370903015
0.08272919803857803
0.06737134605646133
0.07372982054948807
0.06969846785068512
0.0710817202925682
0.06861861795186996
0.08679671585559845
0.07810518145561218
0.07497740536928177
0.07358596473932266
0.073372982442379
0.06515218317508698
0.06555502861738205
0.06096908822655678
0.06352429836988449
0.06880833953619003
0.08341818302869797
0.07228028029203415
0.0595565102994442
0.08027148246765137
0.0629245713353157
0.07263171672821045
0.07859064638614655
0.06664493680000305
0.07554612308740616
0.060956552624702454
0.07150834798812866
0.060917340219020844
0.07610730081796646
0.06808539479970932
0.07423638552427292
0.06847657263278961
0.06533019244670868
0.06078581139445305
0.058363400399684906
0.06901660561561584
0.05515904352068901
0.0652068629860878
0.062164388597011566
0.06790321320295334
0.0714331790804863
0.06686276942491531
0.061725374311208725
0.06789027154445648
0.05549274757504463
0.06910602748394012
0.06364399194717407
0.06401118636131287
0.06810932606458664
0.0633067861199379
0.0602107048034668
0.05769389867782593
0.06598775088787079
0.062141090631484985
0.07060336321592331
0.058301229029893875
0.059071872383356094
0.05264997109770775
0.07406754791736603
0.06272152811288834
0.057543497532606125
0.05779055878520012
0.05427612364292145
0.05046879127621651
0.05206432566046715
0.07183068990707397
0.06183132901787758
0.06938090920448303
0.06332391500473022
0.06076633930206299
0.0546347051858902
0.061447203159332275
0.059672459959983826
0.05840093642473221
0.05427735298871994
0.05976053699851036
0.06728702783584595
0.05650635436177254
0.05231244117021561
0.05138155445456505
0.0579632967710495
0.05856286361813545
0.05863881856203079
0.05959911271929741
0.05773730203509331
0.057855427265167236
0.05501694977283478
0.06580588966608047
0.06287881731987
0.060373153537511826
0.055690206587314606
0.059132639318704605
0.07175067067146301
0.06603900343179703
0.04800141602754593
0.06363545358181
0.0546083077788353
0.05626704543828964
0.059532538056373596
0.06450308859348297
0.06226935237646103
0.0555332712829113
0.07160179316997528
0.05172966420650482
0.05985426902770996
0.06102151423692703
0.07948462665081024
0.054892875254154205
0.060074254870414734
0.05725410208106041
0.059162549674510956
0.060662414878606796
0.06622672080993652
0.07334811240434647
0.04713017866015434
0.04694688320159912
0.05574176460504532
0.055036187171936035
0.06922236829996109
0.05529223755002022
0.05790231004357338
0.054921794682741165
0.04331513121724129
0.04479923099279404
0.05044511705636978
0.054131753742694855
0.051300644874572754
0.06752408295869827
0.06195435672998428
0.06582686305046082
0.062291618436574936
0.044521890580654144
0.04726790264248848
0.06148030608892441
0.05148068070411682
0.05783511698246002
0.06068918853998184
0.06677700579166412
0.053101152181625366
0.06145854666829109
0.05237385630607605
0.051933471113443375
0.0448143370449543
0.04994683712720871
0.054614610970020294
0.05483144149184227
0.06418988853693008
0.04181529954075813
0.05495205149054527
0.0513855516910553
0.050262611359357834
0.05088299140334129
0.058769553899765015
0.05809197947382927
0.04131871089339256
0.047979291528463364
0.06767299771308899
0.05440211668610573
0.05091337487101555
0.051860690116882324
0.060020025819540024
0.05391282960772514
0.04809413477778435
0.04860059171915054
0.050697728991508484
0.04751432314515114
0.053434863686561584
0.046613238751888275
0.05712217465043068
0.04945363104343414
0.060519490391016006
0.06323117762804031
0.04022945091128349
0.06206155940890312
0.048238642513751984
0.061366427689790726
0.05531400814652443
0.04387925937771797
0.04960525780916214
0.05476723611354828
0.06860139966011047
0.0409255176782608
0.042627040296792984
0.044256437569856644
0.040656205266714096
0.04932741820812225
0.055869825184345245
0.05771086737513542
0.042144663631916046
0.06006729230284691
0.05552022531628609
0.048691656440496445
0.048184577375650406
0.05061294510960579
0.05547294765710831
0.04452987015247345
0.06013660505414009
0.04695054888725281
0.07025114446878433
0.04198015481233597
0.059621378779411316
0.05205433815717697
0.043213702738285065
0.050396837294101715
0.06203322857618332
0.04343893378973007
0.04491422697901726
0.04375167191028595
0.05141906440258026
0.056627292186021805
0.04281553253531456
0.04990287125110626
0.04737609624862671
0.040420085191726685
0.039590563625097275
0.0413530059158802
0.05151858553290367
0.05654410645365715
0.04349488765001297
0.061598554253578186
0.07016827166080475
0.06525704264640808
0.06971093267202377
0.056670695543289185
0.047589387744665146
0.051107004284858704
0.05305028706789017
0.044395145028829575
0.04878948628902435
0.06776981055736542
0.04025360196828842
0.061761826276779175
0.056775446981191635
0.05496838688850403
0.047759510576725006
0.05369332432746887
0.04896976798772812
0.06835805624723434
0.04585456848144531
0.0458030141890049
0.03233093023300171
0.049351200461387634
0.04954115301370621
0.05058550089597702
0.049671370536088943
0.05315796658396721
0.049184247851371765
0.05475145950913429
0.058849871158599854
0.03998153284192085
0.06337739527225494
0.059466056525707245
0.05703198164701462
0.05900575593113899
0.04492220655083656
0.053310953080654144
0.04148054122924805
0.05279413238167763
0.0532163642346859
0.044795770198106766
0.04414660856127739
0.047303199768066406
0.049127425998449326
0.04461374133825302
0.05042070895433426
0.05025617778301239
0.04728364571928978
0.0555284321308136
0.04797668009996414
0.032062552869319916
0.0519893504679203
0.055309247225522995
0.08260910958051682
0.05251499265432358
0.051835592836141586
0.04547131434082985
0.0405745767056942
0.0630905032157898
0.04910574108362198
0.050477661192417145
0.045989394187927246
0.04549888148903847
0.0434400849044323
0.04375820979475975
0.048621322959661484
0.04465888813138008
0.053087055683135986
0.0606314092874527
0.05116673558950424
0.05413353815674782
0.04258527234196663
0.0518299825489521
0.048934534192085266
0.04608200117945671
0.04643167927861214
0.051625337451696396
0.046110380440950394
0.0466986745595932
0.04518740996718407
0.051481038331985474
0.0494765043258667
0.05248366296291351
0.05408014729619026
0.05302726477384567
0.04090334102511406
0.04485584795475006
0.03983169049024582
0.04546434432268143
0.04298579692840576
0.04591851681470871
0.05127619951963425
0.051452577114105225
0.04773767665028572
0.05136117339134216
0.04664388298988342
0.04750625044107437
0.052863407880067825
0.045539069920778275
0.0447244867682457
0.05512130632996559
0.05010315403342247
0.05601727217435837
0.05073091760277748
0.050918351858854294
0.05064419284462929
0.04273022338747978
0.050109732896089554
0.03937435895204544
0.04533893242478371
0.039645835757255554
0.04451247677206993
0.04703203961253166
0.04471345245838165
0.04771381616592407
