0.806982696056366
0.7204807996749878
0.692449152469635
0.6433137059211731
0.6050462126731873
0.6016536355018616
0.5745620727539062
0.5377278327941895
0.5238536596298218
0.49857205152511597
0.5083641409873962
0.48983773589134216
0.47900599241256714
0.4657551348209381
0.460092693567276
0.47223562002182007
0.47198399901390076
0.44801440834999084
0.4356098473072052
0.4285091161727905
0.4434937536716461
0.4287174940109253
0.39925771951675415
0.400333046913147
0.39687255024909973
0.39634957909584045
0.41265782713890076
0.3952596187591553
0.40393680334091187
0.3751161992549896
0.4003954231739044
0.40204918384552
0.38024553656578064
0.40029388666152954
0.37979352474212646
0.39303213357925415
0.37905067205429077
0.37816640734672546
0.39409783482551575
0.3706299364566803
0.3622329831123352
0.37581661343574524
0.3592529296875
0.36882662773132324
0.36670947074890137
0.35359716415405273
0.3784751296043396
0.34588441252708435
0.36577108502388
0.3492230176925659
0.35091114044189453
0.3594396114349365
0.34820792078971863
0.3473219573497772
0.35981789231300354
0.3574582636356354
0.34638547897338867
0.3547881543636322
0.35073164105415344
0.3426855802536011
0.34487998485565186
0.3345195949077606
0.30785101652145386
0.3267142176628113
0.3338724374771118
0.3362882733345032
0.34230703115463257
0.3296840488910675
0.3470163345336914
0.3273383378982544
0.3354215621948242
0.3265676200389862
0.30137690901756287
0.3100079298019409
0.32885977625846863
0.31362196803092957
0.31727418303489685
0.3002285957336426
0.3212192952632904
0.3095723092556
0.3134032189846039
0.3143373429775238
0.31039804220199585
0.3131151497364044
0.3082679808139801
0.3067336678504944
0.3092759847640991
0.3101033568382263
0.31941336393356323
0.2995470464229584
0.3152346611022949
0.31740492582321167
0.2929224669933319
0.30795547366142273
0.31380152702331543
0.2931167781352997
0.305789977312088
0.3117428719997406
0.30980515480041504
0.2948867082595825
0.28098738193511963
0.2971734404563904
0.3003676235675812
0.3039310872554779
0.28314128518104553
0.27656057476997375
0.29432615637779236
0.2826402187347412
0.2824362516403198
0.2729060649871826
0.278653085231781
0.27339839935302734
0.27774107456207275
0.29370924830436707
0.27025631070137024
0.2742573320865631
0.2821916341781616
0.26965126395225525
0.25613167881965637
0.2608721852302551
0.2625514566898346
0.26455777883529663
0.27175140380859375
0.26822933554649353
0.26154062151908875
0.26801714301109314
0.2837171256542206
0.26612576842308044
0.2637462317943573
0.2763437330722809
0.2820424437522888
0.269448459148407
0.2550394833087921
0.28370770812034607
0.2698041796684265
0.26168566942214966
0.2704269587993622
0.27051860094070435
0.27280521392822266
0.27677688002586365
0.269361287355423
0.2610355615615845
0.2666483223438263
0.24957862496376038
0.2601810693740845
0.2730884850025177
0.2707509696483612
0.2508513927459717
0.2724519968032837
0.2759213447570801
0.25300320982933044
0.260609894990921
0.2586808204650879
0.26748979091644287
0.261336088180542
0.23823435604572296
0.26173707842826843
0.2604712247848511
0.25336596369743347
0.2491741180419922
0.23651230335235596
0.24556399881839752
0.2664039731025696
0.2652808427810669
0.2649780511856079
0.251697301864624
0.2489718794822693
0.23507781326770782
0.24188971519470215
0.23293451964855194
0.2456495314836502
0.23955053091049194
0.23251909017562866
0.23106428980827332
0.24852244555950165
0.2448541224002838
0.25293999910354614
0.24267171323299408
0.2395024448633194
0.24428924918174744
0.25262632966041565
0.24926641583442688
0.23939329385757446
0.24662549793720245
0.2284257560968399
0.2395477592945099
0.22331589460372925
0.23190103471279144
0.22228752076625824
0.2248847633600235
0.24114391207695007
0.22703076899051666
0.23141391575336456
0.23786762356758118
0.2304753065109253
0.21876998245716095
0.2101954221725464
0.2188795804977417
0.23819799721240997
0.2272295206785202
0.22104880213737488
0.20606833696365356
0.20995283126831055
0.2344561666250229
0.22278288006782532
0.2273849993944168
0.23645801842212677
0.21314483880996704
0.23021270334720612
0.23570843040943146
0.23294362425804138
0.22366148233413696
0.22386911511421204
0.23641695082187653
0.22941777110099792
0.23029503226280212
0.22849313914775848
0.21717578172683716
0.23084738850593567
0.2159215807914734
0.22130624949932098
0.22645385563373566
0.202997088432312
0.2218972146511078
0.23314809799194336
0.22294768691062927
0.20649072527885437
0.23561280965805054
0.23163338005542755
0.22828330099582672
0.22154578566551208
0.22171515226364136
0.21499836444854736
0.22313307225704193
0.2127528190612793
0.21469151973724365
0.21461006999015808
0.21828491985797882
0.21552017331123352
0.23312321305274963
0.2162340134382248
0.21360640227794647
0.22428439557552338
0.1929304599761963
0.2069181203842163
0.2251463383436203
0.20986947417259216
0.22207817435264587
0.2022380381822586
0.20842452347278595
0.20845279097557068
0.22458165884017944
0.21241304278373718
0.22345776855945587
0.20900294184684753
0.20724347233772278
0.2114788293838501
0.2193281501531601
0.21392019093036652
0.22160938382148743
0.19839173555374146
0.21413497626781464
0.2188657969236374
0.212265744805336
0.19775880873203278
0.20452669262886047
0.20705409348011017
0.21661177277565002
0.22834117710590363
0.2009180635213852
0.1984364092350006
0.21164055168628693
0.22096915543079376
0.21258166432380676
0.20439735054969788
0.20057529211044312
0.21187694370746613
0.2226586788892746
0.20858660340309143
0.2103922963142395
0.20206546783447266
0.21364189684391022
0.21399924159049988
0.19882221519947052
0.2021734118461609
0.20199953019618988
0.19932758808135986
0.1998274177312851
0.19769877195358276
0.19564804434776306
0.21347685158252716
0.19704996049404144
0.19948026537895203
0.20328126847743988
0.21445049345493317
0.18608435988426208
0.21250085532665253
0.210459366440773
0.18660157918930054
0.21604736149311066
0.2145869880914688
0.2247695028781891
0.20751066505908966
0.19231374561786652
0.2020510882139206
0.21496035158634186
0.1973980963230133
0.20191974937915802
0.20525915920734406
0.21065545082092285
0.20008930563926697
0.19787338376045227
0.21375231444835663
0.20517830550670624
0.20467056334018707
0.20182883739471436
0.2079380750656128
0.19895093142986298
0.18549279868602753
0.20786520838737488
0.18650920689105988
0.19825224578380585
0.20278003811836243
0.19158494472503662
0.20832382142543793
0.20171815156936646
0.1868128776550293
0.19682200253009796
0.20650577545166016
0.21219518780708313
0.19000326097011566
0.18600356578826904
0.1903054565191269
0.19305895268917084
0.2049039751291275
0.18736107647418976
0.19558119773864746
0.19919683039188385
0.20625492930412292
0.1961919069290161
0.1935073286294937
0.19806863367557526
0.19181348383426666
0.1751168668270111
0.2042941451072693
0.1904306411743164
0.20894192159175873
0.18863919377326965
0.18034474551677704
0.19193868339061737
0.20032884180545807
0.19034555554389954
0.18912196159362793
0.17175109684467316
0.19859042763710022
0.1855608969926834
0.19500091671943665
0.18439824879169464
0.18361224234104156
0.1833328902721405
0.1921708583831787
0.18080885708332062
0.18500855565071106
0.1932184249162674
0.18891330063343048
0.18766266107559204
0.2028834968805313
0.19985614717006683
0.19120559096336365
0.19226232171058655
0.20080067217350006
0.18797804415225983
0.19758036732673645
0.1796381175518036
0.19539254903793335
0.18978749215602875
0.19468985497951508
0.1873636096715927
0.18824872374534607
0.1939438134431839
0.1918027698993683
0.18760541081428528
0.1789838671684265
0.19646421074867249
0.20093417167663574
0.18407893180847168
0.19698312878608704
0.19103360176086426
0.19352038204669952
0.1936752051115036
0.19419772922992706
0.18078604340553284
0.173813596367836
0.19215156137943268
0.17684252560138702
0.194270521402359
0.19520391523838043
0.19860278069972992
0.18773885071277618
0.18839673697948456
0.1800401359796524
0.20478594303131104
0.20024648308753967
0.19048342108726501
0.18836253881454468
0.19470234215259552
0.1986127495765686
0.18933185935020447
0.19067835807800293
0.20103222131729126
0.1917816549539566
0.20653466880321503
0.1984270066022873
0.18391236662864685
0.18306107819080353
0.1784496009349823
0.17611736059188843
0.17592306435108185
0.17377620935440063
0.18983332812786102
0.1811257302761078
0.20847241580486298
0.1973377913236618
0.1916864514350891
0.1962185800075531
0.1881485879421234
0.20610681176185608
0.18251240253448486
0.18015548586845398
0.19258783757686615
0.18545565009117126
0.18378351628780365
0.19687974452972412
0.19313400983810425
0.19856610894203186
0.19276611506938934
0.17296883463859558
0.1856931746006012
0.18907882273197174
0.18222273886203766
0.1830672025680542
0.1775708794593811
0.1896231323480606
0.18479764461517334
0.18691250681877136
0.19118188321590424
0.19337676465511322
0.1810312420129776
0.1860537827014923
0.18398402631282806
0.18606244027614594
0.20146647095680237
0.17835456132888794
0.1813235878944397
0.18422774970531464
0.18069642782211304
0.1894899159669876
0.18513834476470947
0.18268635869026184
0.17256766557693481
0.186544731259346
0.1903647482395172
0.17979590594768524
0.18112191557884216
0.19757531583309174
0.17999352514743805
0.1917532980442047
0.17775879800319672
0.18393288552761078
0.18581195175647736
0.2011221945285797
0.17684726417064667
0.19595398008823395
0.18767978250980377
0.17730779945850372
0.16243495047092438
0.1813742220401764
0.159060537815094
0.1814272403717041
0.1862662434577942
0.20147565007209778
0.17497847974300385
0.1892339587211609
0.20154279470443726
0.16537652909755707
0.1813783198595047
0.1855192482471466
0.1822625696659088
0.18706589937210083
0.1916971355676651
0.1798115074634552
0.18936748802661896
0.170144185423851
0.17557293176651
0.1820984184741974
0.18319100141525269
0.1998162418603897
0.19612295925617218
0.1773071140050888
0.20702338218688965
0.17756438255310059
0.17701080441474915
0.17262002825737
0.17643597722053528
0.1833362728357315
0.18448638916015625
0.1944866180419922
0.20302973687648773
0.1714201122522354
0.1892782747745514
0.17190538346767426
0.18537913262844086
0.18353000283241272
0.18147128820419312
0.1777285784482956
0.185144305229187
0.18575327098369598
0.16891640424728394
0.1947173774242401
0.1855785846710205
0.18835105001926422
0.1693919152021408
0.19267284870147705
0.17312416434288025
0.18200543522834778
0.18275122344493866
0.17962801456451416
0.18514475226402283
0.18570086359977722
0.18531812727451324
0.18971669673919678
0.17513202130794525
0.17549148201942444
0.18929076194763184
0.1829584240913391
0.1823444366455078
0.15938103199005127
0.1640857458114624
0.1842537522315979
0.18338853120803833
0.17383632063865662
0.18272145092487335
0.182623028755188
0.18033038079738617
0.18560625612735748
0.17894911766052246
0.17892059683799744
0.1782762110233307
0.18714450299739838
0.18189723789691925
0.17851662635803223
0.17988066375255585
0.1691397726535797
0.18444222211837769
0.1944909691810608
0.1763460487127304
0.19064120948314667
0.17341138422489166
0.17547939717769623
0.1774381548166275
0.17171093821525574
0.1780158281326294
0.1923157274723053
0.1854488104581833
0.18129213154315948
0.18417970836162567
0.17164507508277893
0.1715504676103592
0.19978117942810059
0.18318046629428864
0.18539245426654816
0.17858408391475677
0.16608332097530365
0.17993462085723877
0.18067970871925354
0.18027082085609436
0.161154106259346
0.16672654449939728
0.1772589236497879
0.17481034994125366
0.17572227120399475
0.17015278339385986
0.18535181879997253
0.17620278894901276
0.1843654066324234
0.17812494933605194
0.182020366191864
0.18602512776851654
0.1880866140127182
0.189396932721138
0.1889345794916153
0.1838148683309555
0.18690817058086395
0.17665879428386688
0.16771824657917023
0.1783856302499771
0.18089307844638824
0.19124698638916016
0.16514787077903748
0.18671900033950806
0.1803438812494278
