0.6966914534568787
0.6492045521736145
0.6220478415489197
0.6261528730392456
0.6120913028717041
0.6008145213127136
0.5935773253440857
0.5676895976066589
0.568609893321991
0.5824006795883179
0.5708151459693909
0.5629783272743225
0.5580583214759827
0.561817467212677
0.5553978681564331
0.5367084741592407
0.5417668223381042
0.5357440710067749
0.529634952545166
0.5281413793563843
0.5137560367584229
0.5272408723831177
0.5209088921546936
0.507648229598999
0.4851539134979248
0.49808529019355774
0.4889793395996094
0.5122177004814148
0.4651586711406708
0.49552780389785767
0.4610840976238251
0.4712533950805664
0.4595428705215454
0.47852155566215515
0.45079222321510315
0.44413575530052185
0.4384044408798218
0.45011958479881287
0.4479599595069885
0.4284992218017578
0.4178449809551239
0.4288187325000763
0.4487651288509369
0.44891923666000366
0.43175992369651794
0.4155372679233551
0.4245539903640747
0.40731844305992126
0.3911273777484894
0.40372613072395325
0.3826201558113098
0.40416091680526733
0.41952985525131226
0.4303205609321594
0.40784865617752075
0.40838465094566345
0.40517356991767883
0.38565489649772644
0.3864555358886719
0.3952680826187134
0.4003586769104004
0.39547452330589294
0.40661150217056274
0.3766646981239319
0.38180816173553467
0.3720206022262573
0.38029220700263977
0.3790065348148346
0.3766416907310486
0.3732025623321533
0.41461437940597534
0.3627917766571045
0.38545018434524536
0.3802683353424072
0.3630205988883972
0.37828293442726135
0.35364046692848206
0.3487246632575989
0.35290616750717163
0.35950616002082825
0.3540509045124054
0.39497819542884827
0.3691510260105133
0.3695845901966095
0.3720438480377197
0.3439050018787384
0.362892746925354
0.36828291416168213
0.36369284987449646
0.3392849266529083
0.34487637877464294
0.38716450333595276
0.3599889576435089
0.36417990922927856
0.35955381393432617
0.3569049835205078
0.3617974519729614
0.3425273895263672
0.3548610508441925
0.32879915833473206
0.35266950726509094
0.36124730110168457
0.36211928725242615
0.3567778468132019
0.33735817670822144
0.3461712598800659
0.3453773558139801
0.35397252440452576
0.3420317471027374
0.3302077054977417
0.3274553716182709
0.32005879282951355
0.3284849226474762
0.32977721095085144
0.33061134815216064
0.35036560893058777
0.34005096554756165
0.3446770906448364
0.3513481914997101
0.3560579717159271
0.34092795848846436
0.33536621928215027
0.3391839563846588
0.35562410950660706
0.34017354249954224
0.3379247188568115
0.3174697458744049
0.33526015281677246
0.3413695693016052
0.3348923325538635
0.31226927042007446
0.3273000717163086
0.32648327946662903
0.3021826446056366
0.3276609480381012
0.3212902247905731
0.3210996389389038
0.34132251143455505
0.3240194022655487
0.3266773521900177
0.3146945536136627
0.3166329562664032
0.33109524846076965
0.327919065952301
0.32128944993019104
0.33851465582847595
0.3242954909801483
0.3228006362915039
0.29247477650642395
0.3303642272949219
0.306645929813385
0.3290359079837799
0.302055299282074
0.3117733299732208
0.2891969680786133
0.33295613527297974
0.29062458872795105
0.31033456325531006
0.31313762068748474
0.30542463064193726
0.31514376401901245
0.29513096809387207
0.3142377436161041
0.31366291642189026
0.29795971512794495
0.3002464771270752
0.34875747561454773
0.31380826234817505
0.31249719858169556
0.28703078627586365
0.3077320456504822
0.27741265296936035
0.30293798446655273
0.2977782189846039
0.316060870885849
0.30531489849090576
0.29964742064476013
0.29263830184936523
0.3049317002296448
0.29085782170295715
0.3075774312019348
0.2996238172054291
0.26329296827316284
0.29762423038482666
0.3079894781112671
0.2909106910228729
0.27452680468559265
0.27921873331069946
0.2751586139202118
0.3106227219104767
0.2839006185531616
0.27808141708374023
0.2857649624347687
0.29235580563545227
0.28598231077194214
0.26825955510139465
0.29395991563796997
0.3009667694568634
0.2789168655872345
0.2849311828613281
0.2966587245464325
0.28201740980148315
0.28576019406318665
0.2757926881313324
0.26937100291252136
0.2861554026603699
0.26663270592689514
0.2826838791370392
0.28968653082847595
0.28356003761291504
0.28530237078666687
0.2704678475856781
0.2888089120388031
0.2852645218372345
0.279591828584671
0.29508158564567566
0.2773958146572113
0.2598802149295807
0.2853776812553406
0.27009057998657227
0.2560489773750305
0.27518728375434875
0.27323535084724426
0.27004945278167725
0.2610871493816376
0.27015548944473267
0.2856973111629486
0.2743237316608429
0.2649398148059845
0.25919488072395325
0.2510116696357727
0.26811888813972473
0.2852140963077545
0.28523215651512146
0.22788694500923157
0.25692158937454224
0.26588743925094604
0.2757575511932373
0.2612655758857727
0.25953567028045654
0.2585386037826538
0.27526697516441345
0.25686997175216675
0.27147021889686584
0.24700695276260376
0.25820353627204895
0.2606295049190521
0.2787066102027893
0.29304438829421997
0.25764891505241394
0.2518960237503052
0.2727081775665283
0.2828201651573181
0.2462143748998642
0.24317815899848938
0.26333585381507874
0.27067309617996216
0.2395012378692627
0.2580718696117401
0.25388988852500916
0.2343561351299286
0.2686153054237366
0.26643720269203186
0.2496822327375412
0.2621104121208191
0.255696177482605
0.23132659494876862
0.24895721673965454
0.2634281516075134
0.26423773169517517
0.24595394730567932
0.24833810329437256
0.24836716055870056
0.24560494720935822
0.24465374648571014
0.2430628091096878
0.254961758852005
0.2412993311882019
0.26866447925567627
0.24124863743782043
0.25423580408096313
0.24161650240421295
0.26351746916770935
0.2395128458738327
0.2477394938468933
0.23679882287979126
0.2534829378128052
0.23963074386119843
0.2278544306755066
0.2447143942117691
0.23539702594280243
0.2412605583667755
0.2597362697124481
0.24294400215148926
0.2257201075553894
0.22753538191318512
0.2389441281557083
0.2435060739517212
0.22577494382858276
0.23485900461673737
0.2425675392150879
0.22982633113861084
0.2570553123950958
0.25059813261032104
0.23804321885108948
0.21377922594547272
0.2185850739479065
0.23475591838359833
0.21261218190193176
0.2363956719636917
0.2375062108039856
0.22592923045158386
0.20866581797599792
0.25823721289634705
0.25685998797416687
0.2231808453798294
0.2339640110731125
0.21192340552806854
0.23548850417137146
0.21384266018867493
0.2290133237838745
0.25053003430366516
0.22258280217647552
0.20706060528755188
0.2572135627269745
0.22452816367149353
0.23187564313411713
0.24550507962703705
0.24705161154270172
0.2299327403306961
0.23575539886951447
0.24418580532073975
0.23826156556606293
0.2242819219827652
0.24380920827388763
0.23515678942203522
0.22737525403499603
0.2257644087076187
0.243172287940979
0.245579794049263
0.21931472420692444
0.23306474089622498
0.22532238066196442
0.2317127287387848
0.21851715445518494
0.2257865071296692
0.22648397088050842
0.22471757233142853
0.24229347705841064
0.21824073791503906
0.23515383899211884
0.2471056580543518
0.21525214612483978
0.22881701588630676
0.22037121653556824
0.22859764099121094
0.2157619595527649
0.23308111727237701
0.2228584885597229
0.21847406029701233
0.2023208737373352
0.22499968111515045
0.2238055318593979
0.2535362243652344
0.2253713458776474
0.22299757599830627
0.22300951182842255
0.22196494042873383
0.23113158345222473
0.2199113965034485
0.21610704064369202
0.22949346899986267
0.21773388981819153
0.24178417026996613
0.21263062953948975
0.23704150319099426
0.2339933216571808
0.23133662343025208
0.21808496117591858
0.22697173058986664
0.20753483474254608
0.23998452723026276
0.20515820384025574
0.2288646697998047
0.2152983546257019
0.21741721034049988
0.2128724604845047
0.22592362761497498
0.21104775369167328
0.2186497002840042
0.19588881731033325
0.23318873345851898
0.21872128546237946
0.2287348359823227
0.22979237139225006
0.21705962717533112
0.23194189369678497
0.19435758888721466
0.23047982156276703
0.20997574925422668
0.23165921866893768
0.21838633716106415
0.23626060783863068
0.2211187481880188
0.2357807755470276
0.22710870206356049
0.21966122090816498
0.22421607375144958
0.22190812230110168
0.21794715523719788
0.21139191091060638
0.21726031601428986
0.23482249677181244
0.21809007227420807
0.2254430055618286
0.21842078864574432
0.19561390578746796
0.21423013508319855
0.21760079264640808
0.23575277626514435
0.2177494317293167
0.21488268673419952
0.21003566682338715
0.2038501799106598
0.20058169960975647
0.20731836557388306
0.24148838222026825
0.2089361697435379
0.2001163512468338
0.22679956257343292
0.2162839025259018
0.20829837024211884
0.2154248207807541
0.2090531289577484
0.21084585785865784
0.21065688133239746
0.21588757634162903
0.22988608479499817
0.22022758424282074
0.20042070746421814
0.20701515674591064
0.21342264115810394
0.20472989976406097
0.19252602756023407
0.21596360206604004
0.24621665477752686
0.21554605662822723
0.224590003490448
0.20212887227535248
0.19115909934043884
0.20567773282527924
0.2181296944618225
0.205030620098114
0.2008499652147293
0.19358275830745697
0.21776741743087769
0.20732243359088898
0.21641483902931213
0.2050616294145584
0.20302890241146088
0.19673128426074982
0.21394363045692444
0.2424004077911377
0.19014179706573486
0.21007297933101654
0.2272503525018692
0.22164729237556458
0.22527077794075012
0.22133727371692657
0.1966860294342041
0.20979458093643188
0.19910132884979248
0.22689348459243774
0.18985307216644287
0.20824822783470154
0.20999525487422943
0.21587727963924408
0.20136165618896484
0.21004295349121094
0.18389827013015747
0.2074219435453415
0.1926048845052719
0.21462470293045044
0.22927254438400269
0.225020632147789
0.19729384779930115
0.22567541897296906
0.21677275002002716
0.20197008550167084
0.22002343833446503
0.18965888023376465
0.2166081666946411
0.22375217080116272
0.222886860370636
0.2127021700143814
0.20247450470924377
0.20579229295253754
0.2105761170387268
0.20669007301330566
0.2033679038286209
0.23036818206310272
0.18968603014945984
0.21678881347179413
0.21453861892223358
0.23755398392677307
0.19227595627307892
0.20196057856082916
0.20596843957901
0.20351319015026093
0.2181382179260254
0.2240087389945984
0.22421912848949432
0.21863313019275665
0.20275995135307312
0.20091573894023895
0.20117296278476715
0.20740309357643127
0.21875514090061188
0.2168324589729309
0.19269971549510956
0.21226701140403748
0.2172480821609497
0.19830968976020813
0.18888334929943085
0.2286710888147354
0.19227130711078644
0.21564950048923492
0.19853080809116364
0.20908743143081665
0.22075426578521729
0.2013196349143982
0.18715447187423706
0.18433956801891327
0.20964622497558594
0.19371740520000458
0.20154160261154175
0.2106548249721527
0.19506609439849854
0.21443143486976624
0.22079096734523773
0.19520233571529388
0.19628962874412537
0.20716027915477753
0.2165221869945526
0.21297048032283783
0.1934242695569992
0.1934063583612442
0.21168822050094604
0.20769381523132324
0.18711739778518677
0.19308613240718842
0.22172386944293976
0.22447744011878967
0.20433667302131653
0.19138824939727783
0.21502366662025452
0.2110041230916977
0.19374676048755646
0.21538123488426208
0.193790465593338
0.2135801464319229
0.19814914464950562
0.20635853707790375
0.20624327659606934
0.22601591050624847
0.21794824302196503
0.2012832760810852
0.20654258131980896
0.22194288671016693
0.19386667013168335
0.19404186308383942
0.22385413944721222
0.2171124368906021
0.19338493049144745
0.21451209485530853
0.19945558905601501
0.18880489468574524
0.20843517780303955
0.18593895435333252
0.23178879916667938
0.21019628643989563
0.19942203164100647
0.20940378308296204
0.19208377599716187
0.19651445746421814
0.2073572874069214
0.21347001194953918
0.2302618771791458
0.20301340520381927
0.19612538814544678
0.19960761070251465
0.19813668727874756
0.19206349551677704
0.19540272653102875
0.19717516005039215
0.2043588012456894
0.2023189663887024
0.1977585256099701
0.1929444819688797
0.19764788448810577
0.21049252152442932
0.19663840532302856
0.19466720521450043
0.1929766982793808
0.19910979270935059
0.22899962961673737
0.18263143301010132
0.18923282623291016
0.19308145344257355
0.2142850011587143
0.20885588228702545
0.18965862691402435
0.1954774409532547
0.19316242635250092
0.2117547243833542
0.21665427088737488
0.17422878742218018
0.21563449501991272
0.204317107796669
0.2146388739347458
0.18667607009410858
0.19475917518138885
0.19292277097702026
0.1885756105184555
0.20978465676307678
0.20436519384384155
0.19630618393421173
0.1981271654367447
0.19892196357250214
0.20211607217788696
0.20012372732162476
0.1965406835079193
0.18952126801013947
0.1780882328748703
0.20802278816699982
0.20039846003055573
0.22537875175476074
0.20247617363929749
0.203563392162323
0.19646674394607544
0.2123519331216812
0.19699925184249878
0.20363272726535797
0.20209194719791412
0.1953035593032837
0.18279191851615906
0.18625634908676147
0.18323080241680145
0.2107490450143814
0.20122133195400238
0.2039880007505417
0.20788559317588806
0.19328650832176208
0.20452286303043365
0.1901342272758484
0.2056112289428711
0.2063421607017517
0.20367752015590668
0.20505391061306
0.1998441517353058
0.224382221698761
0.21830777823925018
0.19474300742149353
0.18964429199695587
0.19743292033672333
0.21717099845409393
0.20474031567573547
0.2127877175807953
0.19555528461933136
0.20489858090877533
0.21571026742458344
0.20119908452033997
0.19194984436035156
0.20884504914283752
0.1929321140050888
0.18942177295684814
0.2105955332517624
0.19294926524162292
0.18657352030277252
0.20465219020843506
0.20096760988235474
0.21055208146572113
0.2063758820295334
