0.800091028213501
0.6884828209877014
0.6429192423820496
0.6504459381103516
0.6288216710090637
0.6085914373397827
0.6150370240211487
0.6072573661804199
0.5963371992111206
0.5864958763122559
0.5902001261711121
0.5687478184700012
0.5916448831558228
0.5516984462738037
0.5562812685966492
0.5595571994781494
0.5276755690574646
0.5611798763275146
0.5312983393669128
0.5319935083389282
0.516660749912262
0.5156055688858032
0.48830103874206543
0.4892035722732544
0.48480287194252014
0.49143296480178833
0.4947497546672821
0.45368528366088867
0.48335641622543335
0.4451389014720917
0.46019262075424194
0.4618483781814575
0.456022173166275
0.46890947222709656
0.4511146545410156
0.47252315282821655
0.438165545463562
0.4521923065185547
0.4366024434566498
0.414784699678421
0.42809274792671204
0.4390564560890198
0.46187305450439453
0.45791783928871155
0.42814138531684875
0.44769829511642456
0.4715995788574219
0.41533249616622925
0.41672009229660034
0.4120372235774994
0.4141741693019867
0.38838911056518555
0.38233470916748047
0.3968333899974823
0.4136691093444824
0.40280064940452576
0.4173649251461029
0.3965415954589844
0.40325239300727844
0.39866960048675537
0.38938379287719727
0.378089964389801
0.4075901210308075
0.38681331276893616
0.38894134759902954
0.37389013171195984
0.4062354564666748
0.39584991335868835
0.37968045473098755
0.37187254428863525
0.3980448544025421
0.3849650025367737
0.3717324435710907
0.3989216089248657
0.39277297258377075
0.3609261214733124
0.3664403557777405
0.3722289502620697
0.3785247206687927
0.37066882848739624
0.3468550145626068
0.3651241064071655
0.3602578938007355
0.3790195882320404
0.3510279655456543
0.3715418875217438
0.3754330277442932
0.35291576385498047
0.3688803017139435
0.3808536231517792
0.4007997512817383
0.3610532879829407
0.3421124517917633
0.35532671213150024
0.3558277189731598
0.3396958112716675
0.35792848467826843
0.36913830041885376
0.3473600447177887
0.350178062915802
0.3322391211986542
0.3539070188999176
0.3806721568107605
0.34088146686553955
0.3350194990634918
0.3479883372783661
0.32350704073905945
0.3460802733898163
0.3652719259262085
0.3553938567638397
0.3680901825428009
0.33428019285202026
0.34860819578170776
0.3668738901615143
0.34007829427719116
0.3483709394931793
0.3270212709903717
0.34890198707580566
0.358777791261673
0.32420480251312256
0.3434707224369049
0.340121865272522
0.3504810035228729
0.3253951668739319
0.34621962904930115
0.3221895098686218
0.31465408205986023
0.328792929649353
0.31768807768821716
0.3096766769886017
0.31488823890686035
0.3400735855102539
0.34648337960243225
0.32695797085762024
0.30640947818756104
0.28993067145347595
0.3184123635292053
0.3243674635887146
0.3141566812992096
0.30986863374710083
0.3187693655490875
0.290408194065094
0.3245542645454407
0.3066588044166565
0.298224538564682
0.3335654139518738
0.30734995007514954
0.3174844980239868
0.298997700214386
0.3136041462421417
0.30566874146461487
0.3275759816169739
0.30226343870162964
0.29980146884918213
0.3115047514438629
0.3009719252586365
0.28646284341812134
0.3095957040786743
0.3081684112548828
0.3024025857448578
0.3069722652435303
0.3131939768791199
0.27806633710861206
0.3074627220630646
0.2771480679512024
0.31139424443244934
0.2951083183288574
0.27898913621902466
0.27642756700515747
0.2932395935058594
0.2891877591609955
0.30172961950302124
0.28744029998779297
0.29382598400115967
0.29059308767318726
0.29484254121780396
0.2845616936683655
0.2979811728000641
0.31586378812789917
0.30920663475990295
0.27814921736717224
0.2977812588214874
0.30386897921562195
0.2828574478626251
0.3054066300392151
0.2828644812107086
0.2867961525917053
0.2757760286331177
0.26980069279670715
0.27110975980758667
0.2820836007595062
0.2957229018211365
0.2813224196434021
0.27899104356765747
0.2865581214427948
0.3012962341308594
0.2921673655509949
0.27826112508773804
0.2562984228134155
0.2644169330596924
0.30324268341064453
0.30699655413627625
0.2750702500343323
0.2816384732723236
0.26548123359680176
0.28905218839645386
0.2591339647769928
0.2540980279445648
0.2827405035495758
0.27296751737594604
0.2784157991409302
0.26396453380584717
0.26943647861480713
0.24411946535110474
0.25377556681632996
0.2631372809410095
0.2724264860153198
0.25764527916908264
0.2688524127006531
0.26979899406433105
0.2746580243110657
0.24777404963970184
0.2861773669719696
0.256934255361557
0.2655854821205139
0.27008554339408875
0.26505419611930847
0.28602728247642517
0.2641831636428833
0.2578229308128357
0.2830960750579834
0.2551996111869812
0.25060877203941345
0.24058309197425842
0.26037439703941345
0.24350595474243164
0.25706616044044495
0.25901761651039124
0.2609579861164093
0.2608700096607208
0.2751806974411011
0.2761213779449463
0.2466527223587036
0.2648743689060211
0.2663078308105469
0.2559022307395935
0.2538851797580719
0.2741473913192749
0.2583962678909302
0.24629506468772888
0.25052595138549805
0.26685091853141785
0.261133074760437
0.24896007776260376
0.24889646470546722
0.2567192018032074
0.25580403208732605
0.23841765522956848
0.2749917209148407
0.24206435680389404
0.28063052892684937
0.2528810501098633
0.2394169121980667
0.2669135332107544
0.25436437129974365
0.24010774493217468
0.2725900113582611
0.2388642281293869
0.2475963532924652
0.26434963941574097
0.26758891344070435
0.2376282811164856
0.24916903674602509
0.272799551486969
0.24312755465507507
0.25637391209602356
0.2633109390735626
0.2641567587852478
0.26068827509880066
0.262040376663208
0.27364426851272583
0.2707109749317169
0.2451343536376953
0.2720756530761719
0.24935725331306458
0.23294997215270996
0.2442917823791504
0.2572063207626343
0.24535419046878815
0.24878673255443573
0.26723772287368774
0.2346740961074829
0.253219336271286
0.22798313200473785
0.2641463577747345
0.23580987751483917
0.23399795591831207
0.24760305881500244
0.24457745254039764
0.2485118806362152
0.24579447507858276
0.24903620779514313
0.24485386908054352
0.2379096895456314
0.2533721923828125
0.25891414284706116
0.24184584617614746
0.23515702784061432
0.2377045601606369
0.2254735678434372
0.24753455817699432
0.2552523612976074
0.25002655386924744
0.24762342870235443
0.24592497944831848
0.2511281371116638
0.24030300974845886
0.25347766280174255
0.25299879908561707
0.24757228791713715
0.25667789578437805
0.23895315825939178
0.2356652468442917
0.2487393617630005
0.21714186668395996
0.22446826100349426
0.22905543446540833
0.24613425135612488
0.2297545075416565
0.24768874049186707
0.24178610742092133
0.2352115511894226
0.2248489111661911
0.23398686945438385
0.25732263922691345
0.21296460926532745
0.24473752081394196
0.2472442388534546
0.2424195259809494
0.2350957989692688
0.26176974177360535
0.21830464899539948
0.2312987893819809
0.2207106053829193
0.22745834290981293
0.2389082908630371
0.25094112753868103
0.2366209179162979
0.2417205572128296
0.2424219846725464
0.25023043155670166
0.26811233162879944
0.24370326101779938
0.23842936754226685
0.2393578439950943
0.23379167914390564
0.2533022463321686
0.25149670243263245
0.23179785907268524
0.2357615977525711
0.20930495858192444
0.27004289627075195
0.23196275532245636
0.2680092453956604
0.23868829011917114
0.22938822209835052
0.22730055451393127
0.24345828592777252
0.25168493390083313
0.23722033202648163
0.2391306757926941
0.2297612428665161
0.23620037734508514
0.26523327827453613
0.23441942036151886
0.23634259402751923
0.24700947105884552
0.23744462430477142
0.2170848399400711
0.21630412340164185
0.25605228543281555
0.22125586867332458
0.23283500969409943
0.23023508489131927
0.2192695289850235
0.20403510332107544
0.24193540215492249
0.2240270972251892
0.24217204749584198
0.2282162308692932
0.2481725513935089
0.23647703230381012
0.2530501186847687
0.2329390048980713
0.24866452813148499
0.23333819210529327
0.2271563857793808
0.23134316504001617
0.2023647427558899
0.2682268023490906
0.2397875040769577
0.22558686137199402
0.23102086782455444
0.21654686331748962
0.23784968256950378
0.2558019757270813
0.2295445054769516
0.2241421937942505
0.23966026306152344
0.2297978550195694
0.23866938054561615
0.23918356001377106
0.25032317638397217
0.22429512441158295
0.22940334677696228
0.24531003832817078
0.2180148959159851
0.22493605315685272
0.22356350719928741
0.23027297854423523
0.21398311853408813
0.23365768790245056
0.247250497341156
0.22289632260799408
0.22296665608882904
0.23459292948246002
0.2567375600337982
0.24359451234340668
0.24649661779403687
0.24351558089256287
0.23041319847106934
0.23168422281742096
0.24837689101696014
0.22573883831501007
0.24396398663520813
0.23900601267814636
0.23215815424919128
0.22495649755001068
0.24453496932983398
0.2452753335237503
0.23331572115421295
0.23249997198581696
0.2165716290473938
0.24134111404418945
0.2262192666530609
0.2410758137702942
0.25180456042289734
0.2366636097431183
0.22315531969070435
0.2049042135477066
0.20726792514324188
0.24496020376682281
0.2386990636587143
0.2478501945734024
0.2509400546550751
0.2151890993118286
0.23720790445804596
0.22158358991146088
0.22337789833545685
0.2123950719833374
0.23714546859264374
0.22853179275989532
0.24961522221565247
0.22931614518165588
0.23361916840076447
0.2170722931623459
0.22195327281951904
0.23175930976867676
0.2412213534116745
0.22146345674991608
0.22205136716365814
0.23223638534545898
0.2415034919977188
0.2236481010913849
0.24314507842063904
0.24339361488819122
0.22594012320041656
0.24196527898311615
0.22784939408302307
0.22010178864002228
0.22777685523033142
0.2356768250465393
0.23028825223445892
0.22304420173168182
0.229124054312706
0.21843481063842773
0.23955392837524414
0.20254413783550262
0.23022709786891937
0.22101186215877533
0.22613634169101715
0.23192249238491058
0.24017126858234406
0.21187740564346313
0.2131083905696869
0.2317369431257248
0.2427888959646225
0.21545054018497467
0.20469294488430023
0.2460322231054306
0.21681174635887146
0.23818686604499817
0.21930164098739624
0.24372485280036926
0.21527144312858582
0.2237369418144226
0.2677406370639801
0.22630390524864197
0.22538278996944427
0.23398375511169434
0.20884999632835388
0.23110747337341309
0.23887678980827332
0.21717019379138947
0.21338661015033722
0.22565004229545593
0.24003995954990387
0.21896083652973175
0.22653305530548096
0.24152617156505585
0.22835899889469147
0.20335915684700012
0.2291041761636734
0.2078147530555725
0.21738295257091522
0.20966370403766632
0.23195134103298187
0.2486872524023056
0.23901666700839996
0.2234179526567459
0.24021324515342712
0.2113756388425827
0.2209295630455017
0.20942473411560059
0.22650055587291718
0.22329695522785187
0.22920095920562744
0.21961967647075653
0.23879298567771912
0.1970333755016327
0.20143847167491913
0.22882458567619324
0.25491178035736084
0.21437400579452515
0.21930979192256927
0.25521519780158997
0.23180952668190002
0.22231867909431458
0.22421373426914215
0.23257969319820404
0.22362563014030457
0.23432280123233795
0.22658242285251617
0.2549743950366974
0.23971246182918549
0.21016500890254974
0.22581933438777924
0.23205523192882538
0.225845605134964
0.22048458456993103
0.2362433522939682
0.2348102629184723
0.22338788211345673
0.2272552102804184
0.22961744666099548
0.22649894654750824
0.20952849090099335
0.20943814516067505
0.22216741740703583
0.23550817370414734
0.2583122253417969
0.2388668805360794
0.2280217856168747
0.21448495984077454
0.2019547075033188
0.20728681981563568
0.2294132560491562
0.23826950788497925
0.24060598015785217
0.21464277803897858
0.21129384636878967
0.235915407538414
0.23291634023189545
0.24705983698368073
0.2331649512052536
0.21860834956169128
0.21727676689624786
0.21142901480197906
0.2303694486618042
0.21352337300777435
0.21720853447914124
0.20705744624137878
0.19855836033821106
0.2063913494348526
0.2213985174894333
0.22823882102966309
0.24279041588306427
0.21390724182128906
0.21923404932022095
0.23232457041740417
0.20774278044700623
0.21311147511005402
0.2134075164794922
0.21948744356632233
0.2283005714416504
0.23841841518878937
0.22323811054229736
0.20726273953914642
