0.9492200613021851
0.759310781955719
0.7055590152740479
0.6346521973609924
0.5920959711074829
0.5822691917419434
0.5842975974082947
0.5471157431602478
0.5444464087486267
0.526607871055603
0.5088158249855042
0.5217289924621582
0.4866178035736084
0.48435118794441223
0.4979729950428009
0.44988736510276794
0.4761815667152405
0.45203617215156555
0.4534066915512085
0.43388453125953674
0.46710842847824097
0.4257378876209259
0.4172980785369873
0.4177655279636383
0.4388723373413086
0.4367189109325409
0.4224932789802551
0.41374891996383667
0.4161023199558258
0.40104198455810547
0.3966917395591736
0.38822925090789795
0.41295793652534485
0.39166536927223206
0.4069473445415497
0.41110605001449585
0.3820275664329529
0.3874910771846771
0.39805659651756287
0.37928932905197144
0.4132442772388458
0.40102630853652954
0.388554185628891
0.36092209815979004
0.40118369460105896
0.3895256221294403
0.4062211513519287
0.3765464127063751
0.3752286732196808
0.3674410581588745
0.3697396516799927
0.38852667808532715
0.36993294954299927
0.3655945062637329
0.3469116985797882
0.33914825320243835
0.3598179221153259
0.36649271845817566
0.3635638356208801
0.34225156903266907
0.3629036843776703
0.36504483222961426
0.37624648213386536
0.3392758369445801
0.3650222420692444
0.3463881015777588
0.3606269955635071
0.3833237290382385
0.34080788493156433
0.35859745740890503
0.356382817029953
0.3571643531322479
0.335201621055603
0.3340185880661011
0.33456623554229736
0.3272556960582733
0.3457942605018616
0.3724144995212555
0.3397374153137207
0.3383809030056
0.3169475197792053
0.3364320397377014
0.3552682399749756
0.34362897276878357
0.33793559670448303
0.3496693968772888
0.31876274943351746
0.3253161907196045
0.31167101860046387
0.3474879860877991
0.345500648021698
0.3382210433483124
0.3315202295780182
0.31642723083496094
0.3306930363178253
0.31170421838760376
0.34128862619400024
0.32118844985961914
0.3140738904476166
0.32149431109428406
0.32777172327041626
0.3285065293312073
0.3288406431674957
0.30298247933387756
0.30803313851356506
0.30592605471611023
0.33518320322036743
0.31005746126174927
0.30809247493743896
0.3134046792984009
0.32487598061561584
0.3291090130805969
0.30807480216026306
0.3200945258140564
0.3194068968296051
0.3190332055091858
0.2983225882053375
0.3383716940879822
0.3030625581741333
0.30698007345199585
0.3049905002117157
0.30982857942581177
0.32371070981025696
0.31420981884002686
0.3056809604167938
0.31142735481262207
0.30042192339897156
0.32945185899734497
0.3203856348991394
0.29968470335006714
0.30134057998657227
0.31639644503593445
0.296325147151947
0.29023441672325134
0.2936236262321472
0.29547253251075745
0.2853507399559021
0.26258739829063416
0.3024008870124817
0.30974313616752625
0.298525869846344
0.2930404245853424
0.30971264839172363
0.3025779128074646
0.2863194942474365
0.2848610281944275
0.2930515706539154
0.2994931638240814
0.28175088763237
0.2924211323261261
0.2840706706047058
0.2783091068267822
0.2922744154930115
0.2881268858909607
0.27179333567619324
0.2968175411224365
0.2748745381832123
0.280851274728775
0.27266940474510193
0.2601779103279114
0.29363206028938293
0.28131958842277527
0.26888537406921387
0.26184800267219543
0.27780744433403015
0.27978259325027466
0.2715444266796112
0.25656858086586
0.2778746783733368
0.2898496091365814
0.29622015357017517
0.2755458950996399
0.2650296688079834
0.26583752036094666
0.27447786927223206
0.256442666053772
0.26734450459480286
0.2729530930519104
0.2709985673427582
0.26917338371276855
0.2696332335472107
0.26649904251098633
0.2573300302028656
0.2689177989959717
0.26338911056518555
0.28517428040504456
0.26406702399253845
0.2532155513763428
0.24937410652637482
0.2798970341682434
0.2565552592277527
0.25559747219085693
0.2565753161907196
0.2480364888906479
0.25757837295532227
0.2532951235771179
0.28009581565856934
0.25959688425064087
0.26417076587677
0.24505938589572906
0.24829541146755219
0.2527855336666107
0.25234612822532654
0.2397715002298355
0.2502533793449402
0.25266167521476746
0.23606915771961212
0.2650844156742096
0.2562853991985321
0.25873103737831116
0.23894096910953522
0.2310391068458557
0.24747127294540405
0.26165837049484253
0.24060067534446716
0.23472735285758972
0.2447173148393631
0.22843198478221893
0.2545976936817169
0.24728253483772278
0.2460586428642273
0.22130641341209412
0.23535770177841187
0.22172163426876068
0.2542898654937744
0.23805277049541473
0.21673744916915894
0.22752511501312256
0.24948328733444214
0.2314877212047577
0.22722618281841278
0.24204233288764954
0.23294635117053986
0.21754467487335205
0.2367144376039505
0.22126786410808563
0.23571957647800446
0.21932408213615417
0.22699657082557678
0.22584278881549835
0.23459939658641815
0.2219778299331665
0.2262212485074997
0.23954305052757263
0.2160882204771042
0.22466544806957245
0.22405710816383362
0.23809422552585602
0.22897742688655853
0.2265734076499939
0.22558078169822693
0.2157726287841797
0.22408942878246307
0.22124432027339935
0.21550606191158295
0.2200307846069336
0.23211972415447235
0.21232329308986664
0.2474694401025772
0.2305498868227005
0.21868501603603363
0.22110800445079803
0.21356162428855896
0.22156210243701935
0.22839222848415375
0.22537671029567719
0.2200147658586502
0.20767810940742493
0.20660676062107086
0.21615912020206451
0.21459996700286865
0.2161644846200943
0.22107717394828796
0.21794964373111725
0.21622663736343384
0.2168329954147339
0.2116100937128067
0.19801117479801178
0.20628271996974945
0.21123987436294556
0.21614177525043488
0.2286319136619568
0.21142908930778503
0.20425917208194733
0.20789872109889984
0.21755389869213104
0.2218950241804123
0.21102353930473328
0.214917853474617
0.20996956527233124
0.23872753977775574
0.21571007370948792
0.22035309672355652
0.21967823803424835
0.2059868723154068
0.20721998810768127
0.23105205595493317
0.19499364495277405
0.20125211775302887
0.21109645068645477
0.2224525362253189
0.2234898954629898
0.2210058569908142
0.20683811604976654
0.20475773513317108
0.2173192799091339
0.20402905344963074
0.20676189661026
0.20903737843036652
0.21247537434101105
0.19158804416656494
0.18343661725521088
0.1997278928756714
0.20479747653007507
0.20037347078323364
0.20718523859977722
0.21379496157169342
0.20745225250720978
0.20586533844470978
0.22595593333244324
0.2058374583721161
0.21269357204437256
0.21509559452533722
0.20267298817634583
0.2031915783882141
0.21201904118061066
0.21171830594539642
0.21033985912799835
0.20483733713626862
0.20483189821243286
0.20070448517799377
0.20101022720336914
0.19173119962215424
0.21463148295879364
0.20821009576320648
0.21050594747066498
0.1991180181503296
0.20407436788082123
0.21158771216869354
0.18595947325229645
0.21827250719070435
0.18884380161762238
0.2003587931394577
0.21605466306209564
0.2039078027009964
0.2013069987297058
0.19486528635025024
0.19384174048900604
0.18785761296749115
0.2046259045600891
0.19560296833515167
0.20171496272087097
0.21157142519950867
0.20359450578689575
0.19614998996257782
0.1834178864955902
0.20015409588813782
0.1916089951992035
0.18457476794719696
0.2059921771287918
0.2010767161846161
0.1863563358783722
0.20077793300151825
0.18551962077617645
0.2120785117149353
0.203127920627594
0.2082463949918747
0.19592994451522827
0.18549072742462158
0.1963983029127121
0.19738802313804626
0.20027020573616028
0.22765733301639557
0.18167810142040253
0.18811166286468506
0.19227439165115356
0.18874847888946533
0.19679062068462372
0.19708038866519928
0.18659286201000214
0.18846416473388672
0.1868996024131775
0.18814904987812042
0.19611962139606476
0.17840662598609924
0.18493039906024933
0.20390307903289795
0.20937280356884003
0.20173805952072144
0.19155728816986084
0.20327506959438324
0.20929306745529175
0.2043781280517578
0.1776302456855774
0.20235870778560638
0.18617749214172363
0.20053666830062866
0.1883244514465332
0.2109309583902359
0.17670327425003052
0.1923765242099762
0.1854165494441986
0.17902927100658417
0.19923588633537292
0.20005372166633606
0.1863870769739151
0.19410155713558197
0.19967803359031677
0.1953328251838684
0.19432327151298523
0.1853383481502533
0.16881991922855377
0.19347067177295685
0.18835608661174774
0.2039318084716797
0.18980920314788818
0.18995998799800873
0.19763362407684326
0.18966907262802124
0.2021685689687729
0.17809388041496277
0.18416935205459595
0.2007935643196106
0.1912713497877121
0.1832900494337082
0.19345948100090027
0.19936569035053253
0.19670209288597107
0.17964041233062744
0.1829051971435547
0.19595445692539215
0.20045040547847748
0.18011125922203064
0.19106769561767578
0.18840578198432922
0.18597441911697388
0.19354337453842163
0.18413145840168
0.1851406991481781
0.18937277793884277
0.17355726659297943
0.19086992740631104
0.18864552676677704
0.17793460190296173
0.1846405416727066
0.19301959872245789
0.19318115711212158
0.1869158148765564
0.1988002210855484
0.18124549090862274
0.18527230620384216
0.1803435981273651
0.1890181601047516
0.17573869228363037
0.19817768037319183
0.17568837106227875
0.18668116629123688
0.19382044672966003
0.1804874688386917
0.1923602968454361
0.2028905749320984
0.17453701794147491
0.18163332343101501
0.2026347517967224
0.2045973837375641
0.18819278478622437
0.18614545464515686
0.19328205287456512
0.17729881405830383
0.2069641500711441
0.17582246661186218
0.16739726066589355
0.17848998308181763
0.17805953323841095
0.1927506923675537
0.19124899804592133
0.18082678318023682
0.17580176889896393
0.17269696295261383
0.1829846203327179
0.20341576635837555
0.19653837382793427
0.19604943692684174
0.1728561371564865
0.18876288831233978
0.17979742586612701
0.19299565255641937
0.19180549681186676
0.1865828037261963
0.19348947703838348
0.19494925439357758
0.19661040604114532
0.181751549243927
0.18260620534420013
0.16651831567287445
0.1794750839471817
0.17701831459999084
0.18360376358032227
0.20616210997104645
0.1861649751663208
0.1941240429878235
0.17601755261421204
0.18369901180267334
0.19570882618427277
0.1811038851737976
0.18776898086071014
0.18093159794807434
0.16765955090522766
0.1756191998720169
0.18344856798648834
0.19056156277656555
0.18837717175483704
0.16725678741931915
0.1883140653371811
0.20195133984088898
0.18373243510723114
0.18177630007266998
0.18591465055942535
0.1842365264892578
0.1804451048374176
0.18471260368824005
0.18579155206680298
0.20529846847057343
0.18526384234428406
0.18161541223526
0.18074005842208862
0.18872524797916412
0.17089834809303284
0.18122588098049164
0.18402022123336792
0.19477982819080353
0.19012509286403656
0.17628301680088043
0.17098508775234222
0.17467355728149414
0.19369521737098694
0.17077407240867615
0.18882068991661072
0.19885477423667908
0.19542880356311798
0.17093990743160248
0.18320998549461365
0.17800940573215485
0.16493821144104004
0.18078924715518951
0.18290407955646515
0.19442933797836304
0.19229894876480103
0.19589120149612427
0.18214891850948334
0.17522607743740082
0.17916972935199738
0.19414173066616058
0.17268165946006775
0.1855185478925705
0.1905028373003006
0.18305139243602753
0.17113324999809265
0.1933332085609436
0.17439879477024078
0.17129860818386078
0.17950578033924103
0.16451595723628998
0.18223793804645538
0.1800684779882431
0.19350466132164001
0.1831137090921402
0.16886985301971436
0.17425324022769928
0.17474247515201569
0.17151933908462524
0.19049234688282013
0.18338601291179657
0.17470906674861908
0.1819785237312317
0.1681709587574005
0.20934534072875977
0.17993806302547455
0.17850476503372192
0.18856436014175415
0.18124353885650635
0.17075885832309723
0.17652256786823273
0.19505751132965088
0.18639644980430603
0.17816072702407837
0.19490931928157806
0.1670711487531662
0.19812265038490295
0.18128065764904022
0.1643315851688385
0.17057786881923676
0.1888764351606369
0.16244256496429443
0.18296872079372406
0.1780667006969452
0.18483798205852509
0.2047138810157776
0.1775631457567215
0.16764405369758606
0.1696758270263672
0.1759166717529297
0.1832946389913559
0.17863191664218903
0.1730051189661026
0.20924116671085358
0.17649944126605988
0.17403018474578857
0.19523924589157104
0.19983117282390594
0.18880192935466766
0.19267095625400543
0.17750130593776703
0.18541179597377777
0.17207497358322144
0.19260478019714355
0.18657366931438446
0.17859791219234467
0.17718063294887543
0.18294431269168854
0.1946706920862198
0.18187081813812256
0.1839929223060608
0.1955614537000656
0.18377695977687836
0.18247520923614502
0.18323390185832977
0.17058612406253815
0.18154874444007874
0.1820402294397354
0.18572214245796204
0.17543664574623108
0.16750499606132507
0.18990406394004822
0.16685040295124054
0.17519713938236237
0.19173188507556915
0.19499343633651733
0.17076730728149414
0.17767736315727234
0.17644080519676208
0.16230031847953796
0.18187116086483002
0.17945753037929535
0.18852970004081726
0.17315712571144104
0.1722448319196701
0.1816330999135971
0.17498339712619781
0.20464979112148285
0.18224003911018372
0.18265438079833984
0.19180090725421906
0.19279585778713226
0.18062618374824524
0.18197020888328552
0.1774761825799942
0.19061432778835297
0.17837311327457428
0.19966645538806915
