0.884185791015625
0.6799402832984924
0.6432470679283142
0.6199045181274414
0.6074762940406799
0.5626712441444397
0.5517504811286926
0.5687206983566284
0.49001964926719666
0.508470356464386
0.48831120133399963
0.4649980366230011
0.46033695340156555
0.4586879312992096
0.45312729477882385
0.43130621314048767
0.411738783121109
0.4290933907032013
0.43143635988235474
0.4249458312988281
0.3998238146305084
0.436646044254303
0.41346460580825806
0.39623400568962097
0.4060080945491791
0.4009471535682678
0.404419481754303
0.372577428817749
0.37792348861694336
0.3445506691932678
0.3883027136325836
0.3779214024543762
0.3640584945678711
0.3901759684085846
0.390534907579422
0.34978702664375305
0.3559460937976837
0.3761698305606842
0.3615884482860565
0.33091509342193604
0.339194655418396
0.3430310785770416
0.3406154215335846
0.33337971568107605
0.32201316952705383
0.3416424095630646
0.32519349455833435
0.30772510170936584
0.3298022150993347
0.33184435963630676
0.3159539997577667
0.3211463391780853
0.3266617953777313
0.3127819895744324
0.32465431094169617
0.3263680934906006
0.2963472008705139
0.3199283182621002
0.3112311065196991
0.3169797956943512
0.312162846326828
0.2990531623363495
0.2929724156856537
0.29383644461631775
0.30348753929138184
0.28755781054496765
0.31237587332725525
0.29868149757385254
0.30469438433647156
0.31495511531829834
0.30028510093688965
0.29255953431129456
0.2934718430042267
0.29446786642074585
0.28463178873062134
0.267121285200119
0.2797110676765442
0.2874535024166107
0.26554420590400696
0.2596026360988617
0.27566424012184143
0.2732568681240082
0.28378698229789734
0.26122575998306274
0.2532517910003662
0.26708802580833435
0.2635416090488434
0.2693008482456207
0.2709013521671295
0.26671338081359863
0.270246684551239
0.2634410560131073
0.25632160902023315
0.2622224986553192
0.2665839195251465
0.24971053004264832
0.25294071435928345
0.2740342617034912
0.25398164987564087
0.2620276212692261
0.24851365387439728
0.25722143054008484
0.24276390671730042
0.27489277720451355
0.2245083451271057
0.24264635145664215
0.2537173628807068
0.2576271593570709
0.26372823119163513
0.26001909375190735
0.22964593768119812
0.24475841224193573
0.22261925041675568
0.23056186735630035
0.24065786600112915
0.24121354520320892
0.2260971963405609
0.230803444981575
0.23097161948680878
0.21897120773792267
0.24332064390182495
0.245046004652977
0.2287343591451645
0.23317775130271912
0.2288942188024521
0.235843688249588
0.22981566190719604
0.23602509498596191
0.20665985345840454
0.23265865445137024
0.23614169657230377
0.21772518754005432
0.22325913608074188
0.2078462839126587
0.22990909218788147
0.23725919425487518
0.21290652453899384
0.23057056963443756
0.20711638033390045
0.2015259861946106
0.21706311404705048
0.199506476521492
0.22993429005146027
0.20134440064430237
0.20764607191085815
0.20074546337127686
0.20469513535499573
0.19212733209133148
0.20527581870555878
0.19878192245960236
0.20409604907035828
0.20173364877700806
0.1894846111536026
0.2039441466331482
0.20389948785305023
0.1823575347661972
0.19742542505264282
0.19020050764083862
0.187015563249588
0.18528221547603607
0.20583850145339966
0.2020372599363327
0.19460931420326233
0.1929066926240921
0.1856675148010254
0.19481617212295532
0.17934708297252655
0.20107126235961914
0.17684026062488556
0.19107364118099213
0.19162710011005402
0.19225549697875977
0.1746816784143448
0.18250197172164917
0.18132130801677704
0.17574883997440338
0.17535626888275146
0.1855684369802475
0.178985133767128
0.17693476378917694
0.1705804169178009
0.17965595424175262
0.19040025770664215
0.17942608892917633
0.17310026288032532
0.16415172815322876
0.16302236914634705
0.17534510791301727
0.17857494950294495
0.16758480668067932
0.16699932515621185
0.16269773244857788
0.18647119402885437
0.17694753408432007
0.17906153202056885
0.15992599725723267
0.16983817517757416
0.17270439863204956
0.16701151430606842
0.18128107488155365
0.16618037223815918
0.17128384113311768
0.15199989080429077
0.16588519513607025
0.16225160658359528
0.15802381932735443
0.16586554050445557
0.16391529142856598
0.1827699840068817
0.15887561440467834
0.16428253054618835
0.17081116139888763
0.15774652361869812
0.16233183443546295
0.15723276138305664
0.1636260598897934
0.15919098258018494
0.15342797338962555
0.15430566668510437
0.16678805649280548
0.1674540936946869
0.1574665606021881
0.18807058036327362
0.16983291506767273
0.16256867349147797
0.1577659547328949
0.1465064138174057
0.164027139544487
0.18136851489543915
0.1391047239303589
0.15872937440872192
0.15126539766788483
0.15754932165145874
0.1630977839231491
0.1511041820049286
0.1565188467502594
0.14630869030952454
0.16445720195770264
0.14343740046024323
0.14222703874111176
0.15180742740631104
0.16193422675132751
0.16308948397636414
0.1527458131313324
0.1695266216993332
0.16169236600399017
0.1506292223930359
0.17484743893146515
0.16027264297008514
0.15516963601112366
0.16717414557933807
0.14759953320026398
0.15358008444309235
0.15148687362670898
0.150753915309906
0.15458661317825317
0.14291712641716003
0.14795807003974915
0.14901995658874512
0.16686250269412994
0.13810738921165466
0.16760359704494476
0.13970129191875458
0.1565515547990799
0.144566610455513
0.13542601466178894
0.1433444321155548
0.13351626694202423
0.1541450172662735
0.14739346504211426
0.1395930051803589
0.13612982630729675
0.1558460146188736
0.12788046896457672
0.146589457988739
0.1395510882139206
0.13786248862743378
0.15139347314834595
0.12575611472129822
0.12499427050352097
0.12646661698818207
0.13215963542461395
0.13005240261554718
0.14368464052677155
0.13934315741062164
0.15550631284713745
0.14812099933624268
0.12181539088487625
0.11703895032405853
0.13703031837940216
0.13584570586681366
0.14812293648719788
0.1355142742395401
0.12996378540992737
0.15343403816223145
0.1548262983560562
0.12779322266578674
0.12095050513744354
0.14405256509780884
0.1407036930322647
0.13378331065177917
0.14502768218517303
0.14137618243694305
0.12149425595998764
0.13136529922485352
0.1313301920890808
0.1288786232471466
0.1381940245628357
0.13159874081611633
0.1522383689880371
0.14494866132736206
0.12434159964323044
0.15109944343566895
0.13106565177440643
0.13815778493881226
0.14552827179431915
0.13346998393535614
0.13319264352321625
0.12379369884729385
0.10942794382572174
0.14926433563232422
0.14956115186214447
0.1284838169813156
0.1444162130355835
0.15890544652938843
0.12871842086315155
0.13405847549438477
0.13029322028160095
0.14198574423789978
0.12886177003383636
0.15336675941944122
0.14305107295513153
0.1287228912115097
0.13694240152835846
0.1175607368350029
0.1322217732667923
0.131967693567276
0.13169129192829132
0.14564505219459534
0.1465287208557129
0.1234559416770935
0.11821583658456802
0.13615669310092926
0.14223143458366394
0.14749182760715485
0.1361343264579773
0.1305408775806427
0.13288989663124084
0.1441076099872589
0.11572381108999252
0.141647607088089
0.1312495917081833
0.13424146175384521
0.13071300089359283
0.11751382052898407
0.13891930878162384
0.1169036328792572
0.13266544044017792
0.11925867944955826
0.13245706260204315
0.13068392872810364
0.12183252722024918
0.1260545700788498
0.13461452722549438
0.13247457146644592
0.12882201373577118
0.12400184571743011
0.1180763840675354
0.11706265807151794
0.1369621902704239
0.13730300962924957
0.11805782467126846
0.12950915098190308
0.1254362016916275
0.13126392662525177
0.13176904618740082
0.10998750478029251
0.10028185695409775
0.13680553436279297
0.11397231370210648
0.13610026240348816
0.14014969766139984
0.11008068174123764
0.14364299178123474
0.12438741326332092
0.125925213098526
0.14953793585300446
0.14078225195407867
0.12525351345539093
0.12364494800567627
0.11550994962453842
0.13729743659496307
0.13215650618076324
0.12376202642917633
0.13704916834831238
0.14252249896526337
0.12913215160369873
0.12037265300750732
0.11769473552703857
0.1306445151567459
0.11553958803415298
0.1266707330942154
0.11883074045181274
0.1337399035692215
0.10933423787355423
0.13268987834453583
0.10207351297140121
0.11962945014238358
0.1193513497710228
0.11778069287538528
0.13022363185882568
0.11845465749502182
0.12292622029781342
0.1435629427433014
0.1180155947804451
0.10770072788000107
0.13581962883472443
0.11937597393989563
0.12522239983081818
0.10806296765804291
0.12353583425283432
0.11953502148389816
0.12306302785873413
0.1166730523109436
0.11197537928819656
0.12348992377519608
0.12170612066984177
0.13495680689811707
0.12841711938381195
0.1386396735906601
0.11868256330490112
0.11010508984327316
0.11170819401741028
0.11680448800325394
0.12113187462091446
0.12660115957260132
0.12304706871509552
0.1204313337802887
0.1431390345096588
0.13180594146251678
0.12393442541360855
0.11812672019004822
0.11760400235652924
0.11998283863067627
0.13083642721176147
0.12980084121227264
0.11897589266300201
0.12360599637031555
0.12964867055416107
0.1358753889799118
0.13262443244457245
0.11326243728399277
0.12948283553123474
0.1379428207874298
0.11435049772262573
0.10845913738012314
0.13167837262153625
0.11845899373292923
0.11897609382867813
0.12679558992385864
0.11770691722631454
0.13373963534832
0.12213531881570816
0.11636726558208466
0.11663209646940231
0.11505614221096039
0.11892960220575333
0.10600560158491135
0.11869732290506363
0.10401774942874908
0.12098667770624161
0.11282160878181458
0.12366805225610733
0.1305263787508011
0.12980343401432037
0.12197847664356232
0.1170169785618782
0.10971827805042267
0.14343135058879852
0.1187620460987091
0.09691184014081955
0.10316090285778046
0.12082410603761673
0.11037851125001907
0.13663817942142487
0.12140055745840073
0.14790363609790802
0.12472958117723465
0.1274244785308838
0.13715727627277374
0.12392845004796982
0.1255350261926651
0.10323816537857056
0.11439504474401474
0.11242575943470001
0.09654828161001205
0.11734490096569061
0.09902115911245346
0.1211777925491333
0.11202942579984665
0.13013561069965363
0.11592079699039459
0.12574896216392517
0.1301482766866684
0.1142418384552002
0.11859386414289474
0.13118192553520203
0.12749435007572174
0.11992942541837692
0.12434130162000656
0.13037869334220886
0.12826792895793915
0.11974558979272842
0.10961747914552689
0.12473712861537933
0.10055404156446457
0.11489909887313843
0.11762078106403351
0.11336125433444977
0.11704994738101959
0.11975441128015518
0.11460567265748978
0.1139199361205101
0.11028299480676651
0.10551994293928146
0.11825282126665115
0.11354981362819672
0.11132767051458359
0.11472144722938538
0.12914812564849854
0.11334074288606644
0.10691311955451965
0.10940038412809372
0.11446882039308548
0.1058778464794159
0.12400224804878235
0.10637862980365753
0.12272150814533234
0.09778927266597748
0.101826012134552
0.11863462626934052
0.11498052626848221
0.09747553616762161
0.11644559353590012
0.11645326018333435
0.1243835911154747
0.12021233141422272
0.1173257827758789
0.11089091002941132
0.125827357172966
0.10392425209283829
0.12005701661109924
0.09462814778089523
0.10263518989086151
0.12224802374839783
0.11342030018568039
0.11989671736955643
0.10441353172063828
0.12064295262098312
0.12326723337173462
0.12112694978713989
0.12210240960121155
0.09761445224285126
0.11259784549474716
0.11897628754377365
0.1117921993136406
0.12398570775985718
0.11447908729314804
0.10426684468984604
0.13001789152622223
0.11366435885429382
0.10827453434467316
0.11013684421777725
0.10922075808048248
0.1382129043340683
0.10093171149492264
0.12206961959600449
0.1432037055492401
0.11786122620105743
0.11910746991634369
0.1083584874868393
0.10388194024562836
0.11468978971242905
0.11411259323358536
0.10615144670009613
0.11277894675731659
0.09585466980934143
0.12176133692264557
0.1203940212726593
0.11617010831832886
0.11571110785007477
0.12385360896587372
0.11666425317525864
0.1196853294968605
0.10221315175294876
0.12472701817750931
0.1185285896062851
0.09861164540052414
0.11582867056131363
0.12363789230585098
0.11889412999153137
0.12076748162508011
0.11989191919565201
0.117098368704319
0.1171562597155571
0.11000613868236542
0.11469130963087082
0.11459480971097946
0.1090991199016571
