1.1434005498886108
1.0474659204483032
0.9671106338500977
0.9041481018066406
0.8450100421905518
0.7941815853118896
0.7460442185401917
0.7044359445571899
0.671439528465271
0.6382367014884949
0.6122746467590332
0.5893062949180603
0.5682855248451233
0.5463132858276367
0.5266690850257874
0.5091539025306702
0.4946889579296112
0.48243144154548645
0.4695777893066406
0.4583578109741211
0.44810643792152405
0.440557599067688
0.43275898694992065
0.4244364798069
0.416687548160553
0.41018667817115784
0.4038971960544586
0.396429181098938
0.3905833959579468
0.38416382670402527
0.37975752353668213
0.37511885166168213
0.3699806332588196
0.36572498083114624
0.3615785241127014
0.35937589406967163
0.3571963310241699
0.3563498556613922
0.3539823591709137
0.3512845039367676
0.3489443361759186
0.3467596769332886
0.3459743559360504
0.3446999490261078
0.3428633511066437
0.3412000238895416
0.34116023778915405
0.33960095047950745
0.3377479612827301
0.3366033732891083
0.33562153577804565
0.334684818983078
0.3336294889450073
0.332801878452301
0.33224937319755554
0.3312852084636688
0.3304004967212677
0.3299517333507538
0.32944729924201965
0.3280344605445862
0.3270418345928192
0.3260754346847534
0.3251512944698334
0.3240574300289154
0.324228435754776
0.32384955883026123
0.32286134362220764
0.32177963852882385
0.3211706876754761
0.3203057646751404
0.31990811228752136
0.319180965423584
0.31834426522254944
0.31794366240501404
0.3170773386955261
0.31646159291267395
0.31573352217674255
0.31519773602485657
0.3137715756893158
0.3141024708747864
0.3133029341697693
0.3123554587364197
0.31209027767181396
0.31255626678466797
0.3126211166381836
0.31137651205062866
0.30994632840156555
0.30922889709472656
0.3084201514720917
0.3074605166912079
0.3071502447128296
0.30784741044044495
0.30704209208488464
0.30610039830207825
0.30538806319236755
0.3046056926250458
0.3042890131473541
0.3041469156742096
0.3041442930698395
0.3033948838710785
0.30186158418655396
0.30179518461227417
0.3005867004394531
0.29974088072776794
0.29901057481765747
0.2987649142742157
0.2978438138961792
0.2977231442928314
0.29754772782325745
0.2966671288013458
0.29652485251426697
0.29590868949890137
0.2953495383262634
0.2949972450733185
0.2942273020744324
0.2935900092124939
0.2933204174041748
0.2930179834365845
0.29308098554611206
0.29256629943847656
0.2924995720386505
0.2917460799217224
0.2910712659358978
0.2903177738189697
0.28982603549957275
0.2896888852119446
0.2899164855480194
0.2898556590080261
0.28926199674606323
0.28844892978668213
0.28637465834617615
0.2868177592754364
0.28640487790107727
0.2859051525592804
0.28547006845474243
0.28480255603790283
0.28482726216316223
0.28487539291381836
0.28397294878959656
0.2830047011375427
0.28219592571258545
0.28185147047042847
0.2814945578575134
0.28111401200294495
0.2807628810405731
0.28023436665534973
0.2803862988948822
0.2800622284412384
0.2810235917568207
0.28306934237480164
0.2822212874889374
0.28036054968833923
0.2788337767124176
0.2771504521369934
0.2782812714576721
0.27846741676330566
0.2784358859062195
0.2780594527721405
0.2770085036754608
0.2765650451183319
0.27559584379196167
0.2756445109844208
0.2753157913684845
0.2744445204734802
0.27403002977371216
0.27377158403396606
0.2730127274990082
0.27377942204475403
0.272820383310318
0.2718565762042999
0.27103501558303833
0.27082106471061707
0.2698976397514343
0.27053186297416687
0.27088335156440735
0.2696937620639801
0.2683129906654358
0.2705591917037964
0.2716509699821472
0.2697712779045105
0.267415851354599
0.26685667037963867
0.2659764289855957
0.2653579115867615
0.26546353101730347
0.26556605100631714
0.26551029086112976
0.26445725560188293
0.26494941115379333
0.26409822702407837
0.2624097168445587
0.2631635367870331
0.2626956105232239
0.26217785477638245
0.26249679923057556
0.26190274953842163
0.2614182233810425
0.26098722219467163
0.2604081630706787
0.26012662053108215
0.25962400436401367
0.2588936686515808
0.2583950459957123
0.25802546739578247
0.25772005319595337
0.25758326053619385
0.2594614326953888
0.260934442281723
0.25865453481674194
0.25725531578063965
0.2567637860774994
0.2565021514892578
0.25582611560821533
0.2557797431945801
0.25539839267730713
0.25469064712524414
0.25466644763946533
0.2541397213935852
0.2538599967956543
0.25349926948547363
0.2530492842197418
0.25216853618621826
0.2516600787639618
0.2511928379535675
0.25103065371513367
0.25075435638427734
0.250384658575058
0.25017502903938293
0.25022459030151367
0.2497425526380539
0.2497469037771225
0.24905334413051605
0.24828752875328064
0.24895957112312317
0.24843934178352356
0.24801255762577057
0.24712666869163513
0.2466394305229187
0.24632753431797028
0.24609346687793732
0.24566635489463806
0.2454776018857956
0.24539504945278168
0.24517737329006195
0.24452964961528778
0.24663536250591278
0.24541649222373962
0.2443777322769165
0.24361170828342438
0.24345271289348602
0.2432190328836441
0.24296477437019348
0.24291859567165375
0.24254100024700165
0.24316373467445374
0.2425636500120163
0.24249902367591858
0.24266791343688965
0.24245497584342957
0.24207372963428497
0.24194937944412231
0.2417059987783432
0.24123674631118774
0.2409813404083252
0.24084244668483734
0.2408534437417984
0.240114226937294
0.24001890420913696
0.23988857865333557
0.23975816369056702
0.23944218456745148
0.23920345306396484
0.23910565674304962
0.23902861773967743
0.23873338103294373
0.2385351061820984
0.23839566111564636
0.238761305809021
0.2384365200996399
0.23833058774471283
0.2380654364824295
0.23779237270355225
0.23751303553581238
0.2372993677854538
0.23702430725097656
0.2368873804807663
0.23671531677246094
0.23640142381191254
0.23666046559810638
0.2365325689315796
0.23627200722694397
0.2362954467535019
0.23602351546287537
0.23589220643043518
0.23560072481632233
0.23543736338615417
0.23597382009029388
0.23744788765907288
0.2376893162727356
0.23714958131313324
0.23660553991794586
0.23592911660671234
0.2349778115749359
0.23495806753635406
0.23455479741096497
0.23440484702587128
0.2340930700302124
0.23458231985569
0.23478594422340393
0.2345641851425171
0.2340993881225586
0.23394083976745605
0.23376122117042542
0.23336412012577057
0.233370840549469
0.23319551348686218
0.23289385437965393
0.2324247807264328
0.23219214379787445
0.2320767194032669
0.23195040225982666
0.231753408908844
0.23166882991790771
0.23143716156482697
0.23111745715141296
0.23110075294971466
0.23098500072956085
0.23080512881278992
0.23075096309185028
0.23040428757667542
0.23019397258758545
0.23058821260929108
0.23041631281375885
0.23014776408672333
0.22999584674835205
0.22991539537906647
0.2297019362449646
0.22971975803375244
0.2293950468301773
0.22935007512569427
0.22942815721035004
0.22935210168361664
0.22923190891742706
0.22930105030536652
0.22905845940113068
0.2288980931043625
0.2286410629749298
0.22838328778743744
0.22816886007785797
0.22808589041233063
0.22794322669506073
0.2278934121131897
0.22774077951908112
0.2280082106590271
0.2279815971851349
0.22784726321697235
0.22774702310562134
0.2276102900505066
0.22751379013061523
0.22736665606498718
0.22720688581466675
0.227070152759552
0.22697792947292328
0.22681662440299988
0.22680827975273132
0.2266451120376587
0.22655142843723297
0.22670035064220428
0.22644810378551483
0.22654184699058533
0.22641050815582275
0.22600170969963074
0.226019024848938
0.22586855292320251
0.22569426894187927
0.22575163841247559
0.2256964147090912
0.2257101982831955
0.22569601237773895
0.22569866478443146
0.2254854291677475
0.22541441023349762
0.22513480484485626
0.2250746786594391
0.2250799685716629
0.2249552458524704
0.22489944100379944
0.22483864426612854
0.22481724619865417
0.22475792467594147
0.22461947798728943
0.2245737761259079
0.22448885440826416
0.2243638038635254
0.22428637742996216
0.22438041865825653
0.2242089807987213
0.2241503745317459
0.22403736412525177
0.22403788566589355
0.2239542007446289
0.22390010952949524
0.22377023100852966
0.22378648817539215
0.22368349134922028
0.22361280024051666
0.2235838919878006
0.22348062694072723
0.22341680526733398
0.22308827936649323
0.2232639640569687
0.22312285006046295
0.2230217307806015
0.22291401028633118
0.2228609174489975
0.2232268899679184
0.22309093177318573
0.22303128242492676
0.22297321259975433
0.22279419004917145
0.22281494736671448
0.22271469235420227
0.22276222705841064
0.22272635996341705
0.22268500924110413
0.22244885563850403
0.22245743870735168
0.22212570905685425
0.22213466465473175
0.2220350056886673
0.2219308465719223
0.22190167009830475
0.22191748023033142
0.22176587581634521
0.2217022180557251
0.2216789722442627
0.22145412862300873
0.22139303386211395
0.22134479880332947
0.22122831642627716
0.22108319401741028
0.22118504345417023
0.22119492292404175
0.2211313396692276
0.2214086353778839
0.2212926149368286
0.2211359143257141
0.22104544937610626
0.2208736389875412
0.2207833230495453
0.2203843742609024
0.22058816254138947
0.2205708622932434
0.22052855789661407
0.22046376764774323
0.22051414847373962
0.22039662301540375
0.22039267420768738
0.2203449010848999
0.220316544175148
0.22020694613456726
0.2201872020959854
0.2201492041349411
0.22026097774505615
0.22018133103847504
0.22012017667293549
0.21991610527038574
0.21989713609218597
0.21989871561527252
0.21984919905662537
0.21978232264518738
0.219793900847435
0.21977178752422333
0.21973662078380585
0.21971113979816437
0.21967263519763947
0.21968059241771698
0.21966637670993805
0.21960632503032684
0.2195657342672348
0.21953222155570984
0.219476118683815
0.21948061883449554
0.21945789456367493
0.21944774687290192
0.21942785382270813
0.2192978709936142
0.2194593846797943
0.21944327652454376
0.21958711743354797
0.21933825314044952
0.2192670702934265
0.21919478476047516
0.2191857248544693
0.21905170381069183
0.2190612107515335
0.2189318984746933
0.21891476213932037
0.2189430445432663
0.21884790062904358
0.21883392333984375
0.2187926322221756
0.21880461275577545
0.21871712803840637
0.21868081390857697
0.21862897276878357
0.21864914894104004
0.2186308354139328
0.21857500076293945
0.2185438573360443
0.21851158142089844
0.21849659085273743
0.21851788461208344
0.21841977536678314
0.21837297081947327
0.21834304928779602
0.21831245720386505
0.2182624489068985
0.21824906766414642
0.2182178497314453
0.21821589767932892
0.2182043194770813
0.2181984931230545
0.21821558475494385
0.2180856466293335
0.21803759038448334
0.21800322830677032
0.21798181533813477
0.21794924139976501
0.21789753437042236
0.2178945094347
0.21792863309383392
0.2178850919008255
0.21783174574375153
0.21777579188346863
0.2177617847919464
0.21770650148391724
0.21766886115074158
0.21761612594127655
0.21754159033298492
0.21757933497428894
0.2175147980451584
0.21746046841144562
0.2174299657344818
0.21739639341831207
0.21737012267112732
0.2173105925321579
0.21724264323711395
0.2173147052526474
0.21727780997753143
0.21726293861865997
0.2172582745552063
0.2172388881444931
0.21719935536384583
0.21718984842300415
0.2171672284603119
0.21717478334903717
0.21718066930770874
0.21711879968643188
0.2171250581741333
0.2171137034893036
0.217092826962471
0.21705786883831024
0.21698325872421265
0.21698585152626038
0.21697983145713806
0.21696391701698303
0.21694107353687286
0.21691785752773285
0.21692806482315063
0.2169048935174942
0.2168942242860794
0.21687647700309753
0.21686594188213348
0.2168615460395813
0.2168612778186798
0.21685367822647095
0.21682175993919373
0.2168043851852417
0.21682108938694
0.2168390452861786
0.21683546900749207
0.2168019413948059
0.21679027378559113
0.21678867936134338
0.21675258874893188
0.21675652265548706
0.21669752895832062
0.2166847437620163
0.216669961810112
0.2166488766670227
0.21662966907024384
0.21660982072353363
0.21659556031227112
0.21657857298851013
0.21656742691993713
0.2165631502866745
0.2165287286043167
0.2165215015411377
0.21649348735809326
0.21648122370243073
0.21644161641597748
0.2164296656847
0.21636232733726501
0.2163582444190979
0.2163161039352417
0.21633516252040863
0.2163069248199463
0.21628442406654358
0.2162821888923645
0.2162678986787796
0.2162424921989441
0.21623225510120392
0.21621264517307281
0.21619103848934174
0.21618013083934784
0.21616503596305847
0.2161555141210556
0.21613043546676636
0.2161063551902771
0.21608874201774597
0.21606318652629852
0.21602043509483337
0.21600793302059174
0.21597018837928772
0.21597956120967865
0.2159777730703354
0.21596083045005798
0.21593962609767914
0.21595671772956848
0.21592693030834198
0.21585950255393982
0.21585945785045624
0.21594195067882538
0.2158454805612564
0.21582283079624176
0.21583425998687744
0.21582403779029846
0.21582219004631042
0.215818390250206
0.2158435881137848
0.21580450236797333
0.2158135324716568
0.21578779816627502
0.21576136350631714
0.2157430201768875
0.21572621166706085
0.215704545378685
0.21570487320423126
