0.7064563035964966
0.582217276096344
0.5269734859466553
0.4783463180065155
0.47755110263824463
0.45507335662841797
0.43408843874931335
0.4210248291492462
0.42747801542282104
0.4233126640319824
0.39350390434265137
0.4037958085536957
0.40359601378440857
0.38820046186447144
0.3831750154495239
0.36608004570007324
0.3744291365146637
0.3468283414840698
0.34815743565559387
0.3727688789367676
0.35903337597846985
0.32642218470573425
0.3735196590423584
0.36031264066696167
0.36728835105895996
0.3480072617530823
0.3344081938266754
0.3464110791683197
0.3250865340232849
0.3397311866283417
0.33380216360092163
0.3429216146469116
0.3280472457408905
0.3335212469100952
0.3478420674800873
0.3263368010520935
0.33631446957588196
0.34021294116973877
0.3030376732349396
0.3127685487270355
0.3213733434677124
0.3123742938041687
0.32465994358062744
0.3262236714363098
0.30234935879707336
0.30314236879348755
0.3183940649032593
0.308145135641098
0.2990303039550781
0.3016017973423004
0.30493760108947754
0.30687427520751953
0.30794575810432434
0.3012896478176117
0.28074395656585693
0.29072636365890503
0.3034704029560089
0.29343077540397644
0.2802758514881134
0.28704771399497986
0.29703763127326965
0.28935369849205017
0.2936641275882721
0.2966731786727905
0.28160360455513
0.284361869096756
0.2666487395763397
0.28655683994293213
0.29143810272216797
0.2764650285243988
0.26839619874954224
0.2744196355342865
0.2788982391357422
0.26518896222114563
0.2696376144886017
0.27196478843688965
0.2590011656284332
0.26649555563926697
0.2587166428565979
0.2518557608127594
0.26704278588294983
0.247101828455925
0.2665083408355713
0.2574808597564697
0.23874591290950775
0.24653685092926025
0.23463763296604156
0.24997320771217346
0.24818415939807892
0.2509416341781616
0.25304803252220154
0.26616963744163513
0.2690865099430084
0.2564474046230316
0.25250959396362305
0.24291010200977325
0.23902015388011932
0.235371932387352
0.24439334869384766
0.2529694139957428
0.24805571138858795
0.23644563555717468
0.2320040613412857
0.22364100813865662
0.2415074110031128
0.23029084503650665
0.22129367291927338
0.24250206351280212
0.23714278638362885
0.20492030680179596
0.22257928550243378
0.22307223081588745
0.22236160933971405
0.2306155115365982
0.2265661656856537
0.21513687074184418
0.2167254537343979
0.2342911958694458
0.21818070113658905
0.22004443407058716
0.21520981192588806
0.2123240828514099
0.21481871604919434
0.20003370940685272
0.21657101809978485
0.20815621316432953
0.2097223997116089
0.2014421820640564
0.20201237499713898
0.20064201951026917
0.20965854823589325
0.19577890634536743
0.21737278997898102
0.2186822146177292
0.2013644576072693
0.1886240392923355
0.20478741824626923
0.18301445245742798
0.20774158835411072
0.2010481208562851
0.1831447035074234
0.19971437752246857
0.2082892507314682
0.17984551191329956
0.1869705766439438
0.1887020468711853
0.1984022855758667
0.18480044603347778
0.18947511911392212
0.17373774945735931
0.19134774804115295
0.19857972860336304
0.17299719154834747
0.19068358838558197
0.19144125282764435
0.17547743022441864
0.17801375687122345
0.16136550903320312
0.18129310011863708
0.1736057549715042
0.18123695254325867
0.190057635307312
0.19626785814762115
0.18795146048069
0.16696341335773468
0.1991046518087387
0.20272520184516907
0.18634089827537537
0.19505397975444794
0.17093046009540558
0.1890571564435959
0.18213552236557007
0.1698121577501297
0.17693549394607544
0.19894085824489594
0.17226220667362213
0.1734095960855484
0.17621198296546936
0.16791625320911407
0.17585742473602295
0.17903761565685272
0.18540166318416595
0.18173128366470337
0.17076881229877472
0.17474044859409332
0.18147799372673035
0.17913691699504852
0.17996005713939667
0.16991391777992249
0.17463169991970062
0.1767292022705078
0.1685810387134552
0.17167682945728302
0.16447269916534424
0.17372573912143707
0.1702280342578888
0.16421577334403992
0.16078564524650574
0.17857685685157776
0.15656834840774536
0.18814420700073242
0.16842573881149292
0.16487938165664673
0.1702636182308197
0.17101983726024628
0.16543707251548767
0.15351907908916473
0.16562104225158691
0.1585610806941986
0.15022873878479004
0.1423562616109848
0.16067282855510712
0.1616153120994568
0.15638278424739838
0.1654219627380371
0.14790014922618866
0.16469688713550568
0.15460205078125
0.1584222912788391
0.15641066431999207
0.16025200486183167
0.1659587174654007
0.16055428981781006
0.16050080955028534
0.1706055998802185
0.14989648759365082
0.14905187487602234
0.14961260557174683
0.16287921369075775
0.16940416395664215
0.14784686267375946
0.155948668718338
0.1541401743888855
0.1539018303155899
0.15949317812919617
0.1515689194202423
0.14802630245685577
0.1576327681541443
0.1489972472190857
0.14668965339660645
0.14180205762386322
0.14499631524085999
0.15676888823509216
0.15165214240550995
0.15088900923728943
0.15467914938926697
0.15580840408802032
0.15403804183006287
0.15024486184120178
0.15879005193710327
0.14734287559986115
0.1481652706861496
0.13920313119888306
0.15306423604488373
0.13699285686016083
0.13297706842422485
0.14358605444431305
0.14244896173477173
0.13590408861637115
0.1601734459400177
0.1521252691745758
0.15110617876052856
0.1652936041355133
0.13064266741275787
0.13041964173316956
0.1386384218931198
0.14130568504333496
0.13757190108299255
0.1462056189775467
0.13754966855049133
0.151324063539505
0.1303083300590515
0.1546292006969452
0.13730350136756897
0.14488330483436584
0.1592012643814087
0.1355050802230835
0.13265474140644073
0.14659817516803741
0.14544688165187836
0.14688430726528168
0.14817014336585999
0.14616379141807556
0.1385922133922577
0.14192426204681396
0.14832517504692078
0.1384568214416504
0.14631062746047974
0.15104056894779205
0.14963184297084808
0.13552048802375793
0.14287669956684113
0.14575734734535217
0.1399962604045868
0.15462324023246765
0.14761458337306976
0.1465843915939331
0.14098353683948517
0.14837849140167236
0.13271591067314148
0.1449766606092453
0.14446713030338287
0.12267313152551651
0.13939528167247772
0.12371236830949783
0.13625691831111908
0.15540553629398346
0.1326165795326233
0.14859721064567566
0.1328205168247223
0.14319933950901031
0.1348595917224884
0.12836739420890808
0.11251090466976166
0.12957634031772614
0.13150659203529358
0.14086578786373138
0.15666994452476501
0.14151248335838318
0.14324960112571716
0.13158060610294342
0.13149522244930267
0.13173361122608185
0.1500960737466812
0.14008493721485138
0.13523578643798828
0.13040733337402344
0.1320302039384842
0.126080721616745
0.14669054746627808
0.13467715680599213
0.14273150265216827
0.12484018504619598
0.12766200304031372
0.13754713535308838
0.13043732941150665
0.11719884723424911
0.13953953981399536
0.1381644606590271
0.1467895805835724
0.1307283639907837
0.12212545424699783
0.12810184061527252
0.13640347123146057
0.1417611688375473
0.1364431232213974
0.1313391923904419
0.13740360736846924
0.14321371912956238
0.12418335676193237
0.1313951164484024
0.127603217959404
0.13086916506290436
0.12396769225597382
0.13749204576015472
0.12723323702812195
0.1353302001953125
0.13343574106693268
0.12958888709545135
0.12748827040195465
0.118336521089077
0.12385215610265732
0.11760198324918747
0.12889760732650757
0.12155234813690186
0.13445758819580078
0.13088680803775787
0.1421678066253662
0.12410981208086014
0.13262782990932465
0.13185502588748932
0.1280299574136734
0.1379919797182083
0.12741540372371674
0.1478753536939621
0.12068381905555725
0.1346009075641632
0.13759733736515045
0.13431476056575775
0.1268453299999237
0.11506367474794388
0.1478971689939499
0.14241454005241394
0.1403575837612152
0.14474092423915863
0.12320674955844879
0.1352769285440445
0.13442844152450562
0.12557272613048553
0.12528175115585327
0.13386087119579315
0.14280815422534943
0.13328669965267181
0.139724463224411
0.13315600156784058
0.11802172660827637
0.11889098584651947
0.11883656680583954
0.15678732097148895
0.11611383408308029
0.12473700195550919
0.1340256631374359
0.1270950585603714
0.12254557013511658
0.13707031309604645
0.12759019434452057
0.13356536626815796
0.13450214266777039
0.13697665929794312
0.1290779560804367
0.13567502796649933
0.12239272147417068
0.11577820032835007
0.1334940642118454
0.11731328815221786
0.12965701520442963
0.12449794262647629
0.11849046498537064
0.12737271189689636
0.1280619353055954
0.1458742469549179
0.11741410940885544
0.13212847709655762
0.12161584198474884
0.13725946843624115
0.11699894815683365
0.13494624197483063
0.13514643907546997
0.1289789378643036
0.11926514655351639
0.14035551249980927
0.13273216784000397
0.12839475274085999
0.11974602937698364
0.11884209513664246
0.146713525056839
0.12543942034244537
0.1459522396326065
0.11727850884199142
0.12062228471040726
0.11148481070995331
0.12629351019859314
0.12391244620084763
0.1291116625070572
0.13814398646354675
0.1250704973936081
0.1302768439054489
0.12452757358551025
0.12160491943359375
0.12954717874526978
0.12429555505514145
0.14142686128616333
0.1278505027294159
0.1264469176530838
0.1213114932179451
0.13090482354164124
0.11298085004091263
0.11827600747346878
0.12743660807609558
0.12415194511413574
0.13003742694854736
0.13832910358905792
0.12743698060512543
0.11096179485321045
0.12444732338190079
0.12297692894935608
0.12037894874811172
0.14087969064712524
0.10489414632320404
0.12160322070121765
0.11286662518978119
0.1248740702867508
0.1209617480635643
0.12537692487239838
0.12881037592887878
0.1293121874332428
0.12486297637224197
0.13630467653274536
0.11919143795967102
0.12669143080711365
0.11283810436725616
0.11035467684268951
0.12257304787635803
0.12142396718263626
0.13416050374507904
0.12533104419708252
0.112965427339077
0.12826259434223175
0.128927081823349
0.1238860934972763
0.11691128462553024
0.12093748152256012
0.11451798677444458
0.1276804357767105
0.13069157302379608
0.12338873744010925
0.11796090006828308
0.11153154820203781
0.11419955641031265
0.12104810774326324
0.12828852236270905
0.12622030079364777
0.1298157423734665
0.12841646373271942
0.12687918543815613
0.1278447061777115
0.12690122425556183
0.1095116138458252
0.112123504281044
0.12063087522983551
0.12683577835559845
0.14101360738277435
0.11430022865533829
0.12129546701908112
0.12569507956504822
0.11530331522226334
0.1389472633600235
0.12407482415437698
0.12290177494287491
0.1561666876077652
0.12053704261779785
0.1316109448671341
0.1222420334815979
0.1334933638572693
0.12934760749340057
0.12511557340621948
0.10355706512928009
0.1292991042137146
0.11268329620361328
0.12559248507022858
0.12339752167463303
0.12266278266906738
0.1185414120554924
0.11539135128259659
0.11636093258857727
0.11609991639852524
0.12325500696897507
0.10988766700029373
0.10171093046665192
0.12610816955566406
0.11676778644323349
0.13603582978248596
0.12350571900606155
0.10400346666574478
0.12629066407680511
0.11068633198738098
0.12805789709091187
0.13980457186698914
0.12107116729021072
0.12220721691846848
0.11440455168485641
0.12211798131465912
0.12017348408699036
0.1183498427271843
0.11600328236818314
0.12077935039997101
0.11539019644260406
0.12079950422048569
0.11896445602178574
0.1084536612033844
0.12044914811849594
0.13747356832027435
0.1297338306903839
0.12772542238235474
0.11683697253465652
0.14345112442970276
0.12782061100006104
0.11445877701044083
0.12696081399917603
0.1199582889676094
0.1261344850063324
0.11612670868635178
0.13430146872997284
0.11441954970359802
0.11024779081344604
0.1207343265414238
0.1142243817448616
0.10520943254232407
0.12540899217128754
0.11874154210090637
0.12612284719944
0.1231161430478096
0.1251872330904007
0.11472106724977493
0.13262489438056946
0.11496943980455399
0.12118871510028839
0.1418445110321045
0.11830668151378632
0.11089643090963364
0.10022038966417313
0.11344362795352936
0.10782225430011749
0.11581645160913467
0.12166769057512283
0.13096046447753906
0.11713876575231552
0.11458870768547058
0.12516774237155914
0.11200159043073654
0.1271638572216034
0.13985882699489594
0.1350444257259369
0.11504802852869034
0.11801251769065857
0.11335007101297379
0.11744225025177002
0.12549105286598206
0.11250893771648407
