1.0729738473892212
0.7873913049697876
0.6744211912155151
0.5537675619125366
0.5443640351295471
0.5267888307571411
0.5265953540802002
0.5063334703445435
0.49691638350486755
0.4403170347213745
0.460884153842926
0.43628624081611633
0.4615001380443573
0.41957396268844604
0.4178866446018219
0.41789814829826355
0.43113642930984497
0.4231330156326294
0.3983966112136841
0.3680764138698578
0.3879023492336273
0.3458293676376343
0.3863743245601654
0.38323187828063965
0.3757479786872864
0.38462570309638977
0.37045684456825256
0.35493502020835876
0.36917412281036377
0.3582597076892853
0.3723830282688141
0.3493812680244446
0.3557095527648926
0.3694388270378113
0.36173132061958313
0.34283247590065
0.315037339925766
0.3296915888786316
0.34086665511131287
0.3381419777870178
0.3373678922653198
0.33665695786476135
0.33297449350357056
0.33898311853408813
0.3298787772655487
0.3116722106933594
0.31749168038368225
0.3115828335285187
0.3296334147453308
0.3193058371543884
0.32948529720306396
0.3133006691932678
0.2977124750614166
0.3142412304878235
0.30979016423225403
0.3295840322971344
0.31985044479370117
0.29701074957847595
0.28236523270606995
0.29190170764923096
0.30628833174705505
0.3046751022338867
0.28012245893478394
0.290350079536438
0.28936445713043213
0.2902469038963318
0.29733821749687195
0.306934118270874
0.2859940230846405
0.271833211183548
0.30727607011795044
0.29118409752845764
0.2950524091720581
0.2811835706233978
0.29059913754463196
0.28877416253089905
0.25290343165397644
0.28850555419921875
0.28162336349487305
0.2843347489833832
0.2779712378978729
0.28511568903923035
0.27092885971069336
0.27845168113708496
0.2609314024448395
0.2602855861186981
0.2844963073730469
0.25631967186927795
0.262267529964447
0.2571369409561157
0.2678973972797394
0.24634331464767456
0.2580406367778778
0.25327983498573303
0.2616060972213745
0.2652546763420105
0.24863505363464355
0.25923556089401245
0.2631398141384125
0.2613816261291504
0.24699099361896515
0.24957023561000824
0.243599534034729
0.25326889753341675
0.28089311718940735
0.239496648311615
0.2550220787525177
0.24352537095546722
0.2392238974571228
0.24258922040462494
0.25500550866127014
0.24337604641914368
0.23338888585567474
0.24400971829891205
0.2392772138118744
0.2487473487854004
0.2397647500038147
0.2535853981971741
0.23075534403324127
0.2335357367992401
0.22796794772148132
0.23650020360946655
0.23036956787109375
0.21589581668376923
0.20251144468784332
0.2309514433145523
0.22842326760292053
0.20886698365211487
0.22900977730751038
0.21766336262226105
0.2075851708650589
0.20772723853588104
0.21065030992031097
0.22471949458122253
0.19216006994247437
0.22688525915145874
0.20612893998622894
0.20711489021778107
0.20861537754535675
0.2291194349527359
0.20699690282344818
0.20693710446357727
0.21014496684074402
0.1969308853149414
0.1904008537530899
0.2127438187599182
0.22157983481884003
0.1828177571296692
0.19202090799808502
0.19549740850925446
0.19984076917171478
0.175827294588089
0.1949979066848755
0.20024316012859344
0.21326389908790588
0.19715984165668488
0.17695991694927216
0.19385121762752533
0.1889979988336563
0.18829001486301422
0.20668360590934753
0.19814565777778625
0.1996976137161255
0.1767052859067917
0.1812259554862976
0.18990403413772583
0.18084532022476196
0.17436033487319946
0.18026989698410034
0.18646547198295593
0.17537115514278412
0.17658042907714844
0.18529777228832245
0.16285660862922668
0.17425546050071716
0.18510954082012177
0.19213031232357025
0.2050461620092392
0.18568387627601624
0.19839252531528473
0.18843188881874084
0.19522440433502197
0.15808095037937164
0.1739208698272705
0.1964527666568756
0.18993620574474335
0.16823364794254303
0.1826893389225006
0.19074764847755432
0.15221114456653595
0.16881628334522247
0.17330706119537354
0.17992006242275238
0.172708660364151
0.16101789474487305
0.15708109736442566
0.17150983214378357
0.18335917592048645
0.1660022884607315
0.17088541388511658
0.16055811941623688
0.18909069895744324
0.15841388702392578
0.1653500646352768
0.17802633345127106
0.16506510972976685
0.16092446446418762
0.15603014826774597
0.161806121468544
0.16991662979125977
0.1716584712266922
0.15474222600460052
0.15436269342899323
0.1639103889465332
0.1680976003408432
0.15416960418224335
0.1658935695886612
0.14147399365901947
0.1556386947631836
0.1461370289325714
0.14897193014621735
0.1482119858264923
0.17782922089099884
0.18413996696472168
0.1539229303598404
0.1621931791305542
0.14387789368629456
0.14561793208122253
0.12096130847930908
0.1633288562297821
0.17617365717887878
0.13198430836200714
0.14394789934158325
0.15277288854122162
0.16437692940235138
0.1655001938343048
0.14428487420082092
0.1469161957502365
0.17064912617206573
0.1688980609178543
0.1430254876613617
0.13155962526798248
0.15220756828784943
0.1266993284225464
0.12363449484109879
0.13434354960918427
0.14128772914409637
0.13014274835586548
0.14679767191410065
0.15152180194854736
0.15539950132369995
0.1521790623664856
0.155680850148201
0.1640903353691101
0.14938096702098846
0.14578808844089508
0.16180485486984253
0.1270410716533661
0.15936079621315002
0.13961876928806305
0.1371714472770691
0.14296388626098633
0.1247975155711174
0.13104857504367828
0.13305018842220306
0.15262427926063538
0.13927358388900757
0.13479818403720856
0.14018413424491882
0.13692419230937958
0.14531037211418152
0.15267784893512726
0.1502685844898224
0.15380755066871643
0.16301602125167847
0.14499689638614655
0.13964690268039703
0.12756092846393585
0.1366175413131714
0.12408631294965744
0.13851217925548553
0.12401539087295532
0.13650985062122345
0.1337622106075287
0.13853269815444946
0.13480344414710999
0.1299484521150589
0.1291513442993164
0.1447928547859192
0.13409607112407684
0.12871119379997253
0.14229203760623932
0.14795765280723572
0.12414024025201797
0.11344259977340698
0.13694757223129272
0.13442909717559814
0.15633173286914825
0.1229504644870758
0.11498390883207321
0.13055233657360077
0.11193077266216278
0.1283443123102188
0.13042108714580536
0.1315157115459442
0.12033671885728836
0.12427777796983719
0.10824237763881683
0.13289424777030945
0.13369056582450867
0.13084863126277924
0.11282548308372498
0.12654604017734528
0.1275673806667328
0.12556995451450348
0.11975834518671036
0.1154877245426178
0.13689886033535004
0.11133069545030594
0.12855546176433563
0.13489896059036255
0.11176484078168869
0.1261676400899887
0.13866734504699707
0.12231098115444183
0.13034197688102722
0.10081873834133148
0.1289793998003006
0.11124446243047714
0.1275501847267151
0.11917607486248016
0.12367279082536697
0.13610023260116577
0.12485858052968979
0.13703301548957825
0.14000694453716278
0.12100525200366974
0.12032210826873779
0.12198229879140854
0.10724843293428421
0.1250387579202652
0.1207934021949768
0.1167164146900177
0.11918642371892929
0.11891313642263412
0.1360796093940735
0.13507573306560516
0.1308307647705078
0.11225208640098572
0.12714436650276184
0.1385684311389923
0.11020906269550323
0.13507910072803497
0.11497653275728226
0.1361473947763443
0.12035156041383743
0.1306370347738266
0.12231491506099701
0.13996966183185577
0.12158241122961044
0.13272248208522797
0.12458059936761856
0.1308533400297165
0.1115337610244751
0.10489796102046967
0.11456403136253357
0.11378776282072067
0.10870450735092163
0.1079372763633728
0.1235731691122055
0.12350795418024063
0.10777078568935394
0.11172271519899368
0.11419004201889038
0.1002015694975853
0.12664690613746643
0.11260577291250229
0.12831935286521912
0.11369513720273972
0.11176232248544693
0.1327729970216751
0.10027670115232468
0.11567278206348419
0.12482412159442902
0.11794698983430862
0.11595333367586136
0.12095899879932404
0.11506260931491852
0.09518598765134811
0.10422609746456146
0.11383851617574692
0.12331204861402512
0.1051974669098854
0.11929772794246674
0.105437733232975
0.1052028015255928
0.11915426701307297
0.11273602396249771
0.11264539510011673
0.11486125737428665
0.11972750723361969
0.1207907572388649
0.11784050613641739
0.0912557914853096
0.11345852166414261
0.09843003004789352
0.12115851789712906
0.13282066583633423
0.11716485023498535
0.10010796785354614
0.1027417778968811
0.13520945608615875
0.13401763141155243
0.10644067823886871
0.12054720520973206
0.11768265068531036
0.11291344463825226
0.127659872174263
0.10392623394727707
0.1030460000038147
0.10465776175260544
0.10676296800374985
0.11600218713283539
0.10735522955656052
0.11504264175891876
0.12036404013633728
0.12447499483823776
0.1179364025592804
0.10915038734674454
0.11567901819944382
0.10067044198513031
0.1232050359249115
0.11887849122285843
0.12752452492713928
0.10928632318973541
0.11243454366922379
0.1109110489487648
0.1023724377155304
0.11054032295942307
0.11052948981523514
0.10305923968553543
0.10057071596384048
0.12677180767059326
0.1334301382303238
0.1020563393831253
0.1149931475520134
0.11604181677103043
0.10043726116418839
0.097234807908535
0.09111639112234116
0.09802516549825668
0.10577083379030228
0.11449368298053741
0.10719359666109085
0.11771972477436066
0.11827832460403442
0.10324358940124512
0.10050978511571884
0.1379128396511078
0.10334764420986176
0.09009545296430588
0.10363814979791641
0.12910513579845428
0.12421570718288422
0.12556806206703186
0.09825552254915237
0.11108189076185226
0.08799384534358978
0.12365659326314926
0.09959066659212112
0.11399880796670914
0.1015123501420021
0.11125600337982178
0.11896029114723206
0.10783407837152481
0.09409427642822266
0.10819508135318756
0.10572061687707901
0.10852005332708359
0.10655465722084045
0.10864920914173126
0.10296886414289474
0.10251428186893463
0.09881771355867386
0.11828746646642685
0.13685722649097443
0.10292463004589081
0.1072966530919075
0.10757436603307724
0.13377048075199127
0.1271681785583496
0.09644460678100586
0.12695835530757904
0.08523685485124588
0.11122085899114609
0.11741755902767181
0.10868869721889496
0.12057702988386154
0.10433647781610489
0.104830302298069
0.10038285702466965
0.12529690563678741
0.10020454972982407
0.12339756637811661
0.10228431224822998
0.08250928670167923
0.10723957419395447
0.10760226845741272
0.11800572276115417
0.10514933615922928
0.11593398451805115
0.1096281036734581
0.09770442545413971
0.12995807826519012
0.1215636357665062
0.07937280088663101
0.11283916234970093
0.11544985324144363
0.10308552533388138
0.10930228233337402
0.11099129170179367
0.10939804464578629
0.09214898198843002
0.10757724195718765
0.11423380672931671
0.10777989774942398
0.09883347153663635
0.11311503499746323
0.09113384038209915
0.11395902931690216
0.1057353988289833
0.10305541008710861
0.10738442093133926
0.102215476334095
0.11116157472133636
0.10141520947217941
0.12005925178527832
0.10468603670597076
0.11358095705509186
0.08775433152914047
0.10393594205379486
0.12073244899511337
0.09200704097747803
0.08550062030553818
0.10379654914140701
0.09237907826900482
0.09952035546302795
0.1015244871377945
0.11221291124820709
0.12399521470069885
0.1190737783908844
0.13193628191947937
0.11012093722820282
0.11019156128168106
0.10387178510427475
0.11404746770858765
0.09707359969615936
0.10629802197217941
0.10248634964227676
0.10648420453071594
0.11208610981702805
0.1025490090250969
0.09634536504745483
0.09967607259750366
0.09410195052623749
0.10214968025684357
0.09621106833219528
0.09713307023048401
0.10768914967775345
0.11143539100885391
0.13541990518569946
0.10028538107872009
0.09874492138624191
0.11452721804380417
0.09277055412530899
0.10006466507911682
0.11609615385532379
0.11989154666662216
0.09607117623090744
0.10653062909841537
0.10115057229995728
0.10230658203363419
0.11542574316263199
0.11748238652944565
0.09854310005903244
0.09615980088710785
0.1193266436457634
0.10108441859483719
0.10237289220094681
0.1319495588541031
0.10034111887216568
0.10632631182670593
0.08506722748279572
0.09902365505695343
0.10941596329212189
0.10039466619491577
0.10389601439237595
0.10318642109632492
0.1120690107345581
0.13702145218849182
0.10617301613092422
