1.130985975265503
1.0345056056976318
0.9603195190429688
0.8973081707954407
0.8421643376350403
0.7945999503135681
0.7559320330619812
0.7214870452880859
0.6890307664871216
0.6598084568977356
0.6328979730606079
0.6082666516304016
0.5856716632843018
0.5661949515342712
0.5475223064422607
0.5307817459106445
0.5147081613540649
0.5000228881835938
0.4844265282154083
0.47218939661979675
0.45997586846351624
0.4467334747314453
0.43527406454086304
0.42371654510498047
0.4138107895851135
0.405674546957016
0.39847907423973083
0.3914632499217987
0.3842925727367401
0.37816038727760315
0.3727503716945648
0.3677823841571808
0.363554447889328
0.35974690318107605
0.35606738924980164
0.35224080085754395
0.3498292863368988
0.3466600179672241
0.3442077040672302
0.3416096568107605
0.33972227573394775
0.33793023228645325
0.33607539534568787
0.33401036262512207
0.33277180790901184
0.33120742440223694
0.32977384328842163
0.3285929262638092
0.32753095030784607
0.326612651348114
0.3259352147579193
0.3249339759349823
0.32423135638237
0.3229866027832031
0.32267239689826965
0.3226891756057739
0.3215055763721466
0.32070547342300415
0.3197604715824127
0.31851792335510254
0.3177407383918762
0.31699123978614807
0.31617507338523865
0.3157048225402832
0.31491270661354065
0.31412264704704285
0.31310632824897766
0.3126026391983032
0.3125609755516052
0.3119828402996063
0.31162145733833313
0.31121277809143066
0.3105843663215637
0.3093014657497406
0.30889156460762024
0.3076848089694977
0.3065212666988373
0.3068358600139618
0.306286484003067
0.30547869205474854
0.30477219820022583
0.30396217107772827
0.30360648036003113
0.3028741180896759
0.3028052747249603
0.30184614658355713
0.3009491562843323
0.301082044839859
0.3004952073097229
0.29989176988601685
0.2990858852863312
0.2980349659919739
0.2973366975784302
0.2966096103191376
0.2960840165615082
0.2954273223876953
0.295677125453949
0.2944134473800659
0.2937668263912201
0.29286637902259827
0.2928808629512787
0.2928433120250702
0.29306450486183167
0.2920103967189789
0.29065731167793274
0.2901419401168823
0.2893044054508209
0.28880420327186584
0.28820347785949707
0.28765714168548584
0.287038654088974
0.28649234771728516
0.28614452481269836
0.28575414419174194
0.28500279784202576
0.28496575355529785
0.2844924330711365
0.2846430242061615
0.2842812240123749
0.28415122628211975
0.2837172746658325
0.2831888496875763
0.2823369801044464
0.2818269729614258
0.28274112939834595
0.28162363171577454
0.28071752190589905
0.28032156825065613
0.27952635288238525
0.27907681465148926
0.27831175923347473
0.2777160406112671
0.2768142819404602
0.27592700719833374
0.2761352062225342
0.27608057856559753
0.2755260467529297
0.2744624614715576
0.2738785743713379
0.27352428436279297
0.27451199293136597
0.2729009687900543
0.27318626642227173
0.27253374457359314
0.27180683612823486
0.27222225069999695
0.27180901169776917
0.27111029624938965
0.2705373167991638
0.2698727548122406
0.26956719160079956
0.26903292536735535
0.26880839467048645
0.26803433895111084
0.2676136791706085
0.26741883158683777
0.26693448424339294
0.2664196491241455
0.2664322555065155
0.2668064534664154
0.26625534892082214
0.2666797637939453
0.2665984332561493
0.2656857371330261
0.2646424174308777
0.2641989588737488
0.26329392194747925
0.2635110914707184
0.2629452347755432
0.26225221157073975
0.2617551386356354
0.2612508237361908
0.26100802421569824
0.26033174991607666
0.26007577776908875
0.259682297706604
0.2604369819164276
0.2602686285972595
0.25992971658706665
0.25897330045700073
0.2585541009902954
0.25821641087532043
0.25771963596343994
0.2573196291923523
0.25720518827438354
0.2574285864830017
0.2569900453090668
0.2564685046672821
0.25586459040641785
0.25599154829978943
0.2553316354751587
0.2548469007015228
0.2554372251033783
0.2552506625652313
0.255007266998291
0.25451335310935974
0.254440575838089
0.25416865944862366
0.2541390061378479
0.25399264693260193
0.25375890731811523
0.2536567747592926
0.25348010659217834
0.2533140182495117
0.25321221351623535
0.25303027033805847
0.2527424693107605
0.2526451349258423
0.2530665397644043
0.25287193059921265
0.253124862909317
0.25310105085372925
0.25284576416015625
0.2525107264518738
0.2523095905780792
0.2522130608558655
0.2519804835319519
0.251893013715744
0.25131455063819885
0.2508317828178406
0.2508961856365204
0.2506125271320343
0.25036561489105225
0.25020813941955566
0.25009769201278687
0.2498619556427002
0.24988119304180145
0.24970412254333496
0.2500420808792114
0.25047624111175537
0.250590056180954
0.24985744059085846
0.24917343258857727
0.24909459054470062
0.24871350824832916
0.24855025112628937
0.24866685271263123
0.2485135793685913
0.2482459545135498
0.24782873690128326
0.2475750893354416
0.2478410005569458
0.24855585396289825
0.24847204983234406
0.24833711981773376
0.24790363013744354
0.24731145799160004
0.24734224379062653
0.24666516482830048
0.24691142141819
0.24681997299194336
0.2466914802789688
0.24688832461833954
0.24737387895584106
0.24721817672252655
0.24651767313480377
0.24594272673130035
0.2455398440361023
0.2450845092535019
0.24500654637813568
0.24478651583194733
0.24454151093959808
0.24442674219608307
0.24414445459842682
0.24401628971099854
0.24385078251361847
0.24373993277549744
0.24367426335811615
0.24368081986904144
0.2435133457183838
0.24336014688014984
0.24325865507125854
0.24324128031730652
0.24306902289390564
0.2429753690958023
0.24263304471969604
0.2424800992012024
0.2422102987766266
0.24205583333969116
0.241925910115242
0.24170660972595215
0.24159260094165802
0.24147753417491913
0.24137769639492035
0.241225928068161
0.24095481634140015
0.24082238972187042
0.2406136840581894
0.24060046672821045
0.24073874950408936
0.24059051275253296
0.24057520925998688
0.24013034999370575
0.24030610918998718
0.24017788469791412
0.24001239240169525
0.23989148437976837
0.23977696895599365
0.2396552562713623
0.23949097096920013
0.23938800394535065
0.23944219946861267
0.23936162889003754
0.239304780960083
0.23924550414085388
0.23924019932746887
0.23927292227745056
0.23959322273731232
0.23955576121807098
0.23953261971473694
0.23957592248916626
0.2396085560321808
0.23962722718715668
0.2394983470439911
0.23933206498622894
0.2391059845685959
0.2388199418783188
0.23873311281204224
0.23857565224170685
0.23831991851329803
0.2382367104291916
0.2382110208272934
0.2381431609392166
0.2381676584482193
0.23809018731117249
0.23799118399620056
0.23791196942329407
0.23774167895317078
0.23783786594867706
0.2377101331949234
0.23758113384246826
0.23742136359214783
0.23737803101539612
0.23726415634155273
0.23717159032821655
0.23711568117141724
0.23710177838802338
0.23716509342193604
0.23707595467567444
0.23719939589500427
0.2371322363615036
0.23689554631710052
0.2367260605096817
0.2366626113653183
0.2364502251148224
0.23653003573417664
0.23644699156284332
0.23637299239635468
0.23628778755664825
0.2362147569656372
0.23611868917942047
0.23605085909366608
0.23602601885795593
0.23597601056098938
0.2358299046754837
0.23582597076892853
0.23583365976810455
0.23577578365802765
0.23565517365932465
0.23562125861644745
0.23550094664096832
0.23560497164726257
0.23558424413204193
0.23550966382026672
0.2353954166173935
0.23537224531173706
0.2352321743965149
0.23587380349636078
0.23604163527488708
0.2359027862548828
0.23566168546676636
0.2353190779685974
0.2349172830581665
0.23503348231315613
0.23497048020362854
0.2348567396402359
0.23497280478477478
0.23488400876522064
0.2347448766231537
0.23469683527946472
0.23462340235710144
0.23451393842697144
0.23438578844070435
0.23427993059158325
0.23417311906814575
0.23411281406879425
0.23402880132198334
0.2339707612991333
0.23389841616153717
0.23386462032794952
0.23382847011089325
0.23380348086357117
0.23373360931873322
0.23370900750160217
0.2337520569562912
0.23369793593883514
0.23368415236473083
0.23360182344913483
0.2336214780807495
0.2335406392812729
0.23346997797489166
0.23349227011203766
0.23357360064983368
0.2335265725851059
0.23345671594142914
0.23342075943946838
0.2332167774438858
0.23324193060398102
0.2332514524459839
0.2332027107477188
0.23317262530326843
0.2331986278295517
0.23322011530399323
0.23313549160957336
0.23302650451660156
0.2330118864774704
0.23297157883644104
0.23294179141521454
0.2328885942697525
0.23286321759223938
0.23281237483024597
0.2327929139137268
0.23274989426136017
0.23275545239448547
0.23274022340774536
0.23270760476589203
0.23271290957927704
0.23265491425991058
0.2325901985168457
0.23261073231697083
0.23260828852653503
0.23257572948932648
0.23252609372138977
0.23249569535255432
0.23248052597045898
0.2324601709842682
0.23243644833564758
0.23241564631462097
0.23237134516239166
0.2323245406150818
0.23228533565998077
0.23224948346614838
0.23222550749778748
0.23218321800231934
0.23215723037719727
0.2320764660835266
0.2322303056716919
0.2321629673242569
0.23208434879779816
0.2320183962583542
0.23199211061000824
0.2318602204322815
0.23185522854328156
0.23185603320598602
0.23188430070877075
0.2319355458021164
0.23188748955726624
0.23186825215816498
0.23182614147663116
0.23180097341537476
0.23177804052829742
0.23174282908439636
0.23174865543842316
0.23171909153461456
0.2316824197769165
0.23152826726436615
0.23142193257808685
0.2313883900642395
0.23139333724975586
0.23133313655853271
0.23129767179489136
0.2312726378440857
0.23125267028808594
0.23107865452766418
0.23114317655563354
0.23118244111537933
0.23107782006263733
0.23110127449035645
0.23105724155902863
0.2310546487569809
0.23101802170276642
0.2309933453798294
0.23093698918819427
0.23092831671237946
0.23088863492012024
0.23086696863174438
0.23084630072116852
0.23082497715950012
0.23076845705509186
0.23070497810840607
0.230723038315773
0.2307225614786148
0.23069007694721222
0.23068489134311676
0.23066017031669617
0.2306547611951828
0.23062647879123688
0.23061271011829376
0.23058222234249115
0.23056326806545258
0.23053669929504395
0.23051545023918152
0.23052793741226196
0.23048633337020874
0.2304762899875641
0.23044881224632263
0.23044681549072266
0.23040995001792908
0.23042269051074982
0.2304084300994873
0.23045173287391663
0.2303834706544876
0.2304239273071289
0.23026055097579956
0.23029890656471252
0.23027944564819336
0.2302864044904709
0.23024506866931915
0.23027552664279938
0.23024065792560577
0.230220764875412
0.23021362721920013
0.23017914593219757
0.23017072677612305
0.23014108836650848
0.2301323413848877
0.23012490570545197
0.23011775314807892
0.23011668026447296
0.2300974726676941
0.23011811077594757
0.23007413744926453
0.23005153238773346
0.23004195094108582
0.22999021410942078
0.22996142506599426
0.22993968427181244
0.2299194633960724
0.22990840673446655
0.22989003360271454
0.22987821698188782
0.22990736365318298
0.22985243797302246
0.22984649240970612
0.22981159389019012
0.22972522675991058
0.22973284125328064
0.22974897921085358
0.22972749173641205
0.2296959012746811
0.229689359664917
0.22967948019504547
0.22966645658016205
0.22966845333576202
0.22961516678333282
0.2296184003353119
0.229598268866539
0.22956377267837524
0.2295403629541397
0.22953304648399353
0.2295168787240982
0.22950688004493713
0.2294948697090149
0.22948528826236725
0.2294779270887375
0.22945304214954376
0.22943410277366638
0.229406476020813
0.22941653430461884
0.2293761521577835
0.22938206791877747
0.22938808798789978
0.2293621003627777
0.22929760813713074
0.22932258248329163
0.22936740517616272
0.22938264906406403
0.22935229539871216
0.22933945059776306
0.22931091487407684
0.22930960357189178
0.22928579151630402
0.2292630970478058
0.2292208969593048
0.22919440269470215
0.22916851937770844
0.22914589941501617
0.22911891341209412
0.2290976494550705
0.22908271849155426
0.22907161712646484
0.22906409204006195
0.22905698418617249
0.22904673218727112
0.2290400117635727
0.22903597354888916
0.22902527451515198
0.229017972946167
0.22900886833667755
0.22899982333183289
0.22900187969207764
0.22898724675178528
0.22897212207317352
0.22897590696811676
0.22896671295166016
0.2290000021457672
0.2289614975452423
0.22895406186580658
0.22893638908863068
0.2289416790008545
0.22892704606056213
0.2289237082004547
0.22894218564033508
0.2288992553949356
0.22888298332691193
0.22884501516819
