0.7519168257713318
0.7051764726638794
0.6727364659309387
0.6666359305381775
0.6434097290039062
0.6171587705612183
0.608396589756012
0.5796066522598267
0.5568586587905884
0.534104585647583
0.5147960186004639
0.5011477470397949
0.4987486004829407
0.48584261536598206
0.5092887282371521
0.4449603259563446
0.4775480031967163
0.4977589547634125
0.45411449670791626
0.4542480707168579
0.48888424038887024
0.46255770325660706
0.4445763826370239
0.46021562814712524
0.45289573073387146
0.4299132823944092
0.4245242178440094
0.43181782960891724
0.4043636620044708
0.42699742317199707
0.4088188409805298
0.47607365250587463
0.42294296622276306
0.3977389633655548
0.4032922685146332
0.4072053134441376
0.4281153678894043
0.41009560227394104
0.3946762681007385
0.4039170742034912
0.3828086256980896
0.37609636783599854
0.40387672185897827
0.37534117698669434
0.3942876160144806
0.37113454937934875
0.36024540662765503
0.3951790928840637
0.39096805453300476
0.36436891555786133
0.3540176451206207
0.3525002896785736
0.3713167607784271
0.36642542481422424
0.34023144841194153
0.36730995774269104
0.36331707239151
0.35399284958839417
0.3577924072742462
0.3530367910861969
0.348034530878067
0.36654922366142273
0.3580801486968994
0.3237690329551697
0.33848485350608826
0.34718549251556396
0.3388102948665619
0.3061729967594147
0.33808985352516174
0.36539173126220703
0.3571203947067261
0.32364800572395325
0.31808406114578247
0.34367072582244873
0.32355397939682007
0.31376591324806213
0.3488602042198181
0.31188488006591797
0.3418264091014862
0.3173196315765381
0.3212112784385681
0.3206130266189575
0.3389182984828949
0.32626447081565857
0.32674261927604675
0.3352678716182709
0.3074488639831543
0.29828035831451416
0.3357688784599304
0.3284769356250763
0.30057045817375183
0.2987573444843292
0.30565372109413147
0.2867267429828644
0.2845223844051361
0.30854669213294983
0.2989994287490845
0.29650697112083435
0.2946193218231201
0.3113402724266052
0.3353705406188965
0.2916044294834137
0.2943669557571411
0.30311983823776245
0.28218621015548706
0.2785165011882782
0.2896224856376648
0.28827759623527527
0.2591295540332794
0.2921757102012634
0.274567574262619
0.275880366563797
0.3112155795097351
0.2876244783401489
0.2688993811607361
0.2843288481235504
0.2838430404663086
0.2889651656150818
0.2820245325565338
0.2903466820716858
0.2818119525909424
0.2909563183784485
0.2732434570789337
0.2726046144962311
0.2602826654911041
0.26464733481407166
0.2698920667171478
0.2690533995628357
0.2576214373111725
0.265164852142334
0.2560705244541168
0.2566954493522644
0.26135045289993286
0.2737565040588379
0.270195871591568
0.27664685249328613
0.26298075914382935
0.2619909942150116
0.25576528906822205
0.2524601221084595
0.26673707365989685
0.2410304695367813
0.2585753798484802
0.2781428396701813
0.27464044094085693
0.2546980082988739
0.24621155858039856
0.23315617442131042
0.26354554295539856
0.25517067313194275
0.2518843710422516
0.24474962055683136
0.23754164576530457
0.23662593960762024
0.2530113458633423
0.25463739037513733
0.24693766236305237
0.2438679337501526
0.26170679926872253
0.24501384794712067
0.2543313205242157
0.27961570024490356
0.2508391737937927
0.24464616179466248
0.27287933230400085
0.23923377692699432
0.23872831463813782
0.24268849194049835
0.23819629848003387
0.2541523575782776
0.22484873235225677
0.22906337678432465
0.23700805008411407
0.24457792937755585
0.2096806764602661
0.22206243872642517
0.2122139185667038
0.21865125000476837
0.23221999406814575
0.23470689356327057
0.23202602565288544
0.21243037283420563
0.22155450284481049
0.22087909281253815
0.21692226827144623
0.21121259033679962
0.22135357558727264
0.223616361618042
0.20900186896324158
0.20326288044452667
0.22330966591835022
0.21599839627742767
0.2196541130542755
0.22422251105308533
0.23246537148952484
0.21554166078567505
0.21513523161411285
0.23990745842456818
0.2033117115497589
0.22136449813842773
0.2268974334001541
0.2169819474220276
0.22673453390598297
0.20531854033470154
0.20986971259117126
0.20690228044986725
0.22600728273391724
0.22929197549819946
0.20808689296245575
0.22234731912612915
0.21538814902305603
0.23390977084636688
0.22652611136436462
0.25808119773864746
0.20858724415302277
0.21704134345054626
0.22007739543914795
0.23706169426441193
0.22123423218727112
0.20157691836357117
0.20832005143165588
0.20720921456813812
0.1979161947965622
0.21617230772972107
0.21591001749038696
0.1961120069026947
0.19824236631393433
0.21812918782234192
0.19639229774475098
0.212777778506279
0.21440571546554565
0.1970842331647873
0.21174046397209167
0.20464512705802917
0.20101548731327057
0.20005758106708527
0.1802668571472168
0.20155924558639526
0.19775423407554626
0.194400355219841
0.2140762060880661
0.2071356624364853
0.21419233083724976
0.20306895673274994
0.21756120026111603
0.21411459147930145
0.1958545744419098
0.18824292719364166
0.2087344080209732
0.18564578890800476
0.1931881606578827
0.2030424028635025
0.20306822657585144
0.19637684524059296
0.20544330775737762
0.20391561090946198
0.20369257032871246
0.18453122675418854
0.18392905592918396
0.20582078397274017
0.18622438609600067
0.19667302072048187
0.18998730182647705
0.19491752982139587
0.19603054225444794
0.19537942111492157
0.20097646117210388
0.1828526258468628
0.18654978275299072
0.17733760178089142
0.19218936562538147
0.18831492960453033
0.17898406088352203
0.19471979141235352
0.1750251203775406
0.15406908094882965
0.18171222507953644
0.17047002911567688
0.17942067980766296
0.18357017636299133
0.18907538056373596
0.18042781949043274
0.1989016979932785
0.16814513504505157
0.17679841816425323
0.18182474374771118
0.19045031070709229
0.1831255704164505
0.20031465590000153
0.2037191241979599
0.1806725412607193
0.19810320436954498
0.17267847061157227
0.18732795119285583
0.199686661362648
0.17299769818782806
0.17773133516311646
0.18501336872577667
0.17059297859668732
0.18837809562683105
0.20819327235221863
0.1981477439403534
0.18755263090133667
0.18317368626594543
0.18784812092781067
0.16827532649040222
0.18851564824581146
0.20170505344867706
0.17545326054096222
0.20253896713256836
0.17983567714691162
0.16266144812107086
0.18400251865386963
0.15972749888896942
0.19106541574001312
0.18195006251335144
0.18387028574943542
0.18058152496814728
0.17489930987358093
0.20112501084804535
0.17093028128147125
0.19373899698257446
0.18596151471138
0.1687425673007965
0.18592515587806702
0.19068536162376404
0.165422260761261
0.18056420981884003
0.1789856255054474
0.1601584404706955
0.18046920001506805
0.17825473845005035
0.17342166602611542
0.18345455825328827
0.18863815069198608
0.17247599363327026
0.15444378554821014
0.1770099252462387
0.1719028651714325
0.18779602646827698
0.17811764776706696
0.16828079521656036
0.16648884117603302
0.17794007062911987
0.17220860719680786
0.14987725019454956
0.17918133735656738
0.17515303194522858
0.1696297973394394
0.17054176330566406
0.1706354022026062
0.18867065012454987
0.2049350142478943
0.166184663772583
0.16990727186203003
0.17544420063495636
0.17375585436820984
0.17139822244644165
0.18053939938545227
0.19807316362857819
0.15728071331977844
0.17614156007766724
0.1689460128545761
0.17931820452213287
0.18484733998775482
0.16867905855178833
0.16662682592868805
0.1710854321718216
0.17866531014442444
0.17767482995986938
0.1701195240020752
0.1705278605222702
0.1657082885503769
0.17453967034816742
0.19124835729599
0.15906468033790588
0.1464056372642517
0.17858965694904327
0.17884087562561035
0.17489895224571228
0.17921634018421173
0.153272345662117
0.17269819974899292
0.17380587756633759
0.16160878539085388
0.17156444489955902
0.16595616936683655
0.17366406321525574
0.17625205218791962
0.16060036420822144
0.17473646998405457
0.1696874350309372
0.17223231494426727
0.17296764254570007
0.17465002834796906
0.16491995751857758
0.18620233237743378
0.16702958941459656
0.17413417994976044
0.17329274117946625
0.16354717314243317
0.16175222396850586
0.17198531329631805
0.15370862185955048
0.16448669135570526
0.16849854588508606
0.14868241548538208
0.1659495085477829
0.1561000794172287
0.16490906476974487
0.14945752918720245
0.173959419131279
0.1602131873369217
0.14357203245162964
0.1700989007949829
0.1654832661151886
0.17198988795280457
0.1764148473739624
0.18993951380252838
0.1737179458141327
0.17005084455013275
0.1782701164484024
0.15391449630260468
0.1639099419116974
0.15820208191871643
0.1653439849615097
0.1542890965938568
0.16164852678775787
0.18477001786231995
0.16144976019859314
0.17104953527450562
0.16844679415225983
0.15101869404315948
0.1659547984600067
0.17506027221679688
0.15128616988658905
0.15122243762016296
0.17822431027889252
0.18019168078899384
0.16901615262031555
0.15451379120349884
0.1401524394750595
0.1659681349992752
0.16000458598136902
0.1606399267911911
0.15155477821826935
0.16065970063209534
0.1606541872024536
0.16560877859592438
0.1531514674425125
0.16419418156147003
0.17228107154369354
0.17252638936042786
0.15985527634620667
0.1578795462846756
0.17467601597309113
0.1721923053264618
0.16789542138576508
0.1629207581281662
0.16226215660572052
0.17316506803035736
0.16824428737163544
0.16920696198940277
0.15669135749340057
0.16723304986953735
0.17133349180221558
0.15138496458530426
0.17127452790737152
0.15561091899871826
0.1404302716255188
0.16840529441833496
0.16707059741020203
0.16840483248233795
0.16400058567523956
0.1615205705165863
0.15117713809013367
0.16476121544837952
0.1635507345199585
0.1691514551639557
0.1447375863790512
0.154435932636261
0.14939044415950775
0.15904118120670319
0.1737411916255951
0.1589357703924179
0.14748787879943848
0.1673816740512848
0.14884799718856812
0.1733521819114685
0.17012302577495575
0.16605889797210693
0.18614283204078674
0.1736181080341339
0.1750010848045349
0.14782825112342834
0.17195196449756622
0.15686912834644318
0.15580710768699646
0.16360776126384735
0.15518993139266968
0.15197107195854187
0.15935340523719788
0.17174667119979858
0.17626965045928955
0.18970657885074615
0.16650836169719696
0.17130178213119507
0.15690648555755615
0.15997612476348877
0.16309107840061188
0.1461041122674942
0.16737233102321625
0.14404036104679108
0.1703360676765442
0.15009339153766632
0.15967808663845062
0.16554220020771027
0.1670091152191162
0.16816043853759766
0.1534738391637802
0.15964153409004211
0.13556919991970062
0.16679692268371582
0.1590183526277542
0.1598784625530243
0.17221006751060486
0.1718401312828064
0.16726109385490417
0.182061567902565
0.1594434380531311
0.15301834046840668
0.1701224148273468
0.1663786917924881
0.17833679914474487
0.15948569774627686
0.19023926556110382
0.14239288866519928
0.1669485867023468
0.17049287259578705
0.1829158365726471
0.1575964093208313
0.16241706907749176
0.18305134773254395
0.16589412093162537
0.1703028529882431
0.17546793818473816
0.14932776987552643
0.15418727695941925
0.1508142501115799
0.18325312435626984
0.15697325766086578
0.1511038839817047
0.15778812766075134
0.1578999161720276
0.15639640390872955
0.16107074916362762
0.15307514369487762
0.1649845838546753
0.16664262115955353
0.1685061752796173
0.14633022248744965
0.15439385175704956
0.15003003180027008
0.1340845674276352
0.15244071185588837
0.16017189621925354
0.15544795989990234
0.17003241181373596
0.14456512033939362
0.16486573219299316
0.1612718254327774
0.16610300540924072
0.14515846967697144
0.1726328283548355
0.17268145084381104
0.16564936935901642
0.165113627910614
0.17077046632766724
0.17672696709632874
0.17077527940273285
0.17581218481063843
0.1532663255929947
0.1494210809469223
0.15554964542388916
0.1440228521823883
0.15161743760108948
0.18943490087985992
0.15411332249641418
0.15306423604488373
0.1434822827577591
0.16817565262317657
0.15555816888809204
0.18648433685302734
0.14611037075519562
0.169057697057724
0.16242749989032745
0.15453718602657318
0.15859271585941315
0.15627068281173706
0.1636856347322464
0.17762379348278046
0.16636298596858978
0.1367441862821579
0.16610532999038696
0.1593329906463623
0.15580682456493378
0.14661626517772675
0.1676526814699173
0.15438251197338104
0.14252762496471405
