1.3605425357818604
0.9313657879829407
0.7581962943077087
0.6387691497802734
0.6299533843994141
0.5862194299697876
0.5587655305862427
0.5507497787475586
0.568581223487854
0.4986155331134796
0.4952046573162079
0.49088937044143677
0.49790969491004944
0.4521002769470215
0.42924752831459045
0.47381606698036194
0.45157307386398315
0.4555779695510864
0.42113977670669556
0.39696890115737915
0.4158674478530884
0.3974975049495697
0.4028525650501251
0.375142365694046
0.39141514897346497
0.39938321709632874
0.40042203664779663
0.36984801292419434
0.3748345375061035
0.36983999609947205
0.3915693163871765
0.39002513885498047
0.3731628358364105
0.3808862268924713
0.38727903366088867
0.3444061279296875
0.34719565510749817
0.34507423639297485
0.35558241605758667
0.34532955288887024
0.35456550121307373
0.34141507744789124
0.3444445729255676
0.3583835959434509
0.34358298778533936
0.34038859605789185
0.33609530329704285
0.3284227252006531
0.35028403997421265
0.3343034088611603
0.3241056501865387
0.33422988653182983
0.3066975176334381
0.3217274248600006
0.3267216086387634
0.32578244805336
0.33012285828590393
0.3169979751110077
0.27710071206092834
0.31418919563293457
0.3108072876930237
0.31543323397636414
0.2992181181907654
0.30532047152519226
0.29330357909202576
0.3017169237136841
0.28572335839271545
0.3055607080459595
0.2957073152065277
0.2991521954536438
0.3047052025794983
0.3075783848762512
0.2887767553329468
0.285926878452301
0.30496475100517273
0.3020484149456024
0.272937536239624
0.2846684157848358
0.30761605501174927
0.2924458980560303
0.2897941470146179
0.2875291705131531
0.2894558012485504
0.2757578194141388
0.27701035141944885
0.27224552631378174
0.29942044615745544
0.2717423141002655
0.2765331566333771
0.2590538561344147
0.27108365297317505
0.26663756370544434
0.2674851715564728
0.25901052355766296
0.2708350419998169
0.26081231236457825
0.24665050208568573
0.256710410118103
0.2623157799243927
0.2584362030029297
0.25512054562568665
0.2635855972766876
0.24770814180374146
0.2603740394115448
0.26436668634414673
0.2510360777378082
0.2634122371673584
0.24669216573238373
0.24399705231189728
0.2351735234260559
0.26776984333992004
0.23630276322364807
0.2496851235628128
0.22314679622650146
0.2303135246038437
0.2436779886484146
0.2504952847957611
0.2574140727519989
0.2328486293554306
0.22116157412528992
0.22867827117443085
0.22084371745586395
0.2250465750694275
0.21782328188419342
0.22564150393009186
0.22153057157993317
0.23895227909088135
0.2225528359413147
0.23216211795806885
0.2255760282278061
0.20429953932762146
0.21998822689056396
0.2266375571489334
0.20584522187709808
0.1981416642665863
0.21848064661026
0.20570078492164612
0.19958624243736267
0.20372040569782257
0.22873936593532562
0.20668022334575653
0.20965848863124847
0.213849738240242
0.1921052187681198
0.2071244716644287
0.2055034637451172
0.23470310866832733
0.20156525075435638
0.20083066821098328
0.21024741232395172
0.20581361651420593
0.18903864920139313
0.18340691924095154
0.1768040657043457
0.21505305171012878
0.20126254856586456
0.19246016442775726
0.1906067579984665
0.17686843872070312
0.1838226020336151
0.2163427770137787
0.20936113595962524
0.21662451326847076
0.18911442160606384
0.1839115172624588
0.18359613418579102
0.1832847148180008
0.17561236023902893
0.18243111670017242
0.18791718780994415
0.1660705953836441
0.17001022398471832
0.17137624323368073
0.16204749047756195
0.16958890855312347
0.1879710853099823
0.19314207136631012
0.178824782371521
0.16126112639904022
0.1847434639930725
0.17117908596992493
0.18002542853355408
0.16681374609470367
0.17801973223686218
0.17264440655708313
0.17419259250164032
0.16326719522476196
0.18380698561668396
0.17331023514270782
0.16461463272571564
0.17159372568130493
0.1792939156293869
0.17081646621227264
0.16606555879116058
0.16007064282894135
0.1584455966949463
0.15679104626178741
0.1606542468070984
0.15277834236621857
0.15171045064926147
0.16500553488731384
0.1875748634338379
0.1574782282114029
0.1613372415304184
0.19306185841560364
0.15633974969387054
0.16161008179187775
0.15773141384124756
0.16245804727077484
0.1587093472480774
0.16184158623218536
0.15326552093029022
0.15155178308486938
0.15946805477142334
0.16578839719295502
0.15957331657409668
0.1617933064699173
0.15530727803707123
0.16606009006500244
0.1569434404373169
0.15881827473640442
0.14526832103729248
0.1573605090379715
0.1702326387166977
0.1426595151424408
0.16099679470062256
0.16054704785346985
0.14093710482120514
0.1332339495420456
0.15283899009227753
0.16429173946380615
0.14441467821598053
0.13913781940937042
0.1344015896320343
0.16509152948856354
0.15578195452690125
0.1644459366798401
0.1346132904291153
0.15889358520507812
0.14650526642799377
0.1363924890756607
0.1439393162727356
0.14820285141468048
0.11834020167589188
0.14923258125782013
0.12887710332870483
0.13966161012649536
0.13591539859771729
0.1395280957221985
0.13466376066207886
0.15507809817790985
0.15630002319812775
0.16619308292865753
0.1642320603132248
0.1597539484500885
0.13265013694763184
0.1488173007965088
0.1388927400112152
0.15184025466442108
0.1338091641664505
0.137661412358284
0.13729245960712433
0.1313808113336563
0.13333144783973694
0.12169793248176575
0.16132578253746033
0.1508764773607254
0.1462419629096985
0.15601877868175507
0.14141428470611572
0.13476663827896118
0.13342256844043732
0.14164049923419952
0.1397475153207779
0.14261160790920258
0.14520016312599182
0.13848000764846802
0.15146803855895996
0.12849949300289154
0.1369234174489975
0.13965730369091034
0.14039738476276398
0.13698336482048035
0.11834429204463959
0.12314104288816452
0.1388128399848938
0.13623715937137604
0.11773250252008438
0.15650531649589539
0.1212826520204544
0.138388529419899
0.1490200161933899
0.15427765250205994
0.1271379142999649
0.11563507467508316
0.12834039330482483
0.1427069455385208
0.13232506811618805
0.10759088397026062
0.09975699335336685
0.1254013031721115
0.13332021236419678
0.11743689328432083
0.1389710158109665
0.12273780256509781
0.13633786141872406
0.11967191100120544
0.11133591085672379
0.12761327624320984
0.11370626091957092
0.13104212284088135
0.1116144210100174
0.11792151629924774
0.12915313243865967
0.11302495002746582
0.14756184816360474
0.13631956279277802
0.11629154533147812
0.12749560177326202
0.12309461086988449
0.10525798052549362
0.11591493338346481
0.12093488872051239
0.12768206000328064
0.11266128718852997
0.14160656929016113
0.12849768996238708
0.1339598447084427
0.12387039512395859
0.12153302133083344
0.12412018328905106
0.12980856001377106
0.16479246318340302
0.1316436529159546
0.148098886013031
0.12953981757164001
0.11412771046161652
0.11946004629135132
0.14153093099594116
0.11049621552228928
0.13401038944721222
0.12063612043857574
0.12080349028110504
0.11393404752016068
0.11546415090560913
0.13324064016342163
0.13864637911319733
0.10379227995872498
0.12121857702732086
0.12341932207345963
0.1402687281370163
0.1212415024638176
0.13385455310344696
0.12770062685012817
0.13410469889640808
0.1219540387392044
0.12038160115480423
0.11896247416734695
0.15507209300994873
0.11938197165727615
0.12226651608943939
0.11021902412176132
0.13389934599399567
0.11385472863912582
0.1133241280913353
0.11850542575120926
0.12284443527460098
0.10784605145454407
0.11099262535572052
0.11980435997247696
0.12386022508144379
0.1012844666838646
0.12457530945539474
0.11588580906391144
0.1216520294547081
0.12265636026859283
0.14953389763832092
0.1162242740392685
0.1048838421702385
0.11877621710300446
0.1331677883863449
0.1212029829621315
0.10315397381782532
0.09817496687173843
0.10813819617033005
0.1126507818698883
0.1258978694677353
0.1352703720331192
0.10954462736845016
0.10162512958049774
0.12244289368391037
0.11509227752685547
0.10378938913345337
0.11084695160388947
0.10844683647155762
0.12315279245376587
0.11801820248365402
0.10029666125774384
0.12152563035488129
0.10586534440517426
0.12336713075637817
0.10967955738306046
0.11986038833856583
0.08518736809492111
0.10789723694324493
0.10846440494060516
0.11687641590833664
0.12994109094142914
0.10854515433311462
0.1216517761349678
0.11915753781795502
0.1388894021511078
0.13100281357765198
0.1188577339053154
0.12014307081699371
0.10367228835821152
0.13152047991752625
0.10858260095119476
0.09709089994430542
0.09362941980361938
0.11550106108188629
0.11734336614608765
0.12936533987522125
0.10809721052646637
0.1066790446639061
0.1347840130329132
0.11749394983053207
0.13559897243976593
0.1258653849363327
0.11347198486328125
0.1166968047618866
0.12217409163713455
0.1212640181183815
0.1258680820465088
0.11210718005895615
0.11490949243307114
0.10328657925128937
0.1154533252120018
0.1032697856426239
0.12774242460727692
0.11393224447965622
0.1268249750137329
0.1145419329404831
0.12634515762329102
0.11552882194519043
0.1104830950498581
0.09682436287403107
0.09578268975019455
0.09451139718294144
0.11274489015340805
0.10888250172138214
0.09588292986154556
0.11893860250711441
0.118437759578228
0.10228613018989563
0.11259987950325012
0.10849513858556747
0.12303518503904343
0.11365830898284912
0.10494472086429596
0.10372209548950195
0.0914105549454689
0.10974594205617905
0.14194554090499878
0.11534366756677628
0.12485021352767944
0.11021527647972107
0.09999258071184158
0.13440045714378357
0.100338876247406
0.1151493564248085
0.10112996399402618
0.10880962014198303
0.10712751001119614
0.11017240583896637
0.11405941098928452
0.0901457741856575
0.10052788257598877
0.0990581139922142
0.10286366939544678
0.10055775195360184
0.12217630445957184
0.11891915649175644
0.10224820673465729
0.10864228010177612
0.15006868541240692
0.11179383844137192
0.10520797222852707
0.10482311248779297
0.10573092848062515
0.12224652618169785
0.08504654467105865
0.12323620915412903
0.11097519844770432
0.12253095209598541
0.10627356916666031
0.09568031132221222
0.11208312958478928
0.09952720999717712
0.10616618394851685
0.12393946945667267
0.12113296985626221
0.11034218966960907
0.12703944742679596
0.11201053112745285
0.0964113250374794
0.10125529021024704
0.0974200889468193
0.13122005760669708
0.1041441559791565
0.12500101327896118
0.10745950788259506
0.10104697942733765
0.1323133260011673
0.11617465317249298
0.08286283910274506
0.11798440665006638
0.11658599972724915
0.10976273566484451
0.1056564673781395
0.11412246525287628
0.10826826095581055
0.09443475306034088
0.10923364013433456
0.0966782495379448
0.10768654197454453
0.11794009804725647
0.10172373801469803
0.1027611568570137
0.09683293849229813
0.10917196422815323
0.10858619213104248
0.1103384867310524
0.10386769473552704
0.13415680825710297
0.10531944036483765
0.1083889901638031
0.086778923869133
0.11159669607877731
0.09802074730396271
0.08989644795656204
0.11204767972230911
0.09246271848678589
0.1269402951002121
0.09806495904922485
0.10207849740982056
0.11581093817949295
0.10364758223295212
0.11905444413423538
0.1291576325893402
0.10776208341121674
0.1281578689813614
0.1003895252943039
0.09889514744281769
0.11263702064752579
0.1001102551817894
0.09876489639282227
0.10660624504089355
0.12356391549110413
0.09660764783620834
0.11382050067186356
0.1249237060546875
0.10542792081832886
0.0988713800907135
0.09637100249528885
0.09309466183185577
0.10748840868473053
0.12399248033761978
0.12189508229494095
0.1078886017203331
0.13347552716732025
0.10666760057210922
0.10368423163890839
0.11248068511486053
0.11720433831214905
0.09794420748949051
0.1114138662815094
0.10300250351428986
0.11310546845197678
0.10661298036575317
0.10675322264432907
0.11018435657024384
0.1289811134338379
0.10207615047693253
0.10976367443799973
0.10418865084648132
0.107148677110672
0.09649278968572617
0.12376736849546432
0.12082390487194061
0.10230279713869095
0.13000552356243134
0.10165735334157944
0.11107830703258514
0.09570064395666122
0.0938819944858551
0.09683669358491898
0.09794621169567108
0.12447498738765717
0.13338497281074524
0.11087188124656677
0.11616292595863342
