0.4719626307487488
0.4984423816204071
0.5295950174331665
0.4968847334384918
0.5373831987380981
0.5498442649841309
0.5311526656150818
0.5872274041175842
0.545171320438385
0.5841121673583984
0.6028037667274475
0.5809968709945679
0.5638629198074341
0.5685358047485352
0.5623052716255188
0.5919002890586853
0.604361355304718
0.6137071847915649
0.6339563727378845
0.6355140209197998
0.6105918884277344
0.6370716691017151
0.6214953064918518
0.672897219657898
0.6464174389839172
0.6573208570480347
0.6619937419891357
0.6495327353477478
0.6682242751121521
0.6713395714759827
0.6884735226631165
0.6791277527809143
0.6760124564170837
0.6915887594223022
0.6884735226631165
0.6822429895401001
0.7165108919143677
0.6915887594223022
0.7087227702140808
0.7305296063423157
0.7242990732192993
0.7196261882781982
0.7336448431015015
0.7461059093475342
0.7196261882781982
0.7554517388343811
0.7554517388343811
0.7398753762245178
0.736760139465332
0.7289719581604004
0.7336448431015015
0.767912745475769
0.7694703936576843
0.7725856900215149
0.7445482611656189
0.7585669755935669
0.7943925261497498
0.7834891080856323
0.7975077629089355
0.7912772297859192
0.7881619930267334
0.7725856900215149
0.7928348779678345
0.7990654110908508
0.8006230592727661
0.8115264773368835
0.7850467562675476
0.8115264773368835
0.7990654110908508
0.8130841255187988
0.7788162231445312
0.7788162231445312
0.7990654110908508
0.8052959442138672
0.7928348779678345
0.8115264773368835
0.8037382960319519
0.822429895401001
0.822429895401001
0.8068535923957825
0.7928348779678345
0.8006230592727661
0.822429895401001
0.8052959442138672
0.8146417737007141
0.8161993622779846
0.8006230592727661
0.8161993622779846
0.8161993622779846
0.8177570104598999
0.822429895401001
0.822429895401001
0.8146417737007141
0.8255451917648315
0.8193146586418152
0.8021807074546814
0.822429895401001
0.8333333134651184
0.822429895401001
0.8239875435829163
0.8146417737007141
0.8099688291549683
0.8395638465881348
0.8286604285240173
0.8115264773368835
0.8333333134651184
0.84112149477005
0.827102780342102
0.836448609828949
0.8348909616470337
0.8239875435829163
0.8255451917648315
0.8380062580108643
0.8333333134651184
0.822429895401001
0.8208722472190857
0.8286604285240173
0.8317757248878479
0.8302180767059326
0.8333333134651184
0.8317757248878479
0.8348909616470337
0.8380062580108643
0.84112149477005
0.8426791429519653
0.8255451917648315
0.8520249128341675
0.836448609828949
0.8286604285240173
0.84112149477005
0.8442367315292358
0.8395638465881348
0.8208722472190857
0.8333333134651184
0.8333333134651184
0.8395638465881348
0.8426791429519653
0.8426791429519653
0.8426791429519653
0.8489096760749817
0.8380062580108643
0.8520249128341675
0.8535825610160828
0.8473520278930664
0.8333333134651184
0.8473520278930664
0.8489096760749817
0.8457943797111511
0.8598130941390991
0.8582554459571838
0.8473520278930664
0.836448609828949
0.836448609828949
0.8457943797111511
0.8489096760749817
0.8442367315292358
0.8333333134651184
0.84112149477005
0.8395638465881348
0.8504672646522522
0.8520249128341675
0.8426791429519653
0.8520249128341675
0.8489096760749817
0.8489096760749817
0.8457943797111511
0.8520249128341675
0.8473520278930664
0.8598130941390991
0.8473520278930664
0.8520249128341675
0.8333333134651184
0.8333333134651184
0.8691588640213013
0.8504672646522522
0.84112149477005
0.8473520278930664
0.8442367315292358
0.8457943797111511
0.8426791429519653
0.8504672646522522
0.8520249128341675
0.8473520278930664
0.8380062580108643
0.8535825610160828
0.855140209197998
0.8473520278930664
0.8442367315292358
0.8676012754440308
0.8457943797111511
0.8535825610160828
0.8504672646522522
0.8535825610160828
0.8566977977752686
0.8473520278930664
0.8535825610160828
0.8489096760749817
0.8520249128341675
0.8489096760749817
0.8457943797111511
0.8613707423210144
0.855140209197998
0.836448609828949
0.8644859790802002
0.8598130941390991
0.8644859790802002
0.8629283308982849
0.8504672646522522
0.8473520278930664
0.8582554459571838
0.8535825610160828
0.8489096760749817
0.8457943797111511
0.8473520278930664
0.8473520278930664
0.8535825610160828
0.8629283308982849
0.8489096760749817
0.8629283308982849
0.8520249128341675
0.8489096760749817
0.8644859790802002
0.855140209197998
0.8442367315292358
0.8629283308982849
0.855140209197998
0.8504672646522522
0.8644859790802002
0.8691588640213013
0.8535825610160828
0.8644859790802002
0.8566977977752686
0.8676012754440308
0.8676012754440308
0.8598130941390991
0.8535825610160828
0.8629283308982849
0.8629283308982849
0.8520249128341675
0.8691588640213013
0.855140209197998
0.8660436272621155
0.8613707423210144
0.8660436272621155
0.855140209197998
0.8598130941390991
0.8676012754440308
0.855140209197998
0.8598130941390991
0.8566977977752686
0.8753893971443176
0.8707165122032166
0.8598130941390991
0.8598130941390991
0.8629283308982849
0.8769470453262329
0.8566977977752686
0.8660436272621155
0.8489096760749817
0.8582554459571838
0.8691588640213013
0.8629283308982849
0.8644859790802002
0.8598130941390991
0.8644859790802002
0.8676012754440308
0.8520249128341675
0.8613707423210144
0.8566977977752686
0.8644859790802002
0.8753893971443176
0.8582554459571838
0.855140209197998
0.8707165122032166
0.8785046935081482
0.8629283308982849
0.8769470453262329
0.8582554459571838
0.8722741603851318
0.8629283308982849
0.8691588640213013
0.8535825610160828
0.855140209197998
0.8504672646522522
0.8629283308982849
0.8629283308982849
0.8676012754440308
0.8566977977752686
0.8722741603851318
0.8613707423210144
0.8660436272621155
0.8769470453262329
0.8738317489624023
0.8489096760749817
0.8785046935081482
0.8442367315292358
0.8660436272621155
0.8629283308982849
0.8644859790802002
0.8676012754440308
0.8676012754440308
0.8644859790802002
0.8598130941390991
0.8691588640213013
0.8722741603851318
0.8473520278930664
0.8753893971443176
0.8722741603851318
0.8676012754440308
0.8582554459571838
0.8613707423210144
0.8691588640213013
0.8707165122032166
0.8691588640213013
0.8722741603851318
0.8707165122032166
0.8566977977752686
0.8582554459571838
0.8722741603851318
0.8598130941390991
0.8753893971443176
0.8629283308982849
0.8691588640213013
0.8613707423210144
0.8785046935081482
0.8753893971443176
0.8520249128341675
0.8753893971443176
0.8691588640213013
0.8707165122032166
0.8691588640213013
0.8707165122032166
0.855140209197998
0.8566977977752686
0.8769470453262329
0.8707165122032166
0.8738317489624023
0.8644859790802002
0.8831775784492493
0.8707165122032166
0.8566977977752686
0.8707165122032166
0.8629283308982849
0.8691588640213013
0.8722741603851318
0.8800622820854187
0.8676012754440308
0.8691588640213013
0.8489096760749817
0.8862928152084351
0.8676012754440308
0.8629283308982849
0.8582554459571838
0.8613707423210144
0.8691588640213013
0.8722741603851318
0.8785046935081482
0.8753893971443176
0.8769470453262329
0.8753893971443176
0.8707165122032166
0.8753893971443176
0.8738317489624023
0.8691588640213013
0.8753893971443176
0.8800622820854187
0.8598130941390991
0.8676012754440308
0.8582554459571838
0.8769470453262329
0.8800622820854187
0.881619930267334
0.8629283308982849
0.8598130941390991
0.8691588640213013
0.8676012754440308
0.8660436272621155
0.8769470453262329
0.8753893971443176
0.8831775784492493
0.8676012754440308
0.8769470453262329
0.8598130941390991
0.8707165122032166
0.8738317489624023
0.8785046935081482
0.8722741603851318
0.8691588640213013
0.8722741603851318
0.8644859790802002
0.8629283308982849
0.8894081115722656
0.8707165122032166
0.8660436272621155
0.8800622820854187
0.881619930267334
0.8785046935081482
0.8644859790802002
0.8722741603851318
0.8660436272621155
0.8676012754440308
0.8769470453262329
0.8769470453262329
0.8785046935081482
0.8800622820854187
0.8722741603851318
0.8676012754440308
0.8753893971443176
0.8707165122032166
0.8691588640213013
0.8707165122032166
0.8660436272621155
0.8753893971443176
0.8769470453262329
0.8753893971443176
0.8847352266311646
0.8800622820854187
0.8769470453262329
0.8707165122032166
0.8800622820854187
0.8769470453262329
0.8847352266311646
0.8785046935081482
0.8769470453262329
0.8691588640213013
0.8738317489624023
0.8722741603851318
0.881619930267334
0.8676012754440308
0.8847352266311646
0.8629283308982849
0.8894081115722656
0.8676012754440308
0.8613707423210144
0.8676012754440308
0.8707165122032166
0.8660436272621155
0.8722741603851318
0.8800622820854187
0.8862928152084351
0.8753893971443176
0.881619930267334
0.8676012754440308
0.8738317489624023
0.8707165122032166
0.8800622820854187
0.8800622820854187
0.8738317489624023
0.8785046935081482
0.8753893971443176
0.8707165122032166
0.8785046935081482
0.8769470453262329
0.8691588640213013
0.8629283308982849
0.8753893971443176
0.8738317489624023
0.8847352266311646
0.8644859790802002
0.8707165122032166
0.8785046935081482
0.8785046935081482
0.8738317489624023
0.8660436272621155
0.8707165122032166
0.8629283308982849
0.8722741603851318
0.8753893971443176
0.881619930267334
0.8800622820854187
0.8862928152084351
0.8831775784492493
0.8862928152084351
0.8707165122032166
0.8613707423210144
0.8769470453262329
0.8707165122032166
0.881619930267334
0.8676012754440308
0.8753893971443176
0.8862928152084351
0.8769470453262329
0.8831775784492493
0.8722741603851318
0.8722741603851318
0.8676012754440308
0.8738317489624023
0.8676012754440308
0.8753893971443176
0.8831775784492493
0.8738317489624023
0.8753893971443176
0.8691588640213013
0.8691588640213013
0.8785046935081482
0.8722741603851318
0.8847352266311646
0.8769470453262329
0.8878504633903503
0.8800622820854187
0.8769470453262329
0.881619930267334
0.8722741603851318
0.8707165122032166
0.8707165122032166
0.8800622820854187
0.8753893971443176
0.8847352266311646
0.8676012754440308
0.8520249128341675
0.8800622820854187
0.8707165122032166
0.8629283308982849
0.8691588640213013
0.8738317489624023
0.8769470453262329
0.8753893971443176
0.8676012754440308
0.8800622820854187
0.8800622820854187
0.8738317489624023
0.8785046935081482
0.8738317489624023
0.8676012754440308
0.8785046935081482
0.8769470453262329
0.8691588640213013
0.8800622820854187
0.8831775784492493
0.8738317489624023
0.8878504633903503
0.8722741603851318
0.881619930267334
0.881619930267334
0.8722741603851318
0.8785046935081482
0.8862928152084351
0.8785046935081482
0.8800622820854187
0.8676012754440308
0.8722741603851318
0.8691588640213013
0.8691588640213013
0.8753893971443176
0.8738317489624023
0.8785046935081482
0.8862928152084351
0.8753893971443176
0.8738317489624023
0.8800622820854187
0.8753893971443176
0.8831775784492493
0.8785046935081482
0.8738317489624023
0.8722741603851318
0.881619930267334
0.8862928152084351
0.8753893971443176
0.8691588640213013
0.8785046935081482
0.8847352266311646
0.8691588640213013
0.8722741603851318
0.8722741603851318
0.8753893971443176
0.8722741603851318
0.8847352266311646
0.895638644695282
0.8707165122032166
0.8660436272621155
0.881619930267334
0.8660436272621155
0.8722741603851318
0.8800622820854187
0.8753893971443176
0.8831775784492493
0.8738317489624023
0.8738317489624023
0.8722741603851318
0.8800622820854187
0.8722741603851318
0.8629283308982849
0.8707165122032166
0.8785046935081482
0.8691588640213013
0.8785046935081482
0.881619930267334
0.8800622820854187
0.8691588640213013
0.8847352266311646
0.8831775784492493
0.8800622820854187
0.8707165122032166
0.8769470453262329
0.8847352266311646
0.8847352266311646
0.8785046935081482
0.8894081115722656
0.8800622820854187
0.8738317489624023
0.8847352266311646
0.8785046935081482
0.8738317489624023
0.8800622820854187
0.8644859790802002
0.8862928152084351
0.8738317489624023
0.8769470453262329
0.8800622820854187
0.8878504633903503
0.8722741603851318
0.8660436272621155
0.8785046935081482
0.8722741603851318
0.8831775784492493
0.8707165122032166
0.8862928152084351
0.8800622820854187
0.8769470453262329
0.8753893971443176
0.8738317489624023
0.8707165122032166
0.8785046935081482
0.8785046935081482
0.8800622820854187
0.8785046935081482
0.8862928152084351
0.8707165122032166
0.8769470453262329
0.8800622820854187
0.8738317489624023
0.8831775784492493
0.8660436272621155
0.8800622820854187
0.881619930267334
0.8722741603851318
0.8831775784492493
0.8831775784492493
0.8644859790802002
0.8862928152084351
0.8738317489624023
0.8738317489624023
0.8831775784492493
0.881619930267334
0.8800622820854187
0.8738317489624023
0.8785046935081482
0.8676012754440308
0.881619930267334
0.8800622820854187
0.8753893971443176
0.8909657597541809
0.881619930267334
0.8753893971443176
0.8722741603851318
0.8925233483314514
0.8847352266311646
0.8847352266311646
0.881619930267334
0.8878504633903503
0.8831775784492493
0.8629283308982849
0.8707165122032166
0.8800622820854187
0.8769470453262329
0.8722741603851318
0.8785046935081482
0.8691588640213013
0.881619930267334
0.8753893971443176
0.8862928152084351
0.8769470453262329
0.881619930267334
0.8800622820854187
0.8769470453262329
0.8785046935081482
0.8722741603851318
0.8769470453262329
0.8753893971443176
0.8769470453262329
0.8753893971443176
0.8738317489624023
0.8878504633903503
0.8753893971443176
0.8831775784492493
0.8847352266311646
0.8738317489624023
0.881619930267334
0.8831775784492493
0.8831775784492493
0.8800622820854187
0.8831775784492493
0.8722741603851318
0.8909657597541809
0.8769470453262329
0.8660436272621155
0.8722741603851318
0.8707165122032166
0.8691588640213013
0.8691588640213013
0.8785046935081482
0.8769470453262329
0.8800622820854187
0.8722741603851318
0.8785046935081482
0.8862928152084351
0.881619930267334
0.8800622820854187
0.8831775784492493
0.8738317489624023
0.8785046935081482
0.8676012754440308
0.8785046935081482
0.8644859790802002
0.8831775784492493
0.8738317489624023
0.8894081115722656
0.8862928152084351
0.8753893971443176
0.8800622820854187
0.8800622820854187
0.8738317489624023
0.8676012754440308
0.8847352266311646
0.8769470453262329
0.8800622820854187
0.8707165122032166
0.8738317489624023
0.8894081115722656
0.8738317489624023
0.8707165122032166
0.8707165122032166
0.881619930267334
0.8847352266311646
0.8753893971443176
0.881619930267334
0.8785046935081482
0.8785046935081482
0.8738317489624023
0.8831775784492493
0.8862928152084351
0.8785046935081482
0.8753893971443176
0.8800622820854187
0.8722741603851318
0.8785046935081482
0.8909657597541809
0.8738317489624023
0.8847352266311646
