0.7246253490447998
0.5898537039756775
0.5355716943740845
0.49412626028060913
0.47099071741104126
0.44100865721702576
0.40521538257598877
0.40208834409713745
0.407767653465271
0.4039270579814911
0.37247374653816223
0.37291088700294495
0.3717226982116699
0.37092623114585876
0.3552027642726898
0.34855207800865173
0.34457990527153015
0.3437854051589966
0.3471405506134033
0.3379650413990021
0.3445592522621155
0.33354005217552185
0.3251666724681854
0.31423142552375793
0.32067203521728516
0.3162960112094879
0.3289129137992859
0.308860182762146
0.3148566782474518
0.31091979146003723
0.3116830289363861
0.3161200284957886
0.29523056745529175
0.2934558689594269
0.3146112263202667
0.3161057233810425
0.29881733655929565
0.2860518991947174
0.2827373147010803
0.2979895770549774
0.2870795726776123
0.2824549078941345
0.3017216920852661
0.2900918126106262
0.2797558009624481
0.28354138135910034
0.2830830514431
0.2940138280391693
0.2799223065376282
0.2683694064617157
0.2775803506374359
0.2721051573753357
0.2873297929763794
0.2650369107723236
0.2611689567565918
0.2660372853279114
0.25906068086624146
0.2551006078720093
0.25334352254867554
0.25916072726249695
0.2557603716850281
0.25531938672065735
0.2545967698097229
0.2532649338245392
0.24779413640499115
0.24657955765724182
0.23601071536540985
0.257107675075531
0.2491006851196289
0.2403314709663391
0.25190967321395874
0.250453919172287
0.2305402010679245
0.24595223367214203
0.23819293081760406
0.23192903399467468
0.23948055505752563
0.24217626452445984
0.23061366379261017
0.23247012495994568
0.23915214836597443
0.25020450353622437
0.23273520171642303
0.2192719578742981
0.23553124070167542
0.21260002255439758
0.22372324764728546
0.2302655130624771
0.23147602379322052
0.22731593251228333
0.2311556339263916
0.21295113861560822
0.21304114162921906
0.2175344079732895
0.2005476951599121
0.20596522092819214
0.2180597484111786
0.2334737330675125
0.2065412849187851
0.21676768362522125
0.18907295167446136
0.1981588900089264
0.1992308795452118
0.20782235264778137
0.20670655369758606
0.19757179915905
0.2281554490327835
0.21771244704723358
0.2094002664089203
0.19461998343467712
0.20072102546691895
0.19788827002048492
0.19368843734264374
0.19251418113708496
0.1892446130514145
0.18846318125724792
0.16330136358737946
0.1843276023864746
0.17397360503673553
0.20427623391151428
0.18231944739818573
0.16702088713645935
0.1734887659549713
0.18353092670440674
0.18068721890449524
0.18102051317691803
0.19604098796844482
0.1728617399930954
0.16984416544437408
0.1881835013628006
0.17977526783943176
0.17156000435352325
0.17781496047973633
0.17027926445007324
0.1837840974330902
0.15261302888393402
0.1766958087682724
0.1711331307888031
0.16034196317195892
0.16885007917881012
0.16294363141059875
0.16729122400283813
0.14944644272327423
0.17005588114261627
0.14344550669193268
0.14579178392887115
0.1548161655664444
0.166044682264328
0.15527945756912231
0.15836170315742493
0.1548488587141037
0.15457427501678467
0.1449434459209442
0.1579156368970871
0.1620417833328247
0.15428955852985382
0.1608124077320099
0.16215769946575165
0.15982525050640106
0.14785730838775635
0.14931251108646393
0.1499713808298111
0.15906111896038055
0.14940094947814941
0.13625596463680267
0.1503254920244217
0.1487484574317932
0.14605534076690674
0.13690605759620667
0.14429470896720886
0.15514302253723145
0.14456425607204437
0.140064999461174
0.1480705738067627
0.1530430018901825
0.14272595942020416
0.13607025146484375
0.1306542158126831
0.1486293375492096
0.14524659514427185
0.14138349890708923
0.1347089558839798
0.14926940202713013
0.14372137188911438
0.14107674360275269
0.1354946792125702
0.14182040095329285
0.13513103127479553
0.13451461493968964
0.12798982858657837
0.13858334720134735
0.1324920952320099
0.13697147369384766
0.12076344341039658
0.13451416790485382
0.13497281074523926
0.13247111439704895
0.13870345056056976
0.1208755150437355
0.12951675057411194
0.13296817243099213
0.13583603501319885
0.13235677778720856
0.13587045669555664
0.12696699798107147
0.1327357292175293
0.13241586089134216
0.11798347532749176
0.12099983543157578
0.12568579614162445
0.15233644843101501
0.12375693023204803
0.13889531791210175
0.12569113075733185
0.13765431940555573
0.13846826553344727
0.1355174481868744
0.13126879930496216
0.12541405856609344
0.11464723199605942
0.11920701712369919
0.13527870178222656
0.12548135221004486
0.11959919333457947
0.11995688825845718
0.1236286610364914
0.12467754632234573
0.10920511931180954
0.12551520764827728
0.12751835584640503
0.12715557217597961
0.12207452207803726
0.12845952808856964
0.11855605244636536
0.1320602148771286
0.12741492688655853
0.10954136401414871
0.11739365756511688
0.12351476401090622
0.11439421772956848
0.12133631110191345
0.11370539665222168
0.1174558624625206
0.12371041625738144
0.11758145689964294
0.10758580267429352
0.10809442400932312
0.10632949322462082
0.11132264882326126
0.10733814537525177
0.11903159320354462
0.11034603416919708
0.10741064697504044
0.10467474907636642
0.12540322542190552
0.12258551269769669
0.10474705696105957
0.10742691159248352
0.10904363542795181
0.10917883366346359
0.10931750386953354
0.1212078258395195
0.11471857130527496
0.11694513261318207
0.11933797597885132
0.10264028608798981
0.12829430401325226
0.09704338759183884
0.10830580443143845
0.1127542182803154
0.09888721257448196
0.10994578152894974
0.08378808200359344
0.10469967871904373
0.11121602356433868
0.10122395306825638
0.10793083161115646
0.11082306504249573
0.11532650887966156
0.10883884131908417
0.09938114881515503
0.10921221226453781
0.09962043911218643
0.10722611099481583
0.10918722301721573
0.10917352139949799
0.1156172826886177
0.11758618801832199
0.10090301185846329
0.10728462040424347
0.12360669672489166
0.09423999488353729
0.10506980121135712
0.12010472267866135
0.1136520728468895
0.10642873495817184
0.10832543671131134
0.12719283998012543
0.11344552785158157
0.09546372294425964
0.09736985713243484
0.1128358468413353
0.1062656044960022
0.10196787118911743
0.10887065529823303
0.10891979187726974
0.09511206299066544
0.11114474385976791
0.11195674538612366
0.10900155454874039
0.10758940130472183
0.09772127866744995
0.11069955676794052
0.10246627777814865
0.09988687187433243
0.09893560409545898
0.10789091885089874
0.11036596447229385
0.11157771199941635
0.1099684089422226
0.1023387759923935
0.09995373338460922
0.10020124912261963
0.10182423144578934
0.1087413802742958
0.10620318353176117
0.10043072700500488
0.08799246698617935
0.10529597103595734
0.11091785877943039
0.10083217918872833
0.11508721858263016
0.10997767746448517
0.10057229548692703
0.09710665792226791
0.09616652876138687
0.10038693249225616
0.09406653046607971
0.09708686172962189
0.1113528311252594
0.10372968763113022
0.11184664815664291
0.09073422104120255
0.09572060406208038
0.11076343059539795
0.11362093687057495
0.09596438705921173
0.10840997844934464
0.09187573939561844
0.10083794593811035
0.10152783244848251
0.08967643976211548
0.08047302067279816
0.0859469398856163
0.10275305062532425
0.10179203748703003
0.1005067229270935
0.09455390274524689
0.09899204224348068
0.09806299954652786
0.09750376641750336
0.09478670358657837
0.0975489616394043
0.08821403980255127
0.09784318506717682
0.09957277029752731
0.08445914089679718
0.10019911825656891
0.09415306150913239
0.09088893979787827
0.09008309245109558
0.09484028071165085
0.09114014357328415
0.09708033502101898
0.0910540372133255
0.09600772708654404
0.08922838419675827
0.08468547463417053
0.09261184185743332
0.0929189994931221
0.1019766628742218
0.09170673787593842
0.10671927034854889
0.10881290584802628
0.0856751874089241
0.09114398807287216
0.10177522152662277
0.09348098188638687
0.09267553687095642
0.09142648428678513
0.08893930912017822
0.10152284055948257
0.09100952744483948
0.0869651511311531
0.10058845579624176
0.11196815967559814
0.10534543544054031
0.08756087720394135
0.09565572440624237
0.10234660655260086
0.0928267389535904
0.10939186066389084
0.09650816023349762
0.08598542958498001
0.0950092300772667
0.11096732318401337
0.0944761410355568
0.0772724598646164
0.08882208168506622
0.1008879765868187
0.08543533086776733
0.07967745512723923
0.09436384588479996
0.10353341698646545
0.09901890903711319
0.09238733351230621
0.08982105553150177
0.09759494662284851
0.09206046909093857
0.09572042524814606
0.08796340972185135
0.0884157195687294
0.07995352894067764
0.09351640939712524
0.09235092252492905
0.096702940762043
0.0976458266377449
0.09437382221221924
0.09360294044017792
0.08687350898981094
0.09307607263326645
0.08851602673530579
0.07995939254760742
0.09341825544834137
0.09525297582149506
0.09106238186359406
0.10508500784635544
0.08890093117952347
0.08134406059980392
0.07658663392066956
0.0910898968577385
0.10501563549041748
0.10011424869298935
0.09334641695022583
0.08462841808795929
0.08023466169834137
0.09059327095746994
0.09678386896848679
0.11083253473043442
0.10812757909297943
0.09349176287651062
0.08102548867464066
0.09128125756978989
0.08412715047597885
0.0955805778503418
0.09285135567188263
0.08216274529695511
0.0816328227519989
0.09477397054433823
0.09061464667320251
0.08403409272432327
0.08556246757507324
0.08468208461999893
0.08285066485404968
0.09895175695419312
0.08887505531311035
0.09091921895742416
0.08311291038990021
0.09414558857679367
0.09896220266819
0.08663241565227509
0.08443720638751984
0.08639266341924667
0.08041948825120926
0.10147155076265335
0.0889565497636795
0.08181975781917572
0.09315715730190277
0.07853502035140991
0.0856737345457077
0.07682899385690689
0.0906616747379303
0.07620829343795776
0.08789055794477463
0.08092497289180756
0.08358881622552872
0.08186933398246765
0.08478638529777527
0.08187781274318695
0.07661506533622742
0.09369461238384247
0.0846448764204979
0.07018531113862991
0.0867166817188263
0.08181756734848022
0.0837913304567337
0.07967249304056168
0.08744990080595016
0.09239811450242996
0.0899210274219513
0.0924910306930542
0.08979721367359161
0.09568355232477188
0.08361876755952835
0.08883627504110336
0.10769852995872498
0.09458004683256149
0.08758790045976639
0.08364041894674301
0.0913473442196846
0.07724003493785858
0.0747494325041771
0.08664125949144363
0.0903615951538086
0.0820171907544136
0.0874829813838005
0.0889468714594841
0.08355118334293365
0.0835646241903305
0.08260133117437363
0.09545515477657318
0.08877483010292053
0.08121154457330704
0.08942952752113342
0.08455799520015717
0.08351507782936096
0.06796620786190033
0.07732563465833664
0.09030061960220337
0.08110877871513367
0.0828091949224472
0.08367736637592316
0.1072910949587822
0.09280914068222046
0.0829765573143959
0.08750291913747787
0.08895006030797958
0.0864916518330574
0.0883583128452301
0.07633847743272781
0.08709529042243958
0.08412259817123413
0.08128440380096436
0.08488674461841583
0.07537225633859634
0.09121570736169815
0.08447901904582977
0.08548841625452042
0.0880509465932846
0.08171060681343079
0.09274595975875854
0.08384773880243301
0.0927153080701828
0.08680114150047302
0.07362483441829681
0.09429704397916794
0.0822383388876915
0.08533215522766113
0.08012652397155762
0.08914654701948166
0.08974180370569229
0.09037669003009796
0.08067217469215393
0.08586110174655914
0.0681191235780716
0.08083555847406387
0.0824393779039383
0.07871131598949432
0.07886922359466553
0.07611200213432312
0.08404409140348434
0.08431180566549301
0.08406516909599304
0.09182804822921753
0.08705275505781174
0.09120264649391174
0.07826096564531326
0.08252814412117004
0.07506194710731506
0.1072072982788086
0.08113078027963638
0.0891101062297821
0.08899068087339401
0.07683424651622772
0.08618594706058502
0.0751602053642273
0.09335153549909592
0.07972542941570282
0.08723947405815125
0.0873686671257019
0.08149683475494385
0.09916570782661438
0.07439887523651123
0.08929610252380371
0.09186399728059769
0.08711227029561996
0.09988068044185638
0.08659332245588303
0.07741275429725647
0.08545707911252975
0.07285474985837936
0.08647183328866959
0.08783318102359772
0.08523443341255188
0.07571616768836975
0.0815112292766571
0.07853570580482483
0.08128874748945236
