0.5031152367591858
0.5202492475509644
0.5420560836791992
0.5545171499252319
0.5654205679893494
0.5794392228126526
0.5950155854225159
0.6074766516685486
0.6168224215507507
0.6199377179145813
0.6292834877967834
0.6339563727378845
0.6495327353477478
0.6557632684707642
0.663551390171051
0.6697819232940674
0.672897219657898
0.6822429895401001
0.6853582262992859
0.6947040557861328
0.7024922370910645
0.7087227702140808
0.7118380069732666
0.7165108919143677
0.7211837768554688
0.7211837768554688
0.7242990732192993
0.7274143099784851
0.732087254524231
0.7352024912834167
0.7383177280426025
0.7461059093475342
0.7492212057113647
0.7523364424705505
0.7601246237754822
0.7741432785987854
0.7741432785987854
0.777258574962616
0.781931459903717
0.7881619930267334
0.7897196412086487
0.7881619930267334
0.7912772297859192
0.795950174331665
0.7975077629089355
0.8006230592727661
0.8021807074546814
0.8037382960319519
0.8037382960319519
0.8052959442138672
0.8130841255187988
0.8146417737007141
0.8146417737007141
0.8146417737007141
0.8161993622779846
0.8177570104598999
0.8161993622779846
0.8177570104598999
0.8177570104598999
0.8177570104598999
0.8208722472190857
0.8208722472190857
0.8177570104598999
0.822429895401001
0.8255451917648315
0.827102780342102
0.8286604285240173
0.8302180767059326
0.8302180767059326
0.8302180767059326
0.8317757248878479
0.8317757248878479
0.8317757248878479
0.8333333134651184
0.8333333134651184
0.8348909616470337
0.8380062580108643
0.8380062580108643
0.8380062580108643
0.8380062580108643
0.8380062580108643
0.8395638465881348
0.8426791429519653
0.8426791429519653
0.84112149477005
0.8395638465881348
0.8395638465881348
0.8395638465881348
0.84112149477005
0.84112149477005
0.8426791429519653
0.8442367315292358
0.8457943797111511
0.8457943797111511
0.8457943797111511
0.8473520278930664
0.8489096760749817
0.8489096760749817
0.8504672646522522
0.8504672646522522
0.8520249128341675
0.8520249128341675
0.8520249128341675
0.8520249128341675
0.8535825610160828
0.8535825610160828
0.855140209197998
0.8520249128341675
0.8535825610160828
0.8535825610160828
0.855140209197998
0.855140209197998
0.855140209197998
0.855140209197998
0.855140209197998
0.8582554459571838
0.8582554459571838
0.8582554459571838
0.8582554459571838
0.8582554459571838
0.8566977977752686
0.8582554459571838
0.8582554459571838
0.8582554459571838
0.8582554459571838
0.8566977977752686
0.8566977977752686
0.8535825610160828
0.8535825610160828
0.8535825610160828
0.8535825610160828
0.8535825610160828
0.8535825610160828
0.8566977977752686
0.8535825610160828
0.8535825610160828
0.8535825610160828
0.8535825610160828
0.8535825610160828
0.8535825610160828
0.8566977977752686
0.8566977977752686
0.8582554459571838
0.8582554459571838
0.8582554459571838
0.8582554459571838
0.855140209197998
0.8582554459571838
0.8582554459571838
0.8582554459571838
0.8582554459571838
0.8598130941390991
0.8582554459571838
0.8598130941390991
0.8644859790802002
0.8629283308982849
0.8613707423210144
0.8613707423210144
0.8613707423210144
0.8613707423210144
0.8613707423210144
0.8613707423210144
0.8613707423210144
0.8598130941390991
0.8598130941390991
0.8598130941390991
0.8598130941390991
0.8613707423210144
0.8598130941390991
0.8598130941390991
0.8613707423210144
0.8660436272621155
0.8676012754440308
0.8676012754440308
0.8676012754440308
0.8676012754440308
0.8676012754440308
0.8691588640213013
0.8676012754440308
0.8660436272621155
0.8660436272621155
0.8660436272621155
0.8660436272621155
0.8660436272621155
0.8676012754440308
0.8676012754440308
0.8660436272621155
0.8660436272621155
0.8676012754440308
0.8660436272621155
0.8676012754440308
0.8644859790802002
0.8644859790802002
0.8644859790802002
0.8613707423210144
0.8629283308982849
0.8613707423210144
0.8613707423210144
0.8613707423210144
0.8613707423210144
0.8613707423210144
0.8644859790802002
0.8644859790802002
0.8660436272621155
0.8660436272621155
0.8660436272621155
0.8660436272621155
0.8660436272621155
0.8660436272621155
0.8660436272621155
0.8644859790802002
0.8629283308982849
0.8644859790802002
0.8660436272621155
0.8644859790802002
0.8644859790802002
0.8629283308982849
0.8629283308982849
0.8660436272621155
0.8644859790802002
0.8644859790802002
0.8644859790802002
0.8629283308982849
0.8644859790802002
0.8629283308982849
0.8629283308982849
0.8629283308982849
0.8644859790802002
0.8629283308982849
0.8629283308982849
0.8629283308982849
0.8629283308982849
0.8629283308982849
0.8613707423210144
0.8613707423210144
0.8613707423210144
0.8629283308982849
0.8629283308982849
0.8629283308982849
0.8613707423210144
0.8613707423210144
0.8629283308982849
0.8613707423210144
0.8613707423210144
0.8598130941390991
0.8613707423210144
0.8629283308982849
0.8629283308982849
0.8613707423210144
0.8629283308982849
0.8629283308982849
0.8644859790802002
0.8613707423210144
0.8629283308982849
0.8629283308982849
0.8629283308982849
0.8629283308982849
0.8644859790802002
0.8644859790802002
0.8644859790802002
0.8644859790802002
0.8629283308982849
0.8613707423210144
0.8613707423210144
0.8644859790802002
0.8629283308982849
0.8629283308982849
0.8629283308982849
0.8629283308982849
0.8629283308982849
0.8613707423210144
0.8613707423210144
0.8613707423210144
0.8613707423210144
0.8613707423210144
0.8629283308982849
0.8644859790802002
0.8644859790802002
0.8644859790802002
0.8644859790802002
0.8644859790802002
0.8613707423210144
0.8613707423210144
0.8629283308982849
0.8676012754440308
0.8676012754440308
0.8676012754440308
0.8676012754440308
0.8676012754440308
0.8660436272621155
0.8660436272621155
0.8644859790802002
0.8644859790802002
0.8613707423210144
0.8644859790802002
0.8629283308982849
0.8644859790802002
0.8644859790802002
0.8644859790802002
0.8629283308982849
0.8629283308982849
0.8629283308982849
0.8644859790802002
0.8629283308982849
0.8629283308982849
0.8629283308982849
0.8613707423210144
0.8613707423210144
0.8613707423210144
0.8613707423210144
0.8629283308982849
0.8644859790802002
0.8644859790802002
0.8644859790802002
0.8644859790802002
0.8660436272621155
0.8660436272621155
0.8660436272621155
0.8660436272621155
0.8660436272621155
0.8644859790802002
0.8644859790802002
0.8644859790802002
0.8629283308982849
0.8629283308982849
0.8629283308982849
0.8629283308982849
0.8629283308982849
0.8629283308982849
0.8629283308982849
0.8598130941390991
0.8613707423210144
0.8613707423210144
0.8629283308982849
0.8598130941390991
0.8598130941390991
0.8598130941390991
0.8598130941390991
0.8598130941390991
0.8629283308982849
0.8629283308982849
0.8629283308982849
0.8629283308982849
0.8629283308982849
0.8629283308982849
0.8629283308982849
0.8644859790802002
0.8644859790802002
0.8644859790802002
0.8644859790802002
0.8644859790802002
0.8644859790802002
0.8660436272621155
0.8660436272621155
0.8644859790802002
0.8660436272621155
0.8660436272621155
0.8660436272621155
0.8644859790802002
0.8644859790802002
0.8629283308982849
0.8629283308982849
0.8629283308982849
0.8629283308982849
0.8629283308982849
0.8629283308982849
0.8629283308982849
0.8629283308982849
0.8613707423210144
0.8629283308982849
0.8629283308982849
0.8629283308982849
0.8629283308982849
0.8629283308982849
0.8660436272621155
0.8644859790802002
0.8660436272621155
0.8644859790802002
0.8644859790802002
0.8644859790802002
0.8644859790802002
0.8644859790802002
0.8644859790802002
0.8629283308982849
0.8644859790802002
0.8644859790802002
0.8676012754440308
0.8676012754440308
0.8676012754440308
0.8676012754440308
0.8676012754440308
0.8676012754440308
0.8676012754440308
0.8676012754440308
0.8676012754440308
0.8676012754440308
0.8644859790802002
0.8676012754440308
0.8676012754440308
0.8676012754440308
0.8644859790802002
0.8629283308982849
0.8644859790802002
0.8644859790802002
0.8676012754440308
0.8676012754440308
0.8676012754440308
0.8676012754440308
0.8676012754440308
0.8676012754440308
0.8676012754440308
0.8676012754440308
0.8691588640213013
0.8691588640213013
0.8691588640213013
0.8691588640213013
0.8691588640213013
0.8691588640213013
0.8676012754440308
0.8676012754440308
0.8676012754440308
0.8691588640213013
0.8707165122032166
0.8707165122032166
0.8707165122032166
0.8691588640213013
0.8676012754440308
0.8676012754440308
0.8676012754440308
0.8660436272621155
0.8660436272621155
0.8676012754440308
0.8676012754440308
0.8676012754440308
0.8644859790802002
0.8676012754440308
0.8676012754440308
0.8691588640213013
0.8691588640213013
0.8707165122032166
0.8707165122032166
0.8707165122032166
0.8722741603851318
0.8722741603851318
0.8722741603851318
0.8722741603851318
0.8707165122032166
0.8722741603851318
0.8722741603851318
0.8722741603851318
0.8738317489624023
0.8738317489624023
0.8738317489624023
0.8738317489624023
0.8722741603851318
0.8722741603851318
0.8691588640213013
0.8691588640213013
0.8707165122032166
0.8707165122032166
0.8707165122032166
0.8738317489624023
0.8738317489624023
0.8738317489624023
0.8738317489624023
0.8738317489624023
0.8738317489624023
0.8738317489624023
0.8722741603851318
0.8707165122032166
0.8707165122032166
0.8691588640213013
0.8691588640213013
0.8691588640213013
0.8691588640213013
0.8691588640213013
0.8691588640213013
0.8691588640213013
0.8691588640213013
0.8707165122032166
0.8707165122032166
0.8707165122032166
0.8707165122032166
0.8707165122032166
0.8707165122032166
0.8707165122032166
0.8707165122032166
0.8707165122032166
0.8707165122032166
0.8707165122032166
0.8707165122032166
0.8707165122032166
0.8722741603851318
0.8722741603851318
0.8738317489624023
0.8738317489624023
0.8738317489624023
0.8738317489624023
0.8738317489624023
0.8738317489624023
0.8738317489624023
0.8738317489624023
0.8722741603851318
0.8722741603851318
0.8722741603851318
0.8738317489624023
0.8738317489624023
0.8738317489624023
0.8738317489624023
0.8707165122032166
0.8707165122032166
0.8722741603851318
0.8722741603851318
0.8722741603851318
0.8722741603851318
0.8722741603851318
0.8722741603851318
0.8722741603851318
0.8722741603851318
0.8707165122032166
0.8707165122032166
0.8707165122032166
0.8707165122032166
0.8707165122032166
0.8707165122032166
0.8707165122032166
0.8722741603851318
0.8722741603851318
0.8722741603851318
0.8707165122032166
0.8707165122032166
0.8707165122032166
0.8707165122032166
0.8707165122032166
0.8707165122032166
0.8707165122032166
0.8707165122032166
0.8722741603851318
0.8722741603851318
0.8722741603851318
0.8722741603851318
0.8722741603851318
0.8738317489624023
0.8738317489624023
0.8738317489624023
0.8738317489624023
0.8738317489624023
0.8738317489624023
0.8738317489624023
0.8738317489624023
0.8738317489624023
0.8738317489624023
0.8738317489624023
0.8738317489624023
0.8738317489624023
0.8738317489624023
0.8738317489624023
0.8738317489624023
0.8738317489624023
0.8738317489624023
0.8738317489624023
0.8738317489624023
0.8738317489624023
0.8738317489624023
0.8738317489624023
0.8738317489624023
0.8738317489624023
0.8738317489624023
0.8738317489624023
0.8738317489624023
0.8738317489624023
0.8738317489624023
0.8738317489624023
0.8738317489624023
0.8738317489624023
0.8738317489624023
0.8738317489624023
0.8738317489624023
0.8738317489624023
0.8738317489624023
0.8738317489624023
0.8738317489624023
0.8738317489624023
0.8738317489624023
0.8738317489624023
0.8738317489624023
0.8738317489624023
0.8738317489624023
0.8738317489624023
0.8738317489624023
0.8738317489624023
0.8738317489624023
0.8738317489624023
0.8738317489624023
0.8738317489624023
0.8738317489624023
0.8738317489624023
0.8738317489624023
0.8738317489624023
0.8738317489624023
0.8738317489624023
0.8738317489624023
0.8738317489624023
0.8738317489624023
0.8738317489624023
0.8738317489624023
0.8738317489624023
0.8738317489624023
0.8738317489624023
0.8738317489624023
0.8738317489624023
0.8738317489624023
0.8738317489624023
0.8738317489624023
0.8738317489624023
0.8738317489624023
0.8738317489624023
0.8738317489624023
0.8738317489624023
0.8738317489624023
0.8738317489624023
0.8738317489624023
0.8738317489624023
0.8738317489624023
0.8738317489624023
0.8738317489624023
0.8738317489624023
0.8738317489624023
0.8738317489624023
0.8738317489624023
0.8738317489624023
0.8722741603851318
0.8722741603851318
0.8722741603851318
0.8722741603851318
0.8722741603851318
0.8722741603851318
0.8722741603851318
0.8722741603851318
0.8722741603851318
0.8722741603851318
0.8722741603851318
0.8738317489624023
0.8738317489624023
0.8738317489624023
0.8722741603851318
0.8722741603851318
0.8722741603851318
0.8738317489624023
0.8722741603851318
0.8722741603851318
0.8722741603851318
0.8738317489624023
0.8753893971443176
0.8738317489624023
0.8722741603851318
0.8722741603851318
0.8722741603851318
0.8722741603851318
0.8738317489624023
0.8722741603851318
0.8722741603851318
0.8722741603851318
0.8722741603851318
0.8722741603851318
0.8722741603851318
0.8722741603851318
0.8722741603851318
0.8722741603851318
0.8722741603851318
0.8722741603851318
0.8722741603851318
0.8722741603851318
0.8722741603851318
0.8738317489624023
0.8738317489624023
0.8738317489624023
0.8738317489624023
0.8738317489624023
0.8738317489624023
0.8738317489624023
0.8738317489624023
0.8753893971443176
0.8753893971443176
0.8753893971443176
0.8753893971443176
0.8753893971443176
0.8753893971443176
0.8753893971443176
0.8738317489624023
0.8738317489624023
0.8738317489624023
0.8738317489624023
0.8738317489624023
0.8753893971443176
0.8753893971443176
0.8753893971443176
0.8753893971443176
0.8753893971443176
0.8738317489624023
0.8738317489624023
0.8738317489624023
0.8722741603851318
0.8722741603851318
0.8722741603851318
0.8722741603851318
0.8722741603851318
0.8722741603851318
0.8738317489624023
0.8738317489624023
0.8738317489624023
0.8738317489624023
0.8738317489624023
0.8738317489624023
0.8722741603851318
0.8722741603851318
0.8722741603851318
0.8722741603851318
0.8722741603851318
0.8722741603851318
0.8722741603851318
0.8722741603851318
0.8722741603851318
0.8722741603851318
0.8738317489624023
0.8738317489624023
0.8738317489624023
0.8738317489624023
0.8738317489624023
0.8738317489624023
0.8738317489624023
0.8738317489624023
0.8738317489624023
0.8738317489624023
0.8738317489624023
0.8738317489624023
0.8738317489624023
0.8738317489624023
0.8738317489624023
0.8738317489624023
0.8738317489624023
0.8738317489624023
0.8738317489624023
0.8738317489624023
0.8738317489624023
0.8738317489624023
0.8738317489624023
0.8738317489624023
0.8738317489624023
0.8738317489624023
0.8738317489624023
0.8738317489624023
0.8738317489624023
0.8738317489624023
0.8738317489624023
0.8738317489624023
0.8738317489624023
0.8738317489624023
0.8738317489624023
0.8738317489624023
0.8738317489624023
0.8738317489624023
0.8738317489624023
0.8738317489624023
0.8738317489624023
0.8738317489624023
0.8738317489624023
0.8738317489624023
0.8738317489624023
0.8738317489624023
0.8738317489624023
0.8738317489624023
0.8738317489624023
0.8738317489624023
0.8738317489624023
0.8738317489624023
0.8738317489624023
0.8738317489624023
0.8738317489624023
0.8738317489624023
0.8738317489624023
0.8738317489624023
0.8738317489624023
0.8738317489624023
0.8738317489624023
0.8738317489624023
0.8738317489624023
0.8738317489624023
0.8738317489624023
0.8738317489624023
0.8738317489624023
0.8738317489624023
0.8738317489624023
0.8738317489624023
0.8738317489624023
0.8738317489624023
0.8738317489624023
0.8738317489624023
0.8738317489624023
0.8738317489624023
0.8738317489624023
0.8738317489624023
0.8738317489624023
0.8738317489624023
0.8738317489624023
0.8738317489624023
0.8738317489624023
0.8738317489624023
0.8738317489624023
0.8738317489624023
0.8738317489624023
0.8738317489624023
0.8738317489624023
0.8738317489624023
0.8738317489624023
0.8738317489624023
0.8738317489624023
0.8738317489624023
0.8738317489624023
0.8738317489624023
0.8738317489624023
0.8738317489624023
0.8738317489624023
0.8738317489624023
0.8738317489624023
0.8738317489624023
0.8738317489624023
0.8738317489624023
0.8738317489624023
0.8738317489624023
0.8753893971443176
0.8753893971443176
0.8753893971443176
0.8738317489624023
0.8738317489624023
0.8738317489624023
0.8753893971443176
0.8753893971443176
0.8753893971443176
0.8753893971443176
0.8753893971443176
0.8753893971443176
0.8753893971443176
0.8753893971443176
0.8753893971443176
0.8753893971443176
0.8753893971443176
0.8753893971443176
0.8753893971443176
0.8753893971443176
0.8753893971443176
0.8753893971443176
0.8753893971443176
0.8753893971443176
0.8753893971443176
0.8753893971443176
0.8753893971443176
0.8753893971443176
0.8753893971443176
0.8753893971443176
0.8753893971443176
0.8753893971443176
0.8753893971443176
0.8753893971443176
0.8753893971443176
0.8753893971443176
0.8753893971443176
0.8753893971443176
0.8753893971443176
0.8753893971443176
0.8753893971443176
0.8753893971443176
0.8753893971443176
0.8753893971443176
0.8753893971443176
0.8753893971443176
0.8753893971443176
0.8753893971443176
0.8753893971443176
0.8753893971443176
0.8753893971443176
0.8753893971443176
0.8753893971443176
0.8753893971443176
0.8753893971443176
0.8753893971443176
0.8753893971443176
0.8753893971443176
0.8753893971443176
0.8753893971443176
0.8753893971443176
0.8753893971443176
0.8753893971443176
0.8753893971443176
0.8753893971443176
0.8753893971443176
0.8753893971443176
0.8753893971443176
0.8753893971443176
0.8753893971443176
0.8753893971443176
0.8753893971443176
0.8753893971443176
0.8753893971443176
0.8753893971443176
0.8753893971443176
0.8753893971443176
0.8753893971443176
0.8753893971443176
0.8753893971443176
0.8753893971443176
0.8753893971443176
0.8753893971443176
0.8753893971443176
0.8753893971443176
0.8753893971443176
0.8753893971443176
0.8753893971443176
0.8753893971443176
0.8753893971443176
0.8753893971443176
0.8753893971443176
0.8753893971443176
0.8753893971443176
0.8753893971443176
0.8753893971443176
0.8753893971443176
0.8753893971443176
0.8753893971443176
0.8753893971443176
0.8753893971443176
0.8753893971443176
0.8753893971443176
0.8753893971443176
0.8753893971443176
0.8753893971443176
0.8753893971443176
0.8753893971443176
0.8753893971443176
0.8753893971443176
0.8753893971443176
0.8753893971443176
0.8753893971443176
0.8753893971443176
0.8753893971443176
0.8753893971443176
