0.8387965559959412
0.7472436428070068
0.7574065923690796
0.746478259563446
0.7168892621994019
0.7109200954437256
0.6877866983413696
0.6975899338722229
0.689987301826477
0.6939745545387268
0.6480715274810791
0.674458920955658
0.661529541015625
0.6658521294593811
0.6705178618431091
0.6433269381523132
0.6337518692016602
0.6302781701087952
0.6162416338920593
0.6164096593856812
0.6245163083076477
0.6131688952445984
0.6170347929000854
0.6403244137763977
0.6173906922340393
0.6448251008987427
0.6056374311447144
0.611304759979248
0.5902431011199951
0.5970351099967957
0.5773959755897522
0.5965661406517029
0.5919807553291321
0.584273099899292
0.5950640439987183
0.6002353429794312
0.576418936252594
0.5828525424003601
0.577046811580658
0.5952799916267395
0.5541498064994812
0.5490398406982422
0.5753113031387329
0.5599314570426941
0.5569970011711121
0.5551890134811401
0.5480434894561768
0.5603251457214355
0.5398983359336853
0.5330191850662231
0.536500096321106
0.5058283805847168
0.5302671790122986
0.5172621607780457
0.5248231887817383
0.5241223573684692
0.5276809930801392
0.5068259239196777
0.5125423073768616
0.48915761709213257
0.512974202632904
0.48468703031539917
0.5046168565750122
0.48177891969680786
0.507705569267273
0.4823002815246582
0.47071823477745056
0.47461727261543274
0.4845001995563507
0.4877026379108429
0.4814798831939697
0.4692457914352417
0.46783217787742615
0.4534747302532196
0.4728326201438904
0.4738551378250122
0.4567619562149048
0.4533803164958954
0.4935242235660553
0.44869357347488403
0.4404771327972412
0.4662056863307953
0.4511009156703949
0.4637901782989502
0.4558744430541992
0.4557648301124573
0.45522743463516235
0.44213196635246277
0.4513716995716095
0.44568052887916565
0.4485495388507843
0.43586477637290955
0.4377090036869049
0.42590197920799255
0.4329652786254883
0.4162583351135254
0.44949549436569214
0.43735259771347046
0.4120798408985138
0.4176989793777466
0.4456827640533447
0.410554438829422
0.4335843026638031
0.42169100046157837
0.40701156854629517
0.41559475660324097
0.4320712387561798
0.39478784799575806
0.4180951416492462
0.44101473689079285
0.4138519763946533
0.4197624921798706
0.40626564621925354
0.4175240099430084
0.4120738208293915
0.3894898295402527
0.40055856108665466
0.4154844284057617
0.41339293122291565
0.4041293263435364
0.3992748260498047
0.42421117424964905
0.38515302538871765
0.39611944556236267
0.3976021409034729
0.38641834259033203
0.39158961176872253
0.4006214141845703
0.3861258327960968
0.39300766587257385
0.38299599289894104
0.3841962218284607
0.36441269516944885
0.3962988555431366
0.39580032229423523
0.39814871549606323
0.40822547674179077
0.406713604927063
0.39374208450317383
0.39710015058517456
0.3973974287509918
0.37395623326301575
0.3953043222427368
0.40092331171035767
0.41295477747917175
0.3622607886791229
0.38657090067863464
0.401395320892334
0.3654491901397705
0.3933490812778473
0.36940765380859375
0.3777555823326111
0.3669123649597168
0.3882896304130554
0.37183675169944763
0.3765413165092468
0.38607916235923767
0.3734893500804901
0.35095325112342834
0.39660221338272095
0.3758352994918823
0.3794580101966858
0.36175811290740967
0.3899865448474884
0.37067854404449463
0.3695598244667053
0.3628685176372528
0.3995351791381836
0.35811924934387207
0.3654499650001526
0.3494158387184143
0.38049575686454773
0.3819311261177063
0.3913933336734772
0.3683980703353882
0.379787802696228
0.3815930485725403
0.3599495589733124
0.35980933904647827
0.3708574175834656
0.35431769490242004
0.35785454511642456
0.38406339287757874
0.3595700263977051
0.3607703447341919
0.3610650300979614
0.35749441385269165
0.32765287160873413
0.36320623755455017
0.35597464442253113
0.35448122024536133
0.3861376941204071
0.36152753233909607
0.36804550886154175
0.3664509952068329
0.35703757405281067
0.37994682788848877
0.393790066242218
0.35891202092170715
0.36887064576148987
0.39495497941970825
0.34002387523651123
0.36819982528686523
0.33332303166389465
0.35579127073287964
0.3826727867126465
0.3534509837627411
0.35977038741111755
0.3318819999694824
0.33890199661254883
0.3238556385040283
0.3398965001106262
0.3405037820339203
0.36429354548454285
0.3680860102176666
0.3649144768714905
0.3359490633010864
0.3668491542339325
0.347909152507782
0.3371783196926117
0.3653433620929718
0.3507440388202667
0.33051246404647827
0.3485223650932312
0.3405803143978119
0.3331163823604584
0.3462925851345062
0.34102705121040344
0.3574921786785126
0.3499031066894531
0.3306422233581543
0.34081608057022095
0.34057366847991943
0.3457324206829071
0.3342137932777405
0.35325995087623596
0.3426746726036072
0.3464590907096863
0.34608006477355957
0.3380434513092041
0.36539289355278015
0.3453448414802551
0.3380472660064697
0.34481993317604065
0.3336135149002075
0.3482835590839386
0.3587028384208679
0.32340890169143677
0.34928083419799805
0.33501240611076355
0.33797532320022583
0.3322432339191437
0.34421512484550476
0.3223336637020111
0.3388192355632782
0.33208465576171875
0.33657708764076233
0.32626157999038696
0.3257005214691162
0.3474634289741516
0.32780808210372925
0.3172436058521271
0.3248019516468048
0.3392392694950104
0.3392432928085327
0.3398476839065552
0.3276102542877197
0.3223486840724945
0.3400312662124634
0.32214635610580444
0.3316873610019684
0.3319167494773865
0.32791855931282043
0.35596561431884766
0.32745978236198425
0.3015238344669342
0.33636486530303955
0.31943628191947937
0.31930574774742126
0.3270130157470703
0.3311194181442261
0.3051685690879822
0.3420744240283966
0.3174770176410675
0.3347012400627136
0.32582634687423706
0.3259141445159912
0.3269420266151428
0.33534714579582214
0.3267049193382263
0.31309524178504944
0.32762610912323
0.3102852702140808
0.339932918548584
0.3442162871360779
0.3136034905910492
0.30257177352905273
0.3245147466659546
0.3140561282634735
0.32228517532348633
0.31013011932373047
0.3228723704814911
0.30459100008010864
0.32216647267341614
0.31299057602882385
0.3244422674179077
0.35549288988113403
0.35593506693840027
0.3623025715351105
0.3693777620792389
0.34517142176628113
0.31954333186149597
0.33267441391944885
0.29842549562454224
0.33166614174842834
0.3350398540496826
0.31126856803894043
0.31690385937690735
0.3107289969921112
0.3263120651245117
0.3191232681274414
0.312181293964386
0.3198709189891815
0.3267067074775696
0.3107585906982422
0.3177749812602997
0.33141112327575684
0.3177036643028259
0.3210040330886841
0.31585782766342163
0.29666072130203247
0.3186472952365875
0.31716465950012207
0.3168764114379883
0.3158224821090698
0.3041248321533203
0.292481392621994
0.30557525157928467
0.32286325097084045
0.3005704879760742
0.3222493529319763
0.2976323664188385
0.3026053309440613
0.3105652332305908
0.31087958812713623
0.30886760354042053
0.3195584714412689
0.32778602838516235
0.3150166869163513
0.3042113184928894
0.28313302993774414
0.3076445162296295
0.3174903988838196
0.3092663586139679
0.29926785826683044
0.2972342073917389
0.2864146828651428
0.3120906352996826
0.30577826499938965
0.3006199598312378
0.297597199678421
0.31243857741355896
0.26905709505081177
0.31879621744155884
0.3207215964794159
0.2849365472793579
0.3054168224334717
0.2977313697338104
0.31126004457473755
0.318185955286026
0.30116981267929077
0.289408415555954
0.30033034086227417
0.30856049060821533
0.30177804827690125
0.29019102454185486
0.28607606887817383
0.29282450675964355
0.3195285201072693
0.3014001250267029
0.3027690649032593
0.2762024402618408
0.2853512465953827
0.27823179960250854
0.2902701497077942
0.3008088767528534
0.2950095534324646
0.3129543364048004
0.3066937029361725
0.30507326126098633
0.3153856098651886
0.28542232513427734
0.30225369334220886
0.32421985268592834
0.300992876291275
0.296875536441803
0.3073480427265167
0.3147695064544678
0.31796085834503174
0.3028675615787506
0.3085521459579468
0.282699853181839
0.28797993063926697
0.27646687626838684
0.299125611782074
0.30629658699035645
0.2822380065917969
0.3129764795303345
0.2823568284511566
0.30789294838905334
0.28728535771369934
0.3107733130455017
0.3030770421028137
0.2961123585700989
0.2936098277568817
0.29465389251708984
0.29112720489501953
0.2913149297237396
0.29757925868034363
0.3166132867336273
0.30585911870002747
0.30460166931152344
0.2923080325126648
0.28416597843170166
0.28848153352737427
0.27629774808883667
0.27419543266296387
0.3131311535835266
0.30130380392074585
0.31107836961746216
0.31051626801490784
0.29614827036857605
0.2694348990917206
0.29078084230422974
0.2944183051586151
0.29245176911354065
0.29656654596328735
0.2949463427066803
0.3026660084724426
0.3065739870071411
0.2984348237514496
0.27596837282180786
0.2894844114780426
0.2856491804122925
0.30549687147140503
0.28438863158226013
0.27849093079566956
0.2887105643749237
0.2804183065891266
0.2966041564941406
0.29255154728889465
0.28994667530059814
0.27149060368537903
0.2806865870952606
0.28257033228874207
0.2934124767780304
0.3108382523059845
0.2741397023200989
0.28069543838500977
0.311158686876297
0.2584434449672699
0.3010382354259491
0.289606511592865
0.29815182089805603
0.29506975412368774
0.2783038318157196
0.2703164517879486
0.2915513515472412
0.2833581566810608
0.28968119621276855
0.28339841961860657
0.2945370376110077
0.2850409150123596
0.2783062756061554
0.27101820707321167
0.2868879437446594
0.2836359143257141
0.2980702519416809
0.2814616858959198
0.2924831509590149
0.2976036071777344
0.2823660671710968
0.29083940386772156
0.293321818113327
0.2782577574253082
0.30950412154197693
0.29865509271621704
0.2884247303009033
0.27831608057022095
0.2790104150772095
0.277091920375824
0.3060641288757324
0.3018873333930969
0.2957700788974762
0.2706906795501709
0.2854931652545929
0.28562861680984497
0.2902434468269348
0.27132952213287354
0.27363982796669006
0.27345365285873413
0.27136528491973877
0.29216468334198
0.28077882528305054
0.28026270866394043
0.2804482579231262
0.29678434133529663
0.3083348870277405
0.287742555141449
0.2912592589855194
0.2747058570384979
0.2664169371128082
0.27058881521224976
0.27834928035736084
0.2788509130477905
0.27313125133514404
0.2935413420200348
0.2772638201713562
0.289178729057312
0.2758671045303345
0.2907087504863739
0.28062358498573303
0.282772958278656
0.27830615639686584
0.2611507475376129
0.30123594403266907
0.28787943720817566
0.28518345952033997
0.2935628294944763
0.28740182518959045
0.2723610997200012
0.2840346395969391
0.3024435341358185
0.2873884439468384
0.2675319314002991
0.30297595262527466
0.27813735604286194
0.2910833954811096
0.28745535016059875
0.28820955753326416
0.2702644169330597
0.2803507149219513
0.27852344512939453
0.27762848138809204
0.29370152950286865
0.2840178608894348
0.25721296668052673
0.2715584933757782
0.2765811085700989
0.28223201632499695
0.2792269289493561
0.2756919860839844
0.2861359417438507
0.258647084236145
0.2774905264377594
0.2724127471446991
0.2826082408428192
0.2921944558620453
0.2921925187110901
0.2839624881744385
0.29754015803337097
0.2900305688381195
0.270571231842041
0.2540872395038605
0.2857208549976349
0.2829096019268036
0.294677197933197
0.28620651364326477
0.26610782742500305
0.29318690299987793
0.26663637161254883
0.2837802767753601
0.2935410141944885
0.2976028025150299
0.2997893989086151
0.27566611766815186
0.2702310383319855
0.28770211338996887
0.2876645624637604
0.27242007851600647
0.2783643901348114
0.27997758984565735
0.26522210240364075
0.27626630663871765
0.2762645483016968
0.2736721932888031
0.28232577443122864
0.27194663882255554
0.28345227241516113
0.26518315076828003
0.2748047411441803
0.28697046637535095
0.301353394985199
0.2791343927383423
0.29546496272087097
0.2900841236114502
0.26171478629112244
0.2912027835845947
0.27230265736579895
0.3041943609714508
0.28076812624931335
0.26836979389190674
0.266208678483963
0.29854536056518555
0.3008812367916107
0.268526554107666
0.2757945954799652
0.2875843942165375
0.2744230031967163
0.28415799140930176
0.2611367106437683
0.2850068509578705
0.26674896478652954
0.28462594747543335
0.28595250844955444
0.28260770440101624
0.28807634115219116
0.2849684953689575
0.28063350915908813
0.27339422702789307
0.2930057644844055
0.26696041226387024
0.29023468494415283
0.2656555473804474
0.2737775146961212
0.2907947897911072
0.2862897515296936
0.28646376729011536
0.2745005190372467
0.2698734998703003
0.281251460313797
0.2589477300643921
0.26799723505973816
0.27446937561035156
0.27246391773223877
0.2626393735408783
0.2793272137641907
0.2910665273666382
0.27759772539138794
0.27792441844940186
0.3009478449821472
0.2813737094402313
0.2679714858531952
0.2969546318054199
0.27525225281715393
0.27963531017303467
0.296132892370224
0.2652326226234436
0.2909493148326874
0.2958083748817444
0.3016161024570465
0.2694379985332489
0.28419584035873413
0.26080042123794556
0.2633354067802429
0.26805490255355835
0.26985442638397217
0.2609982192516327
0.2834112346172333
0.2738680839538574
0.2692447602748871
0.2801437973976135
0.291469931602478
0.28005632758140564
0.25738266110420227
0.2737298607826233
0.26376816630363464
0.2912057042121887
0.2893112301826477
0.2741881310939789
0.2877253293991089
0.284760981798172
0.2904382050037384
0.2734929621219635
0.26628512144088745
0.27213001251220703
0.28370848298072815
0.27586862444877625
0.2619822323322296
0.2868393659591675
0.27323684096336365
0.28328651189804077
0.27963754534721375
0.27228838205337524
0.2626681923866272
0.2672128677368164
0.28383669257164
0.27103129029273987
0.2715117931365967
0.2881770730018616
0.26947492361068726
0.27367103099823
0.2849803864955902
0.2644891142845154
0.2560313045978546
0.2683481276035309
0.25912901759147644
0.2876475155353546
0.2745414078235626
0.28800350427627563
0.28435754776000977
0.2920575439929962
0.2670329809188843
0.2825095057487488
0.2935093641281128
0.2591363787651062
0.2807067334651947
0.2712276577949524
0.2979731857776642
0.27043449878692627
0.2614257037639618
0.27205416560173035
0.27858495712280273
0.2862429618835449
0.27839159965515137
0.2753179967403412
0.2977559268474579
0.27693045139312744
0.2910695970058441
0.2703903317451477
0.2727057933807373
0.28595173358917236
0.25118789076805115
0.2893199622631073
0.26830193400382996
0.28000688552856445
0.26122140884399414
0.26037493348121643
0.28516122698783875
0.2712422013282776
0.2614588737487793
0.2742656469345093
0.2674037218093872
0.28227317333221436
0.2857329845428467
0.2803466320037842
0.2880791425704956
0.28780558705329895
0.27141597867012024
0.27100905776023865
0.2674750089645386
0.2719030976295471
0.28025898337364197
0.2830753028392792
0.2961401045322418
0.3069637715816498
0.2718951404094696
0.2931729853153229
0.26088452339172363
0.2707042694091797
0.2555318772792816
0.2865579426288605
0.2721409797668457
0.27547138929367065
0.2714530825614929
0.25216397643089294
0.2567915916442871
0.26269277930259705
0.2578636109828949
0.2801879346370697
0.2700647711753845
0.2747233211994171
0.2773761749267578
0.2825394570827484
0.2842721939086914
0.26545026898384094
0.25260356068611145
0.28334298729896545
0.2799686789512634
0.2806975543498993
0.2761664092540741
0.27415433526039124
0.2863571047782898
0.27499228715896606
0.2651214003562927
0.26996615529060364
0.2691744863986969
0.2852514088153839
0.28932785987854004
0.26500624418258667
0.27352121472358704
0.26348263025283813
0.30412307381629944
0.2871744632720947
0.2796126902103424
0.27535146474838257
0.2520783245563507
0.31356653571128845
0.26571789383888245
0.2538833022117615
0.2725086212158203
0.29443827271461487
0.2693204879760742
0.27047231793403625
0.2873004376888275
0.28297334909439087
0.2665901184082031
0.2702062726020813
0.27350103855133057
0.2580316960811615
0.29703381657600403
0.28196287155151367
0.2739182114601135
0.2758835256099701
0.27819815278053284
0.26888471841812134
0.2658877670764923
0.26210159063339233
0.2765839993953705
0.2683773934841156
