1.0761833190917969
0.7019139528274536
0.6265183687210083
0.6166331171989441
0.5817209482192993
0.5718721151351929
0.5583159327507019
0.5512797236442566
0.5273351073265076
0.49804216623306274
0.502089262008667
0.52165687084198
0.4724578261375427
0.4362487196922302
0.4683007001876831
0.4409562945365906
0.45638927817344666
0.46062663197517395
0.44463175535202026
0.43407899141311646
0.44122713804244995
0.40679338574409485
0.43914780020713806
0.4126212000846863
0.39548832178115845
0.43511995673179626
0.40022069215774536
0.436686635017395
0.42405837774276733
0.42826828360557556
0.39684343338012695
0.4001066982746124
0.41039207577705383
0.38370031118392944
0.362505704164505
0.41895729303359985
0.4038112461566925
0.397737592458725
0.40104469656944275
0.37731629610061646
0.39304205775260925
0.36721691489219666
0.38335078954696655
0.3486773669719696
0.37451890110969543
0.3866814970970154
0.3631886839866638
0.3617677688598633
0.3649479150772095
0.3657580614089966
0.3762357234954834
0.36662042140960693
0.34287288784980774
0.3704953193664551
0.34250301122665405
0.35794031620025635
0.3268805146217346
0.3421112596988678
0.34169110655784607
0.3371705412864685
0.34757480025291443
0.3400212526321411
0.36672404408454895
0.3550562560558319
0.33605319261550903
0.3474937975406647
0.3290362060070038
0.32268306612968445
0.3535936772823334
0.33658134937286377
0.32581061124801636
0.3513369560241699
0.31959211826324463
0.31516024470329285
0.3228144645690918
0.3124656677246094
0.32543036341667175
0.3083977997303009
0.3244210481643677
0.32070392370224
0.32056280970573425
0.3020212650299072
0.31235527992248535
0.3304592967033386
0.30389901995658875
0.33402833342552185
0.3191218078136444
0.310451865196228
0.2979797422885895
0.3124249279499054
0.2988851070404053
0.30030059814453125
0.29320797324180603
0.29293012619018555
0.30371347069740295
0.3003920018672943
0.2968822717666626
0.30126065015792847
0.29964688420295715
0.28601428866386414
0.29425573348999023
0.2979142963886261
0.30013927817344666
0.3030882477760315
0.27851319313049316
0.28089216351509094
0.28028231859207153
0.2752690017223358
0.2931406795978546
0.2894243001937866
0.2880958616733551
0.2651617228984833
0.27023833990097046
0.29631832242012024
0.27458441257476807
0.2746824324131012
0.25989216566085815
0.2540391683578491
0.2740614116191864
0.26938462257385254
0.26730912923812866
0.25708091259002686
0.26900753378868103
0.2654314339160919
0.2445266842842102
0.2643298804759979
0.26516997814178467
0.2670336961746216
0.2577347457408905
0.24844588339328766
0.27316853404045105
0.2492884397506714
0.2627727687358856
0.2659996747970581
0.2680196762084961
0.2332029789686203
0.2647106647491455
0.24163034558296204
0.2696358263492584
0.23587863147258759
0.2440396100282669
0.2636116147041321
0.23580597341060638
0.2639136016368866
0.23517154157161713
0.2358645647764206
0.24954164028167725
0.254495769739151
0.2607334852218628
0.23591744899749756
0.25608062744140625
0.2533840239048004
0.24065494537353516
0.22443275153636932
0.24368226528167725
0.24447083473205566
0.2227919101715088
0.24647845327854156
0.23426128923892975
0.22729811072349548
0.21898967027664185
0.230478897690773
0.2182057946920395
0.20687514543533325
0.24396787583827972
0.21740666031837463
0.21894384920597076
0.21781852841377258
0.22767798602581024
0.21034176647663116
0.19791147112846375
0.20137694478034973
0.22418509423732758
0.21613259613513947
0.2358960509300232
0.221348837018013
0.2172721028327942
0.22274935245513916
0.21976594626903534
0.20908614993095398
0.21751128137111664
0.22176536917686462
0.20069941878318787
0.20323501527309418
0.21428202092647552
0.23447299003601074
0.21428436040878296
0.21321436762809753
0.1913486123085022
0.20686332881450653
0.19042667746543884
0.18225082755088806
0.20913919806480408
0.19229179620742798
0.18569202721118927
0.21211658418178558
0.1999506801366806
0.21737180650234222
0.19602859020233154
0.19104892015457153
0.18389888107776642
0.1870122104883194
0.1962449848651886
0.18382079899311066
0.2144477516412735
0.19921241700649261
0.1922968029975891
0.22154822945594788
0.20428462326526642
0.19759616255760193
0.19093836843967438
0.20007647573947906
0.19406363368034363
0.204282745718956
0.20454010367393494
0.20293721556663513
0.20494885742664337
0.19023996591567993
0.1858082413673401
0.17513717710971832
0.18665844202041626
0.17803150415420532
0.17681223154067993
0.17487099766731262
0.1818617582321167
0.199863463640213
0.2003331333398819
0.18265511095523834
0.17778952419757843
0.19328069686889648
0.19470654428005219
0.16745403409004211
0.17368407547473907
0.18195010721683502
0.17015214264392853
0.1674361228942871
0.17027291655540466
0.1779390126466751
0.18718229234218597
0.17272929847240448
0.17171762883663177
0.16689153015613556
0.17664003372192383
0.16949467360973358
0.1725696474313736
0.18813420832157135
0.1870640367269516
0.1788938343524933
0.17864187061786652
0.17810867726802826
0.16686436533927917
0.17785705626010895
0.16354036331176758
0.15465854108333588
0.17317521572113037
0.17403702437877655
0.1677018105983734
0.16917802393436432
0.14277353882789612
0.15803107619285583
0.15430307388305664
0.16030998528003693
0.15449324250221252
0.16036103665828705
0.16687440872192383
0.17154449224472046
0.15977391600608826
0.16417032480239868
0.17367243766784668
0.16135941445827484
0.15985900163650513
0.15215903520584106
0.14264346659183502
0.18495579063892365
0.18212513625621796
0.16195155680179596
0.17159242928028107
0.16749517619609833
0.16168351471424103
0.1457405537366867
0.17691326141357422
0.15956023335456848
0.15902835130691528
0.13193996250629425
0.1745491474866867
0.14904332160949707
0.16586777567863464
0.1634981632232666
0.15564678609371185
0.1564534455537796
0.1668969988822937
0.15330369770526886
0.16417889297008514
0.15000255405902863
0.15998856723308563
0.15757296979427338
0.14419101178646088
0.15229497849941254
0.16196542978286743
0.15654027462005615
0.1454954892396927
0.14268824458122253
0.14897838234901428
0.15371225774288177
0.1514001339673996
0.14313645660877228
0.14970669150352478
0.1658499836921692
0.14905263483524323
0.14290153980255127
0.1377018392086029
0.14595317840576172
0.16283966600894928
0.15180304646492004
0.146165668964386
0.13042433559894562
0.13849858939647675
0.1482773721218109
0.15540534257888794
0.13497552275657654
0.138676255941391
0.14696088433265686
0.1467038094997406
0.15505723655223846
0.13180500268936157
0.14376698434352875
0.13897700607776642
0.1424248069524765
0.1324869841337204
0.13873162865638733
0.12878677248954773
0.13071756064891815
0.15268433094024658
0.1480923295021057
0.15152260661125183
0.12399523705244064
0.14348529279232025
0.1332676261663437
0.13908325135707855
0.14782382547855377
0.13607309758663177
0.1454049050807953
0.1374136358499527
0.13013511896133423
0.1462215930223465
0.14286741614341736
0.1539689153432846
0.1340567022562027
0.1368715912103653
0.1372469663619995
0.14104358851909637
0.13874341547489166
0.14837026596069336
0.133236825466156
0.123288094997406
0.12274447828531265
0.1431533694267273
0.13976001739501953
0.1501549631357193
0.12974384427070618
0.13594043254852295
0.13994275033473969
0.1557338535785675
0.14791332185268402
0.13924863934516907
0.12733244895935059
0.13813209533691406
0.1404510885477066
0.13019651174545288
0.14681077003479004
0.13853666186332703
0.15128910541534424
0.13376696407794952
0.13697494566440582
0.12286888062953949
0.1189044937491417
0.1509067863225937
0.14311733841896057
0.1425357311964035
0.13053160905838013
0.13295261561870575
0.1390131413936615
0.11796483397483826
0.12005387246608734
0.13973243534564972
0.13582362234592438
0.1278664916753769
0.13665521144866943
0.13911095261573792
0.14716671407222748
0.12749120593070984
0.15645457804203033
0.135646790266037
0.13243940472602844
0.1265440434217453
0.1418614387512207
0.12499763816595078
0.12315159291028976
0.1495453417301178
0.11006659269332886
0.1319587379693985
0.12125703692436218
0.13424727320671082
0.13398446142673492
0.13464803993701935
0.14349931478500366
0.13414070010185242
0.1447037309408188
0.12001637369394302
0.13125725090503693
0.11431744694709778
0.11399352550506592
0.13317522406578064
0.12026610225439072
0.14328499138355255
0.12859445810317993
0.1449403464794159
0.1316506564617157
0.14009243249893188
0.1316499561071396
0.13195161521434784
0.12142245471477509
0.13698752224445343
0.12386759370565414
0.12847474217414856
0.12863923609256744
0.12348050624132156
0.14654697477817535
0.1314220428466797
0.12955446541309357
0.11555227637290955
0.136675626039505
0.14016474783420563
0.1315954029560089
0.12443993985652924
0.14060468971729279
0.13497504591941833
0.12182570993900299
0.1398712694644928
0.12514831125736237
0.12954652309417725
0.1327601969242096
0.11210670322179794
0.14456883072853088
0.1316874772310257
0.11651276051998138
0.12349759042263031
0.11615078151226044
0.11219483613967896
0.14590968191623688
0.12152596563100815
0.10969965159893036
0.13091251254081726
0.11542432755231857
0.12099257111549377
0.12865184247493744
0.1286855936050415
0.14489027857780457
0.13377924263477325
0.1159442886710167
0.12423188984394073
0.13134604692459106
0.11569591611623764
0.1205693781375885
0.13068151473999023
0.12141470611095428
0.13363245129585266
0.12975582480430603
0.11117877066135406
0.11044860631227493
0.10997792333364487
0.1296492964029312
0.11368373036384583
0.11472779512405396
0.13011032342910767
0.11071857810020447
0.11062245070934296
0.14402934908866882
0.12419039011001587
0.11963661760091782
0.12425058335065842
0.14484789967536926
0.11097699403762817
0.11610552668571472
0.12679937481880188
0.1101599708199501
0.12915311753749847
0.13434991240501404
0.1267300546169281
0.13107889890670776
0.12307015806436539
0.11831919103860855
0.12216328084468842
0.1288154125213623
0.12468945235013962
0.127800852060318
0.12690529227256775
0.1067088320851326
0.12228870391845703
0.11869209259748459
0.13812007009983063
0.11135052889585495
0.12572963535785675
0.11072314530611038
0.1199229434132576
0.11956574022769928
0.12380371987819672
0.10881639271974564
0.12701348960399628
0.1157846674323082
0.12310687452554703
0.12035643309354782
0.1264505684375763
0.1143328920006752
0.11093763262033463
0.127752423286438
0.11690686643123627
0.1316021829843521
0.12099934369325638
0.12006545811891556
0.1199050173163414
0.13325715065002441
0.1245262399315834
0.1359845995903015
0.1156541109085083
0.11975348740816116
0.1238565444946289
0.11377514153718948
0.11733439564704895
0.1174044981598854
0.12219744175672531
0.13677169382572174
0.1343267261981964
0.10659773647785187
0.130056694149971
0.11545271426439285
0.12603381276130676
0.11320192366838455
0.1127900555729866
0.13395483791828156
0.1076439693570137
0.13956193625926971
0.12661166489124298
0.12813647091388702
0.12440614402294159
0.11203031241893768
0.12096568942070007
0.13387566804885864
0.11335960030555725
0.11230248957872391
0.13135702908039093
0.11080637574195862
0.12794069945812225
0.11683885008096695
0.11912951618432999
0.11497627943754196
0.1135089322924614
0.11613773554563522
0.12585991621017456
0.1199694275856018
0.12032309919595718
0.14036746323108673
0.12540189921855927
0.10947033017873764
0.12121318280696869
0.13119295239448547
0.10724823921918869
0.12326251715421677
0.1110348105430603
0.11748912185430527
0.11475486308336258
0.1118842363357544
0.1093486025929451
0.11127543449401855
0.11462638527154922
0.13376130163669586
0.11604251712560654
0.11358004063367844
0.11852262169122696
0.12341184169054031
0.1361868977546692
0.11160967499017715
0.11323239654302597
0.13112202286720276
0.15262793004512787
0.1259722113609314
0.13558445870876312
0.10824175179004669
0.10933344066143036
0.12620609998703003
0.11403684318065643
0.12763266265392303
0.13626107573509216
0.11239784210920334
0.11051291227340698
0.11150059103965759
0.11898631602525711
0.11873277276754379
0.11410250514745712
0.11702704429626465
0.11121769994497299
0.10194520652294159
