0.8486623764038086
0.7417219281196594
0.6979202032089233
0.668677031993866
0.6503374576568604
0.6478431224822998
0.62498939037323
0.6194596290588379
0.6185718178749084
0.5933290719985962
0.5743269920349121
0.5729264616966248
0.5773229598999023
0.5535959005355835
0.5199538469314575
0.5221112966537476
0.5227311849594116
0.4878300130367279
0.48654621839523315
0.4692405164241791
0.490779846906662
0.48902150988578796
0.47749122977256775
0.48626747727394104
0.4456213712692261
0.471970796585083
0.4353022575378418
0.44458553194999695
0.43812593817710876
0.44409075379371643
0.4118763208389282
0.4299781918525696
0.4506986141204834
0.43335413932800293
0.4299640953540802
0.4274519681930542
0.41845256090164185
0.4224061071872711
0.4158259928226471
0.3967442214488983
0.41237691044807434
0.38629013299942017
0.4057890474796295
0.3768554925918579
0.40075403451919556
0.40200376510620117
0.3916966915130615
0.3843606412410736
0.38914334774017334
0.3982205390930176
0.3879431486129761
0.38330191373825073
0.36068668961524963
0.3652057349681854
0.3799872398376465
0.3793328106403351
0.3661021888256073
0.3643861711025238
0.36073556542396545
0.37092524766921997
0.3853582739830017
0.37306877970695496
0.36771586537361145
0.35700419545173645
0.37134793400764465
0.36809563636779785
0.3606390655040741
0.35074368119239807
0.36283567547798157
0.33467891812324524
0.3808958828449249
0.36124110221862793
0.3670651316642761
0.35809653997421265
0.35758140683174133
0.3553447723388672
0.3617834746837616
0.3390546143054962
0.3326062262058258
0.3599144220352173
0.3474586606025696
0.35072100162506104
0.3638784885406494
0.3430757224559784
0.3542005717754364
0.34975939989089966
0.33446192741394043
0.3444750905036926
0.3391841948032379
0.3208416998386383
0.341139554977417
0.3396354913711548
0.32873350381851196
0.3392906188964844
0.3175484836101532
0.3346753716468811
0.3228961229324341
0.34793633222579956
0.3491215109825134
0.3272654116153717
0.3206801116466522
0.31590306758880615
0.33975356817245483
0.3306558132171631
0.3250332474708557
0.3338766098022461
0.33318084478378296
0.3274892270565033
0.3097933828830719
0.3175685703754425
0.3287571370601654
0.32230091094970703
0.32079175114631653
0.31836071610450745
0.31968384981155396
0.3251648545265198
0.3086511194705963
0.33305272459983826
0.29526782035827637
0.2942793071269989
0.3088209629058838
0.30350640416145325
0.293285608291626
0.2807440459728241
0.30581411719322205
0.283998042345047
0.32461291551589966
0.30238035321235657
0.29171305894851685
0.31630757451057434
0.30724331736564636
0.30846312642097473
0.2939824163913727
0.2982081472873688
0.32432234287261963
0.28192272782325745
0.31205812096595764
0.31293970346450806
0.2809208333492279
0.2779034674167633
0.29695752263069153
0.3169688880443573
0.2899007499217987
0.28635266423225403
0.2867964804172516
0.2821848392486572
0.2833811044692993
0.27082616090774536
0.2823790907859802
0.2941744923591614
0.2988198399543762
0.29361647367477417
0.2802041471004486
0.29289156198501587
0.26842597126960754
0.295234352350235
0.26595184206962585
0.2861449718475342
0.28445905447006226
0.2925484776496887
0.28057873249053955
0.27118319272994995
0.2631107568740845
0.3085755407810211
0.2746177613735199
0.2784025967121124
0.2777627408504486
0.29675158858299255
0.28864964842796326
0.2690475285053253
0.28114184737205505
0.267977237701416
0.29134756326675415
0.2659112811088562
0.2729910612106323
0.26124775409698486
0.25982263684272766
0.27613237500190735
0.28528687357902527
0.26728689670562744
0.2711697518825531
0.2596120834350586
0.261690616607666
0.24704135954380035
0.262087881565094
0.2641179859638214
0.27961641550064087
0.24016815423965454
0.28791874647140503
0.26514968276023865
0.26622235774993896
0.2588329613208771
0.2693380117416382
0.2654043734073639
0.2625232934951782
0.25613561272621155
0.26661011576652527
0.24441668391227722
0.2543790936470032
0.2581236958503723
0.25093236565589905
0.26437920331954956
0.24392752349376678
0.24177630245685577
0.2577327489852905
0.2530682384967804
0.26697462797164917
0.24876928329467773
0.2644226849079132
0.2540745437145233
0.2504940927028656
0.22953857481479645
0.25205475091934204
0.2639537751674652
0.24600252509117126
0.24748441576957703
0.2609686851501465
0.24905426800251007
0.23979753255844116
0.24989891052246094
0.2435491681098938
0.2588285505771637
0.25989383459091187
0.2503330707550049
0.23729263246059418
0.24654778838157654
0.2586139738559723
0.24949274957180023
0.24656470119953156
0.25372108817100525
0.25173285603523254
0.23264163732528687
0.2527918517589569
0.24400381743907928
0.2344653606414795
0.23536138236522675
0.2452988177537918
0.23753704130649567
0.24426913261413574
0.2563023865222931
0.24732407927513123
0.2501649856567383
0.24364086985588074
0.2399827539920807
0.24798832833766937
0.2321224808692932
0.24441049993038177
0.24882595241069794
0.2303895354270935
0.24945253133773804
0.24074000120162964
0.24173933267593384
0.24524477124214172
0.22994358837604523
0.25077906250953674
0.2332155406475067
0.22192451357841492
0.23235568404197693
0.23237669467926025
0.24168075621128082
0.2383757084608078
0.23252013325691223
0.25088706612586975
0.23943276703357697
0.23215393722057343
0.24669450521469116
0.24182085692882538
0.2487078756093979
0.24850666522979736
0.24723196029663086
0.2289447784423828
0.245222806930542
0.24230830371379852
0.24274097383022308
0.23425763845443726
0.23505297303199768
0.22052957117557526
0.2311287522315979
0.23892539739608765
0.2170369029045105
0.22387374937534332
0.22182397544384003
0.23912286758422852
0.23890526592731476
0.2347269058227539
0.23026467859745026
0.24250361323356628
0.22478900849819183
0.2285328507423401
0.2287701815366745
0.23852398991584778
0.23386211693286896
0.2176589071750641
0.21621480584144592
0.23293136060237885
0.2316884994506836
0.24928559362888336
0.22894465923309326
0.25653165578842163
0.23867471516132355
0.22997766733169556
0.24414034187793732
0.228547140955925
0.21917584538459778
0.2245163768529892
0.2380996197462082
0.23175930976867676
0.23429670929908752
0.23831403255462646
0.2217370569705963
0.22720453143119812
0.2233247607946396
0.22290357947349548
0.24647757411003113
0.2168188840150833
0.23041203618049622
0.24410825967788696
0.21482710540294647
0.22595897316932678
0.24585843086242676
0.22621813416481018
0.22934646904468536
0.21652951836585999
0.23103025555610657
0.2283341884613037
0.21469846367835999
0.2241981476545334
0.22876767814159393
0.25018879771232605
0.21814069151878357
0.22099535167217255
0.22734053432941437
0.22806057333946228
0.20943723618984222
0.23558712005615234
0.22720488905906677
0.2235514372587204
0.22467568516731262
0.22171035408973694
0.23063352704048157
0.22542715072631836
0.22277896106243134
0.22375105321407318
0.21489320695400238
0.2135673612356186
0.22537657618522644
0.21954481303691864
0.21803338825702667
0.22422993183135986
0.2277829349040985
0.22403477132320404
0.2154654860496521
0.21891628205776215
0.2155725657939911
0.21317926049232483
0.2321876883506775
0.22540970146656036
0.2156282663345337
0.21450570225715637
0.21789054572582245
0.21777643263339996
0.22590653598308563
0.2039271593093872
0.2260361611843109
0.21382243931293488
0.21869979798793793
0.22264578938484192
0.2296430468559265
0.21391886472702026
0.21408364176750183
0.22958122193813324
0.2230580598115921
0.23286281526088715
0.22195130586624146
0.23248136043548584
0.22924426198005676
0.20821289718151093
0.22759026288986206
0.2080799639225006
0.2291579693555832
0.2024473398923874
0.22142615914344788
0.2162211537361145
0.20182783901691437
0.22813966870307922
0.21473942697048187
0.2021126002073288
0.2180911898612976
0.22099044919013977
0.2158605456352234
0.2107243686914444
0.20931300520896912
0.22716866433620453
0.2315472811460495
0.21773800253868103
0.21694527566432953
0.23295524716377258
0.21998165547847748
0.23531362414360046
0.2156323790550232
0.2065986543893814
0.19520224630832672
0.20939940214157104
0.2093295454978943
0.218582883477211
0.2090395838022232
0.209232360124588
0.21043822169303894
0.2254447042942047
0.2206822633743286
0.2189759612083435
0.2142542153596878
0.2231442928314209
0.22563785314559937
0.22681106626987457
0.22703219950199127
0.2142457813024521
0.19368335604667664
0.21985745429992676
0.20896576344966888
0.21931621432304382
0.2102547585964203
0.2136419713497162
0.211070716381073
0.21573999524116516
0.2162293791770935
0.21448400616645813
0.20298664271831512
0.21807952225208282
0.22367160022258759
0.21922458708286285
0.21162985265254974
0.2106093168258667
0.2158413529396057
0.2240186482667923
0.21603022515773773
0.20305217802524567
0.20594336092472076
0.2218398153781891
0.21951960027217865
0.2000100463628769
0.2152755856513977
0.19823621213436127
0.21171417832374573
0.21595871448516846
0.20970365405082703
0.1969188004732132
0.21914920210838318
0.19742076098918915
0.2175048440694809
0.22022050619125366
0.22288964688777924
0.22243250906467438
0.22254705429077148
0.21951167285442352
0.21932081878185272
0.2098127156496048
0.22683823108673096
0.20836523175239563
0.2174137681722641
0.21478356420993805
0.20397257804870605
0.21637585759162903
0.21264217793941498
0.2098737508058548
0.2285199910402298
0.22196604311466217
0.2162695676088333
0.20879067480564117
0.20977680385112762
0.19843843579292297
0.21547195315361023
0.2044132798910141
0.21558213233947754
0.19655075669288635
0.23817163705825806
0.21314623951911926
0.20839448273181915
0.2017364501953125
0.22089870274066925
0.214948832988739
0.20945321023464203
0.21255740523338318
0.19853316247463226
0.22334468364715576
0.2327711433172226
0.2022387832403183
0.18914243578910828
0.210312619805336
0.21625088155269623
0.20977598428726196
0.20788054168224335
0.23721104860305786
0.20267443358898163
0.20852996408939362
0.21145187318325043
0.22295700013637543
0.20859834551811218
0.2076527178287506
0.1939648687839508
0.21520616114139557
0.21372883021831512
0.18794561922550201
0.20478485524654388
0.21294426918029785
0.20918682217597961
0.21213991940021515
0.1921597123146057
0.20756635069847107
0.2090691328048706
0.2101936638355255
0.21874010562896729
0.2145383059978485
0.20760969817638397
0.20786342024803162
0.19491827487945557
0.20667535066604614
0.1988925337791443
0.1966886967420578
0.22230881452560425
0.20985954999923706
0.21862493455410004
0.21113574504852295
0.2000609040260315
0.20538169145584106
0.21599191427230835
0.21121883392333984
0.21268965303897858
0.21001002192497253
0.21296025812625885
0.20562639832496643
0.20622767508029938
0.21317479014396667
0.20501010119915009
0.20531116425991058
0.2144215703010559
0.2102271169424057
0.19656915962696075
0.20375032722949982
0.21373049914836884
0.2300466150045395
0.20378391444683075
0.20867329835891724
0.20618405938148499
0.19379258155822754
0.19902649521827698
0.22846226394176483
0.20004498958587646
0.20911140739917755
0.2029864639043808
0.21335285902023315
0.20677460730075836
0.2002270221710205
0.2015499472618103
0.21568633615970612
0.21960337460041046
0.2060566544532776
0.23000375926494598
0.19603164494037628
0.21706801652908325
0.20108015835285187
0.210331991314888
0.21054168045520782
0.209790900349617
0.20210474729537964
0.1885880082845688
0.20529645681381226
0.21450741589069366
0.2082964926958084
0.21043838560581207
0.21022288501262665
0.212305948138237
0.2068280130624771
0.21795862913131714
0.21031878888607025
0.21636292338371277
0.19839292764663696
0.20972751080989838
0.21628199517726898
0.2111893594264984
0.20834212005138397
0.20082007348537445
0.2068721503019333
0.202323317527771
0.20699186623096466
0.21425355970859528
0.19779224693775177
0.21817100048065186
0.20041683316230774
0.21529999375343323
0.21128146350383759
0.2068553864955902
0.20072340965270996
0.21164287626743317
0.2343655377626419
0.214120551943779
0.2286863476037979
0.20543651282787323
0.21438781917095184
0.2050870805978775
0.19593878090381622
0.21426256000995636
0.2094060182571411
0.21470922231674194
