0.7559817433357239
0.7196936011314392
0.6912304759025574
0.6660718321800232
0.6456234455108643
0.6245321035385132
0.606696367263794
0.5906883478164673
0.5773325562477112
0.5643258094787598
0.5521875619888306
0.5415027737617493
0.5305003523826599
0.5215909481048584
0.5132856369018555
0.504680871963501
0.4961189925670624
0.4882185459136963
0.48041024804115295
0.47355595231056213
0.4667876660823822
0.46057000756263733
0.4542490243911743
0.4476848840713501
0.44168519973754883
0.4362737238407135
0.4325038492679596
0.4289298355579376
0.4252568781375885
0.4205050468444824
0.41590890288352966
0.41210561990737915
0.40856415033340454
0.4049097001552582
0.4014069736003876
0.39867454767227173
0.39554086327552795
0.39267805218696594
0.3900340497493744
0.38804495334625244
0.38598787784576416
0.38361331820487976
0.3806499242782593
0.3778729736804962
0.3753279149532318
0.3730383813381195
0.3704393208026886
0.36836814880371094
0.36635807156562805
0.3641296625137329
0.3627573549747467
0.3610171377658844
0.359500914812088
0.3582935929298401
0.3567834794521332
0.3552589416503906
0.354218065738678
0.3528376817703247
0.35155487060546875
0.3503693640232086
0.349982351064682
0.3493415415287018
0.34845200181007385
0.3470499515533447
0.34621432423591614
0.3452877998352051
0.3444204032421112
0.34321773052215576
0.34241846203804016
0.34156277775764465
0.340912401676178
0.34016501903533936
0.339728981256485
0.33874744176864624
0.3379818797111511
0.33720529079437256
0.33673617243766785
0.33585384488105774
0.3349637985229492
0.33425313234329224
0.33356335759162903
0.33297374844551086
0.3323171138763428
0.3318246006965637
0.3314172029495239
0.33090585470199585
0.33011960983276367
0.3293084502220154
0.3291173279285431
0.328823983669281
0.3282043933868408
0.32747408747673035
0.32675573229789734
0.3261309564113617
0.3253931701183319
0.325284481048584
0.3251512348651886
0.32443639636039734
0.3240053653717041
0.3234947919845581
0.32363951206207275
0.3227764368057251
0.32230591773986816
0.3218461871147156
0.3212275803089142
0.3207537531852722
0.3203386664390564
0.3198809027671814
0.31939879059791565
0.3190736770629883
0.31865355372428894
0.31814509630203247
0.3176071345806122
0.3170548677444458
0.31652238965034485
0.3165089786052704
0.31605687737464905
0.3155989646911621
0.3148987293243408
0.3145824372768402
0.3141314685344696
0.3137299120426178
0.3132452070713043
0.3128674328327179
0.3132050037384033
0.31231045722961426
0.3118821084499359
0.31154727935791016
0.31111401319503784
0.31077295541763306
0.31051817536354065
0.3099174201488495
0.30887386202812195
0.308747798204422
0.30845752358436584
0.30805012583732605
0.3077072203159332
0.30737173557281494
0.3070359528064728
0.3067363202571869
0.30646246671676636
0.3060672879219055
0.30564722418785095
0.307241827249527
0.30807626247406006
0.30791524052619934
0.3069729804992676
0.3061300218105316
0.305148184299469
0.30464616417884827
0.30452969670295715
0.30420735478401184
0.304188072681427
0.30348825454711914
0.3027736246585846
0.30160173773765564
0.30152463912963867
0.3014654219150543
0.30106112360954285
0.3010261654853821
0.3006853759288788
0.30050089955329895
0.3001473546028137
0.29971152544021606
0.2993626892566681
0.2989204525947571
0.29901328682899475
0.29871970415115356
0.2985139489173889
0.29816126823425293
0.2979285717010498
0.29757803678512573
0.2973470389842987
0.29697710275650024
0.29644665122032166
0.29614874720573425
0.2962638735771179
0.296145498752594
0.2958144247531891
0.2955578863620758
0.295377254486084
0.29524537920951843
0.29497313499450684
0.29458802938461304
0.29403623938560486
0.2937571108341217
0.2934519350528717
0.29330870509147644
0.2931864559650421
0.2929275333881378
0.2925862967967987
0.2923542261123657
0.292277067899704
0.29199495911598206
0.291823148727417
0.2914186120033264
0.29128918051719666
0.29243117570877075
0.2921408414840698
0.2915802597999573
0.29139646887779236
0.29172632098197937
0.2912524342536926
0.29040127992630005
0.28974443674087524
0.2895379066467285
0.2890665829181671
0.28892576694488525
0.2886260449886322
0.28852608799934387
0.2881093919277191
0.28794965147972107
0.28766506910324097
0.2873762845993042
0.2888954281806946
0.28874433040618896
0.2881353795528412
0.2875708043575287
0.28687402606010437
0.2864548861980438
0.2860579788684845
0.2858140468597412
0.28567007184028625
0.2857799828052521
0.28550082445144653
0.2850387692451477
0.2849290668964386
0.28468525409698486
0.2841768264770508
0.28387022018432617
0.28354209661483765
0.2834082841873169
0.28327760100364685
0.2830648124217987
0.2827250063419342
0.2829049229621887
0.28255796432495117
0.28213033080101013
0.28152742981910706
0.2815691828727722
0.2814880311489105
0.28106316924095154
0.2813401520252228
0.28214308619499207
0.2822904586791992
0.28153127431869507
0.2806653082370758
0.280906617641449
0.2802695035934448
0.28000977635383606
0.2802143096923828
0.280112624168396
0.27933621406555176
0.2788184881210327
0.27838751673698425
0.2782992124557495
0.2780192494392395
0.27789855003356934
0.2776482105255127
0.27746260166168213
0.2779831886291504
0.2773067057132721
0.2767806351184845
0.2764664590358734
0.2764666974544525
0.2761169970035553
0.2757917046546936
0.2755078971385956
0.2753431499004364
0.27509406208992004
0.27500855922698975
0.2747468054294586
0.2745148539543152
0.2742590606212616
0.2741886377334595
0.2739574611186981
0.2739510238170624
0.2736230492591858
0.27333369851112366
0.2731589078903198
0.27310633659362793
0.27252742648124695
0.2725661098957062
0.27309396862983704
0.2729427218437195
0.27303698658943176
0.27299222350120544
0.2725745439529419
0.27216869592666626
0.2718295454978943
0.2712981700897217
0.27083855867385864
0.27059903740882874
0.27050042152404785
0.2706260681152344
0.2704086899757385
0.2701959013938904
0.26979196071624756
0.2693292796611786
0.26892751455307007
0.26878324151039124
0.26865920424461365
0.26839151978492737
0.2681923508644104
0.26786527037620544
0.26785168051719666
0.26780495047569275
0.26780179142951965
0.26837974786758423
0.268115758895874
0.2677108645439148
0.26723799109458923
0.266946405172348
0.2665213644504547
0.2663760185241699
0.26604047417640686
0.2657381594181061
0.2655847668647766
0.26508083939552307
0.26536718010902405
0.26514917612075806
0.264742910861969
0.2646137475967407
0.2640783488750458
0.2639760375022888
0.2637551426887512
0.26370254158973694
0.2634046673774719
0.2632052004337311
0.2629140019416809
0.2626975476741791
0.26253044605255127
0.2623319923877716
0.2626578211784363
0.2625385522842407
0.2622436285018921
0.2618986964225769
0.2616611421108246
0.2614091634750366
0.261100172996521
0.2608335316181183
0.2607899308204651
0.26128411293029785
0.261093407869339
0.26100486516952515
0.2607773542404175
0.26052188873291016
0.26024845242500305
0.26005929708480835
0.25994929671287537
0.2597217261791229
0.25968214869499207
0.25958022475242615
0.259544312953949
0.25949177145957947
0.25927770137786865
0.25928929448127747
0.2591431140899658
0.25906190276145935
0.2592599391937256
0.2591909170150757
0.2594953775405884
0.2593200206756592
0.2592262029647827
0.2591021955013275
0.2588472068309784
0.25854116678237915
0.2582561671733856
0.2581232488155365
0.2581366300582886
0.2580464482307434
0.2577975392341614
0.25769272446632385
0.257721483707428
0.25765618681907654
0.2576941251754761
0.25771668553352356
0.2577366828918457
0.25756555795669556
0.25748729705810547
0.25737133622169495
0.25726568698883057
0.2572522461414337
0.25708988308906555
0.2570096552371979
0.2569950222969055
0.2569565773010254
0.2568347752094269
0.2566898465156555
0.2566028833389282
0.2565076947212219
0.25633034110069275
0.25628340244293213
0.2561790645122528
0.25606420636177063
0.25672271847724915
0.2561183273792267
0.2564985752105713
0.25612735748291016
0.2560790479183197
0.2560775578022003
0.2559318542480469
0.2557142674922943
0.2555035650730133
0.2556067407131195
0.25523632764816284
0.25529494881629944
0.25518998503685
0.2550133168697357
0.2549710273742676
0.2549446225166321
0.25493183732032776
0.254668653011322
0.255068302154541
0.2547544538974762
0.2545764148235321
0.25441914796829224
0.25445228815078735
0.25433725118637085
0.254275918006897
0.25414881110191345
0.2540135979652405
0.2538911700248718
0.2538570165634155
0.25376638770103455
0.25369009375572205
0.25360018014907837
0.2534845471382141
0.2534262239933014
0.2533216178417206
0.2533063590526581
0.25317588448524475
0.2531120181083679
0.2530715763568878
0.2529914379119873
0.2529582679271698
0.25294604897499084
0.2527949810028076
0.2527628242969513
0.25268253684043884
0.252567857503891
0.2525253891944885
0.25247669219970703
0.252481073141098
0.25242361426353455
0.25240424275398254
0.252415269613266
0.2523513436317444
0.25232240557670593
0.25228649377822876
0.25223326683044434
0.2521970868110657
0.2521759569644928
0.2521723210811615
0.2521286606788635
0.2521018981933594
0.25210580229759216
0.25211405754089355
0.251893013715744
0.2518700063228607
0.25182002782821655
0.2517807185649872
0.2517431080341339
0.2516820430755615
0.25162532925605774
0.2517837584018707
0.25168371200561523
0.2516753673553467
0.25164300203323364
0.25160467624664307
0.25154241919517517
0.25150763988494873
0.25148627161979675
0.2513725161552429
0.25121548771858215
0.25134482979774475
0.25128841400146484
0.2512204647064209
0.2511402368545532
0.25116559863090515
0.25097495317459106
0.250988632440567
0.2508576512336731
0.2509113550186157
0.2508552670478821
0.25087976455688477
0.25082719326019287
0.2509455978870392
0.2508903443813324
0.25084659457206726
0.25079604983329773
0.25076085329055786
0.2507079541683197
0.2506459653377533
0.25058630108833313
0.25051817297935486
0.2504774034023285
0.25045010447502136
0.2504216134548187
0.25040769577026367
0.25039634108543396
0.2504032254219055
0.2504793405532837
0.2501625716686249
0.25013428926467896
0.2501116096973419
0.2500688433647156
0.25001198053359985
0.24997064471244812
0.2499324530363083
0.24991564452648163
0.2500181496143341
0.2498648762702942
0.24981680512428284
0.24987688660621643
0.24985744059085846
0.24980175495147705
0.2497442066669464
0.2496471256017685
0.24972841143608093
0.24951937794685364
0.24955357611179352
0.24949239194393158
0.24948954582214355
0.2494366317987442
0.249513640999794
0.24946027994155884
0.24941205978393555
0.24934838712215424
0.2494181990623474
0.24927133321762085
0.2492544800043106
0.24946022033691406
0.24935805797576904
0.24930648505687714
0.24932533502578735
0.24927477538585663
0.2490944266319275
0.24917247891426086
0.2491360902786255
0.24909314513206482
0.24902448058128357
0.2490043044090271
0.24893371760845184
0.2489192932844162
0.24890930950641632
0.2489107847213745
0.24889977276325226
0.2489493042230606
0.2489425539970398
0.24889513850212097
0.24887025356292725
0.2488446980714798
0.24883438646793365
0.248771071434021
0.24880941212177277
0.24878345429897308
0.2487829029560089
0.2487546056509018
0.2487507462501526
0.24874429404735565
0.24870911240577698
0.24868778884410858
0.2486623376607895
0.2486545443534851
0.24860045313835144
0.2486196905374527
0.24858248233795166
0.24855120480060577
0.24851930141448975
0.24849967658519745
0.24848973751068115
0.24847333133220673
0.24843613803386688
0.24841544032096863
0.24837426841259003
0.24832245707511902
0.24833448231220245
0.24832908809185028
0.2482999563217163
0.24828219413757324
0.2482537478208542
0.24820858240127563
0.24829532206058502
0.24823839962482452
0.24822606146335602
0.24820177257061005
0.24816974997520447
0.2481359839439392
0.24813470244407654
0.24812544882297516
0.24811944365501404
0.2481003701686859
0.24806424975395203
0.2480640411376953
0.24806104600429535
0.2480064481496811
0.2479751855134964
0.2480064183473587
0.24796316027641296
0.24795828759670258
0.2479909211397171
0.24797652661800385
0.24795427918434143
0.24795271456241608
0.24791938066482544
0.24788427352905273
0.24784456193447113
0.2478504329919815
0.2478438764810562
0.24783629179000854
0.24782909452915192
0.2478349208831787
0.2477971762418747
0.24777401983737946
0.24776919186115265
0.24774645268917084
0.24772517383098602
0.24773842096328735
0.2476903349161148
0.247686967253685
0.24765801429748535
0.24765965342521667
0.24764037132263184
0.24762481451034546
0.2475997656583786
0.24761027097702026
0.24761132895946503
0.2475738227367401
0.24756555259227753
0.24755047261714935
0.2475498765707016
0.24754178524017334
0.24751748144626617
0.24749451875686646
0.24752607941627502
0.24746495485305786
0.247550368309021
0.24751845002174377
0.24750685691833496
0.24749653041362762
0.2474805861711502
0.24743719398975372
0.24742953479290009
0.24741722643375397
0.24739764630794525
0.2473854273557663
0.24736912548542023
0.24735195934772491
0.24733343720436096
0.24731497466564178
0.24730725586414337
0.247300386428833
0.2472914457321167
0.2472781091928482
0.24727711081504822
0.24726803600788116
0.24724771082401276
0.24724411964416504
0.24724958837032318
0.24723373353481293
0.2471999228000641
0.24722561240196228
0.24722492694854736
0.24720074236392975
0.24720105528831482
0.24719397723674774
0.2471861094236374
0.2471795231103897
0.24716749787330627
0.24715390801429749
0.24714253842830658
0.24714592099189758
0.24713250994682312
0.24712949991226196
0.24711336195468903
0.2471153289079666
0.2471112608909607
0.24709942936897278
0.24709707498550415
0.24708400666713715
0.2470899373292923
0.24702002108097076
0.24700620770454407
0.24699458479881287
0.24698078632354736
0.24697208404541016
0.2469642609357834
0.24695627391338348
0.24694880843162537
0.24694305658340454
0.24693864583969116
0.24693453311920166
0.24692033231258392
0.2469104826450348
0.2469051480293274
0.24689431488513947
0.246871218085289
0.2469010204076767
0.24689248204231262
0.2468978762626648
0.24688951671123505
0.2468743920326233
0.24691268801689148
0.24687239527702332
0.24682490527629852
0.2468274086713791
0.24681609869003296
0.24682724475860596
0.24682073295116425
0.24681124091148376
0.24680984020233154
0.2467936873435974
0.24678806960582733
0.2467900663614273
0.2467605024576187
0.24674955010414124
0.24673913419246674
0.246730774641037
0.24671348929405212
0.24671843647956848
0.24669432640075684
0.24669532477855682
0.2466810643672943
0.24668064713478088
0.24667362868785858
0.24666728079319
0.24665717780590057
0.24665138125419617
0.24663712084293365
0.24663394689559937
0.2466241419315338
0.24661409854888916
0.24657835066318512
0.2465771585702896
0.2465723156929016
0.24656693637371063
0.24659109115600586
0.24656949937343597
0.24655859172344208
0.24654200673103333
0.24653777480125427
0.2465326488018036
