1.0636509656906128
0.8411768078804016
0.7305287718772888
0.7039943933486938
0.7099018692970276
0.6647751331329346
0.6807888150215149
0.6633472442626953
0.6413096189498901
0.6259370446205139
0.611973226070404
0.6092445850372314
0.5855286717414856
0.5827143788337708
0.5586230158805847
0.5578621625900269
0.5698708295822144
0.5649185180664062
0.5115804672241211
0.5225908160209656
0.5402732491493225
0.5245043039321899
0.522179126739502
0.524345874786377
0.5113091468811035
0.5035093426704407
0.4709486961364746
0.5154228806495667
0.4837460517883301
0.48429015278816223
0.47449129819869995
0.44425541162490845
0.48015791177749634
0.448164701461792
0.463313490152359
0.45791497826576233
0.45440003275871277
0.47545114159584045
0.4646208584308624
0.4720209836959839
0.4475209414958954
0.456901490688324
0.4573167562484741
0.43747565150260925
0.4314001798629761
0.4453623294830322
0.44683995842933655
0.4611698389053345
0.4436028003692627
0.41638901829719543
0.41360801458358765
0.4114949405193329
0.43025311827659607
0.42089587450027466
0.4019771218299866
0.4426313638687134
0.41693514585494995
0.41264045238494873
0.41161200404167175
0.41259703040122986
0.42428484559059143
0.4055618345737457
0.41934889554977417
0.41491347551345825
0.41329196095466614
0.43945273756980896
0.4074472188949585
0.3887068033218384
0.4112851619720459
0.38508859276771545
0.38807016611099243
0.3960798680782318
0.3780270516872406
0.3732892572879791
0.36889272928237915
0.4176400899887085
0.39217710494995117
0.4045369327068329
0.41243189573287964
0.38894444704055786
0.3587769865989685
0.39859211444854736
0.3613927364349365
0.40330034494400024
0.36762452125549316
0.38541242480278015
0.3836356997489929
0.40199416875839233
0.37389349937438965
0.38073498010635376
0.360853374004364
0.3663756847381592
0.3647548258304596
0.3746201694011688
0.35494375228881836
0.3607904016971588
0.36101141571998596
0.37202391028404236
0.381784051656723
0.3687407672405243
0.3625718653202057
0.34809496998786926
0.3392152488231659
0.36186447739601135
0.3989042341709137
0.3557787835597992
0.3544996380805969
0.3641076683998108
0.3568536341190338
0.36240893602371216
0.3618417978286743
0.3384946882724762
0.32832953333854675
0.35641705989837646
0.3728576898574829
0.3351612687110901
0.3541966676712036
0.33740219473838806
0.34679335355758667
0.3471464514732361
0.3536056876182556
0.34184011816978455
0.34475839138031006
0.3440011441707611
0.33228832483291626
0.3447140157222748
0.3642245829105377
0.3378608524799347
0.3691804111003876
0.3527434766292572
0.34379908442497253
0.3469929099082947
0.3456812798976898
0.32502034306526184
0.3507107198238373
0.3232627213001251
0.3569760322570801
0.3355291187763214
0.34265387058258057
0.320499449968338
0.3434045910835266
0.3318917453289032
0.3435603380203247
0.3381393849849701
0.328300803899765
0.3225034177303314
0.33745473623275757
0.3427444398403168
0.340790331363678
0.3185287117958069
0.32342788577079773
0.31247374415397644
0.3019730746746063
0.3238888084888458
0.3349134624004364
0.33019518852233887
0.3072594404220581
0.31470930576324463
0.30170267820358276
0.3225100338459015
0.319582998752594
0.3130496144294739
0.3073231279850006
0.3342931270599365
0.33238545060157776
0.3081103265285492
0.2824154794216156
0.3112621307373047
0.3114682137966156
0.33606716990470886
0.3100084066390991
0.30173248052597046
0.33357658982276917
0.2896929383277893
0.3029741644859314
0.31525278091430664
0.30561700463294983
0.3153325915336609
0.3183247745037079
0.3126736879348755
0.3109167218208313
0.296272337436676
0.3079206645488739
0.28484588861465454
0.3029210865497589
0.2844812273979187
0.2981675863265991
0.3140062391757965
0.31095537543296814
0.30581212043762207
0.2727222740650177
0.28578534722328186
0.3146766722202301
0.29048603773117065
0.29779329895973206
0.3169965445995331
0.29556185007095337
0.31057971715927124
0.27368879318237305
0.3033200204372406
0.3208068311214447
0.26622870564460754
0.29633063077926636
0.2665311098098755
0.3004112243652344
0.3007175624370575
0.28479769825935364
0.300853431224823
0.2890772521495819
0.2886818051338196
0.29726412892341614
0.2730690538883209
0.2701740860939026
0.2930382490158081
0.26627859473228455
0.29966601729393005
0.3001028597354889
0.27222880721092224
0.2855529189109802
0.27731436491012573
0.3045465648174286
0.2714928090572357
0.28273099660873413
0.29642078280448914
0.2982729971408844
0.27278223633766174
0.26908543705940247
0.2825123071670532
0.2964542806148529
0.2974326014518738
0.28826284408569336
0.2710034251213074
0.2819550931453705
0.2781885862350464
0.2820395231246948
0.271247923374176
0.2744753956794739
0.259469211101532
0.2720935046672821
0.27076971530914307
0.2620595395565033
0.2542242705821991
0.2696375250816345
0.27409628033638
0.28328239917755127
0.2816258370876312
0.2624896466732025
0.28640657663345337
0.2615372836589813
0.2584863007068634
0.2762224078178406
0.26433369517326355
0.2772161364555359
0.2656346559524536
0.2864255905151367
0.29491329193115234
0.2755095958709717
0.2987459897994995
0.25777384638786316
0.2830210030078888
0.28470534086227417
0.2719176709651947
0.28406813740730286
0.27432650327682495
0.2599993646144867
0.2773899435997009
0.25380778312683105
0.2637750804424286
0.2737979590892792
0.2681944668292999
0.2526751160621643
0.2723000645637512
0.2665235996246338
0.2919888198375702
0.276078462600708
0.2562408745288849
0.27399301528930664
0.2751140892505646
0.27302369475364685
0.2778259813785553
0.26677238941192627
0.25574156641960144
0.27759382128715515
0.2585817277431488
0.27396759390830994
0.27639874815940857
0.2690640091896057
0.2542117238044739
0.27436187863349915
0.2739003300666809
0.24177251756191254
0.2921938896179199
0.27688878774642944
0.27374908328056335
0.2629154622554779
0.2597329318523407
0.24734169244766235
0.27719590067863464
0.2598739564418793
0.26490718126296997
0.2675471305847168
0.2582717835903168
0.27130722999572754
0.28262513875961304
0.26854100823402405
0.2557303011417389
0.26995307207107544
0.26209235191345215
0.26583412289619446
0.26057788729667664
0.24492506682872772
0.25428250432014465
0.25434377789497375
0.2704981565475464
0.2598085403442383
0.2869473695755005
0.24755315482616425
0.28502413630485535
0.25820156931877136
0.2472900003194809
0.2809891700744629
0.2736969590187073
0.2474459409713745
0.26511481404304504
0.24251960217952728
0.2638342082500458
0.2680523693561554
0.24015872180461884
0.2582339346408844
0.25889942049980164
0.26241543889045715
0.27278462052345276
0.25130990147590637
0.2596835196018219
0.25001636147499084
0.26885324716567993
0.25163534283638
0.2577134668827057
0.2590046226978302
0.26082637906074524
0.25685274600982666
0.2565152049064636
0.2562190592288971
0.26019492745399475
0.28109410405158997
0.2558577358722687
0.27464884519577026
0.25480303168296814
0.25366705656051636
0.23358722031116486
0.2665753960609436
0.24870836734771729
0.24573975801467896
0.2547655403614044
0.25322669744491577
0.23008835315704346
0.24051842093467712
0.2536605894565582
0.2440022975206375
0.26580801606178284
0.2509995698928833
0.24842573702335358
0.2512037456035614
0.2699936330318451
0.2429555058479309
0.2516118586063385
0.2432352900505066
0.25702545046806335
0.2743256092071533
0.2502770721912384
0.24815967679023743
0.23968477547168732
0.2621987760066986
0.2334175407886505
0.23939841985702515
0.25310376286506653
0.2554122507572174
0.24520322680473328
0.23978744447231293
0.25003570318222046
0.24421237409114838
0.24229402840137482
0.24892473220825195
0.23170362412929535
0.23374886810779572
0.2519625425338745
0.2602427005767822
0.23752634227275848
0.24217335879802704
0.2575215995311737
0.24755847454071045
0.2511288523674011
0.25667327642440796
0.22436630725860596
0.26089346408843994
0.23987695574760437
0.2579784095287323
0.2787219285964966
0.2526598870754242
0.24382850527763367
0.252013623714447
0.24117310345172882
0.25518345832824707
0.24270294606685638
0.24284310638904572
0.2441461831331253
0.2354426383972168
0.24971678853034973
0.23152711987495422
0.22804105281829834
0.25087955594062805
0.22548720240592957
0.22626446187496185
0.24199804663658142
0.2341369241476059
0.25795984268188477
0.2564316689968109
0.23229709267616272
0.2342822551727295
0.23452404141426086
0.23785381019115448
0.23218779265880585
0.21858669817447662
0.23796360194683075
0.2285454273223877
0.2261846363544464
0.2528309226036072
0.23763036727905273
0.25697919726371765
0.24162882566452026
0.21401798725128174
0.2584342956542969
0.2059471607208252
0.2388215810060501
0.24007722735404968
0.26534804701805115
0.24168303608894348
0.2552379071712494
0.24155552685260773
0.23887206614017487
0.22727219760417938
0.24535593390464783
0.22904545068740845
0.2601645588874817
0.2272353321313858
0.23558196425437927
0.2360701709985733
0.2377515584230423
0.22815963625907898
0.25541916489601135
0.24723193049430847
0.2348935604095459
0.23057495057582855
0.24574987590312958
0.23797909915447235
0.21978998184204102
0.20663908123970032
0.24429336190223694
0.2497585415840149
0.2419746369123459
0.23231279850006104
0.22766633331775665
0.24373769760131836
0.2484551966190338
0.24520733952522278
0.23909440636634827
0.22882035374641418
0.24693606793880463
0.23327720165252686
0.2097143679857254
0.23552243411540985
0.238533616065979
0.2559494078159332
0.24701617658138275
0.23358874022960663
0.22435832023620605
0.23193597793579102
0.24145804345607758
0.22130104899406433
0.23997700214385986
0.2263786345720291
0.23102565109729767
0.23397694528102875
0.2525586485862732
0.2463846206665039
0.21067355573177338
0.25190818309783936
0.2173452377319336
0.21744321286678314
0.22307854890823364
0.22492533922195435
0.22278909385204315
0.23443959653377533
0.23380370438098907
0.21641796827316284
0.2199564129114151
0.23139147460460663
0.22400636970996857
0.22768962383270264
0.2194422334432602
0.2166319489479065
0.22864289581775665
0.2307690978050232
0.22493471205234528
0.2237103134393692
0.23840080201625824
0.24364392459392548
0.2196885347366333
0.21114729344844818
0.23272745311260223
0.24522051215171814
0.23837779462337494
0.24019739031791687
0.23470042645931244
0.22547192871570587
0.2190401554107666
0.23790709674358368
0.22861851751804352
0.22304458916187286
0.24555301666259766
0.20644856989383698
0.2182886302471161
0.21125413477420807
0.22112135589122772
0.2451162189245224
0.22342263162136078
0.2280837446451187
0.23271609842777252
0.22854633629322052
0.22499799728393555
0.21785616874694824
0.23940500617027283
0.2611801326274872
0.23080796003341675
0.24129782617092133
0.24170485138893127
0.23537594079971313
0.22105810046195984
0.2411728799343109
0.2331518977880478
0.2438686490058899
0.22791697084903717
0.23185434937477112
0.22732073068618774
0.2427215576171875
0.21049384772777557
0.22141173481941223
0.24644874036312103
0.24671222269535065
0.22197198867797852
0.21875791251659393
0.230520561337471
0.2599346339702606
0.2371540516614914
0.24240095913410187
0.22568804025650024
0.23170344531536102
0.22572647035121918
0.23168893158435822
0.23872379958629608
0.2237916737794876
0.21799281239509583
0.23096321523189545
0.22731637954711914
0.21735729277133942
0.23823121190071106
0.22358794510364532
0.2410387247800827
0.22456203401088715
0.2453671544790268
0.2297610193490982
0.24155358970165253
0.21552416682243347
0.24134893715381622
0.24781560897827148
0.2450682669878006
0.2379942387342453
0.20754745602607727
0.22941641509532928
0.2294861078262329
0.22603020071983337
0.23021255433559418
0.2158605307340622
0.22808001935482025
0.20707032084465027
0.23430119454860687
0.21358409523963928
0.21216174960136414
0.2431011199951172
0.2242269068956375
0.22475233674049377
0.22884951531887054
0.23608437180519104
0.2252742052078247
0.2124880701303482
0.22382794320583344
0.20781992375850677
0.2352995127439499
0.2396230250597
0.2517682611942291
0.22895480692386627
0.22498537600040436
0.21287289261817932
0.21564695239067078
0.2503396272659302
0.24295204877853394
0.2272660881280899
0.21759843826293945
0.23959283530712128
0.20805850625038147
0.22980794310569763
0.22647501528263092
0.23169676959514618
0.2360261082649231
