0.8162282705307007
0.6092957258224487
0.5421684980392456
0.4796792268753052
0.45120152831077576
0.4264659583568573
0.43172186613082886
0.41072753071784973
0.40518420934677124
0.3936580419540405
0.3928557336330414
0.3735760748386383
0.36504510045051575
0.3701566159725189
0.36069202423095703
0.3725067675113678
0.37900349497795105
0.34154781699180603
0.3549029529094696
0.3421878516674042
0.3392930328845978
0.3348059356212616
0.3357401192188263
0.3420405685901642
0.3326849043369293
0.3401232063770294
0.3252589702606201
0.32277846336364746
0.310712069272995
0.3229726552963257
0.3340435326099396
0.302728533744812
0.3044374883174896
0.3012527525424957
0.3072587251663208
0.3141697347164154
0.3122694492340088
0.30699095129966736
0.30440956354141235
0.29528501629829407
0.2786466181278229
0.288269966840744
0.27813592553138733
0.28894346952438354
0.2844163775444031
0.3044346570968628
0.2846812605857849
0.28545716404914856
0.2991379499435425
0.27153894305229187
0.2740974426269531
0.2718699872493744
0.27195048332214355
0.2472144365310669
0.2672099173069
0.29555147886276245
0.2517118453979492
0.2665478587150574
0.264011025428772
0.24537663161754608
0.2719793915748596
0.24548567831516266
0.23954832553863525
0.2623688876628876
0.25471076369285583
0.2641768753528595
0.25847846269607544
0.2570517361164093
0.2526581287384033
0.24019943177700043
0.24133963882923126
0.24018032848834991
0.24315516650676727
0.23355211317539215
0.2374717742204666
0.23424844443798065
0.22611013054847717
0.21827182173728943
0.2366795688867569
0.23256556689739227
0.2330859899520874
0.23154664039611816
0.22603733837604523
0.2416362315416336
0.22567225992679596
0.22869397699832916
0.2283451408147812
0.21539099514484406
0.22422842681407928
0.20831447839736938
0.20847481489181519
0.22549723088741302
0.21815605461597443
0.19209767878055573
0.2057868242263794
0.1997901052236557
0.20031507313251495
0.20914779603481293
0.2046242356300354
0.18444985151290894
0.19963081181049347
0.2060488611459732
0.1946571320295334
0.20397454500198364
0.2068956047296524
0.2050345093011856
0.2010430544614792
0.19782015681266785
0.19281765818595886
0.19128379225730896
0.19358907639980316
0.18514002859592438
0.1869945377111435
0.19194403290748596
0.1830694079399109
0.1716737151145935
0.18070389330387115
0.18827272951602936
0.18165099620819092
0.19687922298908234
0.1819271445274353
0.19510683417320251
0.16904239356517792
0.16558782756328583
0.16027018427848816
0.17223338782787323
0.17664502561092377
0.17995594441890717
0.17879703640937805
0.1739189177751541
0.17265862226486206
0.16696041822433472
0.1764979213476181
0.16807828843593597
0.15868040919303894
0.15242789685726166
0.15706294775009155
0.16177166998386383
0.15908288955688477
0.17470683157444
0.1717299073934555
0.14811941981315613
0.15177087485790253
0.1562822163105011
0.15718507766723633
0.1639583855867386
0.15014521777629852
0.14223046600818634
0.1508936733007431
0.1480075567960739
0.1502777487039566
0.12956485152244568
0.15479178726673126
0.1471581757068634
0.14041154086589813
0.13768278062343597
0.14604003727436066
0.14332759380340576
0.130457803606987
0.15336373448371887
0.14080910384655
0.15139609575271606
0.13547587394714355
0.12986193597316742
0.129716694355011
0.1336885392665863
0.13823990523815155
0.13282638788223267
0.14125940203666687
0.13225650787353516
0.12641091644763947
0.13464583456516266
0.13295340538024902
0.12620100378990173
0.13079988956451416
0.12532715499401093
0.13798707723617554
0.12811149656772614
0.12837956845760345
0.12595167756080627
0.14093196392059326
0.13199329376220703
0.13898107409477234
0.141108438372612
0.12840718030929565
0.12422578036785126
0.12713004648685455
0.1343640387058258
0.12846995890140533
0.13728035986423492
0.1319359540939331
0.1366995871067047
0.13086582720279694
0.11861525475978851
0.12447778880596161
0.12594537436962128
0.1218179240822792
0.1308373659849167
0.1133858785033226
0.11847711354494095
0.13269920647144318
0.11309598386287689
0.11128943413496017
0.1197349801659584
0.11225729435682297
0.12233506888151169
0.12093225866556168
0.11898346245288849
0.12624044716358185
0.11971025913953781
0.12518104910850525
0.11898784339427948
0.11931385844945908
0.12544456124305725
0.11401926726102829
0.11592238396406174
0.09300657361745834
0.12099874019622803
0.10773859173059464
0.12115016579627991
0.12260173261165619
0.1299767792224884
0.11899629980325699
0.11623214185237885
0.10978729277849197
0.12092454731464386
0.11496564745903015
0.1222255527973175
0.11087025701999664
0.11690081655979156
0.12151020765304565
0.11849518120288849
0.09460126608610153
0.1094646006822586
0.10654421895742416
0.10954120755195618
0.11846380680799484
0.10368014127016068
0.10376180708408356
0.11266918480396271
0.09965255111455917
0.11842763423919678
0.09330538660287857
0.12282804399728775
0.1076669916510582
0.10117052495479584
0.11301112920045853
0.10459937900304794
0.11042967438697815
0.09677163511514664
0.09899989515542984
0.11595089733600616
0.10668639838695526
0.11788149178028107
0.10011120140552521
0.11049450188875198
0.1035221740603447
0.09613118320703506
0.10316477715969086
0.10345792025327682
0.0909520611166954
0.1055106669664383
0.1012522354722023
0.1137743815779686
0.09574216604232788
0.10159777104854584
0.09385528415441513
0.11081288009881973
0.09627468883991241
0.11222869902849197
0.09755205363035202
0.10178405791521072
0.08174823969602585
0.10324232280254364
0.09653617441654205
0.1026865765452385
0.10575637221336365
0.10201617330312729
0.08339405059814453
0.10878849029541016
0.09387673437595367
0.10069626569747925
0.09753107279539108
0.09107134491205215
0.09196143597364426
0.09092401713132858
0.08968493342399597
0.09991718828678131
0.10895953327417374
0.09517969936132431
0.10124114155769348
0.11254061758518219
0.08659815788269043
0.10592696815729141
0.0910976454615593
0.11022333800792694
0.10462795943021774
0.09346096217632294
0.09985624998807907
0.09337583184242249
0.10553226619958878
0.10551086813211441
0.09882429987192154
0.09358629584312439
0.08488882333040237
0.09498638659715652
0.10545215755701065
0.08990596979856491
0.10652514547109604
0.09260851889848709
0.09295284748077393
0.09634211659431458
0.09244139492511749
0.091958187520504
0.10092148929834366
0.09906317293643951
0.08606832474470139
0.09407483041286469
0.09130658209323883
0.09352727234363556
0.08269599080085754
0.0946720540523529
0.1026877909898758
0.09476595371961594
0.08296496421098709
0.0970204547047615
0.08915507048368454
0.10395845025777817
0.10067923367023468
0.10230976343154907
0.09425945580005646
0.09629341959953308
0.08775492012500763
0.08409860730171204
0.07751239091157913
0.08452732861042023
0.08640515059232712
0.09843163192272186
0.09415938705205917
0.10161041468381882
0.0809968039393425
0.0960727334022522
0.07948869466781616
0.09630405902862549
0.08733714371919632
0.09594816714525223
0.08306239545345306
0.08934590220451355
0.08386140316724777
0.09620225429534912
0.09418276697397232
0.08449673652648926
0.09223192185163498
0.07772836089134216
0.07971933484077454
0.07886292040348053
0.08006832748651505
0.0886535793542862
0.09314220398664474
0.0886886715888977
0.0916345864534378
0.08917637169361115
0.09352758526802063
0.08244603872299194
0.07704046368598938
0.0849127545952797
0.10283810645341873
0.09561929106712341
0.08877786993980408
0.08367830514907837
0.08815774321556091
0.09453587979078293
0.09485077857971191
0.07852835208177567
0.09944075345993042
0.08469688147306442
0.09381866455078125
0.11259374022483826
0.08290978521108627
0.087242491543293
0.08813163638114929
0.08605802804231644
0.10172580927610397
0.07598233968019485
0.08765564858913422
0.09057057648897171
0.09276900440454483
0.08741841465234756
0.08222824335098267
0.08450201153755188
0.08549881726503372
0.0801900252699852
0.08868686109781265
0.08556109666824341
0.09271428734064102
0.08647274225950241
0.0815027505159378
0.07541628181934357
0.0770898088812828
0.08824476599693298
0.09402931481599808
0.08334489166736603
0.09573890268802643
0.07888307422399521
0.08913325518369675
0.078457772731781
0.08737829327583313
0.07019778341054916
0.09338439255952835
0.08627372235059738
0.08780265599489212
0.08614253252744675
0.09075096994638443
0.08600465208292007
0.08039075881242752
0.08758041262626648
0.0814988911151886
0.07683879137039185
0.0863490030169487
0.06748896837234497
0.09045502543449402
0.08565399795770645
0.0833578109741211
0.08631464093923569
0.08222164958715439
0.07551174610853195
0.06388639658689499
0.08032720535993576
0.08298203349113464
0.08012869954109192
0.08790625631809235
0.07631271332502365
0.09569232165813446
0.10096348822116852
0.08498885482549667
0.08503483980894089
0.09597665816545486
0.08217494934797287
0.08845700323581696
0.08763998746871948
0.07509326934814453
0.08190630376338959
0.08114714175462723
0.08583527058362961
0.08865717053413391
0.07055868208408356
0.09443394094705582
0.08925800770521164
0.08118164539337158
0.07744161039590836
0.08879587054252625
0.09848175197839737
0.07601700723171234
0.07878845185041428
0.07389416545629501
0.08470793068408966
0.08088947832584381
0.07785500586032867
0.07887882739305496
0.09329413622617722
0.0958443433046341
0.08060547709465027
0.09309099614620209
0.08572069555521011
0.08276882767677307
0.08388692140579224
0.06668560206890106
0.07548598200082779
0.082514688372612
0.07949275523424149
0.0735083520412445
0.08003856241703033
0.07698782533407211
0.08265349268913269
0.07430972158908844
0.07446648925542831
0.08409213274717331
0.08433971554040909
0.09619341790676117
0.09291291236877441
0.08100305497646332
0.08810243010520935
0.08260072767734528
0.0817367434501648
0.09396860003471375
0.0892232209444046
0.06971193104982376
0.06814608722925186
0.08598607033491135
0.08036883920431137
0.07441457360982895
0.08941081911325455
0.08177462220191956
0.07433322072029114
0.07723882794380188
0.08011716604232788
0.07513351738452911
0.08750468492507935
0.0861084908246994
0.07890399545431137
0.0830024927854538
0.08861802518367767
0.084062360227108
0.08068884164094925
0.0703258365392685
0.07951302081346512
0.08014737814664841
0.0835702195763588
0.0742761641740799
0.06065574288368225
0.0733049064874649
0.08704479038715363
0.08703942596912384
0.0875261127948761
0.0898204892873764
0.07691008597612381
0.08374544233083725
0.07592997699975967
0.07941703498363495
0.07763364911079407
0.06897134333848953
0.08158432692289352
0.08519653975963593
0.08790675550699234
0.08148498833179474
0.08044131845235825
0.07161138951778412
0.080111563205719
0.08176404237747192
0.07419951260089874
0.07710754871368408
0.09281517565250397
0.08467339724302292
0.06774873286485672
0.07135996222496033
0.08588099479675293
0.07164877653121948
0.07973691821098328
0.06869418174028397
0.08353041112422943
0.07722878456115723
0.09624892473220825
0.06874315440654755
0.08091054856777191
0.07805395126342773
0.08554130792617798
0.07517106086015701
0.08554396778345108
0.08632078021764755
0.07514762133359909
0.07539936900138855
0.0829886794090271
0.08145476132631302
0.08604438602924347
0.08255521208047867
0.08944598585367203
0.06638935208320618
0.07216651737689972
0.07315663248300552
0.08961675316095352
0.07094303518533707
0.09192318469285965
0.06623639911413193
0.07273219525814056
0.074999138712883
0.07022800296545029
0.07968701422214508
0.07969574630260468
0.0707123726606369
0.08679470419883728
0.06509537994861603
0.071114681661129
0.0905049741268158
0.09278309345245361
0.06939611583948135
0.07719312608242035
0.07345000654459
0.08489008992910385
0.07130622863769531
0.07120919972658157
0.09173635393381119
0.0836857333779335
0.08335546404123306
0.07905115932226181
0.08465474843978882
0.07134290039539337
0.08129919320344925
0.0655578076839447
0.07828673720359802
0.07113342732191086
0.07130806148052216
0.07223931699991226
0.07637428492307663
0.08809171617031097
0.08761657774448395
0.06632683426141739
0.07952720671892166
0.06726861745119095
0.07212492823600769
0.0773458480834961
0.08275747299194336
0.09093470126390457
0.07615846395492554
0.08090652525424957
