0.7520530819892883
0.6616337895393372
0.5805584788322449
0.5099235773086548
0.5009356141090393
0.4947606325149536
0.48018205165863037
0.4262872636318207
0.4010201692581177
0.38923028111457825
0.4134201109409332
0.396721214056015
0.40335115790367126
0.38357847929000854
0.38121309876441956
0.3574603199958801
0.389585942029953
0.3746192455291748
0.3538322448730469
0.3844524025917053
0.3441154360771179
0.36155596375465393
0.3762426972389221
0.3452360928058624
0.3338429927825928
0.3472288250923157
0.3432013690471649
0.3506429195404053
0.3178057372570038
0.33257028460502625
0.34897056221961975
0.30671426653862
0.32724955677986145
0.3379632532596588
0.30981680750846863
0.3410796523094177
0.3161766231060028
0.31346383690834045
0.3220420181751251
0.30448949337005615
0.3209497034549713
0.31521376967430115
0.30643290281295776
0.3158416152000427
0.2900000214576721
0.29972919821739197
0.29018157720565796
0.31692495942115784
0.2973264455795288
0.30437707901000977
0.28068864345550537
0.2848130762577057
0.29661038517951965
0.2953850328922272
0.2849481999874115
0.2745509147644043
0.2939854562282562
0.28548702597618103
0.2723015248775482
0.2676025331020355
0.2797927260398865
0.26750272512435913
0.25287190079689026
0.27581873536109924
0.27128085494041443
0.2810633182525635
0.26859238743782043
0.25148558616638184
0.250550776720047
0.2611134648323059
0.23093175888061523
0.24818408489227295
0.2596302330493927
0.2654430568218231
0.2597673237323761
0.2536545693874359
0.2551878094673157
0.2318376898765564
0.24257344007492065
0.26758238673210144
0.24547073245048523
0.24325038492679596
0.24266858398914337
0.235234335064888
0.23076333105564117
0.23764845728874207
0.22182731330394745
0.23395466804504395
0.22456908226013184
0.22372932732105255
0.23502252995967865
0.2222200483083725
0.21755445003509521
0.21112188696861267
0.2239462286233902
0.21159201860427856
0.20472130179405212
0.22829385101795197
0.21372570097446442
0.2048080712556839
0.23448911309242249
0.21533507108688354
0.2004604935646057
0.18089650571346283
0.22572726011276245
0.20713767409324646
0.20750807225704193
0.20684441924095154
0.22364205121994019
0.2021913379430771
0.1874946504831314
0.20662660896778107
0.19566865265369415
0.1951989233493805
0.1984834372997284
0.20705857872962952
0.17738649249076843
0.19281812012195587
0.18907320499420166
0.20904581248760223
0.20053339004516602
0.19659729301929474
0.19219428300857544
0.1996321827173233
0.16703352332115173
0.18993090093135834
0.21751563251018524
0.18497176468372345
0.18462970852851868
0.20222589373588562
0.18201187252998352
0.159262016415596
0.16668586432933807
0.17670407891273499
0.1968219131231308
0.17380894720554352
0.1737779825925827
0.17271848022937775
0.17342983186244965
0.17353741824626923
0.18636031448841095
0.17248596251010895
0.16926509141921997
0.1730256825685501
0.1611749678850174
0.16547484695911407
0.16617745161056519
0.18051977455615997
0.17493005096912384
0.14853940904140472
0.16972218453884125
0.17537391185760498
0.17061588168144226
0.16632330417633057
0.15666237473487854
0.1731281578540802
0.1560235470533371
0.15281647443771362
0.15987032651901245
0.15769563615322113
0.16732493042945862
0.17114394903182983
0.17471547424793243
0.185571551322937
0.1549796760082245
0.14952553808689117
0.14495761692523956
0.1492544561624527
0.16340729594230652
0.1426084339618683
0.16804292798042297
0.17345474660396576
0.1653776615858078
0.15226800739765167
0.14951041340827942
0.15623097121715546
0.1501147598028183
0.13890308141708374
0.1583777517080307
0.14932788908481598
0.1627950668334961
0.1672939509153366
0.13793917000293732
0.14420685172080994
0.14461064338684082
0.12771767377853394
0.12638071179389954
0.14201924204826355
0.13227267563343048
0.1635277271270752
0.1444329172372818
0.13124887645244598
0.17595890164375305
0.14847172796726227
0.13660836219787598
0.1399238109588623
0.13844257593154907
0.13810445368289948
0.1372564733028412
0.1348346620798111
0.1386198103427887
0.1314612179994583
0.14468957483768463
0.14492227137088776
0.1301773190498352
0.14366872608661652
0.12594172358512878
0.14504146575927734
0.14981621503829956
0.14364787936210632
0.13076384365558624
0.14306746423244476
0.1210850402712822
0.14476197957992554
0.1267368346452713
0.149481862783432
0.13086038827896118
0.1647893488407135
0.12848789989948273
0.1466255486011505
0.12562713027000427
0.12776491045951843
0.13089732825756073
0.14375147223472595
0.13181044161319733
0.13159328699111938
0.11659614741802216
0.13594794273376465
0.12814787030220032
0.13560594618320465
0.12331467866897583
0.12691661715507507
0.11141218990087509
0.11327527463436127
0.1354379504919052
0.13869734108448029
0.1305886209011078
0.1329236477613449
0.14907945692539215
0.1303989291191101
0.15830042958259583
0.1186290979385376
0.12517228722572327
0.1122937873005867
0.13371409475803375
0.10472851991653442
0.13492318987846375
0.11303120106458664
0.13552305102348328
0.13066241145133972
0.10539618879556656
0.12838125228881836
0.12200388312339783
0.12261457741260529
0.10671621561050415
0.1115446388721466
0.12092410773038864
0.11261166632175446
0.12334547936916351
0.12834763526916504
0.11729762703180313
0.10694174468517303
0.12178286910057068
0.11460728943347931
0.12593325972557068
0.1089862585067749
0.1288982778787613
0.11171016842126846
0.1055542528629303
0.124182790517807
0.11925890296697617
0.118243508040905
0.10930371284484863
0.12444331496953964
0.1051296815276146
0.14273425936698914
0.10536563396453857
0.13048921525478363
0.11000769585371017
0.11486998200416565
0.11691658198833466
0.12829239666461945
0.12867169082164764
0.11743979156017303
0.11187305301427841
0.11785021424293518
0.12747162580490112
0.1056601032614708
0.11874692887067795
0.1168144941329956
0.12162888050079346
0.11282303184270859
0.1277027577161789
0.1052020788192749
0.11417190730571747
0.0927429348230362
0.09179356694221497
0.11815043538808823
0.11523507535457611
0.1181555986404419
0.1299034208059311
0.1149955689907074
0.11714305728673935
0.09965421259403229
0.10533827543258667
0.14341747760772705
0.12580223381519318
0.10450668632984161
0.13690797984600067
0.1194639503955841
0.11524567753076553
0.11609471589326859
0.09299167990684509
0.09566012024879456
0.1201506182551384
0.10476192831993103
0.12190825492143631
0.10760320723056793
0.11123758554458618
0.11838588863611221
0.1026926264166832
0.10485684126615524
0.11585208028554916
0.11145103722810745
0.12694397568702698
0.10917342454195023
0.0929594486951828
0.0939694419503212
0.12190288305282593
0.11891669034957886
0.11370360851287842
0.11358954757452011
0.11701348423957825
0.12876974046230316
0.11174295097589493
0.11279882490634918
0.11434323340654373
0.10554248839616776
0.10574692487716675
0.10635899007320404
0.11487846821546555
0.10481368005275726
0.09531246870756149
0.11489910632371902
0.10640741139650345
0.11519528925418854
0.11179906874895096
0.0968843474984169
0.12352605164051056
0.10557564347982407
0.09240492433309555
0.1157737448811531
0.08884833753108978
0.11384414881467819
0.10476812720298767
0.10961780697107315
0.11030175536870956
0.09284848719835281
0.10822190344333649
0.10765433311462402
0.1028067097067833
0.1098395586013794
0.10170332342386246
0.0970308929681778
0.11608229577541351
0.0788208618760109
0.11830468475818634
0.10057832300662994
0.10070906579494476
0.10769850760698318
0.10611183196306229
0.1034177765250206
0.09945448487997055
0.10517515987157822
0.09138328582048416
0.1006854772567749
0.10017219185829163
0.11326796561479568
0.09209844470024109
0.11535337567329407
0.10445805639028549
0.10805612802505493
0.10590779781341553
0.10706380754709244
0.09691410511732101
0.11159457266330719
0.09856818616390228
0.09035146236419678
0.1082204207777977
0.10566994547843933
0.10752826929092407
0.10592996329069138
0.10252224653959274
0.10126394033432007
0.09701716899871826
0.10543008148670197
0.10305646061897278
0.10054187476634979
0.10634071379899979
0.10010994225740433
0.10458535701036453
0.10564260929822922
0.09090758860111237
0.10403124243021011
0.10962984710931778
0.09203563630580902
0.09476292133331299
0.09856519103050232
0.0987628772854805
0.09552734345197678
0.10831743478775024
0.12146203964948654
0.10641417652368546
0.10010025650262833
0.10195202380418777
0.09710890799760818
0.08217894285917282
0.09239126741886139
0.10359109938144684
0.1093306764960289
0.10421668738126755
0.09750552475452423
0.0884862169623375
0.10158287733793259
0.10003595799207687
0.10755196958780289
0.10559798777103424
0.09498833119869232
0.11399833858013153
0.11740865558385849
0.1036619246006012
0.10616574436426163
0.09029068797826767
0.08767082542181015
0.10417430847883224
0.10995819419622421
0.10986509919166565
0.09204114228487015
0.09412795305252075
0.09382281452417374
0.10935001820325851
0.08882301300764084
0.11576517671346664
0.10636694729328156
0.08266165852546692
0.09371913969516754
0.11226274073123932
0.10056734085083008
0.10215603560209274
0.10673659294843674
0.0901414230465889
0.11343871057033539
0.09562350809574127
0.09614810347557068
0.10898569971323013
0.10631357878446579
0.09592442959547043
0.11194702237844467
0.10065098851919174
0.0981922522187233
0.08526993542909622
0.09140346944332123
0.11615994572639465
0.10092315077781677
0.10313709080219269
0.08445695787668228
0.10198671370744705
0.09194076806306839
0.10510879009962082
0.08386411517858505
0.08547987043857574
0.09246864169836044
0.09199605137109756
0.10143803060054779
0.0887468010187149
0.08742203563451767
0.09681899845600128
0.09129670262336731
0.08334121108055115
0.09044203162193298
0.09253651648759842
0.09476742148399353
0.09497160464525223
0.10268843919038773
0.08343870937824249
0.09017470479011536
0.09018713235855103
0.09373628348112106
0.11502574384212494
0.0925857424736023
0.09763789176940918
0.09882989525794983
0.08278512209653854
0.10239468514919281
0.10433410853147507
0.09645193070173264
0.09046777337789536
0.08493528515100479
0.0935308188199997
0.09278135001659393
0.10756774991750717
0.10021868348121643
0.0920967236161232
0.09018522500991821
0.09799371659755707
0.10572439432144165
0.09209182113409042
0.0892304852604866
0.1245289295911789
0.1087215319275856
0.08422219008207321
0.08743175864219666
0.08667653799057007
0.08469908684492111
0.09445714205503464
0.09276627004146576
0.12211976200342178
0.07924583554267883
0.09332972019910812
0.09915640950202942
0.09278412908315659
0.08385960012674332
0.1083764061331749
0.09776850789785385
0.0864069014787674
0.10514122992753983
0.08824948966503143
0.08370793610811234
0.1002853587269783
0.10109583288431168
0.08554457128047943
0.09562122821807861
0.09973883628845215
0.09114892780780792
0.08669305592775345
0.07893306761980057
0.08829132467508316
0.11477922648191452
0.08849983662366867
0.08900784701108932
0.07884018123149872
0.07786916941404343
0.11090004444122314
0.09741858392953873
0.08868926018476486
0.09903819859027863
0.08646219223737717
0.09799468517303467
0.0895281732082367
0.10079362988471985
0.08420590311288834
0.1006627082824707
0.08578158169984818
0.108986496925354
0.10638000816106796
0.09020205587148666
0.08655059337615967
0.09851665794849396
0.09468991309404373
0.09235703945159912
0.09900812804698944
0.08262263983488083
0.0850834771990776
0.08413822203874588
0.09516066312789917
0.08348974585533142
0.11561410874128342
0.09840591251850128
0.08865954726934433
0.10974728316068649
0.11581254750490189
0.10190174728631973
0.10170158743858337
0.0836348608136177
0.1080932766199112
0.07802733033895493
0.08817718178033829
0.10647119581699371
0.08905071765184402
0.08438187837600708
0.09392372518777847
0.09593775123357773
0.10141972452402115
0.09054677188396454
0.08258241415023804
0.07731185853481293
0.10366064310073853
0.09606587886810303
0.09559443593025208
0.0813007578253746
0.10534362494945526
0.0961868166923523
0.08431906253099442
0.0825234204530716
0.10176345705986023
0.09245464205741882
0.09977057576179504
0.08943912386894226
0.09309052675962448
0.10342662781476974
0.09550594538450241
0.11074892431497574
