0.844267725944519
0.6673387885093689
0.5323566794395447
0.5197443962097168
0.4561174809932709
0.5085500478744507
0.44236236810684204
0.42314642667770386
0.44357046484947205
0.42680686712265015
0.42618364095687866
0.422935426235199
0.44788795709609985
0.40505310893058777
0.3991561830043793
0.3712438642978668
0.38300421833992004
0.3790271282196045
0.36649778485298157
0.35688963532447815
0.35800573229789734
0.3684915602207184
0.3815563917160034
0.3867669701576233
0.3588683307170868
0.36763694882392883
0.3468899726867676
0.3454511761665344
0.3341341018676758
0.35843172669410706
0.3473649322986603
0.3321387767791748
0.35026222467422485
0.33745133876800537
0.33924540877342224
0.34383484721183777
0.3440653085708618
0.3390451967716217
0.3673328459262848
0.310463011264801
0.3465113043785095
0.3287789225578308
0.3333684206008911
0.3275737464427948
0.3093827962875366
0.3199240267276764
0.32220661640167236
0.3172522783279419
0.322752445936203
0.309706449508667
0.3212571144104004
0.29917022585868835
0.30825355648994446
0.30316653847694397
0.2968713045120239
0.29817837476730347
0.2893645763397217
0.31433534622192383
0.3120955228805542
0.30123236775398254
0.2747102677822113
0.29313868284225464
0.29672467708587646
0.2907463610172272
0.2782193422317505
0.30395278334617615
0.31060218811035156
0.28097856044769287
0.2860969603061676
0.28545212745666504
0.2962038218975067
0.27011725306510925
0.28407078981399536
0.2799247205257416
0.2813880741596222
0.2830732464790344
0.28757762908935547
0.2939620614051819
0.27401989698410034
0.2844069004058838
0.29141563177108765
0.2783554494380951
0.2783614993095398
0.27093639969825745
0.2791039049625397
0.26637032628059387
0.2882663905620575
0.2622449994087219
0.2683773934841156
0.27145639061927795
0.25836318731307983
0.2560933232307434
0.2713249921798706
0.28272679448127747
0.2622022330760956
0.26399317383766174
0.2790334224700928
0.2671787440776825
0.26291394233703613
0.2772861123085022
0.2563003599643707
0.25768086314201355
0.26465272903442383
0.252861350774765
0.2486703246831894
0.27426382899284363
0.2680610716342926
0.25896167755126953
0.2595905661582947
0.23907962441444397
0.2548106014728546
0.2539740204811096
0.2539769411087036
0.2427533119916916
0.2451627254486084
0.24280256032943726
0.24065294861793518
0.23243305087089539
0.23807086050510406
0.24610485136508942
0.2367371916770935
0.26218536496162415
0.2506062984466553
0.2470846027135849
0.2265685796737671
0.2497808188199997
0.24152952432632446
0.24373674392700195
0.24170564115047455
0.2464083433151245
0.23072227835655212
0.2221156358718872
0.23370316624641418
0.2444053292274475
0.230234757065773
0.2349674552679062
0.22907929122447968
0.22802972793579102
0.2240513116121292
0.22755904495716095
0.22121885418891907
0.2248843014240265
0.2271748036146164
0.23986588418483734
0.21568483114242554
0.2227112203836441
0.23236490786075592
0.23701724410057068
0.22193025052547455
0.23739157617092133
0.22105638682842255
0.22768694162368774
0.22951427102088928
0.22398896515369415
0.23106108605861664
0.21229921281337738
0.22393012046813965
0.2361321896314621
0.22232303023338318
0.21252070367336273
0.20862248539924622
0.21809986233711243
0.21354863047599792
0.23079486191272736
0.21909883618354797
0.21515938639640808
0.2103205919265747
0.21671470999717712
0.20396718382835388
0.21272993087768555
0.2178184986114502
0.2049693465232849
0.20329876244068146
0.2046043872833252
0.23118159174919128
0.20048435032367706
0.2021358162164688
0.20775385200977325
0.2080938071012497
0.21060332655906677
0.20566409826278687
0.20982736349105835
0.1934514343738556
0.19856201112270355
0.21337634325027466
0.19295965135097504
0.2053072154521942
0.2014358639717102
0.19016873836517334
0.19707489013671875
0.18739359080791473
0.2010420858860016
0.1984798163175583
0.20681358873844147
0.2023657262325287
0.19040673971176147
0.20985348522663116
0.20348894596099854
0.20824779570102692
0.18229326605796814
0.2088739573955536
0.20590461790561676
0.19283992052078247
0.19759470224380493
0.19915828108787537
0.19797258079051971
0.20091570913791656
0.19885164499282837
0.2072342485189438
0.20057053864002228
0.2068106085062027
0.20978805422782898
0.1925143003463745
0.1972968429327011
0.183545783162117
0.190115824341774
0.19742938876152039
0.1874115914106369
0.18145619332790375
0.1941155344247818
0.19275280833244324
0.2001771330833435
0.1899307370185852
0.2013700008392334
0.19347530603408813
0.1790548413991928
0.18065877258777618
0.19130061566829681
0.18949905037879944
0.1911727488040924
0.2089935541152954
0.1775662750005722
0.19592271745204926
0.1840590536594391
0.1788811981678009
0.20148123800754547
0.18522793054580688
0.18920163810253143
0.1757357120513916
0.20458345115184784
0.1871262490749359
0.196344256401062
0.189105823636055
0.19624261558055878
0.18967442214488983
0.1923390030860901
0.19308461248874664
0.20053637027740479
0.18383628129959106
0.18356725573539734
0.17370742559432983
0.1817571520805359
0.1751483827829361
0.19303572177886963
0.17909716069698334
0.18963214755058289
0.18483467400074005
0.18036840856075287
0.19763199985027313
0.19941072165966034
0.19443242251873016
0.1836664378643036
0.18593160808086395
0.1834700107574463
0.18211765587329865
0.1858646422624588
0.18469271063804626
0.1715812236070633
0.17434188723564148
0.1760658323764801
0.1749739795923233
0.18110540509223938
0.18145783245563507
0.17008300125598907
0.1857929825782776
0.1671941876411438
0.17404301464557648
0.183701291680336
0.17974123358726501
0.17816299200057983
0.19205908477306366
0.16661201417446136
0.1663329154253006
0.18193025887012482
0.17083074152469635
0.16594389081001282
0.172441765666008
0.17640455067157745
0.17891079187393188
0.18082591891288757
0.17925550043582916
0.16679878532886505
0.16981948912143707
0.1870669424533844
0.19327813386917114
0.16673000156879425
0.18717443943023682
0.1849004328250885
0.16780409216880798
0.16265948116779327
0.1729813516139984
0.17329703271389008
0.16778771579265594
0.1727694571018219
0.17522773146629333
0.1819785088300705
0.1616176813840866
0.16816572844982147
0.16665370762348175
0.16278176009655
0.1703103631734848
0.17029109597206116
0.1661812961101532
0.17613382637500763
0.17570221424102783
0.17769087851047516
0.18401698768138885
0.16913378238677979
0.155389666557312
0.16675081849098206
0.1831720769405365
0.1776854395866394
0.1732083112001419
0.1798465996980667
0.16714157164096832
0.17702411115169525
0.16699622571468353
0.18303847312927246
0.16928409039974213
0.16933545470237732
0.158773735165596
0.16563570499420166
0.15799646079540253
0.17781801521778107
0.1745482087135315
0.17792540788650513
0.15543299913406372
0.1711757630109787
0.15749554336071014
0.18543076515197754
0.17475669085979462
0.1641080379486084
0.15991373360157013
0.17060425877571106
0.1699799746274948
0.17712822556495667
0.17029832303524017
0.17791396379470825
0.16430415213108063
0.16869105398654938
0.1661677360534668
0.1587994247674942
0.16818970441818237
0.18315774202346802
0.16858062148094177
0.16392020881175995
0.1512046456336975
0.15776588022708893
0.1648106873035431
0.16188475489616394
0.17506369948387146
0.16549251973628998
0.15170204639434814
0.1606777161359787
0.17232801020145416
0.158693328499794
0.1493190973997116
0.1786978393793106
0.15867474675178528
0.15989577770233154
0.15304197371006012
0.16945940256118774
0.16482089459896088
0.16780145466327667
0.17294710874557495
0.1698312610387802
0.15273745357990265
0.15924657881259918
0.17277008295059204
0.1591869294643402
0.16270144283771515
0.1482052505016327
0.16535402834415436
0.16354689002037048
0.17064252495765686
0.1649867594242096
0.161545529961586
0.17075949907302856
0.16602307558059692
0.15878471732139587
0.17130917310714722
0.14810901880264282
0.15735763311386108
0.16933593153953552
0.17086343467235565
0.15982352197170258
0.16073977947235107
0.1538631021976471
0.16963599622249603
0.15076930820941925
0.16731365025043488
0.17193083465099335
0.17142057418823242
0.16610783338546753
0.15653909742832184
0.14568351209163666
0.16923408210277557
0.16881029307842255
0.15778721868991852
0.1672772616147995
0.17475318908691406
0.15998929738998413
0.16274212300777435
0.16103151440620422
0.16627687215805054
0.16883894801139832
0.1641141027212143
0.15250149369239807
0.15801769495010376
0.15087106823921204
0.14719940721988678
0.14656242728233337
0.1505465805530548
0.16280558705329895
0.14040525257587433
0.15458352863788605
0.15195928514003754
0.1683538258075714
0.16662564873695374
0.16208034753799438
0.16988605260849
0.14758509397506714
0.15801000595092773
0.15575280785560608
0.15163876116275787
0.17350837588310242
0.15197505056858063
0.16832080483436584
0.15761339664459229
0.17315395176410675
0.1744437962770462
0.1654982566833496
0.15596865117549896
0.16547337174415588
0.1493811309337616
0.17933104932308197
0.18217401206493378
0.16838929057121277
0.17330709099769592
0.15066711604595184
0.16011296212673187
0.1696411371231079
0.15620018541812897
0.1662376970052719
0.15640878677368164
0.15720517933368683
0.1640288382768631
0.16097483038902283
0.14078225195407867
0.1481165736913681
0.1424218863248825
0.15751050412654877
0.14695636928081512
0.1703188568353653
0.1451813131570816
0.15672335028648376
0.14707230031490326
0.1602666676044464
0.1594085991382599
0.17172715067863464
0.16179117560386658
0.16267797350883484
0.1700160950422287
0.1606823056936264
0.15419378876686096
0.16087622940540314
0.15873703360557556
0.1571808159351349
0.16084745526313782
0.15421338379383087
0.1646798700094223
0.15892638266086578
0.1588994711637497
0.1709619015455246
0.15874913334846497
0.1529046893119812
0.14964471757411957
0.15579091012477875
0.16104410588741302
0.15957339107990265
0.14774952828884125
0.16257914900779724
0.15323449671268463
0.15291066467761993
0.1601119041442871
0.15049226582050323
0.15343007445335388
0.16454803943634033
0.1645568460226059
0.14362850785255432
0.14898863434791565
0.16621701419353485
0.14859843254089355
0.1548370122909546
0.1562667340040207
0.15537288784980774
0.16351911425590515
0.14961011707782745
0.17764726281166077
0.15124894678592682
0.14408662915229797
0.15679267048835754
0.14286065101623535
0.1497335284948349
0.1534937173128128
0.15933988988399506
0.161188542842865
0.1701137125492096
0.14544333517551422
0.14710603654384613
0.15770727396011353
0.15790501236915588
0.1483161300420761
0.1465514898300171
0.16678529977798462
0.16473084688186646
0.15078778564929962
0.1464863270521164
0.15167339146137238
0.140997514128685
0.15660050511360168
0.1503407508134842
0.15295982360839844
0.17031633853912354
0.1613197922706604
0.15294149518013
0.14610974490642548
0.16186608374118805
0.1585041582584381
0.14488522708415985
0.1582292765378952
0.15927784144878387
0.15481600165367126
0.159976065158844
0.1594053953886032
0.16022728383541107
0.14884501695632935
0.1445462554693222
0.1517636477947235
0.1601376235485077
0.1569736748933792
0.15605416893959045
0.15378835797309875
0.1589166820049286
0.14497239887714386
0.14871613681316376
0.1530577540397644
0.14649690687656403
0.14902719855308533
0.1437181532382965
0.15881696343421936
0.14660188555717468
0.14360089600086212
0.16100582480430603
0.15535135567188263
0.15465736389160156
0.16182497143745422
0.1321357637643814
0.15560102462768555
0.165632426738739
0.16051031649112701
0.16403736174106598
0.13940390944480896
0.15022419393062592
0.1592758744955063
0.15614543855190277
0.1422746628522873
0.16309693455696106
0.15808340907096863
0.15217910706996918
0.1488955318927765
0.13670411705970764
0.16554759442806244
0.15307211875915527
0.146185502409935
0.13623085618019104
0.15152780711650848
0.15708106756210327
0.15033523738384247
0.14540214836597443
0.1710221767425537
0.1514778435230255
0.1444588452577591
0.1642799824476242
0.14575377106666565
0.15515032410621643
0.1597241312265396
0.16375748813152313
0.15398213267326355
0.1481412649154663
0.14890249073505402
