1.395451545715332
1.1733088493347168
1.0909004211425781
0.9041155576705933
0.8207547664642334
0.7435250878334045
0.6935970783233643
0.6865258812904358
0.6297580599784851
0.644541323184967
0.6157681941986084
0.5863261222839355
0.6137241125106812
0.5551174283027649
0.5679337382316589
0.5410497784614563
0.5178665518760681
0.5642732381820679
0.5411549210548401
0.5641955137252808
0.5282938480377197
0.5012001991271973
0.5064473152160645
0.4897552728652954
0.49274009466171265
0.5106216669082642
0.5132344365119934
0.5001420974731445
0.48751142621040344
0.49637526273727417
0.4870961904525757
0.49583253264427185
0.48546597361564636
0.4976937770843506
0.5071637630462646
0.4888678193092346
0.4896855354309082
0.47183409333229065
0.4756917655467987
0.4631275534629822
0.4365367591381073
0.4519936740398407
0.45048731565475464
0.46284019947052
0.44512540102005005
0.4425821602344513
0.45889711380004883
0.43202346563339233
0.46238821744918823
0.4386294484138489
0.44122156500816345
0.4502849578857422
0.4678519666194916
0.4472520351409912
0.43897658586502075
0.4375271797180176
0.4245150685310364
0.42606088519096375
0.4220229685306549
0.4269445836544037
0.3963257074356079
0.45600035786628723
0.41169825196266174
0.4294726550579071
0.42883023619651794
0.4104636609554291
0.41245555877685547
0.4200957119464874
0.42457789182662964
0.42180660367012024
0.4291929006576538
0.4030057191848755
0.4147299826145172
0.38677743077278137
0.39275646209716797
0.4032147228717804
0.4039202630519867
0.4020146131515503
0.39906245470046997
0.4087331295013428
0.3836483955383301
0.3931865990161896
0.3716413676738739
0.3628564178943634
0.39064812660217285
0.39434027671813965
0.40054377913475037
0.38680943846702576
0.4106956422328949
0.38513314723968506
0.39493662118911743
0.38902953267097473
0.3780912458896637
0.38613641262054443
0.37755873799324036
0.3656529486179352
0.364764004945755
0.3936234712600708
0.3751336336135864
0.3750973045825958
0.35617178678512573
0.3860401511192322
0.36634519696235657
0.3691145181655884
0.3707457184791565
0.3821951746940613
0.3695946931838989
0.3838540315628052
0.35956230759620667
0.34998729825019836
0.3870709240436554
0.3599932789802551
0.36193975806236267
0.35140493512153625
0.3550013601779938
0.3641855716705322
0.3531225323677063
0.380741149187088
0.3615996241569519
0.3564342260360718
0.3546513020992279
0.35318663716316223
0.35601717233657837
0.3394582271575928
0.3558676540851593
0.3413791358470917
0.33661022782325745
0.3628805875778198
0.3506030738353729
0.3374481499195099
0.35029858350753784
0.347015917301178
0.3448643088340759
0.3406756818294525
0.34166771173477173
0.3599063456058502
0.33278003334999084
0.33079957962036133
0.34699100255966187
0.33508846163749695
0.33923056721687317
0.32397279143333435
0.3410496413707733
0.3512246310710907
0.34808647632598877
0.32725203037261963
0.3374062478542328
0.3436293601989746
0.32504743337631226
0.33578047156333923
0.30872994661331177
0.3282680809497833
0.316760778427124
0.34156104922294617
0.34480565786361694
0.3281714618206024
0.3257816731929779
0.31680727005004883
0.3267482817173004
0.32805559039115906
0.3114502429962158
0.3317452669143677
0.3081240952014923
0.33437883853912354
0.32248303294181824
0.3223174810409546
0.3349652886390686
0.32382816076278687
0.3238869309425354
0.3164823651313782
0.3349556028842926
0.31870177388191223
0.3286471366882324
0.3090117275714874
0.3241974711418152
0.3019368648529053
0.3210394084453583
0.33390194177627563
0.30705589056015015
0.31567686796188354
0.33364057540893555
0.31632304191589355
0.3156958520412445
0.32917049527168274
0.3042173981666565
0.32031047344207764
0.31085631251335144
0.3196290135383606
0.32770588994026184
0.30190804600715637
0.33022478222846985
0.3122251331806183
0.29936903715133667
0.31983956694602966
0.297445148229599
0.31650930643081665
0.32654109597206116
0.31047555804252625
0.32241228222846985
0.29275229573249817
0.2949163019657135
0.31669822335243225
0.3050788938999176
0.3102943003177643
0.31062051653862
0.3074915111064911
0.3137322664260864
0.3062208294868469
0.31691375374794006
0.3079513609409332
0.31567782163619995
0.30777692794799805
0.3186119496822357
0.310211181640625
0.3215188980102539
0.3090815544128418
0.30939561128616333
0.296346515417099
0.30268028378486633
0.301829069852829
0.309714138507843
0.31705576181411743
0.313920259475708
0.29062485694885254
0.3169980049133301
0.28506404161453247
0.3105489909648895
0.29332682490348816
0.3087432086467743
0.2910388112068176
0.32093092799186707
0.3201456367969513
0.2938060462474823
0.30990657210350037
0.30033496022224426
0.2977724075317383
0.2923000752925873
0.2934877276420593
0.3016792833805084
0.2956075072288513
0.2899741232395172
0.310899019241333
0.30806124210357666
0.2975618541240692
0.29554229974746704
0.2936561405658722
0.3069821894168854
0.28795990347862244
0.29981714487075806
0.30029526352882385
0.3086654841899872
0.30471718311309814
0.28434088826179504
0.296050101518631
0.3078368604183197
0.28391799330711365
0.28066039085388184
0.3004415035247803
0.2900710701942444
0.3002353608608246
0.2877246141433716
0.2980153560638428
0.29393112659454346
0.29164326190948486
0.2734847068786621
0.3028087317943573
0.2919381260871887
0.2820974886417389
0.28607890009880066
0.28783366084098816
0.2802419364452362
0.2849058508872986
0.2881503999233246
0.2815074920654297
0.29285192489624023
0.2914161682128906
0.2790099084377289
0.28536486625671387
0.315367192029953
0.3006288409233093
0.27584129571914673
0.2855464518070221
0.29724884033203125
0.2820168733596802
0.29029321670532227
0.28950297832489014
0.2875419855117798
0.28436708450317383
0.3006943464279175
0.2927137017250061
0.27470239996910095
0.2930244505405426
0.2915964424610138
0.2753649353981018
0.2931355834007263
0.2952567934989929
0.28987762331962585
0.28024569153785706
0.29179060459136963
0.2899128794670105
0.28038448095321655
0.2604294419288635
0.2669681906700134
0.2681376039981842
0.286894828081131
0.29139840602874756
0.2766644060611725
0.29409992694854736
0.2873816192150116
0.2881760895252228
0.2939462959766388
0.2868851125240326
0.28618502616882324
0.2674493193626404
0.28887754678726196
0.29439786076545715
0.280505895614624
0.29694050550460815
0.28356295824050903
0.2786758244037628
0.288061261177063
0.2962540090084076
0.27629777789115906
0.27100279927253723
0.28161078691482544
0.2790323793888092
0.2885477542877197
0.2853166460990906
0.2889816462993622
0.27201199531555176
0.293306827545166
0.28490325808525085
0.3041287064552307
0.2714095413684845
0.2824693024158478
0.2771957814693451
0.27929359674453735
0.2964424788951874
0.26917168498039246
0.27917733788490295
0.27003511786460876
0.2759076654911041
0.2881358861923218
0.2632903456687927
0.2848314344882965
0.28703704476356506
0.2835925817489624
0.2750503122806549
0.28514254093170166
0.2904156744480133
0.2856683135032654
0.28747010231018066
0.28081560134887695
0.2753276228904724
0.277017742395401
0.2960742115974426
0.2738959491252899
0.2702074944972992
0.2783212661743164
0.29006221890449524
0.27874183654785156
0.27818894386291504
0.28331199288368225
0.28450629115104675
0.274064302444458
0.26715344190597534
0.28202515840530396
0.2771051824092865
0.27871352434158325
0.26881495118141174
0.2658606171607971
0.26894867420196533
0.2739042341709137
0.28112518787384033
0.2770580053329468
0.27866730093955994
0.28520262241363525
0.2888442873954773
0.2841213643550873
0.2711700201034546
0.2706700265407562
0.2718905210494995
0.287880539894104
0.28001073002815247
0.2718200981616974
0.27682721614837646
0.26264476776123047
0.26480501890182495
0.2755017578601837
0.28350910544395447
0.2747718095779419
0.27124544978141785
0.2678076922893524
0.2798716723918915
0.2475264072418213
0.2564272880554199
0.27340438961982727
0.28318172693252563
0.26451799273490906
0.2814304232597351
0.273672491312027
0.2652280032634735
0.27936193346977234
0.28170788288116455
0.2768629193305969
0.287667840719223
0.27019935846328735
0.277311235666275
0.2734834551811218
0.2684169113636017
0.2829491198062897
0.2729444205760956
0.27181604504585266
0.2794937193393707
0.2692709267139435
0.2657388150691986
0.26888394355773926
0.25887569785118103
0.2861008048057556
0.26777997612953186
0.2700657844543457
0.27390822768211365
0.2704254686832428
0.2699926495552063
0.27454569935798645
0.27048638463020325
0.2766866087913513
0.27743351459503174
0.28593122959136963
0.2817428410053253
0.28133612871170044
0.2620595693588257
0.2862482964992523
0.2735162079334259
0.2823014557361603
0.26543283462524414
0.25453051924705505
0.2799142301082611
0.2708958089351654
0.26381808519363403
0.27262893319129944
0.2805714011192322
0.27416321635246277
0.2738446891307831
0.25992351770401
0.28388965129852295
0.26872316002845764
0.2674344480037689
0.28040334582328796
0.28162065148353577
0.27116671204566956
0.28057441115379333
0.2743781507015228
0.2673470675945282
0.27715155482292175
0.27186599373817444
0.262560099363327
0.2733355462551117
0.2885967195034027
0.2636469006538391
0.2580382823944092
0.2746197581291199
0.26174959540367126
0.2693712115287781
0.2764374613761902
0.26646357774734497
0.2740502655506134
0.2664536237716675
0.2681000828742981
0.2623041272163391
0.2602999806404114
0.2579275071620941
0.2693706452846527
0.2668631076812744
0.2610611617565155
0.26751741766929626
0.25877347588539124
0.2616914212703705
0.27793383598327637
0.2764529883861542
0.26807063817977905
0.2583274245262146
0.266120582818985
0.26570257544517517
0.2694724202156067
0.269023597240448
0.26716867089271545
0.27081385254859924
0.2668173313140869
0.2793453335762024
0.27773982286453247
0.2761456370353699
0.27068886160850525
0.2792443335056305
0.2776077389717102
0.2721763551235199
0.2672635316848755
0.27908244729042053
0.26356959342956543
0.28235259652137756
0.28167885541915894
0.2686927914619446
0.2635533809661865
0.2711142301559448
0.2579953074455261
0.2665362060070038
0.2827264070510864
0.27653756737709045
0.2674778401851654
0.26159635186195374
0.25799432396888733
0.2593971788883209
0.26218894124031067
0.2781369984149933
0.27591973543167114
0.2844427227973938
0.2725841701030731
0.26077011227607727
0.27737146615982056
0.2660207748413086
0.2597282826900482
0.2655406892299652
0.27431902289390564
0.26913154125213623
0.264286607503891
0.2757485508918762
0.2774607539176941
0.26022908091545105
0.2599866986274719
0.28288689255714417
0.2807364761829376
0.2692364752292633
0.256713330745697
0.26400476694107056
0.2674684226512909
0.27237293124198914
0.2614798843860626
0.28693887591362
0.26989996433258057
0.25827357172966003
0.27818232774734497
0.27959564328193665
0.26936352252960205
0.26388147473335266
0.26735734939575195
0.27337169647216797
0.25960925221443176
0.2603406012058258
0.26076066493988037
0.26802754402160645
0.26888781785964966
0.26913952827453613
0.26355934143066406
0.26997464895248413
0.26678571105003357
0.2602302134037018
0.2696040868759155
0.26527586579322815
0.26086199283599854
0.2668708264827728
0.2658292055130005
0.270786851644516
0.27085211873054504
0.2588745653629303
0.2611233592033386
0.2671665549278259
0.26916491985321045
0.26960426568984985
0.26088428497314453
0.2665739059448242
0.2554129958152771
0.28062504529953003
0.25457748770713806
0.2676500082015991
0.27145808935165405
0.2699688971042633
0.25867053866386414
0.2893880307674408
0.26656320691108704
0.27437761425971985
0.2552506625652313
0.25754842162132263
0.2525881230831146
0.2680525481700897
0.2683209478855133
0.2663387060165405
0.26506155729293823
0.2675509452819824
0.270332396030426
0.2657226324081421
0.26755020022392273
0.2697531580924988
0.267027348279953
0.27918538451194763
0.2606971859931946
0.2640518546104431
0.2832379639148712
0.2676388919353485
0.27082908153533936
0.2706032693386078
0.26097816228866577
0.27007532119750977
0.2729482352733612
0.26901283860206604
0.2690778076648712
0.2727052569389343
0.2653985321521759
0.275454580783844
0.2703707814216614
0.247234046459198
0.2685212194919586
0.2543398141860962
0.26465776562690735
0.2603908181190491
0.26404687762260437
0.26517969369888306
0.26236075162887573
0.26305219531059265
0.2581157982349396
0.2688866853713989
0.263837069272995
0.2762756049633026
0.27104219794273376
0.26658254861831665
0.26251670718193054
0.2596784234046936
0.25516802072525024
0.26773977279663086
0.25038066506385803
0.2594509422779083
0.25932958722114563
0.25321540236473083
0.27062472701072693
0.26167789101600647
0.2605937719345093
0.2671878933906555
0.27016130089759827
0.26404228806495667
0.27287834882736206
0.2609139084815979
0.26751115918159485
0.24719174206256866
0.26301756501197815
0.2771022617816925
0.2604100704193115
0.2669268548488617
0.2706010639667511
0.2440766841173172
0.2608347535133362
0.2691628336906433
0.2659313976764679
0.27452024817466736
0.26609453558921814
0.24774712324142456
0.26683366298675537
0.2629797160625458
0.25241124629974365
0.27225416898727417
0.26008543372154236
0.259191632270813
0.2612043619155884
0.26671314239501953
