0.7334955930709839
0.698186457157135
0.6761075258255005
0.6915062069892883
0.6883227825164795
0.6879397630691528
0.6875174641609192
0.6688346266746521
0.6625527143478394
0.6680598855018616
0.6570440530776978
0.6546836495399475
0.6551193594932556
0.6644983291625977
0.6481034755706787
0.6346657276153564
0.638481616973877
0.6258733868598938
0.650875985622406
0.6085957288742065
0.6086511611938477
0.6178425550460815
0.6205896139144897
0.6104862093925476
0.601329505443573
0.5901454091072083
0.6027224659919739
0.5967457890510559
0.5991538166999817
0.5718099474906921
0.5989831686019897
0.5775497555732727
0.5696207880973816
0.5651295781135559
0.5800697803497314
0.5911508202552795
0.5634848475456238
0.5704790353775024
0.5586006045341492
0.5289455652236938
0.5652980804443359
0.5555963516235352
0.5555406808853149
0.5557972192764282
0.5215826034545898
0.5178253650665283
0.5205252170562744
0.503578782081604
0.5257418751716614
0.5110454559326172
0.508037269115448
0.509602963924408
0.5077524781227112
0.4690971374511719
0.46262916922569275
0.4636108875274658
0.5091367363929749
0.5044612884521484
0.4874614179134369
0.5145609974861145
0.4766680896282196
0.48582544922828674
0.504043459892273
0.5134595632553101
0.46748265624046326
0.48027148842811584
0.4629988670349121
0.4815308749675751
0.47335928678512573
0.4685248136520386
0.4858795404434204
0.43494105339050293
0.48672565817832947
0.46159249544143677
0.4591143727302551
0.45578786730766296
0.4766048491001129
0.44576403498649597
0.4360079765319824
0.46833255887031555
0.42621856927871704
0.44250136613845825
0.43290063738822937
0.45852115750312805
0.4469728171825409
0.4388487637042999
0.4392454922199249
0.4381091296672821
0.43674182891845703
0.4130685031414032
0.44329196214675903
0.45278236269950867
0.44347083568573
0.4018332362174988
0.43878063559532166
0.44103124737739563
0.42349323630332947
0.41173261404037476
0.4485398530960083
0.40286535024642944
0.41936686635017395
0.39752477407455444
0.4165695905685425
0.39985570311546326
0.4317746162414551
0.41399258375167847
0.3990541696548462
0.3975967466831207
0.4193793535232544
0.39440950751304626
0.4174457788467407
0.42313188314437866
0.39349666237831116
0.4187440872192383
0.4289729595184326
0.40369313955307007
0.43186503648757935
0.3930414617061615
0.42763012647628784
0.3884691894054413
0.42482131719589233
0.40883809328079224
0.39961308240890503
0.386736661195755
0.40673723816871643
0.397747278213501
0.40471550822257996
0.3978535234928131
0.389890193939209
0.3952142596244812
0.3841308355331421
0.38416600227355957
0.39440298080444336
0.4024686813354492
0.4020112454891205
0.40191107988357544
0.4030448794364929
0.4253658056259155
0.39869192242622375
0.3701978921890259
0.39725950360298157
0.39400002360343933
0.394126832485199
0.39686983823776245
0.42096003890037537
0.4040488004684448
0.3877216577529907
0.3944495916366577
0.3868779242038727
0.396055668592453
0.4037271738052368
0.39762553572654724
0.4083143472671509
0.3702782988548279
0.370534747838974
0.3972395658493042
0.3800829350948334
0.39217057824134827
0.36588409543037415
0.4014436602592468
0.3664408028125763
0.3822101056575775
0.37830230593681335
0.36829110980033875
0.3752538561820984
0.361706405878067
0.417433500289917
0.37552255392074585
0.38330700993537903
0.3891882598400116
0.3759486675262451
0.4009198844432831
0.37170732021331787
0.37707406282424927
0.3884918689727783
0.38300520181655884
0.36260056495666504
0.37117213010787964
0.3720666170120239
0.38065460324287415
0.38692569732666016
0.37867942452430725
0.3697623014450073
0.3893251419067383
0.34399017691612244
0.3633382022380829
0.37708380818367004
0.37641891837120056
0.38172924518585205
0.36845698952674866
0.3651731014251709
0.4075274169445038
0.3645879328250885
0.37512415647506714
0.35088443756103516
0.3796566128730774
0.3815121054649353
0.38223859667778015
0.3866531550884247
0.37285810708999634
0.36395329236984253
0.3554682731628418
0.3672778308391571
0.369436115026474
0.37663203477859497
0.35944604873657227
0.350314199924469
0.3781837224960327
0.3650209903717041
0.36708638072013855
0.3690023720264435
0.336871862411499
0.35854557156562805
0.36214834451675415
0.37913474440574646
0.3745959401130676
0.3728627860546112
0.3607185482978821
0.3690791726112366
0.3421664237976074
0.38213911652565
0.3620465099811554
0.3766751289367676
0.3596241772174835
0.3495960235595703
0.36624643206596375
0.370708703994751
0.33580416440963745
0.3676430284976959
0.3640297055244446
0.3726630210876465
0.35719233751296997
0.3839006721973419
0.3488244414329529
0.3498415946960449
0.3430904448032379
0.35038861632347107
0.3807145059108734
0.3410784602165222
0.3493843674659729
0.3490954041481018
0.3416479825973511
0.35368776321411133
0.36291295289993286
0.36113327741622925
0.34439805150032043
0.3478925824165344
0.3479728400707245
0.35754820704460144
0.3334028422832489
0.35094258189201355
0.3466430902481079
0.3519313335418701
0.3712576627731323
0.3562863767147064
0.36563369631767273
0.3383318781852722
0.3698277771472931
0.34087154269218445
0.3360233008861542
0.34894227981567383
0.3564279079437256
0.355423241853714
0.32328251004219055
0.33544614911079407
0.35605382919311523
0.34963458776474
0.35946619510650635
0.36733299493789673
0.3162080645561218
0.3524472415447235
0.3262285888195038
0.34271976351737976
0.36177149415016174
0.35163307189941406
0.34928807616233826
0.3480174243450165
0.34360790252685547
0.363932728767395
0.3512488901615143
0.35623985528945923
0.33372050523757935
0.33968380093574524
0.3574824333190918
0.3314920961856842
0.34596601128578186
0.3516607880592346
0.3554174602031708
0.3448883593082428
0.3448564112186432
0.33645740151405334
0.3375709652900696
0.347182959318161
0.32419320940971375
0.33689722418785095
0.3432922661304474
0.3579123616218567
0.34005317091941833
0.34384405612945557
0.31175899505615234
0.34052929282188416
0.3612895607948303
0.34429267048835754
0.35954228043556213
0.35456526279449463
0.359582781791687
0.3350023031234741
0.31731659173965454
0.35216668248176575
0.3441259264945984
0.35893866419792175
0.3453548848628998
0.34977293014526367
0.34842246770858765
0.3342271149158478
0.3381939232349396
0.3366451561450958
0.32015377283096313
0.32511815428733826
0.35237279534339905
0.32411137223243713
0.33635082840919495
0.3300521969795227
0.3466852605342865
0.32468080520629883
0.3245639503002167
0.3124827742576599
0.3549518883228302
0.33504778146743774
0.34462058544158936
0.3282093107700348
0.3151998519897461
0.3076923191547394
0.35387763381004333
0.3489331007003784
0.33143118023872375
0.33625319600105286
0.36101865768432617
0.34486234188079834
0.35816314816474915
0.33259034156799316
0.33001232147216797
0.3365820646286011
0.32341617345809937
0.33487215638160706
0.3220856487751007
0.33858707547187805
0.34249037504196167
0.3236221969127655
0.3294108808040619
0.3457767367362976
0.3068562150001526
0.3367858827114105
0.35823583602905273
0.35490310192108154
0.3355453610420227
0.3406206965446472
0.3260154724121094
0.3359244465827942
0.33001065254211426
0.3397166132926941
0.335659384727478
0.34286734461784363
0.3628193140029907
0.33166250586509705
0.3405906856060028
0.31909361481666565
0.3311954438686371
0.34857359528541565
0.3295218348503113
0.3133454918861389
0.34807807207107544
0.32559147477149963
0.3376218378543854
0.350861132144928
0.33096176385879517
0.33593904972076416
0.3319644033908844
0.3512200117111206
0.3364865183830261
0.3523452877998352
0.3271428644657135
0.3372291922569275
0.3578278124332428
0.35234934091567993
0.32254570722579956
0.3521221876144409
0.3267236053943634
0.3290158212184906
0.32473671436309814
0.33131518959999084
0.3491547703742981
0.31390053033828735
0.33968478441238403
0.32885193824768066
0.3502899408340454
0.32037553191185
0.3242151737213135
0.3413880467414856
0.33558401465415955
0.35709699988365173
0.3417176902294159
0.31864577531814575
0.3364144265651703
0.33666518330574036
0.32911884784698486
0.3278370797634125
0.32790428400039673
0.33589744567871094
0.3304827809333801
0.3434073328971863
0.3381810188293457
0.3388037085533142
0.34141165018081665
0.3376682698726654
0.3286445736885071
0.33408454060554504
0.3349193334579468
0.31401506066322327
0.3207116723060608
0.34003424644470215
0.31854796409606934
0.32620927691459656
0.32520580291748047
0.3362804055213928
0.3648424744606018
0.3321555554866791
0.31578466296195984
0.3408716917037964
0.3331751823425293
0.3163512051105499
0.31390827894210815
0.32105928659439087
0.343036413192749
0.3333432078361511
0.33459997177124023
0.33619847893714905
0.32183998823165894
0.33430215716362
0.3613166809082031
0.34506407380104065
0.32614490389823914
0.32737022638320923
0.3237468898296356
0.30475136637687683
0.33678871393203735
0.3163352906703949
0.32632550597190857
0.3400861918926239
0.3162909150123596
0.3266288936138153
0.32185596227645874
0.32266536355018616
0.326334148645401
0.3247831463813782
0.34323665499687195
0.31853818893432617
0.3334413170814514
0.32738441228866577
0.33656081557273865
0.3237859308719635
0.31689032912254333
0.3294287919998169
0.3408066928386688
0.3338945806026459
0.34421369433403015
0.3213668167591095
0.33319562673568726
0.3432176411151886
0.33394280076026917
0.30930402874946594
0.3186313807964325
0.33800208568573
0.32155296206474304
0.33155906200408936
0.3223251700401306
0.3266258239746094
0.3457714915275574
0.32336854934692383
0.3332979381084442
0.34138306975364685
0.3044281303882599
0.3133516013622284
0.31648966670036316
0.31617408990859985
0.3487209677696228
0.3027551472187042
0.3275957405567169
0.33720532059669495
0.32217368483543396
0.2920939326286316
0.3287751078605652
0.32171630859375
0.32297489047050476
0.3275690972805023
0.31121328473091125
0.31403306126594543
0.32572343945503235
0.32753056287765503
0.3037511110305786
0.33828309178352356
0.32892534136772156
0.3396458327770233
0.3542039096355438
0.31298235058784485
0.3255257308483124
0.333491712808609
0.3270415961742401
0.31804919242858887
0.33409982919692993
0.33180463314056396
0.32306113839149475
0.33123716711997986
0.33267802000045776
0.32680997252464294
0.33368119597435
0.33470821380615234
0.31430327892303467
0.32485076785087585
0.3291308581829071
0.3296525776386261
0.3325623869895935
0.3357836604118347
0.33668819069862366
0.32610300183296204
0.30030107498168945
0.32053810358047485
0.3381970226764679
0.3485179543495178
0.340575635433197
0.32440340518951416
0.32433274388313293
0.33280467987060547
0.31445202231407166
0.3357538878917694
0.3227938115596771
0.32579997181892395
0.32408130168914795
0.3381563127040863
0.3259126842021942
0.3400813639163971
0.3329118490219116
0.34909865260124207
0.331619530916214
0.3208281695842743
0.30566075444221497
0.3248441517353058
0.3268125653266907
0.3250475823879242
0.32271185517311096
0.3387182354927063
0.32086995244026184
0.3404214382171631
0.33324819803237915
0.31010183691978455
0.32360467314720154
0.32266831398010254
0.3243481516838074
0.3370439410209656
0.3450566828250885
0.32156237959861755
0.3187659978866577
0.3286169469356537
0.31281644105911255
0.31449732184410095
0.3269854485988617
0.33904343843460083
0.3134537935256958
0.3385871946811676
0.32857272028923035
0.31201881170272827
0.3262102007865906
0.3312839865684509
0.3609168231487274
0.31898975372314453
0.33726486563682556
0.31231003999710083
0.35685238242149353
0.3321245014667511
0.32577624917030334
0.33472540974617004
0.30604299902915955
0.3299359381198883
0.3363346755504608
0.3204566538333893
0.3279002904891968
0.31932786107063293
0.3237827718257904
0.32110026478767395
0.3316397964954376
0.3167649507522583
0.31543344259262085
0.31905755400657654
0.32283785939216614
0.34059470891952515
0.32374832034111023
0.30379289388656616
0.33014151453971863
0.32952868938446045
0.3268665373325348
0.3019633889198303
0.3490378260612488
0.31205806136131287
0.30944979190826416
0.31924155354499817
0.3048769235610962
0.3450775444507599
0.3098263740539551
0.3034267723560333
0.30485042929649353
0.31105929613113403
0.31799882650375366
0.31681010127067566
0.3150530159473419
0.3041799068450928
0.31872931122779846
0.3366439640522003
0.3194155991077423
0.31347835063934326
0.3347856104373932
0.31402474641799927
0.32916727662086487
0.3093911111354828
0.311411052942276
0.3236566483974457
0.3071635365486145
0.3178505301475525
0.3181876242160797
0.3202179968357086
0.30957451462745667
0.3331463634967804
0.3331506550312042
0.3251667618751526
0.31466740369796753
0.3233020007610321
0.3263586759567261
0.3232945501804352
0.31478703022003174
0.33564066886901855
0.32086488604545593
0.337201863527298
0.31742268800735474
0.3218839764595032
0.32632312178611755
0.32792338728904724
0.3189082145690918
0.33335620164871216
0.3292842507362366
0.340695321559906
0.31765687465667725
0.3352651298046112
0.32775160670280457
0.3318839371204376
0.3081051707267761
0.34063905477523804
0.3117126524448395
0.29756638407707214
0.3336013853549957
0.3374157249927521
0.2960166931152344
0.3269897401332855
0.3300270736217499
0.3204646706581116
0.30285313725471497
0.31799525022506714
0.3378334939479828
0.33368873596191406
0.34193381667137146
0.32641005516052246
0.31875962018966675
0.303335577249527
0.3151680529117584
0.3191685974597931
0.3207324743270874
0.3215101361274719
0.33072787523269653
0.3167005479335785
0.3058648407459259
0.32259538769721985
0.3226184546947479
0.3213704526424408
0.33481651544570923
0.3348427712917328
0.3241961598396301
0.32414090633392334
0.3291783332824707
0.32612231373786926
0.33224427700042725
0.3251505196094513
0.32469695806503296
0.33959460258483887
0.32457882165908813
0.30901864171028137
0.32734760642051697
0.3165038228034973
0.3081020414829254
0.32104381918907166
0.3277052044868469
0.29746976494789124
0.3042438328266144
0.33336442708969116
0.31683823466300964
0.32834291458129883
0.3151467442512512
0.3279125690460205
0.31857821345329285
0.32871803641319275
0.34431764483451843
0.3324888050556183
0.32867521047592163
0.3233029246330261
0.3174302875995636
0.3216758966445923
0.32828259468078613
0.3175981938838959
0.31978100538253784
0.3274388909339905
0.3177897036075592
0.3329007923603058
0.3308134078979492
0.3133038580417633
0.32881173491477966
0.3165915906429291
0.3199912905693054
0.3089638650417328
0.31997978687286377
0.3093377351760864
0.3044052720069885
0.3242652416229248
0.33022892475128174
0.3378326892852783
0.3511975407600403
0.3256379961967468
0.32419052720069885
0.33648964762687683
