0.6691499352455139
0.5844550132751465
0.5654163360595703
0.5167195200920105
0.501876175403595
0.4809653162956238
0.45539215207099915
0.47009509801864624
0.43791037797927856
0.42288637161254883
0.4379906952381134
0.41251295804977417
0.3943306803703308
0.384121298789978
0.40062999725341797
0.3919357359409332
0.349351704120636
0.36422762274742126
0.3620312511920929
0.35467106103897095
0.3788585364818573
0.3502047657966614
0.365458607673645
0.33640971779823303
0.3536432385444641
0.35051053762435913
0.35999152064323425
0.3426491618156433
0.3409261703491211
0.3497612774372101
0.34225499629974365
0.3407441973686218
0.33932018280029297
0.3423400819301605
0.33977195620536804
0.3265681564807892
0.3165486752986908
0.3192336857318878
0.3209036588668823
0.3207075893878937
0.3348667323589325
0.30688661336898804
0.3077755868434906
0.31251049041748047
0.3070168197154999
0.30827805399894714
0.2933882772922516
0.2983350157737732
0.2926167845726013
0.30536237359046936
0.29355379939079285
0.30144205689430237
0.3101762533187866
0.2992309331893921
0.30059149861335754
0.2865648567676544
0.29219675064086914
0.29363927245140076
0.2969764471054077
0.2940669655799866
0.27736586332321167
0.2921200692653656
0.28063690662384033
0.2730996012687683
0.27903878688812256
0.2888347804546356
0.2766396701335907
0.2750082314014435
0.2559763491153717
0.2550681531429291
0.2568206191062927
0.2697170376777649
0.26667264103889465
0.26215052604675293
0.26902690529823303
0.2616400718688965
0.25782454013824463
0.24445226788520813
0.2598836421966553
0.2592742443084717
0.24954403936862946
0.2558560073375702
0.2546745240688324
0.27369028329849243
0.2530159652233124
0.2360514998435974
0.22961334884166718
0.25467708706855774
0.26377975940704346
0.22821252048015594
0.2630929946899414
0.2538563013076782
0.2594054639339447
0.26359280943870544
0.23623350262641907
0.2439146488904953
0.2258719801902771
0.24350926280021667
0.24845314025878906
0.23373845219612122
0.23804113268852234
0.22309695184230804
0.23147797584533691
0.22631292045116425
0.2182522565126419
0.22748446464538574
0.23804569244384766
0.2341589331626892
0.21558307111263275
0.21132415533065796
0.21892820298671722
0.2172868400812149
0.22364826500415802
0.2054993063211441
0.21299608051776886
0.24801255762577057
0.221982941031456
0.23268993198871613
0.22610622644424438
0.21077795326709747
0.21042153239250183
0.21470558643341064
0.20400170981884003
0.20781423151493073
0.1838461458683014
0.20560136437416077
0.1992213875055313
0.21240365505218506
0.20035520195960999
0.18560448288917542
0.19128607213497162
0.19288158416748047
0.1955348402261734
0.1922270655632019
0.17682139575481415
0.20565348863601685
0.18447542190551758
0.19251446425914764
0.2044539451599121
0.20587298274040222
0.21171636879444122
0.21089516580104828
0.20099033415317535
0.18934470415115356
0.1890321522951126
0.18423447012901306
0.19623956084251404
0.1866215020418167
0.17958185076713562
0.18233782052993774
0.18844126164913177
0.16634657979011536
0.18488726019859314
0.18373341858386993
0.1827486753463745
0.19749486446380615
0.18774306774139404
0.19093705713748932
0.19429177045822144
0.16159112751483917
0.17452411353588104
0.18654653429985046
0.1732882559299469
0.17568300664424896
0.17993739247322083
0.1632583886384964
0.17783237993717194
0.16826231777668
0.16214893758296967
0.16926060616970062
0.16918398439884186
0.16329415142536163
0.16843827068805695
0.1708531528711319
0.17156559228897095
0.17886808514595032
0.17777962982654572
0.17609618604183197
0.16935691237449646
0.17492546141147614
0.1572532057762146
0.15619486570358276
0.15984249114990234
0.16131001710891724
0.1582452952861786
0.15095190703868866
0.15181148052215576
0.15645264089107513
0.1486140787601471
0.16172580420970917
0.16934028267860413
0.14172595739364624
0.1601373702287674
0.15662425756454468
0.17127570509910583
0.18448662757873535
0.15044254064559937
0.15853175520896912
0.1511370986700058
0.15856562554836273
0.15262237191200256
0.14749713242053986
0.16528573632240295
0.14774063229560852
0.15746934711933136
0.15965284407138824
0.1558954417705536
0.15399441123008728
0.15698419511318207
0.16829773783683777
0.15081967413425446
0.14321181178092957
0.1528686285018921
0.15827973186969757
0.1435551643371582
0.14987654983997345
0.14077387750148773
0.13461598753929138
0.14476808905601501
0.14330270886421204
0.15455187857151031
0.13537326455116272
0.1612476110458374
0.1614011824131012
0.17021970450878143
0.14539198577404022
0.1512163132429123
0.15885065495967865
0.1495535522699356
0.14147019386291504
0.13370108604431152
0.14091640710830688
0.16379819810390472
0.12602993845939636
0.15317483246326447
0.1388198435306549
0.14254863560199738
0.13407517969608307
0.1355658322572708
0.13969562947750092
0.15259495377540588
0.1382649689912796
0.13472609221935272
0.15838958323001862
0.15252360701560974
0.12401065230369568
0.14369188249111176
0.1231926754117012
0.14636169373989105
0.13636794686317444
0.13917917013168335
0.13873381912708282
0.15016202628612518
0.1353018879890442
0.13373152911663055
0.12935009598731995
0.13584960997104645
0.1305629163980484
0.13292168080806732
0.13847783207893372
0.13144266605377197
0.14697186648845673
0.12569350004196167
0.12937384843826294
0.14146865904331207
0.123044952750206
0.11748190969228745
0.14334018528461456
0.13783173263072968
0.12315783649682999
0.11949320882558823
0.12239664047956467
0.13402989506721497
0.13024714589118958
0.12902076542377472
0.140223890542984
0.13753114640712738
0.11599329859018326
0.1267714500427246
0.1492597609758377
0.11219947785139084
0.12189922481775284
0.13024473190307617
0.14137928187847137
0.12353672832250595
0.14207462966442108
0.1323961317539215
0.13843797147274017
0.12978605926036835
0.13944362103939056
0.11524256318807602
0.13179825246334076
0.14828871190547943
0.13888099789619446
0.13322387635707855
0.13078361749649048
0.12295903265476227
0.12115472555160522
0.12506839632987976
0.1082267314195633
0.127112478017807
0.13256868720054626
0.13768841326236725
0.1264265477657318
0.11858431249856949
0.1145189106464386
0.12798424065113068
0.12214666604995728
0.1338597536087036
0.13441823422908783
0.1295190453529358
0.12354863435029984
0.12676075100898743
0.11672652512788773
0.11308182775974274
0.11579831689596176
0.12894757091999054
0.11743735522031784
0.11918553709983826
0.12645754218101501
0.12234718352556229
0.1365266591310501
0.11779407411813736
0.11760660260915756
0.11986994743347168
0.12752947211265564
0.12031497061252594
0.12873952090740204
0.12377370148897171
0.12350984662771225
0.12086423486471176
0.11838030070066452
0.11421037465333939
0.12567706406116486
0.1217653751373291
0.12984034419059753
0.11992114037275314
0.12946541607379913
0.1163480207324028
0.11841710656881332
0.10754290223121643
0.11523197591304779
0.1104673445224762
0.1194365918636322
0.12799349427223206
0.12618772685527802
0.114595927298069
0.11018375307321548
0.12292258441448212
0.11007551103830338
0.12865108251571655
0.12391200661659241
0.11662989854812622
0.11775602400302887
0.12092642486095428
0.11568053066730499
0.10719556361436844
0.11451689153909683
0.10511992871761322
0.11412270367145538
0.13114945590496063
0.10862474143505096
0.13105343282222748
0.09954649209976196
0.10296069830656052
0.12547096610069275
0.10396084189414978
0.12083075195550919
0.10853290557861328
0.1215633824467659
0.11559421569108963
0.11281514167785645
0.11301544308662415
0.11050626635551453
0.1079094409942627
0.10425052046775818
0.12374092638492584
0.10750090330839157
0.12330655008554459
0.1126776859164238
0.1217069923877716
0.11367999017238617
0.134397953748703
0.12248333543539047
0.1107831597328186
0.12549655139446259
0.10562857240438461
0.09994518756866455
0.11038457602262497
0.11567158252000809
0.10707017779350281
0.11718085408210754
0.11119551211595535
0.11097224056720734
0.10684535652399063
0.11483290791511536
0.1006375104188919
0.1036643385887146
0.10357104241847992
0.11302931606769562
0.11048196256160736
0.10257043689489365
0.10821402817964554
0.10694102197885513
0.1167110875248909
0.12330475449562073
0.11570310592651367
0.09885121136903763
0.10996570438146591
0.12219154089689255
0.11276543140411377
0.11055053025484085
0.11774835735559464
0.12000851333141327
0.11420101672410965
0.12227769941091537
0.09389539808034897
0.11046846210956573
0.12829037010669708
0.1278093159198761
0.11645398288965225
0.10714857280254364
0.1072581484913826
0.11256976425647736
0.09289878606796265
0.10799341648817062
0.09931287169456482
0.12920330464839935
0.09484872967004776
0.08388291299343109
0.10952924191951752
0.1250586062669754
0.10498867183923721
0.11721694469451904
0.10879712551832199
0.10268306732177734
0.11353805661201477
0.10416973382234573
0.11258364468812943
0.09859809279441833
0.1150229275226593
0.10120026022195816
0.09893487393856049
0.09968547523021698
0.09557075798511505
0.12241155654191971
0.11566098779439926
0.11621881276369095
0.10558169335126877
0.12360376119613647
0.12383788079023361
0.10594732314348221
0.11745090782642365
0.10780719667673111
0.11661073565483093
0.103485107421875
0.11791305243968964
0.11312330514192581
0.10590563714504242
0.09121279418468475
0.10523895174264908
0.10446491092443466
0.11553659290075302
0.10354273021221161
0.1164792999625206
0.09798220545053482
0.10319485515356064
0.09732110798358917
0.11001948267221451
0.1033262237906456
0.09416206181049347
0.10294437408447266
0.10954943299293518
0.10672252625226974
0.10386013984680176
0.09815695881843567
0.10447134077548981
0.0941670760512352
0.11397738754749298
0.1057293713092804
0.12560509145259857
0.09482374787330627
0.1020388975739479
0.10377276688814163
0.09762803465127945
0.08783908188343048
0.10940058529376984
0.10724282264709473
0.10111621767282486
0.10323881357908249
0.11633586138486862
0.13825032114982605
0.11095556616783142
0.0943206399679184
0.1117674931883812
0.10527000576257706
0.1015549898147583
0.10280422866344452
0.09984245151281357
0.1152881383895874
0.11898983269929886
0.1117773950099945
0.0917738601565361
0.10017669200897217
0.09369530528783798
0.10024616867303848
0.1048189103603363
0.10461016744375229
0.11653309315443039
0.1174638420343399
0.10441188514232635
0.09321733564138412
0.10868863761425018
0.11592607200145721
0.10382213443517685
0.09320037811994553
0.10632923245429993
0.1121618002653122
0.10427930951118469
0.10601840913295746
0.10756785422563553
0.10614889860153198
0.09187568724155426
0.09115111082792282
0.1033596619963646
0.11466970294713974
0.09412633627653122
0.1004287600517273
0.09640694409608841
0.10324568301439285
0.1114102154970169
0.11125142872333527
0.10642677545547485
0.08067798614501953
0.09212588518857956
0.10513639450073242
0.10199376195669174
0.11026893556118011
0.11044158041477203
0.0972571149468422
0.09865164011716843
0.10065311938524246
0.09946861863136292
0.10638216137886047
0.10237996280193329
0.10164083540439606
0.12415752559900284
0.10650239139795303
0.10055939853191376
0.10145517438650131
0.09979016333818436
0.10260291397571564
0.09980370104312897
0.11077429354190826
0.0983397364616394
0.08351975679397583
0.10461083799600601
0.0995771735906601
0.10792116075754166
0.1021401584148407
0.10025876760482788
0.09032440185546875
0.10063041746616364
0.1021411120891571
0.11654028296470642
0.09252216666936874
0.08937429636716843
0.09698354452848434
0.101773202419281
0.09192575514316559
0.10274052619934082
0.09267798811197281
0.09020726382732391
0.09588438272476196
0.09290484338998795
0.10737002640962601
0.09970512241125107
0.10027913004159927
0.09202292561531067
0.09647653251886368
0.10089896619319916
0.09451740980148315
0.0866054967045784
0.10240805894136429
0.09338101744651794
0.10102114826440811
0.10959147661924362
0.09065897017717361
0.10723615437746048
0.08809016644954681
0.10620123147964478
0.09710124880075455
0.10612044483423233
0.10196204483509064
0.10439156740903854
0.09885893017053604
0.09535764902830124
0.10343335568904877
0.09854565560817719
0.11890900135040283
0.08683814853429794
