0.5623052716255188
0.5934579372406006
0.6230529546737671
0.6059190034866333
0.644859790802002
0.6401869058609009
0.6619937419891357
0.6401869058609009
0.6355140209197998
0.6386292576789856
0.6526479721069336
0.6713395714759827
0.6853582262992859
0.6651090383529663
0.6697819232940674
0.6697819232940674
0.6900311708450317
0.663551390171051
0.6822429895401001
0.6947040557861328
0.7024922370910645
0.7102803587913513
0.704049825668335
0.6791277527809143
0.718068540096283
0.7305296063423157
0.7305296063423157
0.7289719581604004
0.722741425037384
0.7305296063423157
0.7492212057113647
0.7258567214012146
0.7414330244064331
0.7445482611656189
0.7554517388343811
0.777258574962616
0.7476635575294495
0.7352024912834167
0.7616822719573975
0.7663551568984985
0.7741432785987854
0.777258574962616
0.7523364424705505
0.7710280418395996
0.7523364424705505
0.7647975087165833
0.777258574962616
0.7741432785987854
0.7928348779678345
0.7897196412086487
0.7616822719573975
0.7725856900215149
0.7897196412086487
0.7694703936576843
0.7725856900215149
0.7803738117218018
0.795950174331665
0.7943925261497498
0.7928348779678345
0.7943925261497498
0.7757009267807007
0.777258574962616
0.8052959442138672
0.7834891080856323
0.7928348779678345
0.7834891080856323
0.8068535923957825
0.8006230592727661
0.8099688291549683
0.7897196412086487
0.7928348779678345
0.8006230592727661
0.7928348779678345
0.7694703936576843
0.795950174331665
0.7928348779678345
0.8037382960319519
0.7990654110908508
0.8021807074546814
0.781931459903717
0.8084112405776978
0.7834891080856323
0.7850467562675476
0.7975077629089355
0.795950174331665
0.8021807074546814
0.8115264773368835
0.8115264773368835
0.7881619930267334
0.8193146586418152
0.8006230592727661
0.795950174331665
0.8177570104598999
0.8130841255187988
0.7943925261497498
0.8099688291549683
0.8115264773368835
0.8006230592727661
0.8208722472190857
0.8239875435829163
0.8115264773368835
0.8084112405776978
0.8052959442138672
0.8099688291549683
0.8130841255187988
0.8084112405776978
0.8099688291549683
0.8052959442138672
0.8052959442138672
0.8146417737007141
0.8052959442138672
0.795950174331665
0.7928348779678345
0.8084112405776978
0.8239875435829163
0.8084112405776978
0.8052959442138672
0.8021807074546814
0.8115264773368835
0.8052959442138672
0.8239875435829163
0.8130841255187988
0.8193146586418152
0.8193146586418152
0.8084112405776978
0.8177570104598999
0.8255451917648315
0.8021807074546814
0.8208722472190857
0.8177570104598999
0.8333333134651184
0.8068535923957825
0.7975077629089355
0.8115264773368835
0.8146417737007141
0.827102780342102
0.8099688291549683
0.8255451917648315
0.8130841255187988
0.8084112405776978
0.8255451917648315
0.8161993622779846
0.8255451917648315
0.8208722472190857
0.827102780342102
0.822429895401001
0.8084112405776978
0.8084112405776978
0.8255451917648315
0.8239875435829163
0.8317757248878479
0.8161993622779846
0.8239875435829163
0.8239875435829163
0.822429895401001
0.8255451917648315
0.8130841255187988
0.8317757248878479
0.8193146586418152
0.8193146586418152
0.8333333134651184
0.8037382960319519
0.8115264773368835
0.8255451917648315
0.8177570104598999
0.8302180767059326
0.822429895401001
0.827102780342102
0.8161993622779846
0.8130841255187988
0.8193146586418152
0.8115264773368835
0.8348909616470337
0.822429895401001
0.8239875435829163
0.8348909616470337
0.8348909616470337
0.8208722472190857
0.8317757248878479
0.8380062580108643
0.8177570104598999
0.8457943797111511
0.8348909616470337
0.822429895401001
0.827102780342102
0.8239875435829163
0.8317757248878479
0.8380062580108643
0.8068535923957825
0.8115264773368835
0.84112149477005
0.8239875435829163
0.827102780342102
0.8177570104598999
0.836448609828949
0.822429895401001
0.8255451917648315
0.836448609828949
0.8380062580108643
0.84112149477005
0.822429895401001
0.836448609828949
0.8255451917648315
0.8380062580108643
0.8208722472190857
0.8255451917648315
0.8286604285240173
0.8239875435829163
0.8426791429519653
0.8255451917648315
0.827102780342102
0.8208722472190857
0.8255451917648315
0.8255451917648315
0.855140209197998
0.8177570104598999
0.8255451917648315
0.8442367315292358
0.84112149477005
0.822429895401001
0.8208722472190857
0.8473520278930664
0.8348909616470337
0.8473520278930664
0.8395638465881348
0.8457943797111511
0.8286604285240173
0.8489096760749817
0.822429895401001
0.8302180767059326
0.8239875435829163
0.8193146586418152
0.8255451917648315
0.855140209197998
0.8333333134651184
0.84112149477005
0.8317757248878479
0.8302180767059326
0.8348909616470337
0.8348909616470337
0.84112149477005
0.836448609828949
0.8380062580108643
0.8380062580108643
0.8395638465881348
0.84112149477005
0.8504672646522522
0.8426791429519653
0.8473520278930664
0.84112149477005
0.8504672646522522
0.827102780342102
0.8333333134651184
0.8255451917648315
0.8473520278930664
0.836448609828949
0.8395638465881348
0.8380062580108643
0.8489096760749817
0.8457943797111511
0.8333333134651184
0.8380062580108643
0.8395638465881348
0.8473520278930664
0.8457943797111511
0.855140209197998
0.8473520278930664
0.8489096760749817
0.8535825610160828
0.8457943797111511
0.8442367315292358
0.84112149477005
0.8426791429519653
0.8442367315292358
0.8473520278930664
0.8348909616470337
0.8473520278930664
0.8395638465881348
0.8473520278930664
0.84112149477005
0.84112149477005
0.8208722472190857
0.8442367315292358
0.8426791429519653
0.8535825610160828
0.8504672646522522
0.8380062580108643
0.8380062580108643
0.8566977977752686
0.8520249128341675
0.8629283308982849
0.84112149477005
0.8535825610160828
0.8426791429519653
0.8566977977752686
0.8442367315292358
0.8504672646522522
0.8489096760749817
0.8426791429519653
0.827102780342102
0.8380062580108643
0.8395638465881348
0.8520249128341675
0.8489096760749817
0.8504672646522522
0.8520249128341675
0.8286604285240173
0.8535825610160828
0.8442367315292358
0.8598130941390991
0.8582554459571838
0.8473520278930664
0.8582554459571838
0.8566977977752686
0.8504672646522522
0.8520249128341675
0.8426791429519653
0.8395638465881348
0.8442367315292358
0.8473520278930664
0.8520249128341675
0.8395638465881348
0.8426791429519653
0.8489096760749817
0.8582554459571838
0.8395638465881348
0.8504672646522522
0.8473520278930664
0.8535825610160828
0.8489096760749817
0.855140209197998
0.8520249128341675
0.8489096760749817
0.8395638465881348
0.8566977977752686
0.8582554459571838
0.8535825610160828
0.8629283308982849
0.8442367315292358
0.8582554459571838
0.8660436272621155
0.8426791429519653
0.8457943797111511
0.8504672646522522
0.8582554459571838
0.855140209197998
0.8489096760749817
0.8489096760749817
0.8613707423210144
0.8520249128341675
0.8442367315292358
0.8504672646522522
0.8457943797111511
0.8380062580108643
0.855140209197998
0.8504672646522522
0.8395638465881348
0.8426791429519653
0.8504672646522522
0.8442367315292358
0.8566977977752686
0.8333333134651184
0.8442367315292358
0.8473520278930664
0.8582554459571838
0.8598130941390991
0.8520249128341675
0.8457943797111511
0.8566977977752686
0.8676012754440308
0.855140209197998
0.8395638465881348
0.8473520278930664
0.8504672646522522
0.8395638465881348
0.8520249128341675
0.84112149477005
0.855140209197998
0.84112149477005
0.8380062580108643
0.8489096760749817
0.8442367315292358
0.8504672646522522
0.8535825610160828
0.8473520278930664
0.8629283308982849
0.8442367315292358
0.8582554459571838
0.8504672646522522
0.8598130941390991
0.8644859790802002
0.8457943797111511
0.8504672646522522
0.8582554459571838
0.8520249128341675
0.8613707423210144
0.8738317489624023
0.8380062580108643
0.8520249128341675
0.8504672646522522
0.8473520278930664
0.855140209197998
0.8348909616470337
0.8598130941390991
0.8535825610160828
0.8613707423210144
0.8566977977752686
0.8395638465881348
0.8473520278930664
0.8473520278930664
0.8520249128341675
0.855140209197998
0.8707165122032166
0.855140209197998
0.8520249128341675
0.8582554459571838
0.8566977977752686
0.855140209197998
0.8566977977752686
0.8520249128341675
0.8520249128341675
0.8504672646522522
0.8598130941390991
0.8520249128341675
0.8629283308982849
0.8520249128341675
0.8566977977752686
0.8566977977752686
0.855140209197998
0.8598130941390991
0.8535825610160828
0.8426791429519653
0.8566977977752686
0.8473520278930664
0.8598130941390991
0.8676012754440308
0.8520249128341675
0.8535825610160828
0.8582554459571838
0.8629283308982849
0.8457943797111511
0.8520249128341675
0.8520249128341675
0.8457943797111511
0.8520249128341675
0.855140209197998
0.8457943797111511
0.8380062580108643
0.8613707423210144
0.8582554459571838
0.8566977977752686
0.8535825610160828
0.8473520278930664
0.8613707423210144
0.8613707423210144
0.8644859790802002
0.8629283308982849
0.8598130941390991
0.8582554459571838
0.8769470453262329
0.8520249128341675
0.8582554459571838
0.855140209197998
0.8566977977752686
0.8660436272621155
0.8660436272621155
0.8707165122032166
0.8504672646522522
0.8644859790802002
0.8598130941390991
0.8504672646522522
0.8582554459571838
0.855140209197998
0.8660436272621155
0.8582554459571838
0.8691588640213013
0.8629283308982849
0.8660436272621155
0.8660436272621155
0.8676012754440308
0.8660436272621155
0.8473520278930664
0.8598130941390991
0.8613707423210144
0.8535825610160828
0.8644859790802002
0.855140209197998
0.8613707423210144
0.8520249128341675
0.8660436272621155
0.855140209197998
0.8489096760749817
0.8598130941390991
0.8598130941390991
0.8535825610160828
0.855140209197998
0.8629283308982849
0.8613707423210144
0.855140209197998
0.8489096760749817
0.8582554459571838
0.855140209197998
0.8426791429519653
0.8660436272621155
0.8613707423210144
0.8707165122032166
0.8473520278930664
0.8520249128341675
0.8520249128341675
0.8520249128341675
0.8644859790802002
0.8582554459571838
0.855140209197998
0.8504672646522522
0.855140209197998
0.855140209197998
0.8598130941390991
0.8598130941390991
0.8489096760749817
0.8582554459571838
0.8676012754440308
0.855140209197998
0.8582554459571838
0.8504672646522522
0.8676012754440308
0.8660436272621155
0.8520249128341675
0.8598130941390991
0.8707165122032166
0.8660436272621155
0.8535825610160828
0.8395638465881348
0.8722741603851318
0.8660436272621155
0.8613707423210144
0.8660436272621155
0.8613707423210144
0.8613707423210144
0.8566977977752686
0.8520249128341675
0.8598130941390991
0.8707165122032166
0.8644859790802002
0.8598130941390991
0.8676012754440308
0.8613707423210144
0.8613707423210144
0.8582554459571838
0.8442367315292358
0.8473520278930664
0.8613707423210144
0.8582554459571838
0.8566977977752686
0.8582554459571838
0.855140209197998
0.8707165122032166
0.8691588640213013
0.8691588640213013
0.8504672646522522
0.8566977977752686
0.8535825610160828
0.8629283308982849
0.8582554459571838
0.8598130941390991
0.8566977977752686
0.8660436272621155
0.8489096760749817
0.8535825610160828
0.8660436272621155
0.8566977977752686
0.8707165122032166
0.8691588640213013
0.8629283308982849
0.8613707423210144
0.8629283308982849
0.8520249128341675
0.8613707423210144
0.8535825610160828
0.8613707423210144
0.8629283308982849
0.8660436272621155
0.8535825610160828
0.855140209197998
0.8535825610160828
0.855140209197998
0.8582554459571838
0.8629283308982849
0.8676012754440308
0.8629283308982849
0.8473520278930664
0.8676012754440308
0.8613707423210144
0.8504672646522522
0.8676012754440308
0.8582554459571838
0.8598130941390991
0.8598130941390991
0.8489096760749817
0.8582554459571838
0.8613707423210144
0.8660436272621155
0.855140209197998
0.8738317489624023
0.855140209197998
0.8489096760749817
0.8535825610160828
0.8535825610160828
0.8489096760749817
0.8598130941390991
0.855140209197998
0.8535825610160828
0.8598130941390991
0.855140209197998
0.8613707423210144
0.8707165122032166
0.8489096760749817
0.8582554459571838
0.8629283308982849
0.8644859790802002
0.8660436272621155
0.8691588640213013
0.8504672646522522
0.8613707423210144
0.8691588640213013
0.8504672646522522
0.8457943797111511
0.8660436272621155
0.855140209197998
0.8613707423210144
0.855140209197998
0.8676012754440308
0.8613707423210144
0.8753893971443176
0.8520249128341675
0.8644859790802002
0.855140209197998
0.8644859790802002
0.8489096760749817
0.8598130941390991
0.8644859790802002
0.8660436272621155
0.8644859790802002
0.8582554459571838
0.8582554459571838
0.855140209197998
0.8613707423210144
0.8520249128341675
0.8504672646522522
0.8613707423210144
0.8582554459571838
0.8613707423210144
0.8613707423210144
0.855140209197998
0.8598130941390991
0.8566977977752686
0.855140209197998
0.8566977977752686
0.8566977977752686
0.8738317489624023
0.8598130941390991
0.8582554459571838
0.8582554459571838
0.8613707423210144
0.8691588640213013
0.8457943797111511
0.8629283308982849
0.8707165122032166
0.8660436272621155
0.8473520278930664
0.8598130941390991
0.8535825610160828
0.8598130941390991
0.8707165122032166
0.8504672646522522
0.8566977977752686
0.8535825610160828
0.8582554459571838
0.8535825610160828
0.8613707423210144
0.8582554459571838
0.8644859790802002
0.8582554459571838
0.8598130941390991
0.8566977977752686
0.8629283308982849
0.8707165122032166
0.8676012754440308
0.8644859790802002
0.8598130941390991
0.8535825610160828
0.855140209197998
0.8644859790802002
0.8520249128341675
0.8520249128341675
0.8722741603851318
0.8566977977752686
0.8753893971443176
0.8644859790802002
0.8613707423210144
0.8535825610160828
0.8707165122032166
0.8598130941390991
0.8613707423210144
0.8504672646522522
0.8676012754440308
0.8535825610160828
0.8566977977752686
0.8769470453262329
0.8504672646522522
0.8676012754440308
0.8566977977752686
0.8473520278930664
0.8676012754440308
0.8644859790802002
0.8535825610160828
0.8676012754440308
0.8629283308982849
0.8598130941390991
0.8707165122032166
0.8598130941390991
0.8582554459571838
0.8582554459571838
0.8535825610160828
0.8473520278930664
0.8473520278930664
0.8598130941390991
0.8644859790802002
0.8644859790802002
0.8504672646522522
0.8676012754440308
0.8629283308982849
0.8660436272621155
0.8566977977752686
0.8707165122032166
0.8785046935081482
0.8613707423210144
0.8660436272621155
0.8582554459571838
0.8691588640213013
0.8535825610160828
0.8644859790802002
0.8473520278930664
0.8629283308982849
0.8613707423210144
0.8707165122032166
0.8613707423210144
0.8582554459571838
0.8691588640213013
0.855140209197998
0.8629283308982849
0.8644859790802002
0.8582554459571838
0.855140209197998
0.8598130941390991
0.8504672646522522
0.855140209197998
0.8629283308982849
0.8598130941390991
0.8598130941390991
0.8644859790802002
0.8660436272621155
0.8520249128341675
0.8566977977752686
0.8738317489624023
0.8566977977752686
0.8660436272621155
0.855140209197998
0.855140209197998
0.8629283308982849
0.8598130941390991
0.8738317489624023
0.8613707423210144
0.8722741603851318
0.8566977977752686
0.8676012754440308
0.8613707423210144
0.8660436272621155
0.8691588640213013
0.8566977977752686
0.8582554459571838
0.855140209197998
0.8566977977752686
0.855140209197998
0.8629283308982849
0.8644859790802002
0.8598130941390991
0.8535825610160828
0.8644859790802002
0.8598130941390991
0.8504672646522522
0.8598130941390991
0.8629283308982849
0.8582554459571838
0.8722741603851318
0.8566977977752686
0.8691588640213013
0.8644859790802002
0.8489096760749817
0.8598130941390991
0.8644859790802002
0.8753893971443176
0.8613707423210144
0.8520249128341675
0.855140209197998
0.8722741603851318
0.8566977977752686
0.8613707423210144
0.8738317489624023
0.8613707423210144
0.8457943797111511
0.8598130941390991
0.8691588640213013
0.8613707423210144
0.8582554459571838
0.8582554459571838
0.8629283308982849
0.8582554459571838
0.8566977977752686
0.8489096760749817
0.8660436272621155
0.855140209197998
0.8598130941390991
0.8613707423210144
0.855140209197998
0.8535825610160828
0.8707165122032166
0.8660436272621155
0.8676012754440308
0.8566977977752686
0.8520249128341675
0.8691588640213013
0.855140209197998
0.8613707423210144
0.8613707423210144
0.8582554459571838
0.8660436272621155
0.8613707423210144
0.8691588640213013
0.8629283308982849
0.8738317489624023
0.8722741603851318
0.8629283308982849
0.8598130941390991
0.8738317489624023
0.8691588640213013
0.8442367315292358
0.8598130941390991
0.8644859790802002
0.8598130941390991
0.855140209197998
0.8613707423210144
0.8660436272621155
0.8566977977752686
0.8598130941390991
0.8722741603851318
0.8644859790802002
0.8676012754440308
0.8598130941390991
0.8738317489624023
0.8520249128341675
0.8598130941390991
0.8613707423210144
0.8598130941390991
0.8753893971443176
0.8582554459571838
