0.7608721256256104
0.5873264074325562
0.5089946389198303
0.4549221098423004
0.4375790059566498
0.4142402708530426
0.4029132127761841
0.3907986581325531
0.36022046208381653
0.3686366677284241
0.3676014244556427
0.3654443621635437
0.3357393443584442
0.3409302234649658
0.3305424749851227
0.34548890590667725
0.3287867605686188
0.33777984976768494
0.32937073707580566
0.3353566527366638
0.3384878933429718
0.32511213421821594
0.3185500502586365
0.3186757564544678
0.3085400462150574
0.3084309697151184
0.30542150139808655
0.30800551176071167
0.3158419728279114
0.2810550332069397
0.2916192412376404
0.3009409010410309
0.29131850600242615
0.2893636226654053
0.2879505455493927
0.29586583375930786
0.29702436923980713
0.29423514008522034
0.29836928844451904
0.28515538573265076
0.2903097867965698
0.2791406214237213
0.2823115885257721
0.27807459235191345
0.27419790625572205
0.27626997232437134
0.27836960554122925
0.26702961325645447
0.2686976492404938
0.28036829829216003
0.28439101576805115
0.26994532346725464
0.27096888422966003
0.27308908104896545
0.25679174065589905
0.278302401304245
0.2648153007030487
0.2574608325958252
0.2655576169490814
0.2590237259864807
0.2669619917869568
0.2611248791217804
0.2463284730911255
0.2555072605609894
0.24572668969631195
0.2545723021030426
0.25719016790390015
0.25106918811798096
0.2601776123046875
0.243173286318779
0.24963293969631195
0.24108807742595673
0.24680830538272858
0.24714557826519012
0.2378043532371521
0.2455732226371765
0.23490972816944122
0.25026071071624756
0.22982168197631836
0.2406071275472641
0.2337985634803772
0.23249265551567078
0.24101229012012482
0.2432578057050705
0.22238527238368988
0.23658645153045654
0.2301567941904068
0.22920773923397064
0.2306460291147232
0.24345454573631287
0.23517632484436035
0.2325301617383957
0.22356578707695007
0.22064223885536194
0.2164647877216339
0.2219664603471756
0.22311879694461823
0.21938954293727875
0.22380943596363068
0.22321803867816925
0.22031977772712708
0.23079125583171844
0.22409476339817047
0.2080886960029602
0.2248045951128006
0.2158682495355606
0.22093676030635834
0.21175721287727356
0.20213913917541504
0.21141494810581207
0.21682211756706238
0.20731957256793976
0.20543447136878967
0.2021220624446869
0.20655326545238495
0.20315882563591003
0.19677332043647766
0.20360980927944183
0.2045251429080963
0.22486163675785065
0.20877422392368317
0.21484346687793732
0.20224976539611816
0.20100811123847961
0.19345040619373322
0.20232990384101868
0.1977745145559311
0.18920128047466278
0.19190913438796997
0.20392580330371857
0.19996851682662964
0.19271910190582275
0.19396385550498962
0.19006773829460144
0.18873141705989838
0.1888197660446167
0.18937604129314423
0.19231466948986053
0.18766912817955017
0.18272045254707336
0.18380388617515564
0.1912430375814438
0.19188012182712555
0.17846758663654327
0.18316805362701416
0.18727736175060272
0.18786515295505524
0.18581876158714294
0.18149951100349426
0.18025422096252441
0.17545050382614136
0.18583853542804718
0.16998837888240814
0.1772010773420334
0.1799493283033371
0.17885906994342804
0.18201087415218353
0.1700253188610077
0.17491847276687622
0.17260096967220306
0.17461618781089783
0.17617715895175934
0.17812374234199524
0.18164920806884766
0.1822069138288498
0.18151739239692688
0.1767391711473465
0.17424719035625458
0.18585485219955444
0.18118810653686523
0.175003781914711
0.1782354861497879
0.1794024258852005
0.16857419908046722
0.17032042145729065
0.16618238389492035
0.17459312081336975
0.17813722789287567
0.16204248368740082
0.15818557143211365
0.17106737196445465
0.17136630415916443
0.16287082433700562
0.17174692451953888
0.1646287441253662
0.16882820427417755
0.16191387176513672
0.17544223368167877
0.16743244230747223
0.1613219976425171
0.1678462028503418
0.17356495559215546
0.16963233053684235
0.17190894484519958
0.17035886645317078
0.16070066392421722
0.16958004236221313
0.16135309636592865
0.16456454992294312
0.16314326226711273
0.16718418896198273
0.16372671723365784
0.1622176319360733
0.16610592603683472
0.16132281720638275
0.1689538210630417
0.1497337371110916
0.15297654271125793
0.1707465797662735
0.16223379969596863
0.1647508144378662
0.16165706515312195
0.17309923470020294
0.15481552481651306
0.1611887663602829
0.15476368367671967
0.16420744359493256
0.15612998604774475
0.15628573298454285
0.1643722802400589
0.15201695263385773
0.16085821390151978
0.15508750081062317
0.1452195644378662
0.15898258984088898
0.1474013775587082
0.1522853970527649
0.16470777988433838
0.15246596932411194
0.16487424075603485
0.1600501388311386
0.1514240801334381
0.1620074212551117
0.1522870808839798
0.14968818426132202
0.14511674642562866
0.1564868986606598
0.152703657746315
0.14977091550827026
0.15588225424289703
0.15867328643798828
0.15086930990219116
0.15570414066314697
0.15417473018169403
0.15273399651050568
0.1517527848482132
0.15870359539985657
0.15149608254432678
0.14282546937465668
0.146624356508255
0.15175402164459229
0.13582322001457214
0.14373746514320374
0.14821456372737885
0.14895367622375488
0.14487385749816895
0.15284031629562378
0.14188112318515778
0.1446244716644287
0.1492023766040802
0.14951598644256592
0.1536116600036621
0.1566685289144516
0.15039055049419403
0.15407679975032806
0.14372658729553223
0.14939577877521515
0.1413774937391281
0.15133234858512878
0.14732983708381653
0.15122686326503754
0.1382809281349182
0.13804717361927032
0.15370824933052063
0.13313759863376617
0.146262526512146
0.1419740617275238
0.1415485441684723
0.1485220193862915
0.1369112730026245
0.1406087726354599
0.14157316088676453
0.13704374432563782
0.152131125330925
0.14312401413917542
0.14216478168964386
0.1401970386505127
0.13354377448558807
0.14155681431293488
0.14509069919586182
0.14341159164905548
0.13904960453510284
0.1446826457977295
0.1449783593416214
0.14673349261283875
0.14575691521167755
0.14055220782756805
0.1442781388759613
0.13948574662208557
0.15181003510951996
0.13428030908107758
0.14216797053813934
0.14344756305217743
0.1358448565006256
0.13342975080013275
0.14445163309574127
0.1501767933368683
0.14162220060825348
0.13804112374782562
0.1502988636493683
0.14582866430282593
0.1272556185722351
0.14370498061180115
0.14106245338916779
0.13602720201015472
0.13826045393943787
0.14391128718852997
0.14294306933879852
0.14251893758773804
0.1242343857884407
0.1274855136871338
0.13349327445030212
0.12978966534137726
0.12755869328975677
0.13597171008586884
0.13413134217262268
0.12150584161281586
0.1457505077123642
0.13253848254680634
0.14392104744911194
0.14365610480308533
0.12717169523239136
0.13914021849632263
0.1351819932460785
0.12826363742351532
0.13227172195911407
0.14209792017936707
0.1301245242357254
0.1262158900499344
0.1376027762889862
0.1300063133239746
0.12806499004364014
0.13592194020748138
0.1295611411333084
0.1343408226966858
0.1427384316921234
0.14155986905097961
0.1296911984682083
0.13088561594486237
0.1267954558134079
0.1405586153268814
0.12617532908916473
0.12836895883083344
0.14241923391819
0.12843731045722961
0.1231500506401062
0.13503699004650116
0.13162560760974884
0.1302274465560913
0.1298588067293167
0.13441023230552673
0.13761544227600098
0.1464667022228241
0.13370420038700104
0.1260378062725067
0.1282738894224167
0.1340324431657791
0.12531551718711853
0.13712872564792633
0.1320098638534546
0.13117317855358124
0.1345404088497162
0.1372956782579422
0.1391720324754715
0.13280554115772247
0.132319375872612
0.12918256223201752
0.1344682276248932
0.12568409740924835
0.12954387068748474
0.12945695221424103
0.12708306312561035
0.13126809895038605
0.12998749315738678
0.1264515370130539
0.1295529007911682
0.12265593558549881
0.12707409262657166
0.13173426687717438
0.12490438669919968
0.1351030468940735
0.13091804087162018
0.1264706254005432
0.12240169197320938
0.11429517716169357
0.12941451370716095
0.13178130984306335
0.13026811182498932
0.12336459755897522
0.13481472432613373
0.12190210819244385
0.13338890671730042
0.12935788929462433
0.1222829595208168
0.13078425824642181
0.12195463478565216
0.1196991503238678
0.12837573885917664
0.11838150024414062
0.12600527703762054
0.12261683493852615
0.12009727954864502
0.13538604974746704
0.1263391524553299
0.1294153332710266
0.12260626256465912
0.12169285118579865
0.12451483309268951
0.1324586421251297
0.11880315095186234
0.11997756361961365
0.13372747600078583
0.12491579353809357
0.12622420489788055
0.11962498724460602
0.11842038482427597
0.12487650662660599
0.13148856163024902
0.124295674264431
0.13266685605049133
0.1269204020500183
0.12295471876859665
0.130721777677536
0.13319173455238342
0.12961944937705994
0.11754970252513885
0.1206146702170372
0.1254684329032898
0.1233668327331543
0.12732404470443726
0.13019303977489471
0.12456869333982468
0.1324450820684433
0.13051819801330566
0.12463610619306564
0.11812199652194977
0.1286849081516266
0.12575003504753113
0.11926969140768051
0.1260959804058075
0.12406835705041885
0.12106571346521378
0.12875357270240784
0.12725885212421417
0.12885037064552307
0.13227330148220062
0.12401227653026581
0.12802495062351227
0.1242348849773407
0.1300516277551651
0.129440575838089
0.12364248186349869
0.11957192420959473
0.12604157626628876
0.12444064021110535
0.1352149099111557
0.12639722228050232
0.12006823718547821
0.1337062120437622
0.13436776399612427
0.10982982814311981
0.1220407783985138
0.12964873015880585
0.126089945435524
0.11856849491596222
0.11617269366979599
0.11208058148622513
0.13321000337600708
0.13143937289714813
0.11740364134311676
0.12760232388973236
0.12484545260667801
0.128388449549675
0.13111548125743866
0.12362297624349594
0.1168174147605896
0.1215638741850853
0.12441188097000122
0.12310775369405746
0.11753791570663452
0.11773496121168137
0.12205757200717926
0.12387721985578537
0.11542307585477829
0.12159719318151474
0.11846498399972916
0.12055882811546326
0.11723578721284866
0.12265216559171677
0.12336409091949463
0.12176089733839035
0.11359048634767532
0.1280895173549652
0.12156222015619278
0.12016044557094574
0.11367039382457733
0.12561477720737457
0.12198768556118011
0.12908224761486053
0.13171659409999847
0.1202935203909874
0.12898874282836914
0.1289345771074295
0.12446853518486023
0.12856218218803406
0.11968643218278885
0.12085258215665817
0.12109217792749405
0.12720990180969238
0.13211961090564728
0.12785018980503082
0.12031685560941696
0.12256567925214767
0.1298973560333252
0.12554670870304108
0.11719687283039093
0.12832187116146088
0.12246234714984894
0.13401998579502106
0.1293746829032898
0.1198035255074501
0.1239352598786354
0.1167902946472168
0.12086237221956253
0.11685056984424591
0.12084449827671051
0.1172892227768898
0.12171310931444168
0.12041447311639786
0.11203444749116898
0.12333783507347107
0.11373306065797806
0.1262037605047226
0.11575353145599365
0.13358043134212494
0.12033871561288834
0.12419325858354568
0.1178845465183258
0.10702994465827942
0.12288264185190201
0.12180621922016144
0.11637356877326965
0.12494411319494247
0.13121958076953888
0.11152411252260208
0.1173638179898262
0.12254922091960907
0.11159347742795944
0.12465090304613113
0.11572852730751038
0.13120999932289124
0.11728508770465851
0.12237177789211273
0.11752147227525711
0.1273811012506485
0.12688767910003662
0.12048018723726273
0.11519970744848251
0.107083760201931
0.12240566313266754
0.11636969447135925
0.11869184672832489
0.12902523577213287
0.12848760187625885
0.11849812418222427
0.12493341416120529
0.1160174086689949
0.12541431188583374
0.1239086389541626
0.11911502480506897
0.11881551891565323
0.11985626816749573
0.10870339721441269
0.11301819980144501
0.1154254898428917
0.12022298574447632
0.12323357164859772
0.11715562641620636
0.12156248092651367
0.11412161588668823
0.13034503161907196
0.11564388126134872
0.11201988905668259
0.11964531987905502
0.11532009392976761
0.11918063461780548
0.11701467633247375
0.12005320191383362
0.11240444332361221
0.11545618623495102
0.11939461529254913
0.12397490441799164
0.12183308601379395
0.12077680975198746
0.11076007038354874
0.11956804990768433
0.11703334003686905
0.12652209401130676
0.11285223066806793
0.12375398725271225
0.11254660785198212
0.12210742384195328
