0.8528281450271606
0.6995095014572144
0.648414134979248
0.5978269577026367
0.5348772406578064
0.5391931533813477
0.48848965764045715
0.45863884687423706
0.4497160017490387
0.45126572251319885
0.4519311487674713
0.4005541503429413
0.41659122705459595
0.4176294803619385
0.39235246181488037
0.4020650088787079
0.3710945248603821
0.39127781987190247
0.3603096008300781
0.3857671022415161
0.3783847391605377
0.36275264620780945
0.3530454635620117
0.3540404736995697
0.3409423232078552
0.3554539680480957
0.33432868123054504
0.3569253385066986
0.343673974275589
0.3354015648365021
0.3352851867675781
0.35550519824028015
0.33033257722854614
0.3351445198059082
0.3189772963523865
0.2960871160030365
0.31140053272247314
0.32587310671806335
0.3475690186023712
0.3187919855117798
0.3075870871543884
0.31390562653541565
0.30552688241004944
0.3205946087837219
0.299500048160553
0.30231231451034546
0.29940587282180786
0.3165185749530792
0.31437358260154724
0.28542953729629517
0.2864750325679779
0.28441521525382996
0.2736673653125763
0.28324005007743835
0.28876248002052307
0.2959337830543518
0.2936440706253052
0.28543975949287415
0.2991110682487488
0.26369908452033997
0.2893138825893402
0.2716638445854187
0.2762755751609802
0.27374956011772156
0.26661980152130127
0.27991610765457153
0.2702506184577942
0.2742963433265686
0.2561965584754944
0.24371209740638733
0.26227137446403503
0.2769920527935028
0.26324817538261414
0.2622874677181244
0.25372472405433655
0.27162256836891174
0.27390196919441223
0.25450944900512695
0.26584556698799133
0.23412267863750458
0.2490147203207016
0.2384576052427292
0.2491600066423416
0.23747625946998596
0.2476261705160141
0.2531805634498596
0.25086718797683716
0.23013916611671448
0.24287402629852295
0.22838076949119568
0.2459281086921692
0.2320667803287506
0.23771116137504578
0.23686814308166504
0.23609349131584167
0.22720950841903687
0.23053425550460815
0.24186399579048157
0.22645385563373566
0.2187408208847046
0.21677342057228088
0.21758177876472473
0.22057726979255676
0.22333814203739166
0.22076748311519623
0.23238569498062134
0.2091742753982544
0.22861477732658386
0.20392157137393951
0.23039117455482483
0.22450660169124603
0.2185686230659485
0.2175624817609787
0.2069990634918213
0.2175658941268921
0.2116192728281021
0.22903858125209808
0.21644806861877441
0.24499212205410004
0.21168948709964752
0.20752359926700592
0.21593211591243744
0.21610121428966522
0.22635553777217865
0.20167826116085052
0.20093795657157898
0.19968844950199127
0.18437126278877258
0.20876404643058777
0.19184814393520355
0.19041956961154938
0.202543243765831
0.19517791271209717
0.18905700743198395
0.1884184181690216
0.1915281116962433
0.18481624126434326
0.17568930983543396
0.19490227103233337
0.2085046023130417
0.1937752068042755
0.1919555962085724
0.19155962765216827
0.17111124098300934
0.1765114665031433
0.17684756219387054
0.19154813885688782
0.18907539546489716
0.20135310292243958
0.19188763201236725
0.18899592757225037
0.1937161684036255
0.18909436464309692
0.1843113750219345
0.1872146725654602
0.17426420748233795
0.18815213441848755
0.17318174242973328
0.17757301032543182
0.17898662388324738
0.1720285266637802
0.18616612255573273
0.17695212364196777
0.17985598742961884
0.16868466138839722
0.18698452413082123
0.1754884272813797
0.1654512584209442
0.15868544578552246
0.16960443556308746
0.16327722370624542
0.1817632019519806
0.164631187915802
0.14964869618415833
0.17827066779136658
0.18072471022605896
0.17033584415912628
0.16250236332416534
0.17968636751174927
0.14920014142990112
0.17244847118854523
0.1797175407409668
0.16739094257354736
0.17847104370594025
0.1543915569782257
0.1742052435874939
0.15822774171829224
0.16494667530059814
0.16333967447280884
0.15923622250556946
0.1480180323123932
0.17419062554836273
0.15653349459171295
0.15052658319473267
0.1658676266670227
0.16730332374572754
0.1525896191596985
0.15145301818847656
0.16351500153541565
0.15955781936645508
0.16239304840564728
0.15283453464508057
0.15258680284023285
0.1660836786031723
0.16389887034893036
0.16163726150989532
0.18045574426651
0.14624258875846863
0.1566302478313446
0.1677827537059784
0.1527499556541443
0.16382549703121185
0.17354699969291687
0.17479367554187775
0.16907377541065216
0.15345339477062225
0.1562429815530777
0.15304750204086304
0.15768717229366302
0.15630261600017548
0.1534651517868042
0.1573355346918106
0.1371864527463913
0.1670750081539154
0.1596074253320694
0.1418897807598114
0.12637044489383698
0.14984667301177979
0.1431838870048523
0.1416577249765396
0.13174058496952057
0.14806173741817474
0.15540596842765808
0.15324616432189941
0.1403842270374298
0.1458284556865692
0.15496701002120972
0.1468847095966339
0.1357763111591339
0.14451788365840912
0.13336151838302612
0.12616024911403656
0.1572318971157074
0.1400432288646698
0.13145782053470612
0.14864781498908997
0.15196283161640167
0.134975403547287
0.15541435778141022
0.13794179260730743
0.1393529325723648
0.13505075871944427
0.11932899802923203
0.13067631423473358
0.1299872100353241
0.14613838493824005
0.13345564901828766
0.1395566165447235
0.11839114874601364
0.12923187017440796
0.1333816796541214
0.13855499029159546
0.13320498168468475
0.12623685598373413
0.12456592917442322
0.14151602983474731
0.11870227754116058
0.1324404627084732
0.1490093171596527
0.12315911799669266
0.14127130806446075
0.13516873121261597
0.1361662745475769
0.1415311098098755
0.12421267479658127
0.13871347904205322
0.1327507644891739
0.1369377076625824
0.15484559535980225
0.11972229927778244
0.13130983710289001
0.1202186644077301
0.12496151775121689
0.11965225636959076
0.11775654554367065
0.12960609793663025
0.1363951563835144
0.14539450407028198
0.12217947840690613
0.1434931457042694
0.13836321234703064
0.14316222071647644
0.12132618576288223
0.12023408710956573
0.12777824699878693
0.10912686586380005
0.12250789999961853
0.14276406168937683
0.11003458499908447
0.11831383407115936
0.1512201875448227
0.12213584035634995
0.1266304850578308
0.13751138746738434
0.13573206961154938
0.12482009083032608
0.13097167015075684
0.12015634775161743
0.12270685285329819
0.13549233973026276
0.13033153116703033
0.12019817531108856
0.13236117362976074
0.11536566913127899
0.14566296339035034
0.1120552197098732
0.14279720187187195
0.11786585301160812
0.111716628074646
0.11943677067756653
0.1232108324766159
0.12247606366872787
0.11681874841451645
0.11581330746412277
0.11745022982358932
0.11810684204101562
0.12123327702283859
0.12154180556535721
0.12827564775943756
0.1133786141872406
0.1105995625257492
0.12998048961162567
0.13542063534259796
0.11335200816392899
0.14200440049171448
0.11672136187553406
0.13946083188056946
0.1221783384680748
0.11625021696090698
0.12180933356285095
0.1228412613272667
0.11851493269205093
0.12080170214176178
0.1344376504421234
0.11634459346532822
0.12159892171621323
0.12329720705747604
0.12038929015398026
0.11350841820240021
0.10719515383243561
0.11861934512853622
0.11946520954370499
0.10941881686449051
0.11985371261835098
0.1160837709903717
0.11654974520206451
0.11011113226413727
0.1274704486131668
0.10963556170463562
0.10618225485086441
0.12855280935764313
0.10891667753458023
0.1279384344816208
0.11746295541524887
0.12777698040008545
0.11313934624195099
0.1230514645576477
0.11609935760498047
0.13826455175876617
0.11759647727012634
0.09398878365755081
0.1137523502111435
0.12408966571092606
0.1060740277171135
0.10595555603504181
0.12223885208368301
0.1261500120162964
0.127801775932312
0.11024077981710434
0.13537688553333282
0.11909578740596771
0.1318099945783615
0.11857938766479492
0.11514431983232498
0.1179211214184761
0.12319523096084595
0.11026919633150101
0.11852244287729263
0.11772459745407104
0.12969359755516052
0.1206875741481781
0.11153026670217514
0.10658837109804153
0.10316597670316696
0.11819471418857574
0.12394031882286072
0.1208963617682457
0.10719072073698044
0.10391043871641159
0.11560839414596558
0.1161576360464096
0.11919058114290237
0.12686216831207275
0.1063607707619667
0.10965537279844284
0.10932600498199463
0.1110430583357811
0.11147945374250412
0.11739213764667511
0.11436804383993149
0.11378741264343262
0.09697143733501434
0.1071484386920929
0.10480105876922607
0.10703589767217636
0.12016279995441437
0.09838797897100449
0.09849118441343307
0.12678538262844086
0.11223866045475006
0.09773100912570953
0.10948406904935837
0.118842214345932
0.14036370813846588
0.10711859166622162
0.11941681802272797
0.11850342899560928
0.11774198710918427
0.11381959915161133
0.11909303069114685
0.10262192785739899
0.1028139591217041
0.0981958657503128
0.1118098720908165
0.1182200089097023
0.10314565896987915
0.10207017511129379
0.11396847665309906
0.11930587887763977
0.09754587709903717
0.1076798215508461
0.11488092690706253
0.1240515187382698
0.09434874355792999
0.12664204835891724
0.11797496676445007
0.10007065534591675
0.10381913930177689
0.09748616069555283
0.10380689799785614
0.09519773721694946
0.11394500732421875
0.1043270155787468
0.12067912518978119
0.10991057008504868
0.09838686138391495
0.12056712806224823
0.09964814782142639
0.1109408289194107
0.10694000124931335
0.11762133985757828
0.09732978790998459
0.12514008581638336
0.10097120702266693
0.10420019179582596
0.10988350957632065
0.114288829267025
0.10767927765846252
0.12333709001541138
0.11522902548313141
0.09599611163139343
0.12304209917783737
0.10140851140022278
0.12223725765943527
0.11395907402038574
0.09416354447603226
0.11115077137947083
0.09603211283683777
0.11974523961544037
0.10400590300559998
0.0972118154168129
0.10975275933742523
0.11421233415603638
0.11604832857847214
0.11282284557819366
0.1145135909318924
0.12498349696397781
0.10255158692598343
0.09414492547512054
0.1006009504199028
0.1071581244468689
0.1067340075969696
0.11036784201860428
0.0908365249633789
0.09698118269443512
0.10253093391656876
0.10564787685871124
0.13037879765033722
0.11195600777864456
0.09894773364067078
0.10813338309526443
0.09760747849941254
0.11666795611381531
0.0965820774435997
0.11774742603302002
0.10541483014822006
0.10316657274961472
0.10788068175315857
0.10006894171237946
0.11132482439279556
0.11951278150081635
0.1094527542591095
0.1166699007153511
0.11328719556331635
0.11546225845813751
0.10893406718969345
0.11932946741580963
0.1354258954524994
0.11119275540113449
0.10361018776893616
0.10433492064476013
0.10204077512025833
0.10412715375423431
0.11052771657705307
0.10829322040081024
0.1030702218413353
0.10319898277521133
0.10318315029144287
0.11683383584022522
0.09428052604198456
0.10654197633266449
0.09555520117282867
0.10472999513149261
0.10590244829654694
0.12209128588438034
0.10421247035264969
0.09889392554759979
0.10311534255743027
0.10542687028646469
0.11442512273788452
0.11554177105426788
0.10483074188232422
0.0919710174202919
0.11848950386047363
0.11506832391023636
0.10812883824110031
0.10564662516117096
0.11147042363882065
0.10609731823205948
0.1028713658452034
0.11160426586866379
0.0931926742196083
0.11177762597799301
0.10227224975824356
0.09306120127439499
0.1066736951470375
0.11943326145410538
0.10754791647195816
0.10279703885316849
0.10117771476507187
0.09747907519340515
0.10053614526987076
0.11755874752998352
0.10190349072217941
0.10038234293460846
0.11456666141748428
0.09801067411899567
0.10163731873035431
0.09644396603107452
0.11089912056922913
0.1098024919629097
0.1014007031917572
0.11841801553964615
0.10815347731113434
0.10117637366056442
0.08180126547813416
0.12202595919370651
0.10609016567468643
0.10263370722532272
0.09202392399311066
0.0950959101319313
0.09951610863208771
0.08164754509925842
0.12205833196640015
0.09633941948413849
0.10011007636785507
0.1080881655216217
0.09767112880945206
0.09714397042989731
0.112725168466568
0.10508079081773758
0.099493108689785
0.11940939724445343
0.10161583125591278
0.10107285529375076
0.11098599433898926
0.10129056125879288
0.11579737067222595
0.09921180456876755
0.09076756983995438
0.1170877143740654
0.09403374791145325
0.1068793311715126
0.09202627092599869
0.11298529803752899
0.10329105705022812
0.09944790601730347
0.10711723566055298
0.10949225723743439
