1.6420364379882812
0.9294711947441101
0.8040145039558411
0.7472006678581238
0.6493394374847412
0.6774075031280518
0.611397922039032
0.6057237386703491
0.5926582217216492
0.5906305313110352
0.5546515583992004
0.5549266338348389
0.5294682383537292
0.5209358930587769
0.5217360854148865
0.5111988186836243
0.5120469331741333
0.5177549123764038
0.5035852789878845
0.5075177550315857
0.510482907295227
0.49364006519317627
0.5070667266845703
0.4763827323913574
0.47729578614234924
0.4860802888870239
0.46755725145339966
0.45872244238853455
0.46653857827186584
0.4515379071235657
0.46457555890083313
0.46852535009384155
0.4374256134033203
0.43322858214378357
0.4076509475708008
0.4386923313140869
0.439109742641449
0.42951807379722595
0.4286089837551117
0.4401029348373413
0.4123683571815491
0.4041784703731537
0.4239695072174072
0.3965297341346741
0.40438371896743774
0.3928372263908386
0.4155184030532837
0.42206576466560364
0.4074341356754303
0.42213597893714905
0.3894485533237457
0.3841255009174347
0.39224228262901306
0.41838738322257996
0.3675144612789154
0.3893086612224579
0.39855635166168213
0.3519620895385742
0.38814517855644226
0.37013766169548035
0.3484055697917938
0.35452646017074585
0.39088982343673706
0.34357979893684387
0.343149334192276
0.36103513836860657
0.3415609896183014
0.33641332387924194
0.34903785586357117
0.35102272033691406
0.34593266248703003
0.33339789509773254
0.3350256383419037
0.32067981362342834
0.32548829913139343
0.3174448013305664
0.3535541296005249
0.3169507384300232
0.3319813311100006
0.3345860540866852
0.33870768547058105
0.3048051595687866
0.3366302251815796
0.32156527042388916
0.327176570892334
0.33139970898628235
0.30568602681159973
0.3264443576335907
0.3176891803741455
0.318401962518692
0.31238627433776855
0.3312254250049591
0.2891300916671753
0.289343923330307
0.319367915391922
0.29562100768089294
0.29862114787101746
0.31120792031288147
0.30249840021133423
0.28981834650039673
0.29425761103630066
0.2976594567298889
0.3122865557670593
0.28647178411483765
0.2892240285873413
0.29011499881744385
0.28641968965530396
0.2952938973903656
0.27082276344299316
0.2897709608078003
0.2804650664329529
0.25867220759391785
0.2775873839855194
0.2801998257637024
0.28404465317726135
0.2865498960018158
0.2754659354686737
0.25769907236099243
0.3002239763736725
0.28342053294181824
0.28080201148986816
0.2996646761894226
0.27953335642814636
0.26603376865386963
0.2634558379650116
0.2581556439399719
0.24622216820716858
0.259418249130249
0.2591147720813751
0.28204265236854553
0.24832460284233093
0.24813459813594818
0.2577543258666992
0.246740460395813
0.2733945846557617
0.2642784118652344
0.247450053691864
0.26091474294662476
0.246433287858963
0.23586244881153107
0.2253533899784088
0.27164891362190247
0.26182305812835693
0.25257408618927
0.2308398336172104
0.24706707894802094
0.22374732792377472
0.25136420130729675
0.24346564710140228
0.2585882544517517
0.24073947966098785
0.2200281322002411
0.23317210376262665
0.22256429493427277
0.2273302674293518
0.22921186685562134
0.22742873430252075
0.25018519163131714
0.22003328800201416
0.2184743881225586
0.24300508201122284
0.24868610501289368
0.22006762027740479
0.22731633484363556
0.21828593313694
0.22836659848690033
0.21106459200382233
0.229410782456398
0.21316173672676086
0.2087041288614273
0.19516728818416595
0.23184947669506073
0.21293635666370392
0.2051035612821579
0.20543068647384644
0.21007749438285828
0.22037166357040405
0.19220200181007385
0.21861615777015686
0.22080644965171814
0.1899290829896927
0.19714874029159546
0.19634734094142914
0.1818518191576004
0.1950700432062149
0.18746750056743622
0.20650741457939148
0.1989949494600296
0.19154536724090576
0.2099280208349228
0.19478236138820648
0.1785200983285904
0.2089163064956665
0.19284415245056152
0.18691202998161316
0.19549158215522766
0.20567741990089417
0.19271589815616608
0.19456996023654938
0.1797904223203659
0.19665132462978363
0.19414199888706207
0.2014644742012024
0.17324204742908478
0.1916380226612091
0.1903378665447235
0.17273369431495667
0.1887528896331787
0.19090530276298523
0.18781839311122894
0.1857389211654663
0.18658530712127686
0.19495660066604614
0.1696949005126953
0.19440701603889465
0.1872391402721405
0.17695267498493195
0.1779862493276596
0.1866036355495453
0.17701973021030426
0.18608590960502625
0.16808031499385834
0.20895269513130188
0.1829545497894287
0.19644221663475037
0.1887412965297699
0.18067048490047455
0.1797974556684494
0.1727365106344223
0.18155767023563385
0.18565301597118378
0.1488785594701767
0.18496377766132355
0.1740609109401703
0.1751476228237152
0.16095009446144104
0.17007261514663696
0.1555066853761673
0.16941522061824799
0.17872512340545654
0.16537334024906158
0.16265161335468292
0.17369279265403748
0.17624254524707794
0.15240156650543213
0.18748483061790466
0.17382274568080902
0.16115514934062958
0.18568453192710876
0.1586577445268631
0.1634124368429184
0.17199067771434784
0.16861067712306976
0.16621249914169312
0.16726450622081757
0.15429021418094635
0.16085301339626312
0.16431909799575806
0.17556801438331604
0.16353946924209595
0.1742686778306961
0.16717609763145447
0.1596350520849228
0.1571548879146576
0.173293799161911
0.1715429425239563
0.15120716392993927
0.16702516376972198
0.17056125402450562
0.16783614456653595
0.14247849583625793
0.16865715384483337
0.16333714127540588
0.15487492084503174
0.1504487693309784
0.1622321456670761
0.15315097570419312
0.14240309596061707
0.13955190777778625
0.16264820098876953
0.15651750564575195
0.1466674655675888
0.16379795968532562
0.15432660281658173
0.16726568341255188
0.15150101482868195
0.14948292076587677
0.15291443467140198
0.13765017688274384
0.14996571838855743
0.14633871614933014
0.1584419310092926
0.14998571574687958
0.13248993456363678
0.1419510692358017
0.15150202810764313
0.1546841412782669
0.14150594174861908
0.14018304646015167
0.14184290170669556
0.1438688486814499
0.14438249170780182
0.12968820333480835
0.14224721491336823
0.14803637564182281
0.14707157015800476
0.14693506062030792
0.15088391304016113
0.13652348518371582
0.15034884214401245
0.12795224785804749
0.13936568796634674
0.15291470289230347
0.1521577090024948
0.1456788033246994
0.14301936328411102
0.15744087100028992
0.17030920088291168
0.13653098046779633
0.14492939412593842
0.12891115248203278
0.13089975714683533
0.12020660936832428
0.1520359069108963
0.14604589343070984
0.14846844971179962
0.15662458539009094
0.15687915682792664
0.15045766532421112
0.15128035843372345
0.14117741584777832
0.13444390892982483
0.14054127037525177
0.14053001999855042
0.12786942720413208
0.13416823744773865
0.15746285021305084
0.14049893617630005
0.15576690435409546
0.14403466880321503
0.1511736661195755
0.1448947936296463
0.12634198367595673
0.1612596958875656
0.13812382519245148
0.14260350167751312
0.1321413218975067
0.12826032936573029
0.1259038746356964
0.14760196208953857
0.146285742521286
0.13716916739940643
0.14297446608543396
0.12841954827308655
0.15090881288051605
0.11837542802095413
0.13813404738903046
0.15495003759860992
0.1309845894575119
0.12733039259910583
0.12736772000789642
0.13333091139793396
0.1312263160943985
0.12763865292072296
0.13404476642608643
0.13656355440616608
0.1446658968925476
0.15189026296138763
0.12300916761159897
0.1240106001496315
0.1604541838169098
0.12995228171348572
0.1438184678554535
0.15677690505981445
0.15162332355976105
0.12853801250457764
0.132079616189003
0.1298792064189911
0.1332598477602005
0.16056980192661285
0.14029115438461304
0.12972626090049744
0.1442384421825409
0.1266051083803177
0.14290301501750946
0.1356651782989502
0.12639662623405457
0.12540441751480103
0.12831613421440125
0.1324336975812912
0.11357145011425018
0.12624771893024445
0.14047609269618988
0.1285760998725891
0.12771861255168915
0.15095137059688568
0.13296246528625488
0.12600307166576385
0.1450468897819519
0.12359563261270523
0.1367924064397812
0.1307797133922577
0.12332653999328613
0.12697380781173706
0.11212962865829468
0.1260649412870407
0.14187797904014587
0.13554567098617554
0.12936940789222717
0.12734957039356232
0.1270989626646042
0.12219201773405075
0.12198888510465622
0.13039416074752808
0.12445279955863953
0.1346834897994995
0.12994100153446198
0.13572734594345093
0.13341538608074188
0.12723003327846527
0.11920933425426483
0.12358612567186356
0.12343218177556992
0.11817492544651031
0.1329846978187561
0.12462682276964188
0.12555170059204102
0.12160096317529678
0.1225145012140274
0.13532625138759613
0.13279694318771362
0.11972147226333618
0.12628234922885895
0.11300017684698105
0.10129525512456894
0.11922301352024078
0.11894479393959045
0.11740461736917496
0.1226315125823021
0.11154516786336899
0.13553433120250702
0.1215871199965477
0.12175221741199493
0.12918592989444733
0.1234564408659935
0.11569507420063019
0.11561787873506546
0.11082490533590317
0.09991368651390076
0.119437076151371
0.1487770527601242
0.11900979280471802
0.12093489617109299
0.13336032629013062
0.11793438345193863
0.14235983788967133
0.14036646485328674
0.1292649358510971
0.13032276928424835
0.11770827323198318
0.12220921367406845
0.12966196238994598
0.10949773341417313
0.12922900915145874
0.12107918411493301
0.12441283464431763
0.134068563580513
0.12817639112472534
0.11736810952425003
0.11373797804117203
0.11790637671947479
0.1296766996383667
0.12821811437606812
0.11537212878465652
0.12179768830537796
0.11884623765945435
0.11355746537446976
0.11855024844408035
0.11600566655397415
0.1298311948776245
0.12250597029924393
0.13631746172904968
0.12118492275476456
0.13018162548542023
0.12564925849437714
0.12904363870620728
0.13030599057674408
0.11202599853277206
0.12336641550064087
0.11809089034795761
0.12504763901233673
0.12913167476654053
0.12182199954986572
0.13653331995010376
0.12093289196491241
0.1156216561794281
0.11959502846002579
0.10398423671722412
0.12089061737060547
0.126785546541214
0.13428397476673126
0.11113611608743668
0.1289263516664505
0.12926031649112701
0.12349257618188858
0.11080805212259293
0.10674894601106644
0.11608564853668213
0.1399490237236023
0.1133032739162445
0.12255483865737915
0.10681735724210739
0.12642347812652588
0.11347941309213638
0.11436478793621063
0.12687642872333527
0.13100920617580414
0.11113603413105011
0.11630941927433014
0.11570751667022705
0.10539349168539047
0.12126030027866364
0.09794122725725174
0.11249230802059174
0.12350893020629883
0.12419208884239197
0.14078326523303986
0.10471905767917633
0.12077083438634872
0.14242281019687653
0.1264847368001938
0.11618290096521378
0.10982387512922287
0.111532062292099
0.13328254222869873
0.11568676680326462
0.10651671141386032
0.11502190679311752
0.11181892454624176
0.10140775144100189
0.12415406107902527
0.12283766269683838
0.1333441287279129
0.10063602775335312
0.11296093463897705
0.1280849277973175
0.09930761158466339
0.10739609599113464
0.11876160651445389
0.09665365517139435
0.13257302343845367
0.10542029142379761
0.11809823662042618
0.10522615164518356
0.1139896810054779
0.1050998643040657
0.13470640778541565
0.11331938207149506
0.11772128194570541
0.1187131330370903
0.1154177188873291
0.11695186793804169
0.11638939380645752
0.1201699897646904
0.10483437776565552
0.11311410367488861
0.13090083003044128
0.10895557701587677
0.117983378469944
0.11643264442682266
0.11743761599063873
0.11953329294919968
0.10173941403627396
0.12018819153308868
0.12448286265134811
0.123588427901268
0.11103300005197525
0.10536535084247589
0.11097925156354904
0.11025277525186539
0.10243123769760132
0.10441535711288452
0.11652761697769165
0.11916270852088928
0.11287248134613037
0.10578029602766037
0.13016805052757263
0.09924512356519699
0.10055062919855118
0.11477160453796387
0.13109028339385986
0.11161170899868011
0.1062648668885231
0.10541946440935135
0.12080977857112885
0.11974628269672394
0.12820084393024445
0.10273522883653641
0.10257842391729355
0.12883585691452026
0.10993696004152298
0.1257103681564331
