0.722396194934845
0.6615017652511597
0.6248700618743896
0.5883945822715759
0.568986177444458
0.5480535626411438
0.5362144708633423
0.5216048955917358
0.48280876874923706
0.4746861457824707
0.4567420482635498
0.4615921974182129
0.4347502887248993
0.42927685379981995
0.3926863968372345
0.3920745849609375
0.38741543889045715
0.37606289982795715
0.368526816368103
0.36383306980133057
0.369448721408844
0.35918042063713074
0.353913277387619
0.3464609980583191
0.36692023277282715
0.4042830467224121
0.37268948554992676
0.3372475802898407
0.36841529607772827
0.351131796836853
0.3529987633228302
0.32978197932243347
0.35481125116348267
0.3525361120700836
0.3496876657009125
0.3132514953613281
0.34180206060409546
0.3272677958011627
0.3557833731174469
0.343574583530426
0.3329835534095764
0.3539751470088959
0.3204456567764282
0.31708917021751404
0.33461812138557434
0.31300270557403564
0.3035469055175781
0.3425139784812927
0.318094938993454
0.31491994857788086
0.32827118039131165
0.31079205870628357
0.31314292550086975
0.32272636890411377
0.29086920619010925
0.300374835729599
0.2822422981262207
0.31813326478004456
0.30003997683525085
0.2866422235965729
0.3055732548236847
0.3029317259788513
0.28982511162757874
0.31286975741386414
0.28937336802482605
0.30470797419548035
0.3013368546962738
0.2856953740119934
0.2783529460430145
0.29254284501075745
0.27233222126960754
0.2858555018901825
0.271864652633667
0.27062278985977173
0.2750791609287262
0.2870330214500427
0.283464252948761
0.2772858142852783
0.277128666639328
0.27715036273002625
0.26214101910591125
0.2675693929195404
0.28151094913482666
0.27867230772972107
0.2650323510169983
0.2705182135105133
0.2580426037311554
0.2672552466392517
0.2641550898551941
0.2727586627006531
0.2621878385543823
0.2746877670288086
0.27121788263320923
0.26762279868125916
0.2648662328720093
0.2560853064060211
0.2693409323692322
0.25462594628334045
0.252507746219635
0.25053834915161133
0.24790839850902557
0.2579878270626068
0.24337053298950195
0.24624969065189362
0.24617384374141693
0.25030583143234253
0.26330873370170593
0.24178828299045563
0.24473200738430023
0.22850915789604187
0.2447775900363922
0.23798733949661255
0.22989951074123383
0.2330130934715271
0.2523437440395355
0.22681646049022675
0.2411750704050064
0.23347258567810059
0.2458559274673462
0.2363012433052063
0.2285214066505432
0.24488598108291626
0.2361152321100235
0.23611058294773102
0.22108811140060425
0.21279171109199524
0.2053675651550293
0.21473313868045807
0.22795765101909637
0.21784521639347076
0.20742978155612946
0.20603688061237335
0.21543049812316895
0.19814880192279816
0.2176019847393036
0.22268304228782654
0.2195737063884735
0.21664904057979584
0.20932026207447052
0.21755485236644745
0.21704688668251038
0.20454387366771698
0.2065112143754959
0.19432316720485687
0.19727829098701477
0.19047529995441437
0.21266968548297882
0.21446499228477478
0.18997769057750702
0.20310527086257935
0.2054102122783661
0.19998908042907715
0.1857835054397583
0.19326338171958923
0.18967360258102417
0.17972524464130402
0.18476063013076782
0.19522906839847565
0.18013101816177368
0.17605629563331604
0.18881013989448547
0.18440693616867065
0.18848742544651031
0.1815883368253708
0.17616988718509674
0.1920456886291504
0.1825859099626541
0.20065069198608398
0.16746121644973755
0.16822770237922668
0.18158583343029022
0.18408147990703583
0.18295828998088837
0.17410872876644135
0.17410802841186523
0.17980387806892395
0.17725472152233124
0.18672873079776764
0.1762567013502121
0.16713616251945496
0.17074958980083466
0.17142413556575775
0.18371865153312683
0.19313354790210724
0.19400279223918915
0.20059718191623688
0.16604763269424438
0.14893467724323273
0.16296137869358063
0.1696101725101471
0.17618392407894135
0.16508466005325317
0.13874630630016327
0.1567891240119934
0.15278954803943634
0.16973552107810974
0.15273679792881012
0.15494318306446075
0.15100985765457153
0.1603337973356247
0.14732298254966736
0.14515100419521332
0.150098979473114
0.1507929265499115
0.15866591036319733
0.14755041897296906
0.1635439097881317
0.1510656625032425
0.14578789472579956
0.14640969038009644
0.14507220685482025
0.13865451514720917
0.14825959503650665
0.14493000507354736
0.1579674929380417
0.15847909450531006
0.15785448253154755
0.14415733516216278
0.1632179170846939
0.1354760080575943
0.14356830716133118
0.1384156048297882
0.1440165787935257
0.14971455931663513
0.14559625089168549
0.14337213337421417
0.13351750373840332
0.14489160478115082
0.14890612661838531
0.1379777491092682
0.1448119431734085
0.14642077684402466
0.13820038735866547
0.13118809461593628
0.13499560952186584
0.1385466307401657
0.13471412658691406
0.15756551921367645
0.13905297219753265
0.14457553625106812
0.1333189159631729
0.1441947966814041
0.1243809387087822
0.1329864114522934
0.1330685019493103
0.12731221318244934
0.12116982787847519
0.14849017560482025
0.13499976694583893
0.1292959749698639
0.1346668303012848
0.12825891375541687
0.12492307275533676
0.1283951997756958
0.1246240884065628
0.13823600113391876
0.1355016529560089
0.1307983696460724
0.1275857388973236
0.1198912188410759
0.13010382652282715
0.13410313427448273
0.1395915299654007
0.132918119430542
0.12359517067670822
0.11735938489437103
0.11719301342964172
0.13493038713932037
0.12529702484607697
0.11122702807188034
0.11710323393344879
0.12804286181926727
0.11511704325675964
0.12306784093379974
0.11276502907276154
0.1442260444164276
0.12503820657730103
0.1122688576579094
0.1164960190653801
0.11373292654752731
0.11052314192056656
0.11415007710456848
0.11374492198228836
0.12762221693992615
0.10594926029443741
0.11906498670578003
0.10334286838769913
0.13842087984085083
0.10555281490087509
0.10259846597909927
0.11371658742427826
0.11567707359790802
0.11149188131093979
0.11505170911550522
0.11869703978300095
0.09760210663080215
0.1145731508731842
0.11341542750597
0.1279607117176056
0.10606076568365097
0.10331999510526657
0.1232229545712471
0.10251178592443466
0.1218327209353447
0.11187450587749481
0.1032015010714531
0.11571488529443741
0.11261159926652908
0.11614637076854706
0.11504855751991272
0.10248026996850967
0.10652570426464081
0.10812332481145859
0.10280606895685196
0.09565757215023041
0.10403510183095932
0.10653690248727798
0.10880923271179199
0.10303948819637299
0.09663524478673935
0.10407688468694687
0.10721313953399658
0.1006409153342247
0.12160801887512207
0.10607524961233139
0.10224796831607819
0.11079808324575424
0.10796234756708145
0.09302671253681183
0.10193312913179398
0.09028234332799911
0.11485935747623444
0.12312199175357819
0.10078418254852295
0.09050523489713669
0.11353026330471039
0.11242785304784775
0.0960811898112297
0.09334959834814072
0.1257213056087494
0.10665246844291687
0.1048714742064476
0.10539794713258743
0.11645544320344925
0.10404926538467407
0.10625024139881134
0.09555131196975708
0.11088915169239044
0.11379888653755188
0.09128217399120331
0.1199752688407898
0.1001959964632988
0.1030854880809784
0.11243146657943726
0.0917167216539383
0.10677676647901535
0.10625267773866653
0.1046205684542656
0.09134423732757568
0.09674779325723648
0.10365138202905655
0.1132340207695961
0.10332345217466354
0.0935468003153801
0.10035182535648346
0.09139478951692581
0.10397997498512268
0.09409211575984955
0.10239899158477783
0.09890725463628769
0.09544054418802261
0.09404468536376953
0.08820274472236633
0.10180146992206573
0.10612303763628006
0.08757785707712173
0.0948513075709343
0.09822706878185272
0.09105154871940613
0.08983710408210754
0.09412180632352829
0.10619664192199707
0.10279790312051773
0.10288781672716141
0.09173808991909027
0.09717807918787003
0.09227639436721802
0.08326547592878342
0.10911286622285843
0.09275417029857635
0.09126455336809158
0.0963193029165268
0.09279683977365494
0.10010452568531036
0.09471666812896729
0.1100878044962883
0.09250713139772415
0.10032141953706741
0.09052512049674988
0.08412818610668182
0.09562455862760544
0.09980184584856033
0.09193284809589386
0.08415047824382782
0.10181644558906555
0.0876980572938919
0.08954192698001862
0.10425927489995956
0.10035552084445953
0.09249448031187057
0.09955645352602005
0.091677725315094
0.08125586807727814
0.10988768935203552
0.0783223807811737
0.08139393478631973
0.0831359326839447
0.08748078346252441
0.08612146228551865
0.08346717059612274
0.08123687654733658
0.09118962287902832
0.08463995903730392
0.09974277019500732
0.09750252962112427
0.10674157738685608
0.0860358327627182
0.10585415363311768
0.0880822092294693
0.10361314564943314
0.08123987168073654
0.09329104423522949
0.09365100413560867
0.09573551267385483
0.08064649254083633
0.07653633505105972
0.09268876165151596
0.08438022434711456
0.08338793367147446
0.08646608144044876
0.0804625153541565
0.0943874940276146
0.08766546100378036
0.08470187336206436
0.07203957438468933
0.08660002052783966
0.09910079091787338
0.08098240941762924
0.07922358065843582
0.08525827527046204
0.0867401733994484
0.08502047508955002
0.08638904243707657
0.0862271711230278
0.08390436321496964
0.07643328607082367
0.08086893707513809
0.08449714630842209
0.08592431992292404
0.10090990364551544
0.06702312082052231
0.09373384714126587
0.07308929413557053
0.07130318880081177
0.07596681267023087
0.07396046817302704
0.08543726056814194
0.08834248781204224
0.08979592472314835
0.06483720242977142
0.08405554294586182
0.08125200867652893
0.09463359415531158
0.08049622923135757
0.08596137911081314
0.07066565006971359
0.09336445480585098
0.08425340056419373
0.09623075276613235
0.0814080610871315
0.08133363723754883
0.09338635951280594
0.08033410459756851
0.08541736751794815
0.09238091111183167
0.0868137925863266
0.0831187516450882
0.08485417068004608
0.08018501102924347
0.09128569811582565
0.08041516691446304
0.08824855834245682
0.09228616952896118
0.08780580759048462
0.0789593979716301
0.07512399554252625
0.07687228918075562
0.09581039845943451
0.08225702494382858
0.08406910300254822
0.07676240801811218
0.07973452657461166
0.08777555078268051
0.08242496103048325
0.1014106273651123
0.0710902139544487
0.0787704735994339
0.06976433843374252
0.08632999658584595
0.0933014452457428
0.08633048087358475
0.09650291502475739
0.0733962431550026
0.09589159488677979
0.07562891393899918
0.08619941025972366
0.06950634717941284
0.06439296901226044
0.08165895193815231
0.09059664607048035
0.07257802039384842
0.08108379691839218
0.08353973925113678
0.08832408487796783
0.07608433067798615
0.0953889936208725
0.08638084679841995
0.07519664615392685
0.08259686827659607
0.08295750617980957
0.07884372025728226
0.09109250456094742
0.08650621771812439
0.08961506932973862
0.093119315803051
0.08559314906597137
0.07842095196247101
0.06755144149065018
0.08873160183429718
0.06803344190120697
0.07543662190437317
0.0771709531545639
0.08536533266305923
0.07853811979293823
0.09575097262859344
0.07381106168031693
0.07732652872800827
0.07183343917131424
0.06222129985690117
0.07543803006410599
0.07182953506708145
0.09677407145500183
0.07650791853666306
0.07510094344615936
0.09633605927228928
0.09045728296041489
0.094141885638237
0.0797685906291008
0.08548298478126526
0.08227594941854477
0.08961483836174011
0.0654287040233612
0.0728721171617508
0.08013010770082474
0.07539596408605576
0.08700410276651382
0.0781254842877388
0.07902279496192932
0.08742500096559525
0.07861914485692978
0.0850367322564125
0.08660514652729034
0.08743967860937119
0.09090394526720047
0.08867491036653519
0.07133028656244278
0.0704379752278328
0.07061592489480972
0.0666704848408699
0.08106282353401184
0.09916659444570541
0.08148115873336792
0.08334328234195709
0.10171189159154892
0.09121060371398926
0.07873290032148361
0.07909392565488815
0.08530806750059128
0.10060290992259979
0.07240275293588638
0.07551056891679764
0.07344129681587219
0.10540464520454407
0.07305395603179932
0.0816737562417984
0.0667717382311821
0.09221210330724716
0.08628682792186737
0.06766791641712189
0.07151610404253006
0.07535816729068756
0.06540537625551224
0.07912201434373856
0.08237288892269135
