0.887043297290802
0.5454305410385132
0.4788229763507843
0.43520820140838623
0.3843317925930023
0.3886633515357971
0.409118115901947
0.38590773940086365
0.3748916685581207
0.36370643973350525
0.35686203837394714
0.3512558043003082
0.35097557306289673
0.3473111093044281
0.3562150299549103
0.3202829658985138
0.33284005522727966
0.31389838457107544
0.3386674225330353
0.3230372667312622
0.31203362345695496
0.3340754210948944
0.28995880484580994
0.3065512180328369
0.2965156137943268
0.3044510781764984
0.2942463159561157
0.28619152307510376
0.2791946530342102
0.28131815791130066
0.28229835629463196
0.29396939277648926
0.27133095264434814
0.2881848216056824
0.2930798828601837
0.28011664748191833
0.25784072279930115
0.2573186159133911
0.25583958625793457
0.24545033276081085
0.2907736599445343
0.24856923520565033
0.25768327713012695
0.24346980452537537
0.23922644555568695
0.23895853757858276
0.24050283432006836
0.23088164627552032
0.226334348320961
0.22200460731983185
0.23949739336967468
0.21487614512443542
0.22260503470897675
0.22533628344535828
0.2333248257637024
0.21799184381961823
0.21091024577617645
0.21058690547943115
0.2160593718290329
0.2101251482963562
0.22880737483501434
0.23454657196998596
0.2243441343307495
0.2127062827348709
0.21542149782180786
0.2048966884613037
0.1980295181274414
0.20410850644111633
0.20458881556987762
0.2092267870903015
0.20304842293262482
0.2134922295808792
0.19379670917987823
0.18088194727897644
0.17813019454479218
0.19235646724700928
0.1954067349433899
0.18455243110656738
0.18320979177951813
0.19537444412708282
0.169955313205719
0.17405962944030762
0.17742612957954407
0.16910243034362793
0.17275655269622803
0.1477471888065338
0.15630359947681427
0.16627803444862366
0.17594531178474426
0.16090436279773712
0.16056767106056213
0.16821235418319702
0.15739449858665466
0.13773222267627716
0.1482144594192505
0.14502368867397308
0.15524709224700928
0.15774263441562653
0.12706486880779266
0.13996081054210663
0.1371108889579773
0.15455186367034912
0.1400977224111557
0.14005176723003387
0.1355520635843277
0.13090160489082336
0.13238799571990967
0.1401015669107437
0.12045419961214066
0.14324097335338593
0.12400943785905838
0.11176865547895432
0.13648763298988342
0.12160675972700119
0.13306593894958496
0.13199283182621002
0.13310742378234863
0.1065841019153595
0.12089356780052185
0.12503130733966827
0.10550032556056976
0.11502563953399658
0.13330960273742676
0.13251668214797974
0.1203894093632698
0.1131921336054802
0.12478619813919067
0.12247110158205032
0.11120407283306122
0.1258927583694458
0.12128300219774246
0.09984588623046875
0.10609246790409088
0.10332530736923218
0.11062242090702057
0.10332904756069183
0.10775655508041382
0.10607339441776276
0.12304961681365967
0.10147076845169067
0.09881043434143066
0.1166137158870697
0.09528137743473053
0.10007375478744507
0.1088818684220314
0.10271330177783966
0.09911519289016724
0.09663517028093338
0.09561645984649658
0.09030695259571075
0.08983933180570602
0.10094086825847626
0.09560708701610565
0.10318876057863235
0.09442716836929321
0.1053539291024208
0.08049982786178589
0.08256784081459045
0.09407439082860947
0.11486778408288956
0.09921790659427643
0.09164506942033768
0.09458575397729874
0.08377581089735031
0.08398320525884628
0.08363311737775803
0.07837942242622375
0.08820142596960068
0.08042189478874207
0.10579899698495865
0.0871843472123146
0.0853593498468399
0.10344875603914261
0.07386724650859833
0.1102730855345726
0.08294038474559784
0.08078392595052719
0.07688882201910019
0.07859200239181519
0.08413559943437576
0.08259625732898712
0.09667371958494186
0.07452062517404556
0.08332773298025131
0.09265134483575821
0.07302895933389664
0.11797880381345749
0.0797625333070755
0.09087562561035156
0.06714928150177002
0.08217259496450424
0.08954700082540512
0.08758605271577835
0.0656650960445404
0.07249048352241516
0.06269201636314392
0.07104402035474777
0.07768676429986954
0.08531022816896439
0.08984078466892242
0.09601574391126633
0.10048176348209381
0.0694279670715332
0.08527959883213043
0.08267729729413986
0.07116656005382538
0.08800306171178818
0.07499481737613678
0.067817322909832
0.0656411424279213
0.07670918852090836
0.06838075071573257
0.0670686885714531
0.05688031017780304
0.05307258665561676
0.0722958967089653
0.07349492609500885
0.062996044754982
0.06756307184696198
0.05811355635523796
0.06634271144866943
0.09183976799249649
0.06494232267141342
0.06535191088914871
0.06690270453691483
0.0800425261259079
0.07558189332485199
0.052971143275499344
0.06765387207269669
0.06226368620991707
0.05985512584447861
0.08328366279602051
0.06459784507751465
0.06254620850086212
0.06168214604258537
0.07615045458078384
0.05658995732665062
0.0648207813501358
0.06762631982564926
0.06544984132051468
0.05598655715584755
0.06601648777723312
0.054471928626298904
0.07368279248476028
0.07203178852796555
0.05538563057780266
0.06488525867462158
0.06525954604148865
0.057160280644893646
0.06781291961669922
0.04392978176474571
0.06362752616405487
0.0653224065899849
0.07046585530042648
0.05598308891057968
0.07302825152873993
0.06590725481510162
0.054092664271593094
0.04902098327875137
0.07030437141656876
0.04477178305387497
0.05905608460307121
0.06317046284675598
0.0419081449508667
0.05260172113776207
0.04612909257411957
0.06736110150814056
0.04540540650486946
0.053626902401447296
0.06205374002456665
0.06922732293605804
0.05305007845163345
0.07972697168588638
0.05884664133191109
0.0717916190624237
0.05684565752744675
0.06659016758203506
0.0777401551604271
0.05987484008073807
0.07115112245082855
0.06830514967441559
0.04966297373175621
0.04779781401157379
0.04389701038599014
0.059112731367349625
0.05040033161640167
0.04598212614655495
0.06680941581726074
0.054960303008556366
0.05617290735244751
0.04923909157514572
0.05585379898548126
0.04681938514113426
0.06244052201509476
0.04757349565625191
0.06895383447408676
0.0670054629445076
0.07290080934762955
0.046832527965307236
0.04621956869959831
0.049745846539735794
0.04899515584111214
0.06312555819749832
0.056969620287418365
0.06617341935634613
0.042368147522211075
0.06312401592731476
0.0577697828412056
0.05055718868970871
0.048314858227968216
0.04352106526494026
0.05688614398241043
0.052692875266075134
0.05716047063469887
0.04103728383779526
0.06431423872709274
0.05120205506682396
0.060763344168663025
0.03945576399564743
0.056875988841056824
0.05689932778477669
0.04084491357207298
0.05473874881863594
0.04172774776816368
0.051970187574625015
0.03862804174423218
0.056992098689079285
0.0507514625787735
0.05611541494727135
0.052499692887067795
0.050301868468523026
0.04370837286114693
0.03786569833755493
0.05897650495171547
0.05397254228591919
0.050414372235536575
0.05291743203997612
0.04707025736570358
0.04509894177317619
0.036086708307266235
0.04228232800960541
0.04340836778283119
0.05181257426738739
0.046901412308216095
0.04232985898852348
0.04054566100239754
0.056563712656497955
0.04622561112046242
0.05397716909646988
0.03702397644519806
0.03698096424341202
0.04003412649035454
0.05516107380390167
0.04903829097747803
0.04667296260595322
0.055609919130802155
0.05981869995594025
0.06146136298775673
0.0418490432202816
0.05459386855363846
0.053979985415935516
0.048152923583984375
0.04233776032924652
0.04819047823548317
0.03941378369927406
0.048971228301525116
0.03423379734158516
0.05937223508954048
0.04707907885313034
0.04528316855430603
0.03342778980731964
0.04616853967308998
0.035153526812791824
0.047396376729011536
0.03716364502906799
0.04335721209645271
0.04519866779446602
0.04561791941523552
0.055963557213544846
0.0484527125954628
0.04882083460688591
0.038735926151275635
0.042944736778736115
0.041997384279966354
0.03412835672497749
0.041536569595336914
0.0401306226849556
0.04064064845442772
0.05023617669939995
0.045933835208415985
0.04002595692873001
0.044919081032276154
0.04033308103680611
0.0370173305273056
0.045816726982593536
0.052229419350624084
0.050554804503917694
0.04326740279793739
0.043514031916856766
0.043944645673036575
0.048806797713041306
0.049912430346012115
0.045618586242198944
0.03994715213775635
0.04019476845860481
0.04968855157494545
0.04423657804727554
0.049177516251802444
0.04500986635684967
0.03744373470544815
0.05388038977980614
0.046507373452186584
0.051840756088495255
0.06119702011346817
0.0426655039191246
0.03275805711746216
0.04458063840866089
0.041583072394132614
0.035535600036382675
0.04208904504776001
0.03150106221437454
0.04685816913843155
0.04602908715605736
0.056700512766838074
0.0531700998544693
0.02791614830493927
0.04635919630527496
0.034763552248477936
0.049938224256038666
0.02686884067952633
0.04728275164961815
0.0606125108897686
0.047332871705293655
0.04264888912439346
0.05417954921722412
0.032390449196100235
0.04244868829846382
0.040868524461984634
0.05198128893971443
0.045228246599435806
0.03470558673143387
0.05593739449977875
0.037385713309049606
0.048400864005088806
0.04774264991283417
0.03801737353205681
0.03622192516922951
0.04473845288157463
0.041903045028448105
0.042742375284433365
0.04595402628183365
0.0423884242773056
0.05290723592042923
0.052029337733983994
0.028945518657565117
0.04174567386507988
0.04139771685004234
0.03491644188761711
0.03403637558221817
0.04710114374756813
0.035990405827760696
0.052104588598012924
0.04683935269713402
0.03975600749254227
0.030715683475136757
0.04759177565574646
0.04216537997126579
0.03711729124188423
0.041205719113349915
0.04922179877758026
0.047208767384290695
0.04815619811415672
0.029374491423368454
0.03688676655292511
0.039936989545822144
0.03792490437626839
0.03978794440627098
0.048419106751680374
0.04944884404540062
0.034430138766765594
0.035829801112413406
0.036542102694511414
0.05023222416639328
0.03990820422768593
0.03548998385667801
0.04416462779045105
0.03540169820189476
0.029815590009093285
0.029722634702920914
0.04533417895436287
0.040922656655311584
0.041749101132154465
0.044534098356962204
0.03928269445896149
0.039452794939279556
0.04349594935774803
0.03685777261853218
0.05792010948061943
0.05752360820770264
0.04164954647421837
0.036897577345371246
0.033193036913871765
0.03308785334229469
0.038893792778253555
0.03131336718797684
0.04044979438185692
0.03721976280212402
0.031355518847703934
0.029202232137322426
0.03429670259356499
0.05583271011710167
0.04069472849369049
0.031314268708229065
0.04157273843884468
0.038643814623355865
0.062361810356378555
0.055386170744895935
0.033652499318122864
0.04627503827214241
0.043395936489105225
0.03125786781311035
0.034033577889204025
0.03155789151787758
0.0411672480404377
0.03267262130975723
0.03682057932019234
0.03632916137576103
0.03417475149035454
0.04418354853987694
0.037629634141922
0.03462837636470795
0.035202570259571075
0.044791802763938904
0.043256089091300964
0.04770873114466667
0.028699951246380806
0.04866086691617966
0.04263046011328697
0.035560980439186096
0.03001985512673855
0.039986927062273026
0.06241222098469734
0.038507409393787384
0.04943547770380974
0.04232373461127281
0.03275050222873688
0.02825774811208248
0.039381399750709534
0.031874313950538635
0.042383331805467606
0.046706728637218475
0.04516838118433952
0.049916863441467285
0.04193452373147011
0.046892471611499786
0.033421531319618225
0.029733452945947647
0.044561900198459625
0.036506980657577515
0.04011605679988861
0.032782651484012604
0.05295461788773537
0.03964657336473465
0.03098241053521633
0.041741643100976944
0.03446376696228981
0.02837715856730938
0.046416714787483215
0.03354218229651451
0.03787710517644882
0.033744554966688156
0.04300268366932869
0.019806072115898132
0.044599682092666626
0.03318529948592186
0.06037500128149986
0.03816167265176773
0.0505758672952652
0.04593946784734726
0.029661571606993675
0.03576988726854324
0.038563236594200134
0.03702523186802864
0.036257658153772354
0.041574034839868546
0.04890747740864754
0.0465983971953392
0.03347069025039673
0.03663044795393944
0.0325905866920948
0.03740129619836807
0.03068544901907444
0.04669385030865669
0.04253200441598892
0.040588267147541046
0.041759684681892395
0.04678264632821083
0.023235095664858818
0.03129974752664566
0.0366218276321888
0.0391472652554512
