0.7184728980064392
0.6769975423812866
0.6445908546447754
0.616240382194519
0.5931315422058105
0.5748715400695801
0.5588241815567017
0.5434291362762451
0.5293630361557007
0.5174223184585571
0.5058125257492065
0.49499934911727905
0.48541370034217834
0.47739991545677185
0.4688674211502075
0.46152397990226746
0.454802006483078
0.44860902428627014
0.4424920380115509
0.43716683983802795
0.43181926012039185
0.42741554975509644
0.4233092665672302
0.41920599341392517
0.41606059670448303
0.4128342270851135
0.4092038869857788
0.4054194986820221
0.4016120433807373
0.3985402286052704
0.3949602246284485
0.39198675751686096
0.3896978795528412
0.3868112564086914
0.3845462203025818
0.382163941860199
0.37971940636634827
0.3775513172149658
0.3756987154483795
0.3735877573490143
0.3717876970767975
0.3706478178501129
0.36982136964797974
0.36819523572921753
0.36604875326156616
0.3640049695968628
0.36218395829200745
0.3601439595222473
0.35800793766975403
0.3564201295375824
0.35520467162132263
0.35334154963493347
0.3520180583000183
0.3507207930088043
0.3495410084724426
0.34848880767822266
0.3474493622779846
0.3463355600833893
0.34534576535224915
0.3444899618625641
0.3436049818992615
0.3429220914840698
0.34203553199768066
0.3411386013031006
0.34008944034576416
0.3390914797782898
0.33827587962150574
0.337689071893692
0.336372435092926
0.3360890746116638
0.33530065417289734
0.3344421088695526
0.3337123990058899
0.3330179750919342
0.3323541283607483
0.3315691649913788
0.3308362364768982
0.33008405566215515
0.32932722568511963
0.32922330498695374
0.3284815549850464
0.327838271856308
0.3271063566207886
0.3265315890312195
0.3261686861515045
0.32539689540863037
0.3248150646686554
0.32432422041893005
0.32384058833122253
0.32325440645217896
0.3228766918182373
0.32286569476127625
0.32272806763648987
0.3220427632331848
0.32136040925979614
0.32074323296546936
0.32033059000968933
0.3200317323207855
0.3194510340690613
0.31911519169807434
0.31918758153915405
0.31843656301498413
0.3178553879261017
0.31733444333076477
0.3168046772480011
0.3164375126361847
0.31617480516433716
0.3158278465270996
0.31574752926826477
0.3152755796909332
0.314793199300766
0.3141442537307739
0.31391265988349915
0.31355807185173035
0.3130345344543457
0.31271833181381226
0.3122803866863251
0.31183257699012756
0.3116324543952942
0.3111361563205719
0.3106955289840698
0.3104141056537628
0.3102836310863495
0.30980122089385986
0.30907517671585083
0.30892834067344666
0.30932751297950745
0.3090243339538574
0.30773431062698364
0.3072884678840637
0.30712205171585083
0.3064274191856384
0.3062986135482788
0.30699411034584045
0.30799660086631775
0.30712443590164185
0.3056519329547882
0.3044133186340332
0.3038129508495331
0.3036385774612427
0.3031778335571289
0.30284038186073303
0.30239588022232056
0.3022858202457428
0.3018101155757904
0.3014709949493408
0.3010905981063843
0.30086642503738403
0.3002411425113678
0.2999209463596344
0.2998080551624298
0.29933828115463257
0.29898601770401
0.29849645495414734
0.298641175031662
0.29822254180908203
0.2975717782974243
0.297588586807251
0.29743656516075134
0.2968502640724182
0.2967842221260071
0.29629385471343994
0.2963297367095947
0.29625430703163147
0.2962522804737091
0.29562172293663025
0.29505103826522827
0.2946101725101471
0.2943646013736725
0.29414674639701843
0.2933536767959595
0.2934599816799164
0.2933580279350281
0.29295578598976135
0.29243242740631104
0.2921407222747803
0.2916920483112335
0.29183337092399597
0.2918894290924072
0.29142695665359497
0.2904255986213684
0.2902687191963196
0.29023730754852295
0.28973889350891113
0.28931427001953125
0.2903509736061096
0.2895411252975464
0.2889888882637024
0.28793928027153015
0.28855985403060913
0.28857511281967163
0.2881559729576111
0.28760695457458496
0.28728100657463074
0.28718969225883484
0.2865700423717499
0.28644034266471863
0.2862429916858673
0.2857944667339325
0.2862783372402191
0.28635716438293457
0.2857149541378021
0.28565412759780884
0.2857164740562439
0.28558918833732605
0.28522905707359314
0.28492963314056396
0.28487858176231384
0.2843754291534424
0.2842463552951813
0.2841162383556366
0.2840002775192261
0.2839689552783966
0.2839815020561218
0.2840062975883484
0.28347688913345337
0.283303827047348
0.2831314504146576
0.28271546959877014
0.2827288508415222
0.2826629877090454
0.2825360894203186
0.28249457478523254
0.28233620524406433
0.2822868525981903
0.28197965025901794
0.2819037437438965
0.28157150745391846
0.2813323438167572
0.2812371253967285
0.2811397910118103
0.2809804379940033
0.280892550945282
0.2807442843914032
0.2806987762451172
0.2805354595184326
0.2804628014564514
0.2803223133087158
0.2807060778141022
0.28058749437332153
0.2804333567619324
0.2800770103931427
0.2799118757247925
0.2797073721885681
0.27946197986602783
0.27943652868270874
0.2792063057422638
0.2790689170360565
0.27894386649131775
0.2787458896636963
0.2791905403137207
0.27928394079208374
0.27901434898376465
0.27876734733581543
0.2784987688064575
0.27846404910087585
0.2781445384025574
0.27800464630126953
0.2778463065624237
0.2776302993297577
0.277465283870697
0.2773294150829315
0.277242511510849
0.2771260738372803
0.27702468633651733
0.2769128680229187
0.2767910957336426
0.2765418589115143
0.27642345428466797
0.2763376533985138
0.2761472463607788
0.2761267423629761
0.27601534128189087
0.27586472034454346
0.2758069932460785
0.27561962604522705
0.2755551040172577
0.27546554803848267
0.27547311782836914
0.27558502554893494
0.27568385004997253
0.2754283547401428
0.27524396777153015
0.2751702070236206
0.27490124106407166
0.27483394742012024
0.27466145157814026
0.2745378911495209
0.2742931544780731
0.2740953862667084
0.27411893010139465
0.27395591139793396
0.27397215366363525
0.27379554510116577
0.27374327182769775
0.27357718348503113
0.27350857853889465
0.2729746401309967
0.2732432782649994
0.27336835861206055
0.273297518491745
0.27312323451042175
0.27273356914520264
0.27292299270629883
0.2725521922111511
0.2725529074668884
0.2724759578704834
0.27240991592407227
0.27241143584251404
0.2722814977169037
0.2722969055175781
0.2721644639968872
0.27213865518569946
0.2721862196922302
0.272115558385849
0.27203890681266785
0.2721216380596161
0.2720143795013428
0.2721026837825775
0.2719866633415222
0.27184054255485535
0.27178213000297546
0.27181071043014526
0.27171963453292847
0.27159059047698975
0.27163395285606384
0.2715911269187927
0.2715205252170563
0.2714196741580963
0.27134454250335693
0.2713812291622162
0.2713931202888489
0.27142199873924255
0.2714408338069916
0.2714047431945801
0.27150171995162964
0.2715243995189667
0.27135854959487915
0.27127015590667725
0.2710990905761719
0.27085795998573303
0.27078112959861755
0.27076616883277893
0.2707076072692871
0.27065810561180115
0.2705918550491333
0.27055224776268005
0.2703981101512909
0.2704511880874634
0.270409494638443
0.2703591287136078
0.27028948068618774
0.2705114483833313
0.27058419585227966
0.27063098549842834
0.2705507278442383
0.27036359906196594
0.2700347900390625
0.2700863778591156
0.26996999979019165
0.26987409591674805
0.2698226869106293
0.2697581946849823
0.26972344517707825
0.26967698335647583
0.26969194412231445
0.2696455419063568
0.26958659291267395
0.26953986287117004
0.26963528990745544
0.2696029543876648
0.2695663273334503
0.2695310711860657
0.26951542496681213
0.2694469690322876
0.2694719135761261
0.26939669251441956
0.269375205039978
0.2692616879940033
0.2692514657974243
0.26920947432518005
0.26919132471084595
0.2691308259963989
0.2690587639808655
0.2690207362174988
0.2689847946166992
0.268902063369751
0.26885250210762024
0.2687918543815613
0.2687494456768036
0.2686944305896759
0.26861584186553955
0.268618643283844
0.268582284450531
0.26847678422927856
0.26858580112457275
0.2686249315738678
0.2686255872249603
0.2685222327709198
0.26849305629730225
0.268464595079422
0.26829296350479126
0.2681331932544708
0.26826587319374084
0.26811596751213074
0.268069863319397
0.2680460512638092
0.2680150866508484
0.26797881722450256
0.2679787874221802
0.26794764399528503
0.2679212987422943
0.26790595054626465
0.267873615026474
0.2678629457950592
0.26783931255340576
0.26786068081855774
0.26776736974716187
0.2677280604839325
0.2677060067653656
0.26771658658981323
0.2676669657230377
0.2676728069782257
0.26765328645706177
0.2676245868206024
0.26754337549209595
0.2676284611225128
0.2676529586315155
0.2675829827785492
0.2675561010837555
0.26750215888023376
0.267487108707428
0.2674231231212616
0.2674082815647125
0.2674102187156677
0.26739785075187683
0.2674065828323364
0.2674063444137573
0.2673702836036682
0.26734790205955505
0.26732078194618225
0.26729878783226013
0.2672656178474426
0.2672640383243561
0.267221599817276
0.26720157265663147
0.26722192764282227
0.2671911120414734
0.2671816349029541
0.2671411335468292
0.2671275734901428
0.2671217620372772
0.2670965790748596
0.2670734226703644
0.2670413553714752
0.2670411765575409
0.26702582836151123
0.26700925827026367
0.2669331431388855
0.2669554054737091
0.2669559717178345
0.2669438421726227
0.2669074833393097
0.26685601472854614
0.26687029004096985
0.26684412360191345
0.26687729358673096
0.2668263018131256
0.2667602002620697
0.26677653193473816
0.2666936218738556
0.2667648494243622
0.26669421792030334
0.2667643129825592
0.2667508125305176
0.26670971512794495
0.2666594088077545
0.2666736841201782
0.2666855752468109
0.2666293680667877
0.2665846645832062
0.266593337059021
0.26653486490249634
0.26652708649635315
0.2665367126464844
0.2665511965751648
0.26656094193458557
0.2665215730667114
0.2665099501609802
0.26647117733955383
0.2664491534233093
0.2663956582546234
0.26640400290489197
0.26637235283851624
0.26634055376052856
0.26631787419319153
0.2663247287273407
0.26637375354766846
0.2663469612598419
0.2663370668888092
0.26632219552993774
0.2662767767906189
0.2662695646286011
0.2662360370159149
0.2661985158920288
0.26618072390556335
0.2661694288253784
0.2661728858947754
0.26614561676979065
0.26615121960639954
0.26612988114356995
0.26612764596939087
0.26611632108688354
0.2661069631576538
0.2660953402519226
0.26606592535972595
0.26607245206832886
0.26605767011642456
0.26604676246643066
0.2660387456417084
0.2660300135612488
0.26602089405059814
0.2660086750984192
0.2660037577152252
0.2659929096698761
0.2659801244735718
0.26597487926483154
0.26596584916114807
0.2659448981285095
0.265938937664032
0.2659341096878052
0.26592451333999634
0.26591017842292786
0.2658926844596863
0.2658838927745819
0.2658854126930237
0.2658940255641937
0.26586681604385376
0.26584503054618835
0.26583462953567505
0.26580312848091125
0.2658061385154724
0.26579490303993225
0.2657930850982666
0.26578211784362793
0.26579830050468445
0.2657729983329773
0.2657467722892761
0.2657229006290436
0.2657284736633301
0.2657245099544525
0.26571422815322876
0.2657061219215393
0.2657272517681122
0.26568058133125305
0.26568496227264404
0.26567351818084717
0.26566964387893677
0.2656605839729309
0.2656407952308655
0.2656189501285553
0.2656179368495941
0.2656078040599823
0.26558151841163635
0.26557955145835876
0.2655717730522156
0.2655748128890991
0.2655673921108246
0.26555439829826355
0.26553982496261597
0.2655586004257202
0.265546977519989
0.2655101418495178
0.2655026912689209
0.2655011713504791
0.2654842138290405
0.2654670774936676
0.26545852422714233
0.2654498219490051
0.26544153690338135
0.26543399691581726
0.26542040705680847
0.2654069662094116
0.26539671421051025
0.26539647579193115
0.2653811573982239
0.26536425948143005
0.2653588354587555
0.2653491199016571
0.2653546929359436
0.26534146070480347
0.2653367817401886
0.2653086185455322
0.26532381772994995
0.2653283476829529
0.26531916856765747
0.26531627774238586
0.2653035819530487
0.26531973481178284
0.2653111219406128
0.26530611515045166
0.26527464389801025
0.2652859687805176
0.26527491211891174
0.26526254415512085
0.2652547359466553
0.2652554214000702
0.2652452886104584
0.2652370035648346
0.26523324847221375
0.2652137279510498
0.2652043104171753
0.2651953101158142
0.26520273089408875
0.2651945650577545
0.26519227027893066
0.26518967747688293
0.26518502831459045
0.2651839852333069
0.2651602029800415
0.2651611566543579
0.2651311755180359
0.26513177156448364
0.26512691378593445
0.26512399315834045
0.2651183605194092
0.26511824131011963
0.26510173082351685
0.26510319113731384
0.26510801911354065
0.2651057243347168
0.2650887668132782
0.26508474349975586
0.2650810182094574
0.26507386565208435
0.2650724947452545
0.26506611704826355
0.2650725543498993
0.2650638520717621
0.2650623321533203
0.26505860686302185
0.2650569677352905
0.26504889130592346
0.26505178213119507
0.2650417685508728
0.2650409936904907
0.26502493023872375
0.26502010226249695
0.2650158405303955
0.26501283049583435
0.26500722765922546
0.26501184701919556
0.265007346868515
0.2650024890899658
0.2649957537651062
0.2649938762187958
0.26498815417289734
0.26498597860336304
0.26497527956962585
0.2649760842323303
0.2649679183959961
0.2649614214897156
0.2649548053741455
0.26495030522346497
0.26494085788726807
0.2649240791797638
0.26492220163345337
0.26491716504096985
0.26491278409957886
0.2649136781692505
0.2649182379245758
0.2649056315422058
0.2649066150188446
0.2649102509021759
0.26488345861434937
0.2648988962173462
0.26489555835723877
0.26489052176475525
0.2648845613002777
0.26486799120903015
0.264868825674057
0.2648669183254242
0.26486116647720337
0.26485541462898254
0.26485124230384827
0.26484087109565735
0.26483890414237976
0.2648339569568634
0.2648257315158844
0.26482924818992615
0.2648204565048218
0.2648288309574127
0.2648053765296936
0.26480165123939514
0.264799565076828
0.26479485630989075
0.2647877037525177
0.2647758424282074
0.2647779881954193
0.2647746801376343
0.26476797461509705
0.2647625803947449
0.2647586762905121
0.2647594213485718
