0.8219298124313354
0.6174587607383728
0.5517772436141968
0.4903879165649414
0.47022226452827454
0.47319307923316956
0.43768101930618286
0.40709492564201355
0.4341464042663574
0.4080386161804199
0.38259369134902954
0.4039337635040283
0.386275976896286
0.3641388416290283
0.37107279896736145
0.37022146582603455
0.35633203387260437
0.34386539459228516
0.357107937335968
0.3351346254348755
0.33279040455818176
0.35193368792533875
0.3445166349411011
0.32290056347846985
0.3293541371822357
0.32709309458732605
0.31358131766319275
0.34156450629234314
0.3221251964569092
0.30415254831314087
0.30464932322502136
0.32328179478645325
0.3012855052947998
0.30224356055259705
0.29942992329597473
0.3122020363807678
0.2897544205188751
0.3036617040634155
0.2964678406715393
0.26709988713264465
0.2766639292240143
0.29045650362968445
0.29232630133628845
0.28534314036369324
0.27525657415390015
0.28973984718322754
0.2740550637245178
0.27996620535850525
0.264477014541626
0.28957855701446533
0.2597607374191284
0.27468442916870117
0.2610035538673401
0.26651662588119507
0.24438735842704773
0.2528765797615051
0.26183265447616577
0.24944865703582764
0.24615946412086487
0.27214354276657104
0.24813495576381683
0.2509060502052307
0.24949465692043304
0.265868216753006
0.2727200984954834
0.2428835779428482
0.24059870839118958
0.24297688901424408
0.2342589646577835
0.2362912893295288
0.2466488480567932
0.22348476946353912
0.22226926684379578
0.23390927910804749
0.22825103998184204
0.2185472697019577
0.20587973296642303
0.22679005563259125
0.2239605188369751
0.20523646473884583
0.22072406113147736
0.21925722062587738
0.23091505467891693
0.20873938500881195
0.22713473439216614
0.22173632681369781
0.21008409559726715
0.2148502618074417
0.1822548806667328
0.20459017157554626
0.20516107976436615
0.20965103805065155
0.2106359302997589
0.19990067183971405
0.20619413256645203
0.1945200115442276
0.19077755510807037
0.1971316635608673
0.19124723970890045
0.1921999305486679
0.184751957654953
0.19021272659301758
0.17787043750286102
0.194349467754364
0.1915101557970047
0.1954381763935089
0.16497500240802765
0.18436932563781738
0.19776365160942078
0.17561225593090057
0.1841323971748352
0.17610664665699005
0.1719624400138855
0.19021518528461456
0.15337325632572174
0.16431359946727753
0.15626610815525055
0.15561655163764954
0.15106762945652008
0.15375916659832
0.170851469039917
0.16758659482002258
0.16325978934764862
0.15564842522144318
0.15878422558307648
0.15261955559253693
0.1514367014169693
0.13328711688518524
0.15511468052864075
0.15625815093517303
0.13297662138938904
0.13094079494476318
0.14695535600185394
0.1633404940366745
0.1666679084300995
0.1466565877199173
0.15729576349258423
0.15574248135089874
0.1424187570810318
0.13344822824001312
0.15686771273612976
0.14301805198192596
0.150751993060112
0.15180917084217072
0.13069488108158112
0.14528171718120575
0.12424300611019135
0.13915623724460602
0.1380739063024521
0.17979653179645538
0.1513855755329132
0.14941251277923584
0.14576895534992218
0.132177472114563
0.1461486965417862
0.14642395079135895
0.1468261182308197
0.13759419322013855
0.13264159858226776
0.1278536021709442
0.1228763535618782
0.150426983833313
0.1335965245962143
0.14346377551555634
0.14195887744426727
0.12314713001251221
0.12981030344963074
0.12702451646327972
0.14250797033309937
0.12615376710891724
0.13214658200740814
0.1153557226061821
0.14202353358268738
0.12292687594890594
0.1295519322156906
0.11780097335577011
0.12048602104187012
0.1204601302742958
0.14121566712856293
0.12204856425523758
0.12102010846138
0.11678588390350342
0.13221831619739532
0.12718361616134644
0.12165409326553345
0.12119127810001373
0.12246789783239365
0.11518940329551697
0.12387700378894806
0.11821770668029785
0.12352193892002106
0.11893229186534882
0.11942718178033829
0.12499848753213882
0.11602583527565002
0.12265220284461975
0.1286582052707672
0.12017296999692917
0.12117985635995865
0.13742750883102417
0.13029877841472626
0.11261332035064697
0.11779505759477615
0.11004646867513657
0.10708463937044144
0.1075471043586731
0.10589481890201569
0.1286795735359192
0.11653079837560654
0.11225733160972595
0.09832592308521271
0.11445282399654388
0.09491897374391556
0.1030116081237793
0.11272412538528442
0.1091848686337471
0.11222795397043228
0.11227492988109589
0.10929499566555023
0.10522127896547318
0.10797141492366791
0.108987957239151
0.10296157002449036
0.10032679885625839
0.12435711920261383
0.11335025727748871
0.1094597652554512
0.11817824095487595
0.12418011575937271
0.10964156687259674
0.11246933788061142
0.10171278566122055
0.10342364758253098
0.09457984566688538
0.10616902261972427
0.10312634706497192
0.12211298942565918
0.07878551632165909
0.09901567548513412
0.11139580607414246
0.11163172125816345
0.09424185007810593
0.10001391172409058
0.11414666473865509
0.11332225799560547
0.11844419687986374
0.10946744680404663
0.10387466102838516
0.10786048322916031
0.11843400448560715
0.12351219356060028
0.09069407731294632
0.1212143674492836
0.1076819971203804
0.10408736765384674
0.0967012494802475
0.09873920679092407
0.10108039528131485
0.09360143542289734
0.08814384788274765
0.09741386771202087
0.11056995391845703
0.10338522493839264
0.09419500827789307
0.09324919432401657
0.09620307385921478
0.12545689940452576
0.12172475457191467
0.09234514832496643
0.10872886329889297
0.08498384058475494
0.11042104661464691
0.10363589227199554
0.10071852803230286
0.07794056087732315
0.10257938504219055
0.09179642796516418
0.10447019338607788
0.08040820807218552
0.07900658994913101
0.1018366739153862
0.10558095574378967
0.0982852578163147
0.09432955086231232
0.10082896053791046
0.098064124584198
0.09043796360492706
0.09462954103946686
0.10918468236923218
0.11200155317783356
0.0934554934501648
0.103087417781353
0.08404558151960373
0.08936678618192673
0.08802564442157745
0.079629085958004
0.08633855730295181
0.08928309381008148
0.09659234434366226
0.09589923173189163
0.09407966583967209
0.08498357981443405
0.07721446454524994
0.09229710698127747
0.08925284445285797
0.08208741992712021
0.08216553926467896
0.10301315784454346
0.0808478593826294
0.08401207625865936
0.09222116321325302
0.09919910132884979
0.08919290453195572
0.09749563783407211
0.09194748103618622
0.08673600852489471
0.0929999127984047
0.09730564057826996
0.0961800068616867
0.09941226989030838
0.09061433374881744
0.08693897724151611
0.08781963586807251
0.08777816593647003
0.08356600999832153
0.09371518343687057
0.09243650734424591
0.09366004914045334
0.08367884159088135
0.07661742717027664
0.09852621704339981
0.09102819859981537
0.08036761730909348
0.08076783269643784
0.08863753080368042
0.10181676596403122
0.10195714980363846
0.0826694592833519
0.07859524339437485
0.09624500572681427
0.09684453159570694
0.08301693201065063
0.08758284896612167
0.09474776685237885
0.09692574292421341
0.06484571099281311
0.08723392337560654
0.08235473930835724
0.08106286078691483
0.10043978691101074
0.09771809726953506
0.07135896384716034
0.09597823768854141
0.08594023436307907
0.06685324013233185
0.08002207428216934
0.07754349708557129
0.09284652024507523
0.1006985753774643
0.09281448274850845
0.07632321119308472
0.07324698567390442
0.10622496157884598
0.08350151032209396
0.07639966905117035
0.09736799448728561
0.0807337835431099
0.07993945479393005
0.07154225558042526
0.08281449228525162
0.07607570290565491
0.08712024986743927
0.083898164331913
0.08131226897239685
0.08476939797401428
0.06933093070983887
0.08685983717441559
0.09240854531526566
0.07542126625776291
0.08788212388753891
0.064586341381073
0.07927393913269043
0.0754682868719101
0.07865549623966217
0.08316639065742493
0.09438323974609375
0.08766839653253555
0.09665834158658981
0.073275126516819
0.07599708437919617
0.07687651365995407
0.07409682124853134
0.07989095896482468
0.07813287526369095
0.10107707232236862
0.07649460434913635
0.08921494334936142
0.0953146293759346
0.08081740140914917
0.08223283290863037
0.07559998333454132
0.07366938889026642
0.07591595500707626
0.07567398250102997
0.08737812936306
0.08908188343048096
0.10991406440734863
0.07668096572160721
0.07431494444608688
0.0865732952952385
0.06825876981019974
0.08284015953540802
0.07862933725118637
0.07831549644470215
0.07930223643779755
0.07954102754592896
0.06136040389537811
0.09091261029243469
0.07002969831228256
0.07772408425807953
0.08309348672628403
0.07881706207990646
0.08939746022224426
0.08020490407943726
0.07081900537014008
0.0727538913488388
0.07181920111179352
0.08109147101640701
0.08898549526929855
0.07307476550340652
0.08267165720462799
0.07899001985788345
0.07373407483100891
0.07876498252153397
0.05411914736032486
0.07845490425825119
0.07369671761989594
0.09160970896482468
0.09638333320617676
0.07411021739244461
0.0780121460556984
0.07719100266695023
0.06716295331716537
0.08226633816957474
0.09706804156303406
0.06636563688516617
0.06927678734064102
0.07499773055315018
0.08381184935569763
0.09305893629789352
0.0682269036769867
0.07657229900360107
0.10634347051382065
0.06804540008306503
0.07493222504854202
0.07694429904222488
0.08048053085803986
0.09569390118122101
0.08419127017259598
0.0841035544872284
0.08577099442481995
0.08580614626407623
0.07926125824451447
0.0928981602191925
0.07794532179832458
0.0829029455780983
0.09549703449010849
0.08473021537065506
0.07294229418039322
0.07407861948013306
0.07310077548027039
0.09228286147117615
0.08069656044244766
0.07439426332712173
0.07093442231416702
0.0903712809085846
0.08763876557350159
0.0936274379491806
0.09254732728004456
0.09235254675149918
0.07619322091341019
0.07218888401985168
0.06616128236055374
0.07686689496040344
0.06422552466392517
0.06927257031202316
0.0771414116024971
0.08127705007791519
0.06937524676322937
0.07436087727546692
0.06439589709043503
0.0806032046675682
0.07950631529092789
0.09203780442476273
0.07183569669723511
0.0741308182477951
0.0668082907795906
0.07278499752283096
0.08637972176074982
0.08615851402282715
0.07253959029912949
0.0622025765478611
0.08355823904275894
0.06463854014873505
0.08216571807861328
0.05555477365851402
0.08072149008512497
0.0936003029346466
0.07837716490030289
0.0655401200056076
0.06995940208435059
0.07473807781934738
0.07221980392932892
0.07018133997917175
0.08020823448896408
0.09311950206756592
0.08408854901790619
0.06870226562023163
0.0631536915898323
0.06706703454256058
0.08136594295501709
0.07600565999746323
0.06996404379606247
0.07367212325334549
0.06733934581279755
0.07596102356910706
0.08261334151029587
0.07704578340053558
0.08251877874135971
0.06969118863344193
0.08283492177724838
0.066578708589077
0.08629396557807922
0.07561760395765305
0.09190725535154343
0.07997966557741165
0.07945775985717773
0.06846883147954941
0.06927404552698135
0.06271889060735703
0.0743202269077301
0.08397340774536133
0.06951113045215607
0.07034807652235031
0.06536021083593369
0.07104787230491638
0.08026347309350967
0.07539531588554382
0.08155225962400436
0.07277947664260864
0.07957930117845535
0.06505468487739563
0.06267892569303513
0.07238268852233887
0.0740765854716301
0.0698457658290863
0.07907494157552719
0.06982769072055817
0.08478236198425293
0.0681404173374176
0.07084225863218307
0.06404276937246323
0.06599268317222595
0.07574915885925293
0.07475174963474274
0.07330314069986343
0.08122481405735016
0.06686203181743622
0.07178108394145966
0.06437185406684875
0.07402486354112625
0.07007572054862976
0.06913404911756516
0.0801176205277443
0.05972796306014061
0.06317541003227234
0.0703330785036087
0.06206974759697914
0.083254374563694
0.06683313101530075
0.08148786425590515
0.06969313323497772
0.07783234864473343
0.08796154707670212
0.06069502979516983
0.07813846319913864
0.0701986700296402
0.07512436807155609
0.06210513040423393
0.06268130242824554
0.09531524032354355
0.058522582054138184
0.06599529832601547
0.07726149260997772
0.07353667914867401
0.0612720251083374
0.07589570432901382
0.08933219313621521
0.07214806973934174
0.07671038806438446
0.08226054906845093
0.06909767538309097
0.0711086094379425
