0.6518244743347168
0.46874043345451355
0.4469960927963257
0.4381616413593292
0.4077010452747345
0.4313683807849884
0.3952086865901947
0.37028980255126953
0.3874751031398773
0.36925530433654785
0.37712961435317993
0.3541147708892822
0.35881778597831726
0.3500366806983948
0.3613027036190033
0.2948641777038574
0.32770460844039917
0.33234336972236633
0.30324864387512207
0.3065223693847656
0.2718920409679413
0.310552179813385
0.2989601194858551
0.2920146882534027
0.2886374890804291
0.29195815324783325
0.29631417989730835
0.29522478580474854
0.2844507098197937
0.2848157286643982
0.27205535769462585
0.2662511169910431
0.2720441520214081
0.26733651757240295
0.24987202882766724
0.256342351436615
0.2523936331272125
0.2348950356245041
0.2667781114578247
0.25752171874046326
0.2524452209472656
0.24242959916591644
0.24754969775676727
0.23726119101047516
0.2376910299062729
0.2621757388114929
0.2412479966878891
0.2414551079273224
0.24089014530181885
0.23955895006656647
0.22536815702915192
0.23898375034332275
0.21639494597911835
0.24775280058383942
0.22204753756523132
0.22957539558410645
0.23097077012062073
0.19848157465457916
0.21353161334991455
0.22454603016376495
0.20654629170894623
0.2207663655281067
0.19843441247940063
0.22487424314022064
0.1951790153980255
0.18964610993862152
0.189774289727211
0.2018308788537979
0.19713707268238068
0.1874813586473465
0.19441300630569458
0.2057771235704422
0.18315431475639343
0.20168128609657288
0.18887440860271454
0.17905810475349426
0.17549441754817963
0.19031882286071777
0.16656248271465302
0.16280436515808105
0.16570007801055908
0.15458090603351593
0.17879128456115723
0.16469155251979828
0.16734881699085236
0.1521306335926056
0.15811865031719208
0.14252299070358276
0.16487203538417816
0.16774752736091614
0.17979083955287933
0.16667085886001587
0.16497404873371124
0.17937110364437103
0.1612098217010498
0.16389383375644684
0.17529109120368958
0.16046848893165588
0.1680154949426651
0.16004112362861633
0.15298159420490265
0.1487765908241272
0.13646599650382996
0.16260364651679993
0.12730474770069122
0.13855941593647003
0.15050335228443146
0.12207214534282684
0.1342054158449173
0.15120059251785278
0.14279229938983917
0.12882578372955322
0.13301096856594086
0.11877303570508957
0.1234513521194458
0.1387099325656891
0.12427918612957001
0.1275213062763214
0.12560272216796875
0.13768501579761505
0.14083829522132874
0.13744929432868958
0.12258245795965195
0.12834706902503967
0.12632054090499878
0.13070958852767944
0.12775112688541412
0.09899517893791199
0.12048325687646866
0.1090300977230072
0.1234210804104805
0.09902013838291168
0.12071190029382706
0.10862980037927628
0.1142217367887497
0.10880011320114136
0.11171714961528778
0.1020987331867218
0.10788540542125702
0.09461887925863266
0.09480536729097366
0.10882724076509476
0.11049654334783554
0.10480181872844696
0.10159275680780411
0.09621285647153854
0.11630146950483322
0.09544041007757187
0.09473817050457001
0.08595318347215652
0.09753713756799698
0.11167610436677933
0.09454596787691116
0.08671632409095764
0.08400383591651917
0.09484776109457016
0.08981043100357056
0.08858924359083176
0.09531053900718689
0.10508845746517181
0.11038639396429062
0.09385828673839569
0.09025690704584122
0.07802265137434006
0.08311298489570618
0.08609502762556076
0.0768638402223587
0.09150189161300659
0.08134639263153076
0.08594220876693726
0.08275259286165237
0.07182610034942627
0.08385315537452698
0.0970630794763565
0.09002334624528885
0.08954282104969025
0.08724403381347656
0.09260496497154236
0.08798535913228989
0.10099424421787262
0.0752742663025856
0.083416648209095
0.07019048184156418
0.07028120011091232
0.07012979686260223
0.06665803492069244
0.07539942860603333
0.06346503645181656
0.07692486047744751
0.06922434270381927
0.06858883798122406
0.08657478541135788
0.07380636036396027
0.06803713738918304
0.08300410211086273
0.06935495883226395
0.11984199285507202
0.09683313965797424
0.08154146373271942
0.08521351218223572
0.08798260241746902
0.08473802357912064
0.0603460818529129
0.07602200657129288
0.08323220908641815
0.06969155371189117
0.07185732573270798
0.06508851796388626
0.06009960547089577
0.06164349988102913
0.056465838104486465
0.06626834720373154
0.0750746950507164
0.05581958591938019
0.07448600977659225
0.0728798434138298
0.07061558961868286
0.06414807587862015
0.06275215744972229
0.07655184715986252
0.058024343103170395
0.059773556888103485
0.0828218162059784
0.07112067937850952
0.057618338614702225
0.06653537601232529
0.08009855449199677
0.05609165504574776
0.04898262023925781
0.06368523836135864
0.0682319775223732
0.050844814628362656
0.06107199564576149
0.053129713982343674
0.04906495288014412
0.05509544163942337
0.05298984795808792
0.060441479086875916
0.05658358708024025
0.0607755184173584
0.06431838870048523
0.05592256039381027
0.04642947018146515
0.07383770495653152
0.04719427973031998
0.0545705109834671
0.06587754189968109
0.0554993711411953
0.04767393693327904
0.06465257704257965
0.05206625163555145
0.06311497837305069
0.05165660008788109
0.06343171000480652
0.04948979243636131
0.04576023668050766
0.047373127192258835
0.06078615412116051
0.05363430455327034
0.0728338211774826
0.056728750467300415
0.05417990684509277
0.05184026062488556
0.061983026564121246
0.04333825781941414
0.04203638806939125
0.05142590403556824
0.04605535417795181
0.04564284160733223
0.03916225582361221
0.040985479950904846
0.04909895732998848
0.06125470995903015
0.05478246882557869
0.04877125844359398
0.05397181212902069
0.05916651338338852
0.04381052777171135
0.043082695454359055
0.05975990742444992
0.036260005086660385
0.040492016822099686
0.04891173914074898
0.0477670319378376
0.0481233149766922
0.044592320919036865
0.034396082162857056
0.038000792264938354
0.04812411218881607
0.046919289976358414
0.04949056729674339
0.04733935743570328
0.04844529181718826
0.05435001105070114
0.05735901743173599
0.04786938801407814
0.05549382045865059
0.044594135135412216
0.06214337423443794
0.04929666221141815
0.04561019688844681
0.03594214841723442
0.0666004940867424
0.06992946565151215
0.051843415945768356
0.05980566516518593
0.05154570937156677
0.045976199209690094
0.05404822900891304
0.050474684685468674
0.03679554536938667
0.05697984620928764
0.057977914810180664
0.038219742476940155
0.04380892962217331
0.05651901289820671
0.05740687996149063
0.03033025749027729
0.04605763405561447
0.038053713738918304
0.043887604027986526
0.05832924693822861
0.057196080684661865
0.049908265471458435
0.050414398312568665
0.050942063331604004
0.04062933474779129
0.0447511188685894
0.03875429555773735
0.05150889605283737
0.059179987758398056
0.05610151216387749
0.04714922234416008
0.04255227372050285
0.0495622418820858
0.04291894659399986
0.05331511050462723
0.03642791509628296
0.0492916963994503
0.05468303710222244
0.049273476004600525
0.0422121025621891
0.0515839159488678
0.045603375881910324
0.05702412500977516
0.04832349345088005
0.049034204334020615
0.04099075123667717
0.05008549615740776
0.04932405799627304
0.03147294744849205
0.0381595641374588
0.041661184281110764
0.049360573291778564
0.02471875213086605
0.041863054037094116
0.04517045244574547
0.03620848432183266
0.04046696051955223
0.04355180636048317
0.04277452081441879
0.05008019506931305
0.037621188908815384
0.04816236346960068
0.03756577521562576
0.038517825305461884
0.03855433687567711
0.042277004569768906
0.04193411022424698
0.041172899305820465
0.05936784669756889
0.04740794748067856
0.03835269436240196
0.049321938306093216
0.044496163725852966
0.042269814759492874
0.04693925008177757
0.030718863010406494
0.04542480781674385
0.033957887440919876
0.04301818087697029
0.04062299802899361
0.048422910273075104
0.03375954180955887
0.04116871953010559
0.03923375904560089
0.03686593472957611
0.04615681990981102
0.03205422684550285
0.03443177789449692
0.04382914677262306
0.04285067319869995
0.02898828312754631
0.03119523636996746
0.039631571620702744
0.03895079717040062
0.040222879499197006
0.035468362271785736
0.04648587852716446
0.04239083081483841
0.034027278423309326
0.04512136057019234
0.02857554331421852
0.04187050461769104
0.02783988043665886
0.05909891799092293
0.03796740248799324
0.039272841066122055
0.04242965206503868
0.033027417957782745
0.028899790719151497
0.03770235925912857
0.05160614103078842
0.04656922072172165
0.051477931439876556
0.04294837638735771
0.05287409946322441
0.04600611329078674
0.038043323904275894
0.04822034761309624
0.04088449105620384
0.04288914054632187
0.030757205560803413
0.03674638271331787
0.04209848493337631
0.05614436790347099
0.029853137210011482
0.0391397587954998
0.041329868137836456
0.03734321519732475
0.044549934566020966
0.04107978567481041
0.05346173420548439
0.03678372502326965
0.033096276223659515
0.03931417688727379
0.025837598368525505
0.03267517685890198
0.04158204793930054
0.04219138249754906
0.04123934358358383
0.03334466740489006
0.039687853306531906
0.04362798482179642
0.04717908054590225
0.04062379524111748
0.04172595217823982
0.0426507443189621
0.04239605367183685
0.040647104382514954
0.033677615225315094
0.034108858555555344
0.04671933129429817
0.03607983887195587
0.028099505230784416
0.03808196634054184
0.04129277914762497
0.03738006576895714
0.043686170130968094
0.027119336649775505
0.03563249111175537
0.053537141531705856
0.02706923522055149
0.029306216165423393
0.03524627164006233
0.03199942782521248
0.04703428968787193
0.03260651230812073
0.05609476566314697
0.0634971410036087
0.042416878044605255
0.044963959604501724
0.03253026306629181
0.024061724543571472
0.04318654164671898
0.028169872239232063
0.02370825596153736
0.0321824811398983
0.05031023174524307
0.027311865240335464
0.042422372847795486
0.04741645231842995
0.028698675334453583
0.042341481894254684
0.03822805732488632
0.024780016392469406
0.028329545632004738
0.037537310272455215
0.040824152529239655
0.03796354681253433
0.0310811884701252
0.04584907367825508
0.03006790392100811
0.03406976908445358
0.0260532945394516
0.025819629430770874
0.04618872329592705
0.04687833786010742
0.0315961055457592
0.03467446565628052
0.040010228753089905
0.027959778904914856
0.03836400806903839
0.033898770809173584
0.026470260694622993
0.03363490104675293
0.03926974534988403
0.03859507292509079
0.034154269844293594
0.03930902108550072
0.03638632223010063
0.023738298565149307
0.03202011063694954
0.05064794793725014
0.03247740492224693
0.04790490120649338
0.025213045999407768
0.04091711714863777
0.03457118943333626
0.027999170124530792
0.042844243347644806
0.02836420200765133
0.04011088237166405
0.031756941229104996
0.029962750151753426
0.022108448669314384
0.040875378996133804
0.03280305862426758
0.038538042455911636
0.037962377071380615
0.028852539137005806
0.022870007902383804
0.04198513180017471
0.03181944042444229
0.03741871938109398
0.037322886288166046
0.031465861946344376
0.027822274714708328
0.03150765970349312
0.043439313769340515
0.021936729550361633
0.021502366289496422
0.05036919191479683
0.037928152829408646
0.04545558989048004
0.02512628398835659
0.04277415946125984
0.04288727417588234
0.026810524985194206
0.03540804982185364
0.045559052377939224
0.03352789208292961
0.029474781826138496
0.044246066361665726
0.025251777842640877
0.02427707612514496
0.03138881176710129
0.030042322352528572
0.03843124955892563
0.033351168036460876
0.04015263170003891
0.030509497970342636
0.029367720708251
0.032084982842206955
0.03963087871670723
0.030536267906427383
0.04618686065077782
0.03036806732416153
0.028316423296928406
0.027206851169466972
0.03608519211411476
0.030446747317910194
0.0269000381231308
0.030754344537854195
0.029891373589634895
0.02158607356250286
0.03932739421725273
0.032840751111507416
0.042451415210962296
0.03096337802708149
0.02700677700340748
0.027760595083236694
0.041400108486413956
0.031222593039274216
0.035253047943115234
0.024015268310904503
0.0375056117773056
0.032322537153959274
0.04071391746401787
0.03887096047401428
0.03249892219901085
0.03525368496775627
0.03879011049866676
0.03707979619503021
0.02700226381421089
0.024583516642451286
0.030595863237977028
0.027613069862127304
0.0241619274020195
0.03699130192399025
0.05667462944984436
0.03455282002687454
0.03875796124339104
