0.7157079577445984
0.7075986862182617
0.6876622438430786
0.6620463728904724
0.6714501976966858
0.6662037968635559
0.6377571821212769
0.6212064623832703
0.6309916377067566
0.6174082159996033
0.6213462948799133
0.5937960743904114
0.5843452215194702
0.5982451438903809
0.5802334547042847
0.5751771330833435
0.5672968626022339
0.5545741319656372
0.5682876110076904
0.5682418942451477
0.5445386171340942
0.5696902871131897
0.5339579582214355
0.5416285991668701
0.5188717246055603
0.5177938938140869
0.5150208473205566
0.5290699601173401
0.5085540413856506
0.5069454312324524
0.4967626631259918
0.4825011193752289
0.48095646500587463
0.48704224824905396
0.4908241331577301
0.48981383442878723
0.4629027545452118
0.4468382000923157
0.4378156363964081
0.44539177417755127
0.4501129686832428
0.46042147278785706
0.4491268992424011
0.4428408145904541
0.4294864237308502
0.4390903413295746
0.4157957136631012
0.41573473811149597
0.43697890639305115
0.43439793586730957
0.4074924886226654
0.44022315740585327
0.42480382323265076
0.4366410970687866
0.41561049222946167
0.41179659962654114
0.4109760522842407
0.40694519877433777
0.4389837980270386
0.42102140188217163
0.39593133330345154
0.40081754326820374
0.41500911116600037
0.4295350909233093
0.41484859585762024
0.41670912504196167
0.39642712473869324
0.411275714635849
0.40780073404312134
0.4065828323364258
0.3758796155452728
0.39402052760124207
0.3932154178619385
0.407932311296463
0.3822025656700134
0.36507648229599
0.3928873538970947
0.386787474155426
0.4045431911945343
0.3973676264286041
0.36300554871559143
0.41112881898880005
0.36398744583129883
0.3973897397518158
0.35346734523773193
0.37298819422721863
0.38461166620254517
0.3634113669395447
0.37039491534233093
0.37592509388923645
0.37630075216293335
0.37649446725845337
0.35651496052742004
0.35882002115249634
0.35857662558555603
0.38249707221984863
0.36375927925109863
0.3806419372558594
0.3559407889842987
0.37660059332847595
0.36516934633255005
0.35758718848228455
0.356303870677948
0.33670100569725037
0.36680418252944946
0.350148469209671
0.36295264959335327
0.34689274430274963
0.3552972972393036
0.37161025404930115
0.3414653539657593
0.3546476364135742
0.34007346630096436
0.3384222388267517
0.34742167592048645
0.3644939661026001
0.3690548241138458
0.35091516375541687
0.35107478499412537
0.36965233087539673
0.3490920662879944
0.36251118779182434
0.35659319162368774
0.33628931641578674
0.35462233424186707
0.36040279269218445
0.3584829568862915
0.3288213312625885
0.3471217751502991
0.3380996286869049
0.33698517084121704
0.3631187081336975
0.36507323384284973
0.35273540019989014
0.35213136672973633
0.35059434175491333
0.34742221236228943
0.33857494592666626
0.35748305916786194
0.3445211946964264
0.3433245122432709
0.3669130802154541
0.3500167727470398
0.3414801359176636
0.354754775762558
0.35357576608657837
0.34857112169265747
0.31558167934417725
0.33944234251976013
0.3296251595020294
0.3309682309627533
0.3367525339126587
0.3208325207233429
0.3166566789150238
0.3344151973724365
0.3421149253845215
0.33568280935287476
0.30676576495170593
0.33710670471191406
0.33075207471847534
0.30429330468177795
0.32976582646369934
0.3206884562969208
0.3305562436580658
0.3388996124267578
0.3116953670978546
0.32218560576438904
0.321870356798172
0.3203866183757782
0.3341628909111023
0.3182668387889862
0.32653674483299255
0.34262239933013916
0.3292449414730072
0.30996954441070557
0.34311217069625854
0.32469385862350464
0.3145919144153595
0.33672815561294556
0.33473262190818787
0.3274713158607483
0.3301335275173187
0.3259080648422241
0.3147865831851959
0.321184903383255
0.31158366799354553
0.31690582633018494
0.322353333234787
0.3181145191192627
0.33101174235343933
0.3283541798591614
0.3102741539478302
0.33424851298332214
0.33691346645355225
0.33434730768203735
0.32906222343444824
0.33040040731430054
0.31293752789497375
0.30716148018836975
0.33259910345077515
0.3082681894302368
0.3171556293964386
0.3239828050136566
0.3184680938720703
0.31673315167427063
0.3209347724914551
0.3167797923088074
0.3103374242782593
0.32967185974121094
0.3055862486362457
0.30607515573501587
0.30681657791137695
0.3102857172489166
0.3224211037158966
0.32074791193008423
0.30695533752441406
0.30951356887817383
0.30587899684906006
0.30496758222579956
0.29730597138404846
0.30932989716529846
0.2931368947029114
0.30754557251930237
0.3049515187740326
0.3209371566772461
0.310230553150177
0.32395389676094055
0.30180835723876953
0.3209075331687927
0.30580028891563416
0.30484330654144287
0.32911717891693115
0.3081659972667694
0.30934348702430725
0.28589552640914917
0.3049589991569519
0.30323609709739685
0.28991907835006714
0.2967492341995239
0.2779654264450073
0.28566980361938477
0.2871387004852295
0.3057439923286438
0.30927225947380066
0.2831883430480957
0.2819567620754242
0.2936079204082489
0.30455270409584045
0.2912621796131134
0.2911539375782013
0.31536367535591125
0.29507288336753845
0.28383418917655945
0.3005276322364807
0.2812449038028717
0.2907635569572449
0.2872415781021118
0.28875574469566345
0.29357656836509705
0.28843387961387634
0.2905398905277252
0.2993541359901428
0.30683988332748413
0.29159611463546753
0.30181097984313965
0.3085959255695343
0.291572630405426
0.289176344871521
0.31765812635421753
0.30331090092658997
0.3005082309246063
0.2931326925754547
0.2998817563056946
0.3059539198875427
0.2869856059551239
0.29872360825538635
0.273478239774704
0.279256671667099
0.27956005930900574
0.28599682450294495
0.3041906952857971
0.30137354135513306
0.29264914989471436
0.3002398908138275
0.29999950528144836
0.29306891560554504
0.29284173250198364
0.3112852871417999
0.2889859080314636
0.28808486461639404
0.3104087710380554
0.2907216250896454
0.31286191940307617
0.2956470549106598
0.2817663848400116
0.2669958770275116
0.2813064157962799
0.2827919125556946
0.2853253185749054
0.30012205243110657
0.27013731002807617
0.28192976117134094
0.2839730679988861
0.30119699239730835
0.28213608264923096
0.32282572984695435
0.28902414441108704
0.2663661241531372
0.29589709639549255
0.29234620928764343
0.27883777022361755
0.29062676429748535
0.2691897749900818
0.2966662347316742
0.2774471938610077
0.2796958088874817
0.29517561197280884
0.2721995711326599
0.2986140549182892
0.2996309995651245
0.306497722864151
0.29048851132392883
0.29798275232315063
0.27564680576324463
0.28389492630958557
0.28091761469841003
0.3014548122882843
0.28021788597106934
0.29138559103012085
0.2812715470790863
0.3026117980480194
0.28201794624328613
0.27691465616226196
0.2951889634132385
0.3024146854877472
0.29554030299186707
0.26623427867889404
0.2886022925376892
0.27515608072280884
0.26846811175346375
0.2816219627857208
0.2711796760559082
0.2904484272003174
0.26803961396217346
0.2719506025314331
0.29776960611343384
0.25457796454429626
0.27840107679367065
0.2832506000995636
0.2803933322429657
0.29113227128982544
0.2853991687297821
0.2967835068702698
0.2692705988883972
0.2948543429374695
0.271248996257782
0.3067055642604828
0.29632294178009033
0.2976510524749756
0.28313156962394714
0.3071153461933136
0.2932030260562897
0.2927885055541992
0.29408806562423706
0.2677513360977173
0.2732757031917572
0.27716514468193054
0.2752167582511902
0.2815604507923126
0.2678195536136627
0.2738226354122162
0.2865446209907532
0.2646353840827942
0.2785017192363739
0.2852477431297302
0.27562981843948364
0.2923037111759186
0.2956867516040802
0.28405848145484924
0.27116328477859497
0.28572922945022583
0.2864610254764557
0.29711368680000305
0.27668052911758423
0.27579808235168457
0.27928397059440613
0.29018232226371765
0.26791539788246155
0.2783564031124115
0.2872065007686615
0.2761102616786957
0.2751200795173645
0.28004178404808044
0.2661830186843872
0.27659279108047485
0.29056575894355774
0.29698964953422546
0.2845729887485504
0.2920039892196655
0.2719403803348541
0.28200212121009827
0.2754412591457367
0.2572338581085205
0.28249961137771606
0.25900352001190186
0.2583700120449066
0.2853669226169586
0.28418639302253723
0.2698647677898407
0.27944424748420715
0.2881714701652527
0.2732852101325989
0.29161548614501953
0.2755933105945587
0.2665520906448364
0.26826968789100647
0.2912445664405823
0.27560901641845703
0.27109667658805847
0.2840915322303772
0.283079594373703
0.2752039432525635
0.2788699269294739
0.2885100245475769
0.2780630588531494
0.25534796714782715
0.28500548005104065
0.2764623165130615
0.2744333744049072
0.26832151412963867
0.2853201627731323
0.2603694498538971
0.2836303114891052
0.2607412040233612
0.2775493562221527
0.27366453409194946
0.28304365277290344
0.2673366963863373
0.2923396825790405
0.2762996256351471
0.2788187265396118
0.2922043204307556
0.2687506675720215
0.2923767566680908
0.2515304982662201
0.2521289587020874
0.2755916118621826
0.2834257483482361
0.27941158413887024
0.27795207500457764
0.29504698514938354
0.2793404757976532
0.2747705280780792
0.2904587388038635
0.29142382740974426
0.2767597436904907
0.27790775895118713
0.281898558139801
0.26727959513664246
0.2764533460140228
0.2934681177139282
0.27455610036849976
0.27483195066452026
0.2691282629966736
0.2736041247844696
0.2815152108669281
0.2732006311416626
0.25141358375549316
0.2668915092945099
0.26865893602371216
0.255727618932724
0.28848662972450256
0.2818918526172638
0.2767825126647949
0.26439645886421204
0.2553684413433075
0.25798410177230835
0.26612409949302673
0.28349098563194275
0.26957184076309204
0.28147831559181213
0.2960115373134613
0.27591922879219055
0.28654414415359497
0.2795790135860443
0.28227362036705017
0.24951180815696716
0.2830549478530884
0.28474098443984985
0.2873115539550781
0.28503647446632385
0.2924003601074219
0.27607738971710205
0.26351141929626465
0.2746824324131012
0.2827036380767822
0.2720963656902313
0.2685850262641907
0.2722332775592804
0.26729345321655273
0.26812201738357544
0.26797357201576233
0.2660684585571289
0.2911601960659027
0.27672237157821655
0.25903788208961487
0.25586894154548645
0.2684539556503296
0.27123382687568665
0.28119733929634094
0.2598956227302551
0.2725696861743927
0.27235203981399536
0.2898929715156555
0.2858920395374298
0.2788514792919159
0.2732775807380676
0.2870471179485321
0.2541995644569397
0.27304548025131226
0.28733202815055847
0.26687952876091003
0.2834785580635071
0.26011207699775696
0.2708984315395355
0.26925307512283325
0.26466307044029236
0.2780555486679077
0.2941378057003021
0.2755139172077179
0.2681931257247925
0.264299213886261
0.2749786674976349
0.24913395941257477
0.26998159289360046
0.2727600634098053
0.27408885955810547
0.2559756338596344
0.2668861448764801
0.27375882863998413
0.27608731389045715
0.2786925733089447
0.26375553011894226
0.2572709321975708
0.2790859639644623
0.26791349053382874
0.2539476752281189
0.2813754081726074
0.28232210874557495
0.2882320284843445
0.26890188455581665
0.25290364027023315
0.2659991383552551
0.2686886787414551
0.27575036883354187
0.2740643620491028
0.27397075295448303
0.25653910636901855
0.26250261068344116
0.2757737338542938
0.2666618227958679
0.29073426127433777
0.26494115591049194
0.2606077492237091
0.2760193645954132
0.27738770842552185
0.278648316860199
0.25740987062454224
0.2625802159309387
0.2653304934501648
0.258063942193985
0.29873383045196533
0.27943500876426697
0.2697535455226898
0.2678515911102295
0.27509042620658875
0.25525808334350586
0.2813202142715454
0.27586179971694946
0.26828986406326294
0.2763191759586334
0.2727490961551666
0.2723073959350586
0.2858916223049164
0.2809808850288391
0.28465017676353455
0.26208391785621643
0.26162242889404297
0.26973167061805725
0.2706907093524933
0.2763550281524658
0.27337005734443665
0.2777143120765686
0.276597797870636
0.2742893397808075
0.292268306016922
0.276833713054657
0.2626742422580719
0.2842116057872772
0.27679646015167236
0.2636997699737549
0.28071460127830505
0.27390968799591064
0.28366973996162415
0.2719888985157013
0.26417380571365356
0.28872358798980713
0.26140084862709045
0.2526574730873108
0.27245453000068665
0.2702650725841522
0.2664196193218231
0.2865653336048126
0.280813068151474
0.271101713180542
0.28179118037223816
0.26705503463745117
0.27684471011161804
0.2709195017814636
0.2794107496738434
0.269715279340744
0.2621285617351532
0.2757483720779419
0.2784525156021118
0.279972642660141
0.278181254863739
0.2770467698574066
0.26619261503219604
0.267261266708374
0.29134073853492737
0.25838804244995117
0.23933914303779602
0.25874730944633484
0.264505535364151
0.2625667154788971
0.2822897434234619
