0.7413954734802246
0.5880265831947327
0.5093466639518738
0.462559312582016
0.4365881383419037
0.4293520450592041
0.4088142514228821
0.3977638781070709
0.38223883509635925
0.3825136423110962
0.364590585231781
0.3717629909515381
0.3599344491958618
0.34840917587280273
0.3581886291503906
0.3479974865913391
0.329974889755249
0.32626959681510925
0.315382719039917
0.32497847080230713
0.3186163604259491
0.31573915481567383
0.31774213910102844
0.31785130500793457
0.2904946804046631
0.31224948167800903
0.30933287739753723
0.3032822608947754
0.3059505522251129
0.31240180134773254
0.3037186563014984
0.3028872013092041
0.3034493327140808
0.3089471459388733
0.28575000166893005
0.27913767099380493
0.3056860566139221
0.29045599699020386
0.29659655690193176
0.28336602449417114
0.28500136733055115
0.2779027819633484
0.27558407187461853
0.26800602674484253
0.2697286307811737
0.2723217010498047
0.2834193706512451
0.2719055414199829
0.2653217911720276
0.27649417519569397
0.2665048837661743
0.2919503152370453
0.2678214907646179
0.271624356508255
0.24142411351203918
0.2583475112915039
0.26954716444015503
0.25805023312568665
0.25703734159469604
0.2540128827095032
0.24568724632263184
0.2488139271736145
0.2527146339416504
0.252010703086853
0.25394555926322937
0.2417282909154892
0.2513720691204071
0.2503533959388733
0.24532529711723328
0.24418656527996063
0.23799575865268707
0.2525947690010071
0.2478015273809433
0.23220673203468323
0.24380581080913544
0.24546673893928528
0.23717914521694183
0.22484149038791656
0.2309267818927765
0.22981393337249756
0.22385960817337036
0.22793574631214142
0.21982954442501068
0.23311342298984528
0.24043701589107513
0.22482630610466003
0.23054485023021698
0.22945748269557953
0.2043629139661789
0.22538909316062927
0.21627284586429596
0.20410476624965668
0.2206144779920578
0.19622735679149628
0.2116313874721527
0.21745556592941284
0.20703339576721191
0.2045884132385254
0.20793978869915009
0.19773022830486298
0.21486309170722961
0.2087869793176651
0.19689282774925232
0.2019510269165039
0.1866457462310791
0.20320604741573334
0.20020337402820587
0.1907074749469757
0.184532031416893
0.1874663382768631
0.21186776459217072
0.19726864993572235
0.21242596209049225
0.19212466478347778
0.17781056463718414
0.1977374255657196
0.18280841410160065
0.1841856986284256
0.17968548834323883
0.18729932606220245
0.18276283144950867
0.17664997279644012
0.17660464346408844
0.1788356453180313
0.17432089149951935
0.18063610792160034
0.17291945219039917
0.168601393699646
0.16758540272712708
0.18587413430213928
0.16337260603904724
0.1676161289215088
0.15317310392856598
0.1616177260875702
0.16430221498012543
0.16935871541500092
0.18589673936367035
0.1592169851064682
0.15102197229862213
0.1612931191921234
0.16899892687797546
0.15700222551822662
0.15273354947566986
0.14355091750621796
0.15862300992012024
0.14115497469902039
0.15688984096050262
0.14649103581905365
0.1406024992465973
0.14002084732055664
0.149879589676857
0.1531326025724411
0.15810459852218628
0.14411304891109467
0.16886043548583984
0.13878220319747925
0.1409934163093567
0.1429736614227295
0.1525954008102417
0.14200474321842194
0.15981096029281616
0.15439285337924957
0.14119325578212738
0.13532613217830658
0.15248499810695648
0.13305515050888062
0.1269453912973404
0.13491356372833252
0.13912555575370789
0.1447579711675644
0.14753001928329468
0.1438131481409073
0.12817497551441193
0.1325610876083374
0.1433568149805069
0.13996773958206177
0.12964992225170135
0.140187606215477
0.1296481490135193
0.12424930185079575
0.13569118082523346
0.1377449482679367
0.13858994841575623
0.14273983240127563
0.12748365104198456
0.1342807412147522
0.1310475915670395
0.1250135749578476
0.14252862334251404
0.13072669506072998
0.1331881880760193
0.12910041213035583
0.1207628846168518
0.13349846005439758
0.12824074923992157
0.11943797767162323
0.11435922980308533
0.1346241533756256
0.12329749017953873
0.1377367377281189
0.13510717451572418
0.12699881196022034
0.12390325963497162
0.13019807636737823
0.14547155797481537
0.12572944164276123
0.12118915468454361
0.13244590163230896
0.12384475022554398
0.12156648933887482
0.10783534497022629
0.12399210035800934
0.12574291229248047
0.10667022317647934
0.11537735909223557
0.1308993697166443
0.11236368864774704
0.1195119321346283
0.11774220317602158
0.12598995864391327
0.11401207745075226
0.11055537313222885
0.11449384689331055
0.12021045386791229
0.12115931510925293
0.12574554979801178
0.11365293711423874
0.11700772494077682
0.11227087676525116
0.10818477720022202
0.12015248090028763
0.10934669524431229
0.11144639551639557
0.10727659612894058
0.11653062701225281
0.11688733845949173
0.1114349365234375
0.1281910389661789
0.11370190232992172
0.13129374384880066
0.1216759979724884
0.1119193434715271
0.1120041087269783
0.1118595227599144
0.11413967609405518
0.11412963271141052
0.11868815869092941
0.10858387500047684
0.1081218421459198
0.10416979342699051
0.10296066105365753
0.09802784770727158
0.10550272464752197
0.09089194238185883
0.11439362913370132
0.09742377698421478
0.10172625631093979
0.10012124478816986
0.11091789603233337
0.10258016735315323
0.09855776280164719
0.10126817226409912
0.10745351016521454
0.10682200640439987
0.08748792111873627
0.09586532413959503
0.11245521903038025
0.11030382663011551
0.10828685015439987
0.10837525129318237
0.09817412495613098
0.1103743314743042
0.10763208568096161
0.1079663336277008
0.10369787365198135
0.09543490409851074
0.10090161859989166
0.0961708351969719
0.0937485471367836
0.09997250884771347
0.09420895576477051
0.09147774428129196
0.09927360713481903
0.1028372272849083
0.09731929749250412
0.11755017191171646
0.10063399374485016
0.09424185007810593
0.09305454045534134
0.09716673195362091
0.10277736932039261
0.10964186489582062
0.11111997812986374
0.0959896594285965
0.1092035174369812
0.09566235542297363
0.10503249615430832
0.08640030026435852
0.0921015664935112
0.09352723509073257
0.10735247284173965
0.10211922228336334
0.09341385215520859
0.10364873707294464
0.09924836456775665
0.09876446425914764
0.10356981307268143
0.09334152936935425
0.09084414690732956
0.08572082221508026
0.08716916292905807
0.09912876784801483
0.09256551414728165
0.09056004136800766
0.09215991944074631
0.10261081904172897
0.09563947468996048
0.09532690048217773
0.10274188220500946
0.08799710869789124
0.09783850610256195
0.11667810380458832
0.07632286101579666
0.1096055656671524
0.09988339245319366
0.0871315747499466
0.0904792994260788
0.09277836978435516
0.09212524443864822
0.09274911880493164
0.09160148352384567
0.08186043053865433
0.08555089682340622
0.0849279910326004
0.1000632792711258
0.08664749562740326
0.10235423594713211
0.0863480195403099
0.09650783240795135
0.08809296786785126
0.09385216236114502
0.08390919119119644
0.08872942626476288
0.08937029540538788
0.08314347267150879
0.08315177261829376
0.0902130976319313
0.0945308730006218
0.10400401055812836
0.07824039459228516
0.07859983295202255
0.0932207778096199
0.07991944998502731
0.08409447222948074
0.08254317939281464
0.08782116323709488
0.09656691551208496
0.0831030011177063
0.09886950999498367
0.08495046943426132
0.08589781075716019
0.08685100823640823
0.08128467947244644
0.09294058382511139
0.09388261288404465
0.0810236856341362
0.08941607922315598
0.08766788989305496
0.09022731333971024
0.08486746996641159
0.08070042729377747
0.09225685894489288
0.09987948089838028
0.0881437435746193
0.08857821673154831
0.0946309044957161
0.0913594588637352
0.07736717909574509
0.0839485302567482
0.08241340517997742
0.0781354010105133
0.08028451353311539
0.08333374559879303
0.07855721563100815
0.07234849035739899
0.07963209599256516
0.07986278086900711
0.08602707087993622
0.0819731056690216
0.08684315532445908
0.09257522225379944
0.08098544925451279
0.08644495904445648
0.09175391495227814
0.08816751092672348
0.08866516500711441
0.08519649505615234
0.08780546486377716
0.0741933137178421
0.08769330382347107
0.07649949938058853
0.08726590126752853
0.07876946032047272
0.084744393825531
0.08812766522169113
0.08795710653066635
0.08855469524860382
0.09510640054941177
0.07206718623638153
0.08659183233976364
0.08439790457487106
0.09633780270814896
0.07506672292947769
0.07879581302404404
0.08320260792970657
0.08014747500419617
0.0759592056274414
0.07861173897981644
0.08211956173181534
0.08799491077661514
0.0738171637058258
0.06558162719011307
0.07873828709125519
0.08923067152500153
0.07101902365684509
0.0804235190153122
0.07314694672822952
0.07726404070854187
0.0807860866189003
0.08552378416061401
0.08303094655275345
0.07502685487270355
0.08553960919380188
0.07989118993282318
0.08067252486944199
0.07798922061920166
0.08183593302965164
0.08429113030433655
0.08814795315265656
0.0873294398188591
0.07133141905069351
0.07842371612787247
0.08539125323295593
0.08687029778957367
0.08135049045085907
0.08305361866950989
0.08046957105398178
0.07086244970560074
0.07152755558490753
0.0853605642914772
0.0781986340880394
0.08416363596916199
0.08742445707321167
0.07111363112926483
0.06830593198537827
0.0872817113995552
0.08623968064785004
0.0783844068646431
0.08002165704965591
0.08757126331329346
0.07375588268041611
0.08459486812353134
0.07792989909648895
0.08444789797067642
0.07611196488142014
0.08439771831035614
0.06775660812854767
0.07331553101539612
0.08289451152086258
0.07698128372430801
0.07278913259506226
0.06928092986345291
0.07623165845870972
0.07799253612756729
0.07265754789113998
0.07929045706987381
0.07381228357553482
0.08221068233251572
0.08816725015640259
0.08161832392215729
0.0778159648180008
0.08631241321563721
0.08925209194421768
0.07789866626262665
0.09528528898954391
0.07901377975940704
0.07493367046117783
0.09300171583890915
0.0752357542514801
0.08309674263000488
0.08408559113740921
0.07948551326990128
0.07835134118795395
0.08637886494398117
0.07818831503391266
0.0764540284872055
0.08565134555101395
0.08066292107105255
0.08333608508110046
0.07020899653434753
0.09240254759788513
0.07948160171508789
0.08225393295288086
0.06614098697900772
0.08726998418569565
0.08885299414396286
0.08592592924833298
0.07029172033071518
0.06187935546040535
0.0774565041065216
0.0862252339720726
0.0753459557890892
0.06616330146789551
0.07521108537912369
0.08659429103136063
0.0745118260383606
0.05871937796473503
0.07192811369895935
0.0755024254322052
0.07739567011594772
0.08684667944908142
0.07481802999973297
0.0725710391998291
0.07057785242795944
0.08267449587583542
0.09718482941389084
0.07054353505373001
0.0852963775396347
0.09133802354335785
0.07885858416557312
0.08397079259157181
0.09058889001607895
0.09502391517162323
0.07375863194465637
0.082593634724617
0.08510737121105194
0.07419023662805557
0.0735173299908638
0.07793407887220383
0.07363104075193405
0.08525176346302032
0.06758690625429153
0.0775059387087822
0.06609556078910828
0.08418934792280197
0.07704739272594452
0.06928858906030655
0.08129056543111801
0.06627579033374786
0.08643864840269089
0.09159880131483078
0.07763561606407166
0.06556432694196701
0.0706884115934372
0.0701158344745636
0.06924290210008621
0.07448859512805939
0.07363279908895493
0.09438975155353546
0.08057034015655518
0.0650978535413742
0.07059112191200256
0.08003631234169006
0.07081685960292816
0.08027712255716324
0.07625500112771988
0.07774888724088669
0.07063378393650055
0.08340936154127121
0.07042834907770157
0.07435988634824753
0.07156432420015335
0.08389462530612946
0.07652316987514496
0.0881972387433052
0.07954529672861099
0.09367142617702484
0.07683020085096359
0.07803485542535782
0.07916206121444702
0.08496779948472977
0.08123721182346344
0.06910254806280136
0.08018495887517929
0.07493463158607483
0.0826239287853241
0.07134385406970978
0.09181605279445648
0.07523602247238159
0.09741538017988205
0.06537669897079468
0.07373596727848053
0.0690269023180008
0.06961223483085632
0.06705797463655472
0.08303860574960709
0.07633510231971741
0.08008832484483719
0.07089132070541382
0.09307243674993515
0.07646625488996506
0.07116299122571945
0.08603429049253464
0.07650572806596756
