0.9782875776290894
0.7779624462127686
0.7228657603263855
0.6875203251838684
0.6465097069740295
0.6320660710334778
0.6240127682685852
0.5964595079421997
0.5800579786300659
0.5708360075950623
0.5729086995124817
0.5634267330169678
0.5442731380462646
0.5109477043151855
0.49125224351882935
0.5105686783790588
0.5144028067588806
0.48539867997169495
0.47846928238868713
0.4694031774997711
0.45318707823753357
0.44252675771713257
0.45793935656547546
0.4442116916179657
0.4396320581436157
0.4209325611591339
0.4127351641654968
0.4505573809146881
0.40876346826553345
0.4278595447540283
0.41364070773124695
0.40669891238212585
0.40575525164604187
0.39614227414131165
0.42030301690101624
0.40087732672691345
0.38794752955436707
0.3860667049884796
0.3693246841430664
0.3903357684612274
0.3750927150249481
0.37975040078163147
0.38096413016319275
0.36933743953704834
0.3753873407840729
0.3764256536960602
0.3809205889701843
0.35456275939941406
0.35382989048957825
0.3522959351539612
0.34251269698143005
0.36580851674079895
0.35222673416137695
0.36723729968070984
0.3379383385181427
0.34348562359809875
0.32415178418159485
0.3511209189891815
0.35052695870399475
0.33834582567214966
0.3282569944858551
0.3509889543056488
0.32284167408943176
0.34429046511650085
0.33358824253082275
0.3287149667739868
0.3329243063926697
0.3136046826839447
0.32350653409957886
0.3345526456832886
0.3317790925502777
0.32546180486679077
0.3090328276157379
0.29717549681663513
0.3263334333896637
0.3103422522544861
0.3170623779296875
0.31346026062965393
0.3132264018058777
0.3222413957118988
0.3166494369506836
0.31420037150382996
0.30943089723587036
0.3143346607685089
0.3251405656337738
0.3098531663417816
0.3042079508304596
0.33654049038887024
0.30417194962501526
0.3221140205860138
0.2897324860095978
0.30515941977500916
0.3078475296497345
0.3061089515686035
0.2994941473007202
0.2994585931301117
0.29696381092071533
0.28842344880104065
0.29739490151405334
0.30975624918937683
0.3001079559326172
0.2895258963108063
0.27740412950515747
0.28745579719543457
0.29154133796691895
0.28860798478126526
0.28315943479537964
0.2796795070171356
0.2937265932559967
0.28388187289237976
0.2747712731361389
0.2744951546192169
0.2669414281845093
0.2866729497909546
0.28758302330970764
0.2820931673049927
0.2672535479068756
0.27123722434043884
0.27571555972099304
0.271012544631958
0.2633657157421112
0.271279513835907
0.26761549711227417
0.2581179738044739
0.27065980434417725
0.24985559284687042
0.28079840540885925
0.27988573908805847
0.25614553689956665
0.26257920265197754
0.26595601439476013
0.2611725628376007
0.2627381682395935
0.26179003715515137
0.26130932569503784
0.26057568192481995
0.2657380998134613
0.2686249911785126
0.24557343125343323
0.2525469660758972
0.26025184988975525
0.27198073267936707
0.2493496537208557
0.24402666091918945
0.24800540506839752
0.24610373377799988
0.2507835626602173
0.24125635623931885
0.2500764727592468
0.2500200867652893
0.2319006770849228
0.23289397358894348
0.2299729287624359
0.24042853713035583
0.2218114137649536
0.22159728407859802
0.2299555391073227
0.22709934413433075
0.24098552763462067
0.25065553188323975
0.2110503911972046
0.23390090465545654
0.23253999650478363
0.22330248355865479
0.23438265919685364
0.2376818060874939
0.23445989191532135
0.24016468226909637
0.21998253464698792
0.22392429411411285
0.2316727191209793
0.22742171585559845
0.22741395235061646
0.22228632867336273
0.2247857302427292
0.2214120477437973
0.2332117259502411
0.21078766882419586
0.22958366572856903
0.2295757234096527
0.22371946275234222
0.22858843207359314
0.21492734551429749
0.22155490517616272
0.21341246366500854
0.20615242421627045
0.21925729513168335
0.21758781373500824
0.2100762277841568
0.21487994492053986
0.23611781001091003
0.22231808304786682
0.21421778202056885
0.21079981327056885
0.21827559173107147
0.2225121408700943
0.22428879141807556
0.2185354083776474
0.2146853357553482
0.21794264018535614
0.21772801876068115
0.21758218109607697
0.2189813256263733
0.20765405893325806
0.21592484414577484
0.21256303787231445
0.2058657556772232
0.21252429485321045
0.2030465006828308
0.21054652333259583
0.20767056941986084
0.21129962801933289
0.19522064924240112
0.19517843425273895
0.20859180390834808
0.21155709028244019
0.19231919944286346
0.20572541654109955
0.2150445431470871
0.21136006712913513
0.2069786787033081
0.19190482795238495
0.18849804997444153
0.20745158195495605
0.19838662445545197
0.20812508463859558
0.19780072569847107
0.200475811958313
0.1857137233018875
0.2150822877883911
0.21313637495040894
0.21374714374542236
0.21461446583271027
0.18773627281188965
0.18715989589691162
0.19941438734531403
0.1890287846326828
0.1895696222782135
0.1948944330215454
0.1854076385498047
0.19188745319843292
0.20949822664260864
0.19102045893669128
0.1920391470193863
0.20445869863033295
0.18377065658569336
0.20255164802074432
0.18692071735858917
0.18616802990436554
0.19148693978786469
0.17543728649616241
0.19397196173667908
0.1833236962556839
0.20054101943969727
0.17567592859268188
0.18332822620868683
0.1708877682685852
0.18289992213249207
0.1832246035337448
0.19116955995559692
0.1938149333000183
0.17879454791545868
0.17011258006095886
0.18428269028663635
0.19159916043281555
0.18661996722221375
0.18713121116161346
0.1901470422744751
0.18505419790744781
0.19773416221141815
0.1683119833469391
0.17923563718795776
0.17269302904605865
0.19750002026557922
0.1852039396762848
0.18519392609596252
0.1837182343006134
0.1784818172454834
0.17519430816173553
0.178288072347641
0.18483227491378784
0.17356809973716736
0.19301337003707886
0.18125507235527039
0.16396619379520416
0.1793302744626999
0.1720287948846817
0.18901479244232178
0.18637986481189728
0.1882551610469818
0.1821291297674179
0.1833602488040924
0.1817988157272339
0.17316319048404694
0.18907800316810608
0.17772220075130463
0.15681008994579315
0.16692110896110535
0.18254683911800385
0.17384952306747437
0.1863401234149933
0.16809773445129395
0.1745486855506897
0.18439707159996033
0.1815607249736786
0.1928987205028534
0.16416093707084656
0.19557243585586548
0.17736229300498962
0.17231541872024536
0.18096308410167694
0.15187281370162964
0.16705375909805298
0.19456319510936737
0.1893620789051056
0.17057383060455322
0.16860583424568176
0.17469055950641632
0.1718638688325882
0.1783464103937149
0.18726706504821777
0.1774732619524002
0.18312875926494598
0.1716979742050171
0.17035113275051117
0.17929309606552124
0.18528801202774048
0.1727297604084015
0.1769433468580246
0.1635359227657318
0.16374936699867249
0.17033830285072327
0.16772305965423584
0.17891985177993774
0.16676822304725647
0.16987183690071106
0.1807851642370224
0.15733638405799866
0.17254701256752014
0.16128480434417725
0.16817234456539154
0.1851494163274765
0.1935761719942093
0.19010496139526367
0.18450015783309937
0.18442901968955994
0.1843242645263672
0.18962663412094116
0.16518211364746094
0.18423298001289368
0.15925756096839905
0.15937598049640656
0.1626758575439453
0.16562213003635406
0.1895081251859665
0.16606111824512482
0.18069933354854584
0.16911938786506653
0.19055069983005524
0.18351660668849945
0.18263699114322662
0.17316608130931854
0.16535618901252747
0.1597587913274765
0.16229696571826935
0.1654474139213562
0.17601121962070465
0.17351919412612915
0.17380410432815552
0.1522369086742401
0.1629866063594818
0.17823928594589233
0.17717744410037994
0.16050711274147034
0.1570892184972763
0.17039474844932556
0.17328888177871704
0.158910870552063
0.17341378331184387
0.16169802844524384
0.1552002727985382
0.1631467044353485
0.16297467052936554
0.15591572225093842
0.1690594106912613
0.16484402120113373
0.16875557601451874
0.1761309951543808
0.18038421869277954
0.1537114828824997
0.16217254102230072
0.1627989262342453
0.15828560292720795
0.166539266705513
0.1665276736021042
0.18095988035202026
0.15624910593032837
0.1777031123638153
0.1715095192193985
0.16642016172409058
0.17172713577747345
0.16230985522270203
0.16293545067310333
0.160843163728714
0.17795507609844208
0.16540288925170898
0.16431328654289246
0.15962274372577667
0.16340230405330658
0.16274493932724
0.15945269167423248
0.1659584641456604
0.1545952707529068
0.1717814803123474
0.17922653257846832
0.15657100081443787
0.16623051464557648
0.16780927777290344
0.14485560357570648
0.17044061422348022
0.17585952579975128
0.16147886216640472
0.15641248226165771
0.1654198169708252
0.16194607317447662
0.16039656102657318
0.1639106422662735
0.16765841841697693
0.14907151460647583
0.16592440009117126
0.1716187298297882
0.15688884258270264
0.16131086647510529
0.14342080056667328
0.1867036372423172
0.16138087213039398
0.16680969297885895
0.16002628207206726
0.16878455877304077
0.16190160810947418
0.15776687860488892
0.17599226534366608
0.14345242083072662
0.1564146876335144
0.1591358780860901
0.14895309507846832
0.1740661859512329
0.1597600132226944
0.16054417192935944
0.16876405477523804
0.1686018854379654
0.17338836193084717
0.15634068846702576
0.15604908764362335
0.17181062698364258
0.1537294089794159
0.16443149745464325
0.15112724900245667
0.1533145010471344
0.15687775611877441
0.162257120013237
0.14958159625530243
0.1631360501050949
0.16737385094165802
0.1657809317111969
0.14731431007385254
0.13939142227172852
0.18683956563472748
0.1343439668416977
0.16609299182891846
0.15080265700817108
0.15910622477531433
0.1636347621679306
0.1512606143951416
0.17341412603855133
0.19373026490211487
0.16756615042686462
0.15248756110668182
0.16784797608852386
0.1558208465576172
0.1518610566854477
0.15711916983127594
0.16634058952331543
0.1733166128396988
0.1774531751871109
0.15891636908054352
0.16385923326015472
0.16322900354862213
0.15037715435028076
0.15660637617111206
0.15271614491939545
0.15690697729587555
0.14184363186359406
0.16836363077163696
0.16235750913619995
0.1533322036266327
0.15408729016780853
0.16790679097175598
0.1593230664730072
0.15865376591682434
0.15649889409542084
0.1489918828010559
0.16506458818912506
0.14682553708553314
0.16390877962112427
0.17262974381446838
0.15830230712890625
0.15675784647464752
0.15742313861846924
0.1698312908411026
0.14682453870773315
0.16763444244861603
0.15127117931842804
0.1543762981891632
0.1617947220802307
0.1555899679660797
0.16224022209644318
0.14759595692157745
0.15426956117153168
0.15503139793872833
0.16051064431667328
0.15740437805652618
0.15977327525615692
0.14415380358695984
0.16457556188106537
0.16637781262397766
0.1548636555671692
0.1745459884405136
0.14217664301395416
0.1642058938741684
0.14807246625423431
0.14622783660888672
0.1672678291797638
0.15111733973026276
0.17806434631347656
0.1554693579673767
0.1649506539106369
0.16519972681999207
0.16345614194869995
0.1631619930267334
0.1600385159254074
0.15585249662399292
0.14663593471050262
0.14807498455047607
0.15842418372631073
0.15394729375839233
0.16273269057273865
0.15308508276939392
0.17244300246238708
0.16004841029644012
0.15249696373939514
0.14860472083091736
0.15052464604377747
0.14726705849170685
0.15008561313152313
0.16717860102653503
0.14847822487354279
0.16464537382125854
0.15744642913341522
0.17644281685352325
0.15510497987270355
0.1657346487045288
0.16039471328258514
0.1599729359149933
0.15580765902996063
0.14881394803524017
0.1513996124267578
0.16935445368289948
0.16725607216358185
0.16714505851268768
0.15494981408119202
0.13954608142375946
0.15286503732204437
0.1675620824098587
0.14760683476924896
0.15665705502033234
0.1455700397491455
0.15431667864322662
0.15306784212589264
0.14888571202754974
0.1524333953857422
0.15762825310230255
0.16010618209838867
0.16080857813358307
0.1603759378194809
0.1567884236574173
0.15270265936851501
0.1525222361087799
0.18620535731315613
0.13777191936969757
0.15877026319503784
0.1581023931503296
0.15337562561035156
0.15081314742565155
0.1647409349679947
0.154127299785614
0.14294803142547607
0.1599816232919693
0.15719127655029297
0.1473592072725296
0.1576254516839981
