0.40031152963638306
0.4236760139465332
0.4517133831977844
0.4688473641872406
0.49065420031547546
0.5124610662460327
0.5327102541923523
0.5420560836791992
0.5498442649841309
0.5623052716255188
0.5778816342353821
0.5934579372406006
0.5996884703636169
0.6090342402458191
0.6214953064918518
0.6417445540428162
0.6464174389839172
0.6604361534118652
0.6682242751121521
0.677570104598999
0.6838006377220154
0.6915887594223022
0.7024922370910645
0.7118380069732666
0.7196261882781982
0.7196261882781982
0.7274143099784851
0.7352024912834167
0.7461059093475342
0.7523364424705505
0.7647975087165833
0.7694703936576843
0.7710280418395996
0.7725856900215149
0.7741432785987854
0.7881619930267334
0.7912772297859192
0.7975077629089355
0.7990654110908508
0.8037382960319519
0.8052959442138672
0.8099688291549683
0.8115264773368835
0.8084112405776978
0.8099688291549683
0.8115264773368835
0.8130841255187988
0.8146417737007141
0.8161993622779846
0.8177570104598999
0.8193146586418152
0.8208722472190857
0.8239875435829163
0.8239875435829163
0.8255451917648315
0.8302180767059326
0.8302180767059326
0.8302180767059326
0.8302180767059326
0.8333333134651184
0.8348909616470337
0.8333333134651184
0.8333333134651184
0.8333333134651184
0.8333333134651184
0.8317757248878479
0.8317757248878479
0.836448609828949
0.8380062580108643
0.8395638465881348
0.8333333134651184
0.8317757248878479
0.8317757248878479
0.8348909616470337
0.8348909616470337
0.8348909616470337
0.8348909616470337
0.836448609828949
0.836448609828949
0.8348909616470337
0.8348909616470337
0.8380062580108643
0.8380062580108643
0.8380062580108643
0.8380062580108643
0.8395638465881348
0.8395638465881348
0.8380062580108643
0.8380062580108643
0.8395638465881348
0.8395638465881348
0.8426791429519653
0.84112149477005
0.8426791429519653
0.84112149477005
0.8426791429519653
0.8395638465881348
0.8395638465881348
0.84112149477005
0.84112149477005
0.84112149477005
0.8426791429519653
0.8426791429519653
0.8426791429519653
0.84112149477005
0.84112149477005
0.84112149477005
0.8473520278930664
0.8489096760749817
0.8473520278930664
0.8473520278930664
0.8473520278930664
0.8473520278930664
0.8473520278930664
0.8473520278930664
0.8457943797111511
0.8473520278930664
0.8457943797111511
0.8457943797111511
0.8457943797111511
0.8473520278930664
0.8489096760749817
0.8473520278930664
0.8473520278930664
0.8473520278930664
0.8489096760749817
0.8504672646522522
0.8504672646522522
0.8504672646522522
0.8489096760749817
0.8489096760749817
0.8489096760749817
0.8489096760749817
0.8489096760749817
0.8489096760749817
0.8489096760749817
0.8489096760749817
0.8504672646522522
0.8489096760749817
0.8489096760749817
0.8489096760749817
0.8489096760749817
0.8489096760749817
0.8473520278930664
0.8504672646522522
0.8504672646522522
0.8489096760749817
0.8489096760749817
0.8489096760749817
0.8473520278930664
0.8473520278930664
0.8473520278930664
0.8473520278930664
0.8473520278930664
0.8473520278930664
0.8504672646522522
0.8473520278930664
0.8473520278930664
0.8473520278930664
0.8473520278930664
0.8473520278930664
0.8457943797111511
0.8457943797111511
0.8442367315292358
0.8457943797111511
0.8457943797111511
0.8457943797111511
0.8442367315292358
0.8426791429519653
0.8426791429519653
0.8426791429519653
0.8442367315292358
0.8457943797111511
0.8442367315292358
0.8457943797111511
0.8457943797111511
0.8473520278930664
0.8457943797111511
0.8473520278930664
0.8504672646522522
0.8520249128341675
0.8504672646522522
0.8504672646522522
0.8504672646522522
0.8504672646522522
0.8504672646522522
0.8520249128341675
0.8489096760749817
0.8489096760749817
0.8489096760749817
0.8489096760749817
0.8489096760749817
0.8489096760749817
0.8489096760749817
0.8504672646522522
0.8504672646522522
0.8489096760749817
0.8504672646522522
0.8504672646522522
0.8504672646522522
0.8535825610160828
0.8535825610160828
0.8520249128341675
0.8504672646522522
0.8473520278930664
0.8489096760749817
0.8489096760749817
0.8520249128341675
0.8520249128341675
0.8520249128341675
0.8535825610160828
0.8504672646522522
0.8473520278930664
0.8504672646522522
0.8504672646522522
0.8489096760749817
0.8504672646522522
0.8504672646522522
0.8504672646522522
0.8504672646522522
0.8504672646522522
0.8504672646522522
0.8489096760749817
0.8520249128341675
0.8520249128341675
0.8520249128341675
0.8520249128341675
0.8520249128341675
0.8504672646522522
0.8520249128341675
0.8520249128341675
0.8520249128341675
0.8520249128341675
0.8520249128341675
0.8520249128341675
0.8520249128341675
0.8520249128341675
0.8520249128341675
0.8520249128341675
0.8504672646522522
0.855140209197998
0.855140209197998
0.855140209197998
0.855140209197998
0.8566977977752686
0.8566977977752686
0.855140209197998
0.855140209197998
0.8566977977752686
0.8582554459571838
0.8582554459571838
0.8582554459571838
0.8582554459571838
0.8566977977752686
0.8566977977752686
0.8566977977752686
0.855140209197998
0.8535825610160828
0.8535825610160828
0.8535825610160828
0.8535825610160828
0.855140209197998
0.855140209197998
0.855140209197998
0.8535825610160828
0.855140209197998
0.8566977977752686
0.855140209197998
0.855140209197998
0.855140209197998
0.855140209197998
0.855140209197998
0.8566977977752686
0.8535825610160828
0.8535825610160828
0.855140209197998
0.8566977977752686
0.8582554459571838
0.8566977977752686
0.8566977977752686
0.8582554459571838
0.8566977977752686
0.8566977977752686
0.8566977977752686
0.855140209197998
0.855140209197998
0.8566977977752686
0.855140209197998
0.8566977977752686
0.8566977977752686
0.8566977977752686
0.8598130941390991
0.8598130941390991
0.8598130941390991
0.8598130941390991
0.8582554459571838
0.8582554459571838
0.8613707423210144
0.8613707423210144
0.8613707423210144
0.8582554459571838
0.8598130941390991
0.8598130941390991
0.8598130941390991
0.8598130941390991
0.8613707423210144
0.8598130941390991
0.8598130941390991
0.8598130941390991
0.8598130941390991
0.8613707423210144
0.8613707423210144
0.8613707423210144
0.8629283308982849
0.8613707423210144
0.8613707423210144
0.8629283308982849
0.8644859790802002
0.8660436272621155
0.8660436272621155
0.8660436272621155
0.8676012754440308
0.8676012754440308
0.8660436272621155
0.8644859790802002
0.8644859790802002
0.8644859790802002
0.8644859790802002
0.8644859790802002
0.8676012754440308
0.8660436272621155
0.8660436272621155
0.8644859790802002
0.8660436272621155
0.8644859790802002
0.8644859790802002
0.8660436272621155
0.8660436272621155
0.8660436272621155
0.8660436272621155
0.8644859790802002
0.8629283308982849
0.8644859790802002
0.8660436272621155
0.8660436272621155
0.8660436272621155
0.8644859790802002
0.8644859790802002
0.8629283308982849
0.8644859790802002
0.8629283308982849
0.8629283308982849
0.8629283308982849
0.8629283308982849
0.8644859790802002
0.8644859790802002
0.8644859790802002
0.8644859790802002
0.8660436272621155
0.8644859790802002
0.8644859790802002
0.8644859790802002
0.8644859790802002
0.8660436272621155
0.8644859790802002
0.8644859790802002
0.8644859790802002
0.8644859790802002
0.8629283308982849
0.8629283308982849
0.8644859790802002
0.8644859790802002
0.8660436272621155
0.8660436272621155
0.8660436272621155
0.8660436272621155
0.8660436272621155
0.8660436272621155
0.8660436272621155
0.8660436272621155
0.8660436272621155
0.8660436272621155
0.8676012754440308
0.8676012754440308
0.8691588640213013
0.8691588640213013
0.8691588640213013
0.8707165122032166
0.8722741603851318
0.8722741603851318
0.8722741603851318
0.8676012754440308
0.8707165122032166
0.8707165122032166
0.8707165122032166
0.8707165122032166
0.8707165122032166
0.8707165122032166
0.8707165122032166
0.8707165122032166
0.8707165122032166
0.8707165122032166
0.8707165122032166
0.8707165122032166
0.8707165122032166
0.8722741603851318
0.8722741603851318
0.8707165122032166
0.8707165122032166
0.8722741603851318
0.8722741603851318
0.8738317489624023
0.8738317489624023
0.8738317489624023
0.8738317489624023
0.8738317489624023
0.8738317489624023
0.8738317489624023
0.8738317489624023
0.8738317489624023
0.8738317489624023
0.8738317489624023
0.8738317489624023
0.8738317489624023
0.8738317489624023
0.8722741603851318
0.8722741603851318
0.8722741603851318
0.8722741603851318
0.8707165122032166
0.8722741603851318
0.8722741603851318
0.8707165122032166
0.8691588640213013
0.8691588640213013
0.8707165122032166
0.8691588640213013
0.8722741603851318
0.8722741603851318
0.8722741603851318
0.8707165122032166
0.8707165122032166
0.8707165122032166
0.8707165122032166
0.8707165122032166
0.8707165122032166
0.8707165122032166
0.8707165122032166
0.8707165122032166
0.8707165122032166
0.8738317489624023
0.8753893971443176
0.8738317489624023
0.8738317489624023
0.8722741603851318
0.8722741603851318
0.8722741603851318
0.8722741603851318
0.8738317489624023
0.8738317489624023
0.8738317489624023
0.8738317489624023
0.8769470453262329
0.8769470453262329
0.8769470453262329
0.8753893971443176
0.8738317489624023
0.8738317489624023
0.8738317489624023
0.8738317489624023
0.8707165122032166
0.8738317489624023
0.8738317489624023
0.8738317489624023
0.8753893971443176
0.8753893971443176
0.8753893971443176
0.8753893971443176
0.8753893971443176
0.8753893971443176
0.8753893971443176
0.8753893971443176
0.8753893971443176
0.8738317489624023
0.8738317489624023
0.8738317489624023
0.8722741603851318
0.8722741603851318
0.8738317489624023
0.8738317489624023
0.8738317489624023
0.8753893971443176
0.8753893971443176
0.8753893971443176
0.8738317489624023
0.8753893971443176
0.8753893971443176
0.8753893971443176
0.8753893971443176
0.8753893971443176
0.8753893971443176
0.8753893971443176
0.8753893971443176
0.8753893971443176
0.8753893971443176
0.8753893971443176
0.8753893971443176
0.8753893971443176
0.8753893971443176
0.8738317489624023
0.8738317489624023
0.8753893971443176
0.8722741603851318
0.8769470453262329
0.8738317489624023
0.8722741603851318
0.8722741603851318
0.8722741603851318
0.8738317489624023
0.8738317489624023
0.8738317489624023
0.8753893971443176
0.8753893971443176
0.8753893971443176
0.8738317489624023
0.8753893971443176
0.8753893971443176
0.8753893971443176
0.8753893971443176
0.8753893971443176
0.8753893971443176
0.8753893971443176
0.8753893971443176
0.8738317489624023
0.8753893971443176
0.8738317489624023
0.8722741603851318
0.8722741603851318
0.8707165122032166
0.8707165122032166
0.8722741603851318
0.8753893971443176
0.8753893971443176
0.8738317489624023
0.8738317489624023
0.8738317489624023
0.8738317489624023
0.8738317489624023
0.8722741603851318
0.8707165122032166
0.8707165122032166
0.8722741603851318
0.8722741603851318
0.8738317489624023
0.8738317489624023
0.8738317489624023
0.8753893971443176
0.8753893971443176
0.8753893971443176
0.8753893971443176
0.8738317489624023
0.8769470453262329
0.8753893971443176
0.8753893971443176
0.8753893971443176
0.8769470453262329
0.8785046935081482
0.8785046935081482
0.8785046935081482
0.8785046935081482
0.8785046935081482
0.8785046935081482
0.8785046935081482
0.8785046935081482
0.8785046935081482
0.8785046935081482
0.8785046935081482
0.8785046935081482
0.8800622820854187
0.8800622820854187
0.8800622820854187
0.8800622820854187
0.8800622820854187
0.8800622820854187
0.8785046935081482
0.8785046935081482
0.8785046935081482
0.8785046935081482
0.8785046935081482
0.8785046935081482
0.8800622820854187
0.8800622820854187
0.8800622820854187
0.8800622820854187
0.881619930267334
0.8800622820854187
0.8785046935081482
0.8785046935081482
0.8785046935081482
0.8769470453262329
0.8769470453262329
0.8769470453262329
0.8769470453262329
0.8769470453262329
0.8769470453262329
0.8769470453262329
0.8769470453262329
0.8769470453262329
0.8769470453262329
0.8769470453262329
0.8785046935081482
0.8800622820854187
0.881619930267334
0.8800622820854187
0.881619930267334
0.881619930267334
0.881619930267334
0.881619930267334
0.881619930267334
0.881619930267334
0.8831775784492493
0.8831775784492493
0.8831775784492493
0.8831775784492493
0.8831775784492493
0.8831775784492493
0.8831775784492493
0.881619930267334
0.881619930267334
0.881619930267334
0.881619930267334
0.881619930267334
0.8800622820854187
0.8800622820854187
0.8800622820854187
0.8800622820854187
0.8800622820854187
0.881619930267334
0.881619930267334
0.881619930267334
0.881619930267334
0.881619930267334
0.8800622820854187
0.8800622820854187
0.881619930267334
0.881619930267334
0.881619930267334
0.8831775784492493
0.8831775784492493
0.881619930267334
0.881619930267334
0.8847352266311646
0.8831775784492493
0.8831775784492493
0.8831775784492493
0.8831775784492493
0.8831775784492493
0.8847352266311646
0.8831775784492493
0.8831775784492493
0.8862928152084351
0.8862928152084351
0.8831775784492493
0.881619930267334
0.881619930267334
0.881619930267334
0.8831775784492493
0.8831775784492493
0.8847352266311646
0.8847352266311646
0.8847352266311646
0.881619930267334
0.881619930267334
0.881619930267334
0.881619930267334
0.881619930267334
0.881619930267334
0.881619930267334
0.881619930267334
0.8847352266311646
0.8831775784492493
0.881619930267334
0.881619930267334
0.8847352266311646
0.8862928152084351
0.8862928152084351
0.8862928152084351
0.8862928152084351
0.8862928152084351
0.8847352266311646
0.8862928152084351
0.8862928152084351
0.8862928152084351
0.8862928152084351
0.8878504633903503
0.8878504633903503
0.8878504633903503
0.8878504633903503
0.8878504633903503
0.8878504633903503
0.8878504633903503
0.8878504633903503
0.8878504633903503
0.8878504633903503
0.8878504633903503
0.8878504633903503
0.8878504633903503
0.8878504633903503
0.8878504633903503
0.8878504633903503
0.8878504633903503
0.8878504633903503
0.8878504633903503
0.8878504633903503
0.8862928152084351
0.8862928152084351
0.8862928152084351
0.8862928152084351
0.8862928152084351
0.8878504633903503
0.8878504633903503
0.8862928152084351
0.8878504633903503
0.8878504633903503
0.8878504633903503
0.8878504633903503
0.8878504633903503
0.8878504633903503
0.8878504633903503
0.8878504633903503
0.8878504633903503
0.8878504633903503
0.8878504633903503
0.8878504633903503
0.8878504633903503
0.8878504633903503
0.8878504633903503
0.8878504633903503
0.8878504633903503
0.8878504633903503
0.8862928152084351
0.8862928152084351
0.8862928152084351
0.8862928152084351
0.8862928152084351
0.8862928152084351
0.8862928152084351
0.8878504633903503
0.8878504633903503
0.8878504633903503
0.8862928152084351
0.8878504633903503
0.8862928152084351
0.8862928152084351
0.8878504633903503
0.8878504633903503
0.8878504633903503
0.8878504633903503
0.8894081115722656
0.8894081115722656
0.8878504633903503
0.8878504633903503
0.8894081115722656
0.8894081115722656
0.8878504633903503
0.8878504633903503
0.8878504633903503
0.8894081115722656
0.8894081115722656
0.8894081115722656
0.8894081115722656
0.8894081115722656
0.8894081115722656
0.8894081115722656
0.8878504633903503
0.8878504633903503
0.8878504633903503
0.8878504633903503
0.8878504633903503
0.8878504633903503
0.8878504633903503
0.8878504633903503
0.8878504633903503
0.8878504633903503
0.8878504633903503
0.8878504633903503
0.8878504633903503
0.8894081115722656
0.8894081115722656
0.8894081115722656
0.8894081115722656
0.8894081115722656
0.8894081115722656
0.8894081115722656
0.8894081115722656
0.8894081115722656
0.8894081115722656
0.8894081115722656
0.8894081115722656
0.8894081115722656
0.8894081115722656
0.8894081115722656
0.8878504633903503
0.8878504633903503
0.8878504633903503
0.8878504633903503
0.8878504633903503
0.8878504633903503
0.8878504633903503
0.8878504633903503
0.8878504633903503
0.8878504633903503
0.8878504633903503
0.8878504633903503
0.8878504633903503
0.8878504633903503
0.8878504633903503
0.8878504633903503
0.8878504633903503
0.8894081115722656
0.8878504633903503
0.8878504633903503
0.8894081115722656
0.8894081115722656
0.8894081115722656
0.8894081115722656
0.8894081115722656
0.8894081115722656
0.8894081115722656
0.8894081115722656
0.8894081115722656
0.8894081115722656
0.8894081115722656
0.8894081115722656
0.8894081115722656
0.8909657597541809
0.8909657597541809
0.8909657597541809
0.8909657597541809
0.8894081115722656
0.8894081115722656
0.8894081115722656
0.8894081115722656
0.8894081115722656
0.8894081115722656
0.8894081115722656
0.8894081115722656
0.8894081115722656
0.8894081115722656
0.8894081115722656
0.8894081115722656
0.8894081115722656
0.8894081115722656
0.8878504633903503
0.8878504633903503
0.8894081115722656
0.8894081115722656
0.8894081115722656
0.8894081115722656
0.8894081115722656
0.8894081115722656
0.8894081115722656
0.8894081115722656
0.8894081115722656
0.8894081115722656
0.8894081115722656
0.8894081115722656
0.8894081115722656
0.8894081115722656
0.8894081115722656
0.8894081115722656
0.8894081115722656
0.8894081115722656
0.8894081115722656
0.8894081115722656
0.8894081115722656
0.8894081115722656
0.8894081115722656
0.8894081115722656
0.8894081115722656
0.8894081115722656
0.8894081115722656
0.8894081115722656
0.8894081115722656
0.8894081115722656
0.8894081115722656
0.8894081115722656
0.8878504633903503
0.8878504633903503
0.8909657597541809
0.8909657597541809
0.8909657597541809
0.8909657597541809
0.8909657597541809
0.8909657597541809
0.8909657597541809
0.8909657597541809
0.8909657597541809
0.8909657597541809
0.8909657597541809
0.8909657597541809
0.8909657597541809
0.8909657597541809
0.8909657597541809
0.8909657597541809
0.8909657597541809
0.8909657597541809
0.8909657597541809
0.8909657597541809
0.8909657597541809
0.8909657597541809
0.8909657597541809
0.8909657597541809
0.8909657597541809
0.8909657597541809
0.8909657597541809
0.8909657597541809
0.8909657597541809
0.8909657597541809
0.8909657597541809
0.8909657597541809
0.8909657597541809
0.8909657597541809
0.8909657597541809
0.8909657597541809
0.8909657597541809
0.8909657597541809
0.8909657597541809
0.8909657597541809
0.8909657597541809
0.8909657597541809
0.8909657597541809
0.8909657597541809
0.8909657597541809
0.8909657597541809
0.8909657597541809
0.8909657597541809
0.8909657597541809
0.8925233483314514
0.8925233483314514
0.8925233483314514
0.8925233483314514
0.8925233483314514
0.8925233483314514
0.8925233483314514
0.8925233483314514
0.8925233483314514
0.8925233483314514
0.8925233483314514
0.8925233483314514
0.8925233483314514
0.8925233483314514
0.8925233483314514
0.8925233483314514
0.8925233483314514
0.8925233483314514
0.8925233483314514
0.8925233483314514
0.8925233483314514
0.8925233483314514
0.8925233483314514
0.8925233483314514
0.8925233483314514
0.8925233483314514
0.8925233483314514
0.8925233483314514
0.8925233483314514
0.8925233483314514
0.8925233483314514
0.8925233483314514
0.8925233483314514
0.8925233483314514
0.8925233483314514
0.8925233483314514
0.8925233483314514
0.8925233483314514
0.8925233483314514
0.8925233483314514
0.8925233483314514
0.8925233483314514
0.8925233483314514
0.8925233483314514
0.8925233483314514
0.8925233483314514
0.8925233483314514
0.8925233483314514
0.8925233483314514
0.8925233483314514
0.8925233483314514
0.8925233483314514
0.8925233483314514
0.8925233483314514
0.8925233483314514
0.8925233483314514
0.8925233483314514
0.8925233483314514
0.8925233483314514
0.8925233483314514
0.8925233483314514
0.8925233483314514
0.8925233483314514
0.8925233483314514
0.8925233483314514
0.8925233483314514
0.8925233483314514
