0.7123268246650696
0.6913958191871643
0.6554067134857178
0.6451013684272766
0.6243918538093567
0.6180181503295898
0.6010715961456299
0.6015059351921082
0.5777798891067505
0.5718116760253906
0.5868280529975891
0.550624668598175
0.5507054924964905
0.5652613639831543
0.5747370719909668
0.5575852990150452
0.5496529936790466
0.5302096009254456
0.5491501092910767
0.5211783647537231
0.5442944765090942
0.5499935150146484
0.5243937373161316
0.5308940410614014
0.5265109539031982
0.5300950407981873
0.5019798278808594
0.5228642225265503
0.5484599471092224
0.5315172076225281
0.506901204586029
0.5108720660209656
0.5195984244346619
0.5281336903572083
0.5028206706047058
0.5114575028419495
0.5256320834159851
0.523017406463623
0.504282534122467
0.48900896310806274
0.47933050990104675
0.5138821601867676
0.5024295449256897
0.4989144504070282
0.512863039970398
0.4858214557170868
0.4928738474845886
0.4866214990615845
0.48318639397621155
0.4982162415981293
0.4861314594745636
0.48848584294319153
0.5028736591339111
0.4692762494087219
0.4843543767929077
0.4768362045288086
0.49421948194503784
0.4831518232822418
0.4776870012283325
0.48414501547813416
0.4731927812099457
0.4749300479888916
0.46917790174484253
0.4774162769317627
0.4661861062049866
0.49559953808784485
0.4620993137359619
0.4794206917285919
0.4661834239959717
0.4675259590148926
0.46778902411460876
0.4367319345474243
0.444997102022171
0.4567601680755615
0.45210105180740356
0.4639246165752411
0.44334715604782104
0.44856902956962585
0.46933767199516296
0.4554669260978699
0.44372016191482544
0.439953088760376
0.4454285800457001
0.446864515542984
0.41339534521102905
0.4246594309806824
0.4569406509399414
0.47510844469070435
0.4238995313644409
0.42442306876182556
0.444801926612854
0.45140644907951355
0.42896923422813416
0.42604687809944153
0.44010838866233826
0.4256451427936554
0.4356914162635803
0.4403998851776123
0.4457087516784668
0.43051856756210327
0.4398614168167114
0.426898717880249
0.4201260805130005
0.4347107708454132
0.4384866952896118
0.4333760738372803
0.42006078362464905
0.42902204394340515
0.4109228551387787
0.4327894449234009
0.40186595916748047
0.40591365098953247
0.39213046431541443
0.42284128069877625
0.4312819242477417
0.42511966824531555
0.42462223768234253
0.41672438383102417
0.4282037317752838
0.41907769441604614
0.4218871295452118
0.4055209159851074
0.41040855646133423
0.4214520752429962
0.4153188169002533
0.4418438971042633
0.42513078451156616
0.41824525594711304
0.4160645306110382
0.3896074891090393
0.42172887921333313
0.40123018622398376
0.4323992431163788
0.39874038100242615
0.3901219964027405
0.3967474699020386
0.39211419224739075
0.41229337453842163
0.39215704798698425
0.38471531867980957
0.41281741857528687
0.3914434015750885
0.42359012365341187
0.41016486287117004
0.39849579334259033
0.41181012988090515
0.4234202206134796
0.3794775605201721
0.4020901918411255
0.40744346380233765
0.40051501989364624
0.38370010256767273
0.4032719135284424
0.40600937604904175
0.4173140823841095
0.4032542407512665
0.3967033624649048
0.4133697748184204
0.38705089688301086
0.4081825911998749
0.39711427688598633
0.404549241065979
0.40411576628685
0.4008053243160248
0.4024553596973419
0.4123718738555908
0.39017900824546814
0.38307201862335205
0.3777587115764618
0.3914594054222107
0.4085073173046112
0.40251293778419495
0.37829795479774475
0.3676704466342926
0.39954107999801636
0.3996858298778534
0.3927221894264221
0.4007243812084198
0.390056312084198
0.3803093731403351
0.39150896668434143
0.40223029255867004
0.3996264934539795
0.383319616317749
0.3862639367580414
0.39007043838500977
0.4046347141265869
0.3709295690059662
0.3825114071369171
0.3731161952018738
0.40010783076286316
0.3869900703430176
0.37992098927497864
0.36679551005363464
0.40489932894706726
0.4002617597579956
0.373605877161026
0.37451088428497314
0.3920344114303589
0.3743129372596741
0.38753312826156616
0.3970756530761719
0.3728830814361572
0.37344130873680115
0.38077667355537415
0.37633630633354187
0.3608957827091217
0.3727046847343445
0.3723398745059967
0.3680751919746399
0.3693709075450897
0.37647005915641785
0.3862888216972351
0.3887810707092285
0.3704341650009155
0.3857460916042328
0.396623820066452
0.3972465991973877
0.38429415225982666
0.36962926387786865
0.37876254320144653
0.3557509779930115
0.34725120663642883
0.3896716833114624
0.37588605284690857
0.36751750111579895
0.3793800473213196
0.3710058331489563
0.3836454451084137
0.34306037425994873
0.3633336126804352
0.39469751715660095
0.37714552879333496
0.3846631944179535
0.3752710819244385
0.3696690499782562
0.3583270013332367
0.36574459075927734
0.3735677897930145
0.40060481429100037
0.3502655625343323
0.35395222902297974
0.36207011342048645
0.3423722982406616
0.387874037027359
0.3673887848854065
0.3712558448314667
0.374733030796051
0.3618425130844116
0.3372945487499237
0.36172518134117126
0.34760618209838867
0.38718023896217346
0.3723684847354889
0.3380942940711975
0.3782184422016144
0.3465685546398163
0.3690667152404785
0.3553413152694702
0.3622320890426636
0.3624919354915619
0.3554067015647888
0.3919537365436554
0.3372681736946106
0.3745802342891693
0.34601110219955444
0.36590147018432617
0.34623703360557556
0.3431190252304077
0.35244032740592957
0.36877045035362244
0.36866140365600586
0.3608747720718384
0.3606076240539551
0.3673964738845825
0.35586681962013245
0.362639844417572
0.3471080958843231
0.36556264758110046
0.35558393597602844
0.35967516899108887
0.35826680064201355
0.3447781801223755
0.3245576322078705
0.3604894280433655
0.34340259432792664
0.34300413727760315
0.3597385287284851
0.3659900426864624
0.3502044677734375
0.32545483112335205
0.3404751121997833
0.3349613547325134
0.36480847001075745
0.34693729877471924
0.34480583667755127
0.35210657119750977
0.38538122177124023
0.3862048089504242
0.35586458444595337
0.3884385824203491
0.3418521285057068
0.35995566844940186
0.34016868472099304
0.32900670170783997
0.35806000232696533
0.36763158440589905
0.34074971079826355
0.35467565059661865
0.33468204736709595
0.3424926996231079
0.3487996757030487
0.3629363179206848
0.33841586112976074
0.34300753474235535
0.3511817157268524
0.3606841266155243
0.347238689661026
0.35587963461875916
0.37403011322021484
0.3274676501750946
0.3264550566673279
0.36559173464775085
0.34784135222435
0.323208212852478
0.35590261220932007
0.35447588562965393
0.31781527400016785
0.3420751392841339
0.3405029773712158
0.3506132960319519
0.35402971506118774
0.36112281680107117
0.34377095103263855
0.330801397562027
0.35473743081092834
0.35307440161705017
0.345000296831131
0.33709216117858887
0.35990941524505615
0.35894685983657837
0.35148510336875916
0.35264328122138977
0.33869966864585876
0.33015644550323486
0.35971009731292725
0.34201526641845703
0.326938271522522
0.3214004337787628
0.32286664843559265
0.3479483425617218
0.32282257080078125
0.33888760209083557
0.32450371980667114
0.3392806351184845
0.3178001940250397
0.35057806968688965
0.3181183934211731
0.3338995575904846
0.33118417859077454
0.34866365790367126
0.3360806107521057
0.3146086037158966
0.3468642234802246
0.3217929005622864
0.3463665246963501
0.3293951153755188
0.3427025377750397
0.3274899423122406
0.3401116728782654
0.33566680550575256
0.3577360510826111
0.3570045828819275
0.33222270011901855
0.3292182981967926
0.3239569365978241
0.3372043967247009
0.3314012885093689
0.3136543333530426
0.316379576921463
0.3274262249469757
0.3361930847167969
0.3382258117198944
0.31572821736335754
0.3509385883808136
0.34649330377578735
0.33496397733688354
0.337996244430542
0.3249463140964508
0.3387224078178406
0.349191814661026
0.3464139997959137
0.3220829963684082
0.3137475252151489
0.311860054731369
0.3194315731525421
0.3239189088344574
0.3343333899974823
0.3413160443305969
0.31674909591674805
0.3252977132797241
0.32657212018966675
0.32187503576278687
0.3286784887313843
0.3174729645252228
0.34587332606315613
0.29466336965560913
0.33828282356262207
0.3270050585269928
0.3227872848510742
0.3241473138332367
0.3438291847705841
0.3407839834690094
0.3269403278827667
0.32873350381851196
0.3155778646469116
0.32164618372917175
0.32891252636909485
0.33093175292015076
0.3089282214641571
0.3377894163131714
0.3212941586971283
0.3212325870990753
0.324395090341568
0.31993749737739563
0.32004016637802124
0.3317134380340576
0.34748023748397827
0.31886565685272217
0.318146288394928
0.31187060475349426
0.3116901218891144
0.3447616696357727
0.3157867193222046
0.32622605562210083
0.31268444657325745
0.3285640478134155
0.316162109375
0.32766106724739075
0.32793521881103516
0.33653488755226135
0.3060978949069977
0.324018657207489
0.3061922490596771
0.3337273895740509
0.3145574927330017
0.3275006115436554
0.31373131275177
0.2995062470436096
0.32449570298194885
0.32523998618125916
0.32432761788368225
0.31997042894363403
0.3201269805431366
0.31775519251823425
0.33286380767822266
0.31787440180778503
0.31972625851631165
0.3082263171672821
0.32724010944366455
0.3137874901294708
0.3008582890033722
0.2963975667953491
0.3236932158470154
0.29707494378089905
0.3180365264415741
0.3272548317909241
0.32969340682029724
0.3193715214729309
0.31975919008255005
0.3332606554031372
0.32827460765838623
0.3388194143772125
0.34246760606765747
0.2950737476348877
0.3246830701828003
0.3243180215358734
0.31695717573165894
0.3310256004333496
0.3148994445800781
0.3155640959739685
0.31159746646881104
0.33619225025177
0.3334336578845978
0.2925932705402374
0.2961386442184448
0.312398761510849
0.30677124857902527
0.3211873471736908
0.30438846349716187
0.3264927566051483
0.3216995298862457
0.29526829719543457
0.3176015615463257
0.324383407831192
0.3243409991264343
0.30230504274368286
0.3180607259273529
0.3093379735946655
0.3219579756259918
0.3117084503173828
0.31033000349998474
0.28908607363700867
0.31342577934265137
0.33379995822906494
0.32945433259010315
0.3062661290168762
0.30198636651039124
0.31874606013298035
0.30277082324028015
0.3216129243373871
0.30160510540008545
0.32320788502693176
0.2969342768192291
0.309223473072052
0.32791846990585327
0.3192804753780365
0.32693445682525635
0.3095546364784241
0.311391681432724
0.32963109016418457
0.31411200761795044
0.3242473900318146
0.29219743609428406
0.29843592643737793
0.3171936273574829
0.31659385561943054
0.33568212389945984
0.2995240092277527
0.29465344548225403
0.338807612657547
0.3244915306568146
0.3050752282142639
0.3414458930492401
0.32849472761154175
0.2983117401599884
0.31568413972854614
0.2992057502269745
0.3193608224391937
0.29994890093803406
0.31086158752441406
0.3088188171386719
0.31401705741882324
0.31313103437423706
0.3343917429447174
0.2874603867530823
0.30285823345184326
0.324860543012619
0.3103967607021332
0.2981221079826355
0.3114246726036072
0.31096628308296204
0.3140083849430084
0.32581624388694763
0.2926330864429474
0.2971237897872925
0.3099186420440674
0.3143484890460968
0.3058870732784271
0.31209009885787964
0.3145829141139984
0.32149752974510193
0.3067231774330139
0.3200214207172394
0.3329694867134094
0.3332653045654297
0.316255658864975
0.29251575469970703
0.3119950592517853
0.31509578227996826
0.3178841471672058
0.3020083010196686
0.31263551115989685
0.30156210064888
0.3048893213272095
0.30024412274360657
0.30435019731521606
0.3198269307613373
0.3090319335460663
0.3074248731136322
0.3102799355983734
0.2949789762496948
0.30471348762512207
0.32211506366729736
0.3278869390487671
0.30213358998298645
0.2933998703956604
0.3105175793170929
0.2953563928604126
0.30191880464553833
0.3046312928199768
0.316756933927536
0.3264011740684509
0.3142682909965515
0.2990375757217407
0.33075037598609924
0.3172230124473572
0.31548812985420227
0.30623117089271545
0.3155941963195801
0.33095473051071167
0.3062450885772705
0.3180777430534363
0.31860533356666565
0.31755366921424866
0.2884180545806885
0.31060925126075745
0.30902695655822754
0.3262934684753418
0.317992627620697
0.30864208936691284
0.3238981068134308
0.3021567761898041
0.3313981592655182
0.305173397064209
0.2953595221042633
0.31036293506622314
0.2990688681602478
0.3139325976371765
0.3287527859210968
0.30672740936279297
0.3099769651889801
0.2893643081188202
0.31855857372283936
0.2905527353286743
0.3277205228805542
0.33749207854270935
0.3072587847709656
0.30925533175468445
0.3046310245990753
0.30431029200553894
0.32297471165657043
0.31334808468818665
0.3119979798793793
0.3133261501789093
0.3106677234172821
0.312551885843277
0.3099448084831238
0.3373290002346039
0.319898784160614
0.3158128559589386
0.2980392277240753
0.28495314717292786
0.2988547086715698
0.2977530062198639
0.29360872507095337
0.31889957189559937
0.3396860659122467
0.3173847198486328
0.3035516142845154
0.3141562342643738
0.3086254596710205
0.3014349639415741
0.3137209415435791
0.3235679566860199
0.31742018461227417
0.29863521456718445
0.3011922836303711
0.2872035801410675
0.3083447515964508
0.3059406876564026
0.29114705324172974
0.32596439123153687
0.30133065581321716
0.31236955523490906
0.29454395174980164
0.3053772449493408
0.29653656482696533
0.3021649122238159
0.2979094088077545
0.28632304072380066
0.2980951964855194
0.299665242433548
0.2909318506717682
0.2973102331161499
0.3110135793685913
0.312513142824173
0.2898395359516144
0.303847074508667
0.28185978531837463
0.32138583064079285
0.3038442134857178
0.29825425148010254
0.30696550011634827
0.3311288058757782
0.28815019130706787
0.3005005419254303
0.3016693890094757
0.3098849356174469
0.28983548283576965
0.3192610442638397
0.30141475796699524
0.3019125163555145
0.31125515699386597
0.29069021344184875
0.3003446161746979
0.2972123622894287
0.2908421754837036
0.31307584047317505
0.3271707594394684
0.2948593497276306
0.28768983483314514
0.2928057909011841
0.29984378814697266
0.29242974519729614
0.3023885190486908
0.29220351576805115
0.29147687554359436
0.304301381111145
0.3068118393421173
0.3165340721607208
0.27593332529067993
0.3000409007072449
0.3200259208679199
0.29617616534233093
0.3026443421840668
0.3108457326889038
0.30482763051986694
0.30330172181129456
0.3188092112541199
0.30284276604652405
0.31242915987968445
0.3037281930446625
0.31077295541763306
0.30702295899391174
0.29462793469429016
0.3057962656021118
0.2789255678653717
0.28699973225593567
0.28449922800064087
0.3128645122051239
0.29750964045524597
0.299222469329834
0.2981821298599243
0.30181923508644104
0.29996082186698914
0.3025355041027069
0.3087731599807739
0.3290671110153198
0.28582048416137695
0.3173539936542511
0.308490514755249
0.3129619359970093
0.27932804822921753
0.30404433608055115
0.3108097314834595
0.29177093505859375
0.3373619616031647
0.30651888251304626
0.3184359669685364
0.313658744096756
0.2969275712966919
0.3221060037612915
0.30878114700317383
0.32425743341445923
0.32473069429397583
0.3079935908317566
0.31821417808532715
0.2966965436935425
0.3079040050506592
0.31841516494750977
0.29848191142082214
0.3254975974559784
0.29047903418540955
0.3232553005218506
0.2809348702430725
0.309429407119751
0.2880968749523163
0.3088992238044739
0.2945692539215088
0.30117884278297424
0.30004265904426575
0.29879316687583923
0.31377896666526794
0.34045109152793884
0.3026828169822693
0.2751903533935547
0.3033945560455322
0.3144477903842926
0.2956889569759369
0.3058926463127136
0.30915558338165283
0.30844640731811523
0.3125922381877899
0.30217650532722473
0.32520559430122375
0.30615660548210144
0.31935209035873413
0.3052184581756592
