0.7372051477432251
0.5375192165374756
0.48743346333503723
0.43340930342674255
0.4897151589393616
0.4216286838054657
0.4104740619659424
0.38968709111213684
0.3845558762550354
0.3883790671825409
0.3753094971179962
0.3755057156085968
0.38100239634513855
0.35453444719314575
0.3393436670303345
0.3408924341201782
0.32720842957496643
0.3424251973628998
0.3278355896472931
0.3424048125743866
0.3299728035926819
0.3466692268848419
0.30938395857810974
0.31965112686157227
0.33097973465919495
0.3114498555660248
0.3134685158729553
0.3111042380332947
0.2930142879486084
0.3180888891220093
0.2910507917404175
0.2734706401824951
0.2965216040611267
0.2921392619609833
0.2842870056629181
0.3047880232334137
0.28454360365867615
0.2746533751487732
0.2855444848537445
0.26813963055610657
0.2772652506828308
0.27460789680480957
0.2855680584907532
0.2764754891395569
0.2772514522075653
0.25818300247192383
0.25847771763801575
0.26695936918258667
0.26394447684288025
0.2577405571937561
0.25996777415275574
0.2446814775466919
0.25543931126594543
0.2360556572675705
0.23493549227714539
0.2463281899690628
0.2378970980644226
0.22580204904079437
0.23980464041233063
0.24458348751068115
0.22713731229305267
0.23133999109268188
0.2252737432718277
0.22185947000980377
0.20849348604679108
0.2239130735397339
0.21936503052711487
0.22574806213378906
0.20981213450431824
0.20368649065494537
0.22093339264392853
0.20914316177368164
0.19801448285579681
0.20062722265720367
0.20284110307693481
0.18261078000068665
0.21168717741966248
0.18780650198459625
0.19603131711483002
0.19552624225616455
0.1704171895980835
0.18249790370464325
0.18622486293315887
0.19962802529335022
0.18887567520141602
0.16929559409618378
0.18483005464076996
0.19149014353752136
0.1893375962972641
0.16329431533813477
0.16884872317314148
0.16036272048950195
0.17136719822883606
0.17166680097579956
0.15643897652626038
0.1673230677843094
0.16155245900154114
0.15228016674518585
0.16408571600914001
0.15827158093452454
0.13416825234889984
0.15800590813159943
0.16511641442775726
0.15069253742694855
0.16282644867897034
0.17585434019565582
0.15309996902942657
0.1618310511112213
0.1452094167470932
0.12703607976436615
0.13811810314655304
0.16074155271053314
0.12783844769001007
0.1272582709789276
0.1323491483926773
0.1351909041404724
0.13955426216125488
0.12818218767642975
0.13846160471439362
0.13110369443893433
0.13572894036769867
0.14858829975128174
0.12425445765256882
0.12013665586709976
0.11478213965892792
0.11750613152980804
0.12420202791690826
0.11291056871414185
0.1300712525844574
0.10439041256904602
0.09880518913269043
0.09742811322212219
0.1123674064874649
0.10048314183950424
0.1117565929889679
0.09978386759757996
0.10747329890727997
0.10086815059185028
0.10104329884052277
0.11319202929735184
0.11534485965967178
0.10184679925441742
0.1157139465212822
0.10749025642871857
0.11563244462013245
0.10244271159172058
0.09604953229427338
0.11542852222919464
0.11572375148534775
0.11008621007204056
0.10061721503734589
0.09876082837581635
0.10224167257547379
0.11644754558801651
0.10602947324514389
0.11161530017852783
0.08849424123764038
0.10324312746524811
0.1013791486620903
0.1129792109131813
0.10132826119661331
0.108910471200943
0.0969526618719101
0.09218239784240723
0.08402325212955475
0.08726733177900314
0.09593063592910767
0.07680350542068481
0.10255087167024612
0.09338905662298203
0.0766916275024414
0.07879387587308884
0.09322047978639603
0.08512479811906815
0.07309882342815399
0.10949239134788513
0.09868083149194717
0.08035428076982498
0.10259482264518738
0.09212521463632584
0.07585074752569199
0.07219719141721725
0.08153035491704941
0.09553980082273483
0.10819397866725922
0.09615665674209595
0.09104233235120773
0.08281311392784119
0.08306945860385895
0.1102801263332367
0.0896994099020958
0.07903308421373367
0.07929337024688721
0.08632276952266693
0.1121000126004219
0.08221764117479324
0.0984189435839653
0.07858465611934662
0.09055359661579132
0.09155243635177612
0.09598812460899353
0.06791747361421585
0.08660130947828293
0.0800662562251091
0.08893061429262161
0.07922617346048355
0.08536607027053833
0.09160245209932327
0.08496344834566116
0.0832633227109909
0.07378576695919037
0.07745438069105148
0.0685911625623703
0.07672395557165146
0.06736655533313751
0.08879608660936356
0.08586835861206055
0.08261119574308395
0.08035934716463089
0.06902449578046799
0.07115665823221207
0.07174317538738251
0.06785798072814941
0.0748191848397255
0.06870780885219574
0.06946136057376862
0.0641508400440216
0.06418643146753311
0.09331010282039642
0.09732472151517868
0.08940449357032776
0.0697825700044632
0.0796227678656578
0.06922107934951782
0.06292401999235153
0.06708064675331116
0.05507545918226242
0.06718305498361588
0.06839998066425323
0.08006409555673599
0.05829042196273804
0.07133568823337555
0.05607062950730324
0.07344803959131241
0.06261558830738068
0.08369996398687363
0.06718574464321136
0.05703781172633171
0.06818516552448273
0.0798196792602539
0.07094742357730865
0.06862759590148926
0.07302770018577576
0.059538327157497406
0.07119868695735931
0.061094652861356735
0.08282266557216644
0.06869637221097946
0.06417446583509445
0.0773947611451149
0.0595453642308712
0.07385824620723724
0.07524192333221436
0.07503417134284973
0.06870249658823013
0.061551209539175034
0.06744777411222458
0.06426763534545898
0.053078796714544296
0.06085930019617081
0.0797121599316597
0.07741383463144302
0.057052213698625565
0.07135238498449326
0.06019849702715874
0.04741085693240166
0.06590399146080017
0.06394635885953903
0.055965274572372437
0.0487205870449543
0.05379392206668854
0.06511563807725906
0.0719553530216217
0.07257279753684998
0.062003303319215775
0.056569505482912064
0.05734466761350632
0.0728447437286377
0.07466928660869598
0.07568681240081787
0.05898215249180794
0.06816566735506058
0.06623967736959457
0.06778539717197418
0.04654582962393761
0.061857905238866806
0.05246356874704361
0.056978195905685425
0.06473866105079651
0.05107346549630165
0.06486501544713974
0.06395379453897476
0.04884263500571251
0.041406724601984024
0.0688445046544075
0.07458027452230453
0.05620913580060005
0.06834406405687332
0.057787831872701645
0.06063240393996239
0.06764205545186996
0.07013048231601715
0.052854884415864944
0.05378452315926552
0.06365419179201126
0.059811245650053024
0.06232559308409691
0.06365962326526642
0.08727468550205231
0.060590002685785294
0.08125507086515427
0.054093558341264725
0.06119297444820404
0.05942647159099579
0.04996061325073242
0.05466447025537491
0.05717024952173233
0.05790431797504425
0.06291566789150238
0.05778643488883972
0.07634858787059784
0.06608055531978607
0.047453418374061584
0.04594795033335686
0.05136939138174057
0.05487149581313133
0.054232899099588394
0.05347311496734619
0.06312242895364761
0.05565519258379936
0.04506916552782059
0.061161063611507416
0.06259055435657501
0.04802084341645241
0.059764984995126724
0.04725782945752144
0.06153541058301926
0.05059537664055824
0.058311741799116135
0.04661424458026886
0.04758749529719353
0.04167644679546356
0.04579051211476326
0.05327735096216202
0.04370182380080223
0.06693845987319946
0.0469457171857357
0.05920447036623955
0.0432044193148613
0.05349406599998474
0.07221255451440811
0.06681829690933228
0.06271017342805862
0.04468807578086853
0.054370712488889694
0.05206035450100899
0.04391159489750862
0.045525383204221725
0.03878651186823845
0.056884728372097015
0.04943640157580376
0.05391013249754906
0.06817866861820221
0.056075289845466614
0.062300994992256165
0.04343424737453461
0.05808030441403389
0.07104707509279251
0.05129675194621086
0.048713233321905136
0.03456948325037956
0.05311216786503792
0.04562440142035484
0.04169372469186783
0.057502176612615585
0.05230586230754852
0.0478927344083786
0.04809073731303215
0.05266522988677025
0.05046713352203369
0.04051955044269562
0.05863160640001297
0.057095274329185486
0.062407780438661575
0.052250538021326065
0.048538580536842346
0.06621605902910233
0.07267740368843079
0.08163415640592575
0.07142990082502365
0.05041935294866562
0.05749351903796196
0.04406580328941345
0.041707608848810196
0.0391349270939827
0.06992149353027344
0.0549837201833725
0.050380297005176544
0.060258109122514725
0.04954270273447037
0.045643504709005356
0.058468885719776154
0.05082451179623604
0.054778654128313065
0.0492035374045372
0.03568674251437187
0.05189548805356026
0.04069049283862114
0.04867876321077347
0.04913465678691864
0.04841863363981247
0.06824157387018204
0.057224251329898834
0.052589546889066696
0.04392018914222717
0.050447892397642136
0.0566992461681366
0.04794638976454735
0.05994212254881859
0.04750189557671547
0.0779365599155426
0.04059327393770218
0.058290623128414154
0.04810570180416107
0.033745791763067245
0.06530996412038803
0.0508292056620121
0.06307737529277802
0.04682624340057373
0.06691399961709976
0.056813277304172516
0.05518050491809845
0.03696935251355171
0.05430174618959427
0.04942241683602333
0.05374567210674286
0.07108969986438751
0.07427354902029037
0.05225749686360359
0.058043792843818665
0.051249466836452484
0.045241545885801315
0.044101912528276443
0.04208634793758392
0.05363045632839203
0.04623217135667801
0.05590805411338806
0.04995867609977722
0.03997131064534187
0.06170854717493057
0.05605800449848175
0.0482652485370636
0.05356723815202713
0.038290202617645264
0.04326988011598587
0.05720902234315872
0.06115984544157982
0.05230089649558067
0.046093523502349854
0.05389688163995743
0.03207212686538696
0.057177845388650894
0.04986054077744484
0.04755699262022972
0.05406763032078743
0.06386314332485199
0.05334155261516571
0.054197583347558975
0.07154234498739243
0.06205487623810768
0.044291332364082336
0.043548744171857834
0.05563416704535484
0.058530960232019424
0.04957814887166023
0.03856438025832176
0.039141058921813965
0.04535160958766937
0.04843828082084656
0.041715554893016815
0.058954641222953796
0.04196753352880478
0.05720895528793335
0.05486685782670975
0.05189817026257515
0.048273973166942596
0.050453104078769684
0.0569530688226223
0.04327161982655525
0.04764412343502045
0.047142479568719864
0.059958115220069885
0.06642384082078934
0.04395948722958565
0.049293290823698044
0.036392781883478165
0.03769118711352348
0.043637316673994064
0.04484901577234268
0.04012947902083397
0.05170576274394989
0.049680378288030624
0.03866555914282799
0.04137353226542473
0.048462241888046265
0.05822010710835457
0.041134826838970184
0.04611381143331528
0.03982391580939293
0.05986896529793739
0.05395237356424332
0.05109687149524689
0.04819122329354286
0.053339846432209015
0.0498616062104702
0.04107265919446945
0.05067544803023338
0.05711863934993744
0.04875601828098297
0.04147740453481674
0.03478505462408066
0.047108158469200134
0.05081560090184212
0.04155498743057251
0.06648532301187515
0.0343628004193306
0.046047113835811615
0.04792632535099983
0.03816486895084381
0.03718588128685951
0.037220872938632965
0.045139431953430176
0.032252199947834015
0.06341484189033508
0.04791853204369545
0.04314756765961647
0.05187184363603592
0.03500713035464287
0.04155115410685539
0.03816954419016838
0.04394248500466347
0.06403956562280655
0.04688134416937828
0.045422255992889404
0.04434259608387947
0.05066739767789841
0.04321364685893059
0.04406966641545296
0.06018041446805
0.05073535069823265
0.04914482310414314
0.04235290363430977
0.05241834372282028
0.042333003133535385
0.047956258058547974
0.05591501668095589
0.04333186894655228
0.04094679281115532
0.0474008172750473
0.02916821837425232
0.040478337556123734
0.04684579744935036
0.04401230812072754
0.05086695775389671
0.039629172533750534
0.04270471632480621
0.04558520391583443
0.04141188785433769
0.04554281756281853
0.054040439426898956
0.04191683605313301
0.053506214171648026
0.038172200322151184
0.058574117720127106
0.0566260926425457
0.06710237264633179
0.03653470426797867
0.03661046922206879
0.042970944195985794
0.039472322911024094
0.04141535237431526
0.04501565545797348
0.03753998130559921
0.039173588156700134
0.044624198228120804
0.04027881845831871
0.03183019906282425
0.053450699895620346
0.06016042083501816
0.05460735410451889
0.039596110582351685
