0.8644583821296692
0.8540075421333313
0.7817292809486389
0.7416377663612366
0.7256965637207031
0.7060146331787109
0.684956967830658
0.6937267780303955
0.6795682311058044
0.6516965627670288
0.6530050039291382
0.6445861458778381
0.6261211037635803
0.6112651228904724
0.6071802377700806
0.6029072403907776
0.5950464606285095
0.5809121131896973
0.576526403427124
0.5693598389625549
0.56733638048172
0.5491237640380859
0.5565066337585449
0.5439160466194153
0.5489646196365356
0.5098035335540771
0.5205817818641663
0.5257088541984558
0.5077788829803467
0.4959464967250824
0.5030548572540283
0.497255802154541
0.4895862936973572
0.4883078634738922
0.4878219664096832
0.4682885408401489
0.4940583407878876
0.46609726548194885
0.4803403615951538
0.4744606018066406
0.46202462911605835
0.47106021642684937
0.48082786798477173
0.448321133852005
0.46193617582321167
0.45434316992759705
0.44917330145835876
0.43268778920173645
0.44179075956344604
0.45029181241989136
0.4430335760116577
0.43085309863090515
0.4361724257469177
0.4558108448982239
0.43989771604537964
0.4611215889453888
0.4249667823314667
0.4309130907058716
0.4354299008846283
0.41124337911605835
0.43836137652397156
0.4437192976474762
0.4218112528324127
0.4378011226654053
0.41779181361198425
0.4073806703090668
0.4342210590839386
0.4046570062637329
0.42227739095687866
0.4032150208950043
0.42570337653160095
0.40951815247535706
0.4127039909362793
0.41239115595817566
0.41646820306777954
0.4137533903121948
0.4076961278915405
0.4114384651184082
0.40601640939712524
0.3972896337509155
0.39017847180366516
0.3938731849193573
0.4104366600513458
0.38658180832862854
0.43309348821640015
0.4022229015827179
0.38052597641944885
0.3890155255794525
0.3982114791870117
0.3956882953643799
0.38441798090934753
0.3759216368198395
0.3924424350261688
0.3904739022254944
0.37188100814819336
0.3870321810245514
0.3826315999031067
0.3857578933238983
0.39945170283317566
0.41116055846214294
0.36705121397972107
0.38243988156318665
0.386610209941864
0.4116648733615875
0.3844512104988098
0.3699394166469574
0.3616734445095062
0.3764916956424713
0.38554248213768005
0.39699262380599976
0.37987735867500305
0.3685173988342285
0.3620002567768097
0.38467875123023987
0.37398460507392883
0.3719337582588196
0.40173301100730896
0.3898870646953583
0.37934446334838867
0.3764093220233917
0.36821505427360535
0.36112940311431885
0.39168012142181396
0.362506628036499
0.3475469648838043
0.36675187945365906
0.3557549715042114
0.38245394825935364
0.3748791217803955
0.37039875984191895
0.3755643963813782
0.37362760305404663
0.3715777099132538
0.3611447811126709
0.3744697570800781
0.38541796803474426
0.37267324328422546
0.34901437163352966
0.37416574358940125
0.36525705456733704
0.36157694458961487
0.3749788701534271
0.37398043274879456
0.3859352767467499
0.3642973005771637
0.35779523849487305
0.373083233833313
0.3635654151439667
0.37384676933288574
0.36824458837509155
0.36499643325805664
0.35583317279815674
0.34278661012649536
0.3436945378780365
0.3615070879459381
0.3636673390865326
0.36491119861602783
0.3491131067276001
0.36414089798927307
0.35892727971076965
0.3535335958003998
0.35651251673698425
0.37309837341308594
0.36408087611198425
0.35465317964553833
0.34890106320381165
0.36413106322288513
0.3684925138950348
0.34576860070228577
0.3753722310066223
0.3700841963291168
0.3678787350654602
0.34414905309677124
0.35093802213668823
0.3597298264503479
0.3806968927383423
0.33127403259277344
0.35400548577308655
0.35737165808677673
0.35523897409439087
0.33353015780448914
0.3577274978160858
0.3547147810459137
0.31772398948669434
0.36060187220573425
0.3402355909347534
0.3539004623889923
0.34453055262565613
0.3625308871269226
0.37455010414123535
0.34633198380470276
0.35845619440078735
0.3485194742679596
0.3445410132408142
0.35703277587890625
0.3385762870311737
0.3403581380844116
0.32996779680252075
0.3666987419128418
0.3649524748325348
0.36402782797813416
0.3609359860420227
0.34005171060562134
0.34875166416168213
0.3476465344429016
0.3462817370891571
0.328939825296402
0.3627547323703766
0.3553398847579956
0.35457658767700195
0.3426726758480072
0.3276960253715515
0.34484216570854187
0.34523290395736694
0.33379682898521423
0.34188398718833923
0.34273064136505127
0.34118354320526123
0.3507663905620575
0.3424100875854492
0.33478713035583496
0.3467571437358856
0.3426941931247711
0.34725967049598694
0.34716248512268066
0.34044089913368225
0.34062859416007996
0.3315679132938385
0.3220820724964142
0.33039432764053345
0.3206636905670166
0.3441276550292969
0.337543785572052
0.3485179841518402
0.3350391983985901
0.3290989100933075
0.3361775875091553
0.32794252038002014
0.32178303599357605
0.3373256325721741
0.319635808467865
0.33192774653434753
0.3493388891220093
0.3433105945587158
0.3551371097564697
0.34939253330230713
0.3447771370410919
0.33873847126960754
0.31855693459510803
0.3424018919467926
0.3375681936740875
0.3529978096485138
0.34117591381073
0.3365871012210846
0.3421037793159485
0.3383713364601135
0.34458380937576294
0.3371085226535797
0.35043880343437195
0.3233167827129364
0.34290215373039246
0.33477213978767395
0.34022951126098633
0.3403121829032898
0.32199525833129883
0.3392412066459656
0.3305895924568176
0.33386552333831787
0.3670831024646759
0.340507447719574
0.3340165913105011
0.3187901973724365
0.33014506101608276
0.3540191054344177
0.3216809332370758
0.32992348074913025
0.3393789529800415
0.33944788575172424
0.3373364508152008
0.33422619104385376
0.32569727301597595
0.33801499009132385
0.3462878465652466
0.33966508507728577
0.32971513271331787
0.34334415197372437
0.33228641748428345
0.3150700032711029
0.3314841091632843
0.32728448510169983
0.31947627663612366
0.3269779682159424
0.3317040801048279
0.3385935127735138
0.31271979212760925
0.32124218344688416
0.33428868651390076
0.3246191442012787
0.3264189660549164
0.31965193152427673
0.34406590461730957
0.33203694224357605
0.34758853912353516
0.3243962228298187
0.3419194221496582
0.33414000272750854
0.3310204744338989
0.35183992981910706
0.3204655051231384
0.3285368084907532
0.3256072998046875
0.3495163321495056
0.3262830674648285
0.3266233503818512
0.3144901394844055
0.3218279480934143
0.32021957635879517
0.326323002576828
0.3447149991989136
0.333964467048645
0.3296642005443573
0.34125855565071106
0.33119678497314453
0.33034437894821167
0.3179283142089844
0.3464391529560089
0.3103591501712799
0.3253967761993408
0.33205869793891907
0.33195799589157104
0.31899765133857727
0.33388254046440125
0.31893104314804077
0.3329178988933563
0.3159715235233307
0.31630533933639526
0.3257303833961487
0.3099786341190338
0.3097377419471741
0.315364271402359
0.3132602870464325
0.31627896428108215
0.3479498326778412
0.31847959756851196
0.32578766345977783
0.3221345841884613
0.30654817819595337
0.31899940967559814
0.32095038890838623
0.32515189051628113
0.33587735891342163
0.3117266893386841
0.329010009765625
0.3264678716659546
0.31500521302223206
0.3302181661128998
0.31022119522094727
0.33715111017227173
0.31813493371009827
0.3284914791584015
0.32929301261901855
0.31403282284736633
0.33848410844802856
0.3314284682273865
0.322733610868454
0.31106528639793396
0.3393295705318451
0.320741206407547
0.31799808144569397
0.32203102111816406
0.30958297848701477
0.32944241166114807
0.3295501172542572
0.3219630718231201
0.3135237395763397
0.32080674171447754
0.32667970657348633
0.3235276937484741
0.312263548374176
0.3402748107910156
0.3076903820037842
0.33180344104766846
0.30714020133018494
0.3321037292480469
0.3222256004810333
0.31289663910865784
0.33344781398773193
0.3381076753139496
0.3055678606033325
0.3400067389011383
0.31376051902770996
0.3243294954299927
0.32077986001968384
0.3262729048728943
0.3149294853210449
0.31888464093208313
0.30815422534942627
0.31875333189964294
0.3287854790687561
0.3435250222682953
0.3193834125995636
0.32192349433898926
0.32102489471435547
0.3089052438735962
0.32576224207878113
0.31370675563812256
0.3156367540359497
0.30145493149757385
0.32808366417884827
0.33637794852256775
0.3209165632724762
0.3111844062805176
0.31428852677345276
0.32904788851737976
0.35108545422554016
0.3177698850631714
0.3189243674278259
0.3114560842514038
0.31794556975364685
0.3241189122200012
0.3074198365211487
0.3122236728668213
0.29915523529052734
0.323734313249588
0.33808889985084534
0.3325241804122925
0.3208062946796417
0.31761136651039124
0.31733202934265137
0.3255789279937744
0.3190682530403137
0.33345621824264526
0.32502609491348267
0.3156644403934479
0.33698520064353943
0.31370189785957336
0.3213217556476593
0.30595484375953674
0.32462161779403687
0.31536367535591125
0.32376110553741455
0.311607301235199
0.3178721070289612
0.3237650394439697
0.30495506525039673
0.32105952501296997
0.3089183568954468
0.3205740749835968
0.3324030339717865
0.30729177594184875
0.33425089716911316
0.3342725336551666
0.332461953163147
0.3284299373626709
0.3088989853858948
0.31067803502082825
0.3285202383995056
0.3145219385623932
0.30778050422668457
0.3310492932796478
0.3201651871204376
0.3162279427051544
0.3349851071834564
0.31905195116996765
0.3123302161693573
0.314696341753006
0.30877289175987244
0.29913344979286194
0.29927220940589905
0.30433088541030884
0.3222200274467468
0.32900702953338623
0.3142623007297516
0.329802930355072
0.32767853140830994
0.3021494448184967
0.32154908776283264
0.3332611620426178
0.3263004422187805
0.3343007564544678
0.31392064690589905
0.3146628737449646
0.2988496720790863
0.32001349329948425
0.31588345766067505
0.33393266797065735
0.33439764380455017
0.32141953706741333
0.32315754890441895
0.3305148780345917
0.31629568338394165
0.3036936819553375
0.34483909606933594
0.3146132528781891
0.3321523666381836
0.318791925907135
0.32659459114074707
0.30855312943458557
0.3247512876987457
0.3243468999862671
0.3002147972583771
0.319118857383728
0.3173157870769501
0.32951200008392334
0.3352692127227783
0.3111754059791565
0.2968333065509796
0.3130965530872345
0.32096871733665466
0.32581019401550293
0.3099038302898407
0.30177780985832214
0.316779762506485
0.319698691368103
0.31824779510498047
0.3112993836402893
0.3080061674118042
0.3295150101184845
0.30523040890693665
0.32643041014671326
0.3278510272502899
0.311912477016449
0.3266644775867462
0.31160077452659607
0.31821903586387634
0.36026594042778015
0.3198445439338684
0.3151339590549469
0.32548987865448
0.30932122468948364
0.31440576910972595
0.32107317447662354
0.31313517689704895
0.30837705731391907
0.34096142649650574
0.334869384765625
0.30966511368751526
0.3177807331085205
0.3093871474266052
0.3184339702129364
0.32210680842399597
0.31714025139808655
0.32023879885673523
0.32424527406692505
0.29355987906455994
0.3201795220375061
0.3224656283855438
0.30196163058280945
0.3355248272418976
0.32639411091804504
0.32602521777153015
0.3219619691371918
0.3275836110115051
0.2931381165981293
0.32641032338142395
0.30963197350502014
0.30161190032958984
0.31303223967552185
0.3185957372188568
0.3079024851322174
0.2962234318256378
0.32279515266418457
0.31726476550102234
0.3142809271812439
0.32067805528640747
0.3150261342525482
0.31623542308807373
0.3008507788181305
0.3230125308036804
0.3147523105144501
0.3274590075016022
0.32833942770957947
0.32965344190597534
0.32180312275886536
0.3278051018714905
0.3093515932559967
0.31629812717437744
0.31569987535476685
0.3129197657108307
0.310200959444046
0.3228883445262909
0.3239223062992096
0.304516077041626
0.3386698365211487
0.3108396530151367
0.3139317035675049
0.3212389647960663
0.3008326590061188
0.3230326473712921
0.313566654920578
0.3103705048561096
0.31805548071861267
0.31356942653656006
0.32754451036453247
0.30495166778564453
0.33460506796836853
0.324947714805603
0.3309645354747772
0.3291199207305908
0.31600335240364075
0.3191942572593689
0.318742573261261
0.3138459324836731
0.30008625984191895
0.3351612389087677
0.32376232743263245
0.3246932625770569
0.31992512941360474
0.3235205411911011
0.3321036398410797
0.32553377747535706
0.30621787905693054
0.3208965063095093
0.3256152272224426
0.3206443190574646
0.31217944622039795
0.32274550199508667
0.33243629336357117
0.3254038393497467
0.31166112422943115
0.3408675193786621
0.30617034435272217
0.32698145508766174
