0.8668962121009827
0.5788960456848145
0.5409481525421143
0.5048777461051941
0.5014290809631348
0.4698353111743927
0.4347952604293823
0.4559122622013092
0.447733998298645
0.423284649848938
0.41149964928627014
0.40123918652534485
0.3896135985851288
0.3977324664592743
0.3818328380584717
0.38612309098243713
0.38906922936439514
0.3663825988769531
0.3613699972629547
0.34766685962677
0.3463546931743622
0.3522550165653229
0.33949458599090576
0.3128587305545807
0.3107006251811981
0.32562822103500366
0.35376685857772827
0.3312959671020508
0.3327431082725525
0.32910385727882385
0.3208715617656708
0.31053754687309265
0.3309679925441742
0.31758973002433777
0.3175487220287323
0.3079538941383362
0.316709965467453
0.29040437936782837
0.3165702223777771
0.2888408601284027
0.3080808222293854
0.292907178401947
0.299713134765625
0.29359903931617737
0.2784295678138733
0.2948616147041321
0.2795981168746948
0.2833779454231262
0.2771728038787842
0.2595575749874115
0.2726944386959076
0.24617218971252441
0.2769128978252411
0.2706282138824463
0.22777193784713745
0.2542099058628082
0.2602307200431824
0.2516716718673706
0.2554093301296234
0.26501578092575073
0.2738645076751709
0.27334684133529663
0.24908167123794556
0.258216917514801
0.232659712433815
0.24830427765846252
0.22459807991981506
0.24262066185474396
0.24043957889080048
0.23359353840351105
0.24602656066417694
0.26979097723960876
0.23831723630428314
0.24553868174552917
0.23944011330604553
0.23234353959560394
0.23100177943706512
0.23931226134300232
0.21000835299491882
0.22325091063976288
0.22655071318149567
0.2076963633298874
0.21289925277233124
0.22517456114292145
0.23845979571342468
0.22794902324676514
0.21213646233081818
0.2009235918521881
0.21686187386512756
0.2165258526802063
0.2176714688539505
0.21062281727790833
0.19187031686306
0.2050853669643402
0.18872198462486267
0.1872609257698059
0.1904435008764267
0.19472429156303406
0.16478098928928375
0.17445267736911774
0.1893170028924942
0.17713122069835663
0.1790134161710739
0.17513036727905273
0.18723125755786896
0.17851054668426514
0.16829827427864075
0.17269384860992432
0.17170724272727966
0.1471104770898819
0.16291725635528564
0.175123929977417
0.14804092049598694
0.16757971048355103
0.18174239993095398
0.1527790129184723
0.16684117913246155
0.1625848263502121
0.21447880566120148
0.16832368075847626
0.1944962590932846
0.15788798034191132
0.14557139575481415
0.1929730623960495
0.1811981499195099
0.16457976400852203
0.13717249035835266
0.18905514478683472
0.16387592256069183
0.1526225507259369
0.1590275913476944
0.12871398031711578
0.13938719034194946
0.16006584465503693
0.12935763597488403
0.12994980812072754
0.14973774552345276
0.13418187201023102
0.144575297832489
0.12661196291446686
0.13799941539764404
0.11546912789344788
0.14648957550525665
0.1263422816991806
0.1145051121711731
0.12726226449012756
0.11843778192996979
0.1193690299987793
0.12812744081020355
0.12280189245939255
0.1251768320798874
0.13644975423812866
0.1237623542547226
0.10768269002437592
0.11871843039989471
0.14318141341209412
0.13899865746498108
0.13362228870391846
0.11593424528837204
0.1111341342329979
0.11138103157281876
0.11345059424638748
0.11535704880952835
0.12696793675422668
0.11961903423070908
0.1308610886335373
0.09997154772281647
0.12481587380170822
0.12429308891296387
0.11665961146354675
0.14110508561134338
0.11069262772798538
0.1142130121588707
0.0993034690618515
0.15686458349227905
0.10415894538164139
0.10815025866031647
0.09932317584753036
0.10673788189888
0.10228364169597626
0.10396739095449448
0.09811631590127945
0.11009528487920761
0.10536643117666245
0.1158297061920166
0.11156813055276871
0.09776805341243744
0.11240529268980026
0.08641541004180908
0.09951064735651016
0.09289838373661041
0.09152723848819733
0.10765333473682404
0.10186532139778137
0.07935046404600143
0.09509336948394775
0.10138274729251862
0.0861043930053711
0.09994935989379883
0.07742024213075638
0.13613571226596832
0.1276245266199112
0.09105105698108673
0.09197445213794708
0.08845959603786469
0.09084955602884293
0.09368451684713364
0.11021928489208221
0.09774540364742279
0.0875869169831276
0.09481729567050934
0.10089338570833206
0.07507167756557465
0.07663878798484802
0.09834232181310654
0.12022090703248978
0.07945853471755981
0.09567999094724655
0.07920154929161072
0.09074617177248001
0.09175395965576172
0.08579229563474655
0.0772155299782753
0.07715438306331635
0.07716864347457886
0.07638638466596603
0.12544123828411102
0.0818108543753624
0.08636471629142761
0.0837392807006836
0.06797076761722565
0.09628262370824814
0.07558082044124603
0.08185047656297684
0.08124209940433502
0.057443857192993164
0.08407129347324371
0.0960891842842102
0.07165950536727905
0.07140763849020004
0.07440439611673355
0.06828848272562027
0.06446623802185059
0.07602229714393616
0.06044458597898483
0.09294846653938293
0.0717696025967598
0.09376917034387589
0.08149652928113937
0.07995440065860748
0.06243983656167984
0.08475727587938309
0.05449897423386574
0.07271547615528107
0.06354784965515137
0.05789674073457718
0.08818908035755157
0.059917692095041275
0.09887737035751343
0.06387132406234741
0.08022230118513107
0.09194851666688919
0.0867370143532753
0.07732047885656357
0.08926743268966675
0.07132043689489365
0.0775313526391983
0.07758374512195587
0.07959524542093277
0.07677698135375977
0.058795347809791565
0.07685448229312897
0.07673653215169907
0.0771075189113617
0.05923395976424217
0.07959138602018356
0.07578722387552261
0.07469596713781357
0.07225922495126724
0.07102163881063461
0.06955713033676147
0.05993560329079628
0.07639478892087936
0.09815467894077301
0.06455569714307785
0.06463644653558731
0.05912215635180473
0.08371812105178833
0.07449692487716675
0.0716363787651062
0.0725422278046608
0.07452072948217392
0.04780588671565056
0.06678205728530884
0.06391823291778564
0.0612502358853817
0.07079971581697464
0.06729644536972046
0.07185791432857513
0.06655429303646088
0.05985090136528015
0.06020662933588028
0.06908482313156128
0.07447364926338196
0.06271076202392578
0.057977136224508286
0.06602764874696732
0.05841916427016258
0.058233488351106644
0.06804676353931427
0.07617302983999252
0.07714945822954178
0.06310569494962692
0.07748018205165863
0.07350120693445206
0.0508367121219635
0.05581260472536087
0.07724040001630783
0.0464458242058754
0.05504075065255165
0.05982255935668945
0.060505520552396774
0.057941559702157974
0.06690049171447754
0.07282500714063644
0.07393521815538406
0.05888007953763008
0.0699956938624382
0.060630179941654205
0.07038378715515137
0.07809247821569443
0.06037503108382225
0.05097530037164688
0.09066043049097061
0.06312387436628342
0.07056955248117447
0.06673770397901535
0.058784857392311096
0.05560263618826866
0.05878792703151703
0.0646800845861435
0.059390563517808914
0.07963252812623978
0.06921062618494034
0.08199242502450943
0.05538571998476982
0.06264587491750717
0.055548083037137985
0.052701182663440704
0.06317853182554245
0.06641371548175812
0.0461333692073822
0.05702977627515793
0.06047855690121651
0.04629262536764145
0.05056764930486679
0.042118459939956665
0.0668414905667305
0.06497474014759064
0.046948403120040894
0.051830943673849106
0.049120087176561356
0.05307638645172119
0.0525764524936676
0.050367843359708786
0.056290771812200546
0.09803667664527893
0.05706598609685898
0.04814417287707329
0.05867959186434746
0.04490215703845024
0.04372702166438103
0.05374757573008537
0.04738767817616463
0.04276438057422638
0.049324072897434235
0.0637781172990799
0.052417438477277756
0.06566731631755829
0.06175985187292099
0.04681769758462906
0.049618516117334366
0.04016578570008278
0.047453515231609344
0.03930438682436943
0.04250706732273102
0.056648094207048416
0.04705405235290527
0.05092235282063484
0.05064980313181877
0.045069072395563126
0.04358590766787529
0.06159171462059021
0.06529095768928528
0.04509544372558594
0.06405145674943924
0.05512416362762451
0.04587647318840027
0.04857373610138893
0.045704059302806854
0.05529489368200302
0.05963806062936783
0.06674814224243164
0.08988115191459656
0.058953847736120224
0.0688382163643837
0.06572858989238739
0.05451025441288948
0.047385696321725845
0.04994489997625351
0.06484655290842056
0.05350881814956665
0.05400141328573227
0.059177447110414505
0.062003351747989655
0.05987859517335892
0.061206795275211334
0.052620042115449905
0.04753382131457329
0.06992824375629425
0.0882699191570282
0.06530310958623886
0.06850557774305344
0.040337931364774704
0.04542987793684006
0.06865160167217255
0.05306798219680786
0.04708581045269966
0.05344769358634949
0.040557075291872025
0.038534317165613174
0.04981245845556259
0.06222216412425041
0.05840964615345001
0.05100594833493233
0.04608112573623657
0.04386176913976669
0.03969773277640343
0.0541091114282608
0.06378984451293945
0.05961121618747711
0.061127565801143646
0.059467967599630356
0.046351537108421326
0.05054701864719391
0.043097689747810364
0.07065122574567795
0.06960776448249817
0.04642953723669052
0.05110801383852959
0.05173825845122337
0.042312927544116974
0.04344017803668976
0.057094134390354156
0.05018744245171547
0.04835483059287071
0.04680139943957329
0.03612125292420387
0.05057695508003235
0.05168088898062706
0.051847219467163086
0.05429614707827568
0.047835782170295715
0.04959230497479439
0.03640171140432358
0.05368848145008087
0.060399748384952545
0.045851461589336395
0.03593321517109871
0.06766485422849655
0.03973083570599556
0.047482967376708984
0.05410115420818329
0.04683195799589157
0.0443347729742527
0.05370514467358589
0.04358682408928871
0.042503856122493744
0.07968444377183914
0.062382884323596954
0.05166896432638168
0.03269636631011963
0.054399121552705765
0.053373876959085464
0.05256320536136627
0.05783824995160103
0.0580919049680233
0.050238873809576035
0.03993906080722809
0.049926940351724625
0.047356896102428436
0.06557092070579529
0.04676748812198639
0.04653432220220566
0.07082296907901764
0.03840240091085434
0.03931097686290741
0.03830263391137123
0.051706332713365555
0.04518268629908562
0.05667036399245262
0.05579863488674164
0.04496941342949867
0.05905178561806679
0.03507376089692116
0.06510233134031296
0.04907909408211708
0.054024528712034225
0.0432840958237648
0.05745766684412956
0.043343737721443176
0.04201693460345268
0.04265894368290901
0.04426955431699753
0.02956858091056347
0.05527544394135475
0.05065304785966873
0.048357103019952774
0.0404135026037693
0.07153650373220444
0.06249260902404785
0.032546959817409515
0.04877235367894173
0.04488017037510872
0.045524150133132935
0.06211838871240616
0.038024161010980606
0.043983250856399536
0.052517276257276535
0.04216599464416504
0.060211002826690674
0.05374651029706001
0.05630116909742355
0.04394955560564995
0.04677611216902733
0.030113769695162773
0.04215020686388016
0.03972432762384415
0.04569929465651512
0.04025314375758171
0.04979474097490311
0.04529362544417381
0.0461890883743763
0.05286847800016403
0.043951500207185745
0.043238457292318344
0.05372237041592598
0.04586978629231453
0.053405892103910446
0.05793141946196556
0.03847343847155571
0.04485147073864937
0.05061192438006401
0.048201389610767365
0.042530059814453125
0.03705185279250145
0.06239064410328865
0.04719690605998039
0.040435485541820526
0.05201420560479164
0.06460385769605637
0.04119940847158432
0.06064411997795105
0.05068055912852287
0.07734023034572601
0.06074202060699463
0.04472608491778374
0.05239308997988701
0.05080718174576759
0.04650562256574631
0.03880993276834488
0.05359503626823425
0.05284983664751053
0.04613903537392616
0.04355926439166069
0.03259516507387161
0.0687837153673172
0.0382414236664772
0.039701104164123535
0.04831691458821297
0.05508439987897873
0.04281366616487503
0.03333691135048866
0.05112866684794426
0.06785125285387039
0.0563143715262413
0.0551811158657074
0.04869241639971733
0.04567255079746246
0.05432037264108658
0.04403478652238846
0.07116774469614029
0.04785102233290672
0.03528524190187454
0.03695610910654068
0.038247548043727875
0.041293349117040634
0.0566607341170311
0.04868084192276001
0.049615368247032166
0.04766959324479103
