0.7351722121238708
0.7363956570625305
0.7133572101593018
0.7452164888381958
0.7253842353820801
0.7039398550987244
0.6969878077507019
0.7063665390014648
0.708078145980835
0.6947706341743469
0.6933093070983887
0.6764346361160278
0.6949166655540466
0.7009431719779968
0.6862167119979858
0.6717365384101868
0.6604081392288208
0.6658483743667603
0.6641492247581482
0.6732621788978577
0.6628219485282898
0.6526657342910767
0.663361132144928
0.6551507115364075
0.6701770424842834
0.659830629825592
0.6546515226364136
0.6396851539611816
0.6290825605392456
0.643577516078949
0.6337398886680603
0.6401645541191101
0.6293931007385254
0.6314868330955505
0.6135141849517822
0.6097750663757324
0.6106200218200684
0.6226373910903931
0.6104187369346619
0.5970895886421204
0.5942491888999939
0.623367190361023
0.6010235548019409
0.5904892683029175
0.5798913836479187
0.5941182971000671
0.5875786542892456
0.5845879316329956
0.5803009867668152
0.5637681484222412
0.5712130069732666
0.5801418423652649
0.5502740144729614
0.5499044060707092
0.5420538187026978
0.5527910590171814
0.5533798336982727
0.5515314936637878
0.5338647961616516
0.5421613454818726
0.523520290851593
0.5454906821250916
0.5493049025535583
0.5419470071792603
0.527523934841156
0.5248651504516602
0.540950357913971
0.5343108773231506
0.5339033603668213
0.5284931659698486
0.5254552364349365
0.548095703125
0.5210081338882446
0.5254592895507812
0.5056721568107605
0.526753306388855
0.5194199681282043
0.5209905505180359
0.512422502040863
0.505579948425293
0.503768801689148
0.4971296489238739
0.518498957157135
0.5264520645141602
0.49271419644355774
0.4926717281341553
0.5117745995521545
0.5124543309211731
0.511921763420105
0.5114458799362183
0.5029931664466858
0.5041142702102661
0.4938095510005951
0.4818154573440552
0.4801552891731262
0.4974730312824249
0.48172011971473694
0.47766855359077454
0.5118119716644287
0.4848095178604126
0.5016643404960632
0.5079048275947571
0.49325042963027954
0.4833814203739166
0.48702889680862427
0.4915944039821625
0.48526081442832947
0.4759000837802887
0.4948541820049286
0.4712224006652832
0.47464054822921753
0.4641643166542053
0.4655356705188751
0.49223271012306213
0.4874725341796875
0.4691872298717499
0.462215781211853
0.47248944640159607
0.495715856552124
0.504098653793335
0.4818355143070221
0.473762571811676
0.477865070104599
0.47486379742622375
0.4398208558559418
0.44465622305870056
0.47047510743141174
0.4877694845199585
0.4650536775588989
0.46851128339767456
0.4999472498893738
0.4744766056537628
0.45291203260421753
0.4603250026702881
0.45869603753089905
0.43530702590942383
0.47555869817733765
0.4586855173110962
0.4313245117664337
0.47491127252578735
0.4635803699493408
0.4502447545528412
0.465336412191391
0.4567257761955261
0.466198205947876
0.4731622040271759
0.4622799754142761
0.47867390513420105
0.4547383487224579
0.4747425615787506
0.4642588794231415
0.4460921585559845
0.46242743730545044
0.45530977845191956
0.46990445256233215
0.4372454583644867
0.44240716099739075
0.4369160234928131
0.45036378502845764
0.43788012862205505
0.4459001421928406
0.4485912024974823
0.4581408202648163
0.4318437874317169
0.4600762724876404
0.45148855447769165
0.45008328557014465
0.4417019188404083
0.4490678608417511
0.4505389332771301
0.44653016328811646
0.4438280761241913
0.4398624002933502
0.4571359157562256
0.44957467913627625
0.4339621067047119
0.4389169216156006
0.4435071647167206
0.4711235761642456
0.4297756254673004
0.4504224359989166
0.43843111395835876
0.4293241798877716
0.4462551772594452
0.43069297075271606
0.45867103338241577
0.4590095579624176
0.43901491165161133
0.4411139488220215
0.4441829323768616
0.4518042206764221
0.438212513923645
0.4287738800048828
0.4502885639667511
0.4519128203392029
0.4075411856174469
0.4412992596626282
0.44053682684898376
0.4530085325241089
0.4310227632522583
0.452325701713562
0.422497034072876
0.43802645802497864
0.4352436065673828
0.4505257308483124
0.44247573614120483
0.4407701790332794
0.4281359910964966
0.4155263900756836
0.4218481779098511
0.42091283202171326
0.43414050340652466
0.42709964513778687
0.429424911737442
0.40872398018836975
0.4326833486557007
0.43869784474372864
0.4135456085205078
0.43971899151802063
0.4311143159866333
0.42479005455970764
0.441159725189209
0.42508164048194885
0.43280771374702454
0.4201927185058594
0.42315930128097534
0.4275776147842407
0.4411437213420868
0.4149624705314636
0.4183328151702881
0.4216485321521759
0.4118307828903198
0.4227466881275177
0.41138333082199097
0.4194186329841614
0.42925506830215454
0.42858126759529114
0.42636385560035706
0.42543163895606995
0.4231516122817993
0.43537598848342896
0.41454967856407166
0.41737285256385803
0.40120723843574524
0.4255809783935547
0.42312270402908325
0.4315407872200012
0.41340333223342896
0.4167836904525757
0.41340550780296326
0.40411195158958435
0.4260944724082947
0.414707213640213
0.4135087728500366
0.4023490250110626
0.42331451177597046
0.4365531802177429
0.4136100709438324
0.4282287359237671
0.4208381772041321
0.41121387481689453
0.42926111817359924
0.4160051643848419
0.4030364751815796
0.409090131521225
0.38684794306755066
0.4119539260864258
0.4171721637248993
0.4227757453918457
0.39205461740493774
0.3996107578277588
0.40746158361434937
0.4236887991428375
0.4097324311733246
0.40034157037734985
0.4198184907436371
0.4226631820201874
0.42644786834716797
0.408955842256546
0.41463935375213623
0.38592684268951416
0.4105775058269501
0.4094471335411072
0.39712265133857727
0.3873997926712036
0.4147144854068756
0.4147997796535492
0.40669572353363037
0.42542096972465515
0.42253080010414124
0.4021899402141571
0.4070051908493042
0.4314638078212738
0.41544628143310547
0.41564860939979553
0.38972756266593933
0.39184480905532837
0.3976060748100281
0.4013536274433136
0.3955516517162323
0.39361345767974854
0.4030649662017822
0.39243650436401367
0.41740304231643677
0.3883647620677948
0.42019549012184143
0.4171009361743927
0.41166117787361145
0.41598886251449585
0.3882754445075989
0.3931373655796051
0.4208066463470459
0.3801310360431671
0.39457499980926514
0.4119850695133209
0.3902598023414612
0.4206997752189636
0.39741250872612
0.39486244320869446
0.4208981394767761
0.4283238649368286
0.38610196113586426
0.370831161737442
0.41023382544517517
0.39898252487182617
0.38655874133110046
0.39596399664878845
0.3958531320095062
0.39488303661346436
0.407920241355896
0.40504080057144165
0.387013703584671
0.3900633752346039
0.40981191396713257
0.4012463390827179
0.3857569694519043
0.397561639547348
0.3761574625968933
0.39019539952278137
0.41061490774154663
0.3936869204044342
0.41269242763519287
0.39721354842185974
0.3710513114929199
0.3739927411079407
0.37570714950561523
0.3811132311820984
0.39829879999160767
0.38173553347587585
0.40262654423713684
0.38809630274772644
0.39419689774513245
0.3820716142654419
0.40222102403640747
0.38352611660957336
0.3872607350349426
0.3737592399120331
0.3834766447544098
0.38939011096954346
0.4058644771575928
0.38062602281570435
0.4009726047515869
0.39452311396598816
0.38238444924354553
0.38781270384788513
0.3986058235168457
0.3884807229042053
0.3702917993068695
0.3788284361362457
0.4075748026371002
0.4026436507701874
0.39105311036109924
0.3917055130004883
0.377102255821228
0.41391509771347046
0.3886636197566986
0.3930598199367523
0.39560237526893616
0.38710343837738037
0.37815359234809875
0.3855287432670593
0.4101189374923706
0.3811395466327667
0.3985044062137604
0.40072935819625854
0.39449557662010193
0.3941451907157898
0.3949955999851227
0.390471875667572
0.3806760609149933
0.38458532094955444
0.4177139699459076
0.3809322714805603
0.39740997552871704
0.3728688657283783
0.385389506816864
0.3654104173183441
0.382785826921463
0.3755740523338318
0.35998332500457764
0.39277151226997375
0.38975900411605835
0.3817096948623657
0.3916795253753662
0.38934603333473206
0.38990214467048645
0.396696001291275
0.38347434997558594
0.3768106997013092
0.36718788743019104
0.38343697786331177
0.3838954269886017
0.3996972441673279
0.3791438043117523
0.3863085210323334
0.38079530000686646
0.37361466884613037
0.38477131724357605
0.3841720521450043
0.40747764706611633
0.40833717584609985
0.39957472681999207
0.39323753118515015
0.38098299503326416
0.37406039237976074
0.3751716613769531
0.36570340394973755
0.37880393862724304
0.38279858231544495
0.3743751049041748
0.38497525453567505
0.365155428647995
0.38660669326782227
0.3855505585670471
0.3626687228679657
0.3901824951171875
0.3795969486236572
0.3700513541698456
0.3867877125740051
0.361392617225647
0.36300522089004517
0.35807713866233826
0.3949359357357025
0.3841328024864197
0.3662208914756775
0.3664276599884033
0.38187718391418457
0.37493690848350525
0.3756563067436218
0.3962963819503784
0.3693864643573761
0.3994671106338501
0.3709609806537628
0.37895673513412476
0.3939703106880188
0.38653185963630676
0.3909023404121399
0.3840428590774536
0.36922958493232727
0.3856290876865387
0.3902604877948761
0.36071115732192993
0.39101213216781616
0.38288143277168274
0.3719155192375183
0.37053820490837097
0.3993600010871887
0.3898598253726959
0.3788250684738159
0.3747653663158417
0.37328219413757324
0.3890206217765808
0.37869834899902344
0.3717246949672699
0.3699134588241577
0.3724927306175232
0.3637807071208954
0.38261735439300537
0.3860122859477997
0.38369569182395935
0.3602229058742523
0.3726843595504761
0.36657702922821045
0.38305434584617615
0.3888237774372101
0.3705783486366272
0.3891598582267761
0.40058645606040955
0.39674192667007446
0.3838876783847809
0.3591808080673218
0.37262260913848877
0.37079131603240967
0.3758785128593445
0.36697912216186523
0.37262511253356934
0.3754103481769562
0.3705930709838867
0.38153865933418274
0.38070932030677795
0.3649625778198242
0.3891027867794037
0.3743214011192322
0.40226873755455017
0.38626280426979065
0.3831123411655426
0.3878878951072693
0.3683132529258728
0.39081451296806335
0.3813466429710388
0.3738621175289154
0.38342610001564026
0.38365381956100464
0.3710625469684601
0.3713756203651428
0.38472482562065125
0.3822154402732849
0.39590984582901
0.3877018392086029
0.3711196184158325
0.3904898762702942
0.38852691650390625
0.37781664729118347
0.3857364058494568
0.37557098269462585
0.38877153396606445
0.3732473850250244
0.3733289837837219
0.37074387073516846
0.3826601505279541
0.3904047906398773
0.38805627822875977
0.36071887612342834
0.3962354362010956
0.3974476456642151
0.3911120593547821
0.3922405540943146
0.36585718393325806
0.3816055357456207
0.34626948833465576
0.3592684268951416
0.3524070680141449
0.38244888186454773
0.3764190077781677
0.38352203369140625
0.4058067202568054
0.37442317605018616
0.37836766242980957
0.38521987199783325
0.38107606768608093
0.3765304684638977
0.3856016993522644
0.37971800565719604
0.3786027729511261
0.3573750853538513
0.3761403262615204
0.3845330774784088
0.3821646571159363
0.35897397994995117
0.3818412125110626
0.38544178009033203
0.3492271900177002
0.3476278781890869
0.3807113766670227
0.3727855980396271
0.3854438364505768
0.36215975880622864
0.38481616973876953
0.38663604855537415
0.37985551357269287
0.3690709173679352
0.37488043308258057
0.36895695328712463
0.3877933919429779
0.3658168315887451
0.37973687052726746
0.381254643201828
0.37892329692840576
0.388223797082901
0.3765219748020172
0.34978237748146057
0.39125582575798035
0.3857017457485199
0.39985793828964233
0.3810623288154602
0.39571234583854675
0.3939923346042633
0.38124024868011475
0.38870447874069214
0.38455429673194885
0.3873162567615509
0.36619630455970764
0.36064857244491577
0.39047807455062866
0.3795740306377411
0.3762323558330536
0.38435646891593933
0.37643542885780334
0.3846357464790344
0.37702399492263794
0.3589116036891937
0.3642551004886627
0.3955102562904358
0.38120487332344055
0.3962644636631012
0.3814848065376282
0.3784291744232178
0.3772599697113037
0.38687530159950256
0.376812607049942
0.36728033423423767
0.385074645280838
0.39121323823928833
0.3699415326118469
0.40269213914871216
0.3913082182407379
0.38517358899116516
0.38871631026268005
0.36383581161499023
0.3922187387943268
0.37184464931488037
0.37691831588745117
0.38354527950286865
0.3924925923347473
0.37308216094970703
0.3692568242549896
0.3665561079978943
0.37802740931510925
0.40270790457725525
0.39409926533699036
0.42056816816329956
0.37421807646751404
0.3787267208099365
0.3867734968662262
0.378555566072464
0.3756452202796936
0.3881472647190094
0.3963170647621155
0.3785676956176758
0.3570774495601654
0.389339804649353
0.3896217346191406
0.3658800721168518
0.3646722733974457
0.37701448798179626
0.37361210584640503
0.37744656205177307
0.3846129775047302
0.3774159550666809
0.3948419690132141
0.36753639578819275
0.37050774693489075
0.3792734742164612
0.367862731218338
0.36740389466285706
0.36873504519462585
0.3907613456249237
0.37567493319511414
0.3786560297012329
0.3807752728462219
0.3495658338069916
0.3781149983406067
0.37010884284973145
0.3829791247844696
0.3759930431842804
0.3774113059043884
0.38071563839912415
0.3828781843185425
0.38130098581314087
0.3891330361366272
0.3849135637283325
0.380219042301178
0.3743642270565033
0.38550665974617004
0.3942040801048279
0.38369062542915344
0.37440788745880127
0.37540748715400696
0.37093037366867065
0.3750230669975281
0.3676845133304596
0.3539605140686035
0.38846927881240845
0.3738080561161041
0.3838982880115509
0.36409446597099304
0.3775565028190613
0.3901371359825134
0.36204954981803894
0.3654552102088928
0.364357590675354
0.36905887722969055
0.3908458352088928
0.38789102435112
0.37934550642967224
0.38432973623275757
0.37637394666671753
0.36309537291526794
0.34083062410354614
0.37521156668663025
0.3719273507595062
0.3649558126926422
0.3781081438064575
0.3588864803314209
0.39188528060913086
0.3656039237976074
0.3624189496040344
0.37577521800994873
0.38118869066238403
0.3915245532989502
0.36948883533477783
0.3717935383319855
0.3706825375556946
0.39608675241470337
0.3749169409275055
0.39767155051231384
0.3658822774887085
0.40159928798675537
0.3752627372741699
0.3769983649253845
0.36947235465049744
0.35962191224098206
0.3941749036312103
0.3738230764865875
0.38410237431526184
0.3565925061702728
0.38052526116371155
0.3726685047149658
0.365604043006897
0.3761243522167206
0.379580557346344
0.3802497088909149
0.38566353917121887
0.3694998323917389
0.3721557855606079
0.38965660333633423
0.35224029421806335
0.3783319890499115
0.37501436471939087
0.36551257967948914
0.3712061941623688
0.38179317116737366
0.3829561471939087
0.39396485686302185
0.38202911615371704
0.3657279312610626
0.38312724232673645
0.38671940565109253
0.36089906096458435
0.3728371858596802
0.37615150213241577
0.3684345483779907
0.37367773056030273
0.3785496950149536
0.3778710663318634
0.37974727153778076
0.38578110933303833
0.3973339796066284
0.37330615520477295
0.38447391986846924
0.3599701523780823
0.37691596150398254
0.3623235821723938
0.37929821014404297
0.37883657217025757
0.37461623549461365
0.37982088327407837
0.3794691860675812
0.351735919713974
0.386976033449173
0.38860657811164856
0.38069581985473633
0.3845022916793823
0.3625636696815491
0.38288676738739014
0.38462033867836
0.3635075092315674
0.37395671010017395
0.3823745846748352
0.3757873475551605
0.38408374786376953
0.37857773900032043
0.3709157705307007
0.38891878724098206
0.37036654353141785
0.37792956829071045
0.4026300609111786
0.42555394768714905
0.3797520101070404
0.36892998218536377
0.3826899230480194
0.3807217478752136
0.3772343099117279
0.38880762457847595
0.3817867040634155
0.3729742765426636
0.38879507780075073
0.395934522151947
0.37869885563850403
0.39008837938308716
0.345390260219574
0.3742145597934723
0.3670260012149811
0.39286163449287415
0.39243942499160767
0.3424786329269409
0.3834472596645355
0.37497246265411377
0.36725983023643494
0.385082483291626
0.38588452339172363
0.35405629873275757
0.3775257468223572
0.36940860748291016
0.39116403460502625
0.37998417019844055
0.3869057893753052
0.3829898536205292
0.3477107882499695
0.3790188729763031
0.36589521169662476
0.377987265586853
0.3783356845378876
0.4025314748287201
0.3883708715438843
