0.7598604559898376
0.6608189344406128
0.5944896936416626
0.5757253766059875
0.5414652824401855
0.5070672035217285
0.4988209903240204
0.49519261717796326
0.4783886671066284
0.47544270753860474
0.45472830533981323
0.44584977626800537
0.4518924653530121
0.45595139265060425
0.4396170675754547
0.4342585802078247
0.4343280792236328
0.3978351056575775
0.41032537817955017
0.4114212989807129
0.40653184056282043
0.4128546714782715
0.4017259478569031
0.4073311984539032
0.380474716424942
0.3758288025856018
0.39546746015548706
0.3782971203327179
0.37074658274650574
0.3648274540901184
0.3824654817581177
0.3797916769981384
0.3703635036945343
0.36664554476737976
0.36474063992500305
0.35926729440689087
0.3762773275375366
0.3640652000904083
0.3644706904888153
0.34362414479255676
0.3557344377040863
0.34081175923347473
0.342355877161026
0.34238529205322266
0.3546394407749176
0.34125983715057373
0.3536863327026367
0.3398805260658264
0.33041656017303467
0.340324342250824
0.3190864622592926
0.3470512926578522
0.3280876576900482
0.3353252410888672
0.3495083451271057
0.3382788598537445
0.32166776061058044
0.3199792504310608
0.32225465774536133
0.33869946002960205
0.3163885176181793
0.3162871301174164
0.3145950436592102
0.3220711946487427
0.30880773067474365
0.31847628951072693
0.31392207741737366
0.3177984952926636
0.3087216913700104
0.31012073159217834
0.32057279348373413
0.30210041999816895
0.2805481255054474
0.29271200299263
0.3050512969493866
0.2995138168334961
0.29443854093551636
0.2815505862236023
0.29564687609672546
0.28757724165916443
0.29101309180259705
0.29695427417755127
0.30898556113243103
0.281738817691803
0.2745817005634308
0.2917996048927307
0.2871786952018738
0.2725997269153595
0.2753486931324005
0.30265873670578003
0.27945461869239807
0.2816455066204071
0.2880573570728302
0.2744051218032837
0.30265697836875916
0.2762927711009979
0.2833010256290436
0.2891641855239868
0.257829874753952
0.26908940076828003
0.27041035890579224
0.2646085321903229
0.27864980697631836
0.27797508239746094
0.25917693972587585
0.27109023928642273
0.2577173113822937
0.2644449770450592
0.25430044531822205
0.27009448409080505
0.25652679800987244
0.2649582028388977
0.2514651119709015
0.26648202538490295
0.2404112070798874
0.2521982789039612
0.2440701127052307
0.2597917318344116
0.24256780743598938
0.24434946477413177
0.2591223120689392
0.23930738866329193
0.24316094815731049
0.2732654809951782
0.2473096251487732
0.24878285825252533
0.2540976405143738
0.26250535249710083
0.2506450414657593
0.2566796839237213
0.2519705295562744
0.25280511379241943
0.2533192038536072
0.261692076921463
0.2335691899061203
0.23002707958221436
0.244399294257164
0.24098771810531616
0.23666337132453918
0.2358783483505249
0.2425031065940857
0.23627257347106934
0.24210868775844574
0.23547586798667908
0.228805273771286
0.24651160836219788
0.25009453296661377
0.2215673327445984
0.2326936572790146
0.24958409368991852
0.2350817769765854
0.22089435160160065
0.228181853890419
0.23577642440795898
0.23503878712654114
0.24030718207359314
0.24706019461154938
0.24411970376968384
0.23222693800926208
0.24073173105716705
0.2187395691871643
0.21506284177303314
0.22951534390449524
0.2280341386795044
0.24494338035583496
0.21906886994838715
0.22740869224071503
0.20385387539863586
0.22429397702217102
0.22271744906902313
0.21569515764713287
0.2179509848356247
0.21935023367404938
0.20263732969760895
0.21283161640167236
0.2298261523246765
0.215164914727211
0.2224026769399643
0.20914995670318604
0.22370603680610657
0.2084994614124298
0.20246535539627075
0.2083195447921753
0.19835279881954193
0.23340974748134613
0.22915597259998322
0.22156968712806702
0.20877978205680847
0.2091260552406311
0.21705862879753113
0.20431582629680634
0.20671501755714417
0.2125035971403122
0.19446903467178345
0.21564564108848572
0.21256068348884583
0.19666360318660736
0.1836867481470108
0.20796911418437958
0.19730669260025024
0.20264610648155212
0.18912334740161896
0.1906825453042984
0.2097976803779602
0.18761089444160461
0.20688360929489136
0.19259952008724213
0.20425526797771454
0.21160076558589935
0.2054964154958725
0.2156297266483307
0.19858862459659576
0.20185890793800354
0.2100193351507187
0.19013485312461853
0.21702361106872559
0.1954745650291443
0.19951589405536652
0.19002695381641388
0.197517529129982
0.17942921817302704
0.18507634103298187
0.18691684305667877
0.20936860144138336
0.19696718454360962
0.19877873361110687
0.18633754551410675
0.18305012583732605
0.2042747586965561
0.2061046063899994
0.19671295583248138
0.20217129588127136
0.1823945790529251
0.19583921134471893
0.18999792635440826
0.1894335150718689
0.19752927124500275
0.18976908922195435
0.18245628476142883
0.19383110105991364
0.18420305848121643
0.19296951591968536
0.19329410791397095
0.182865172624588
0.19024842977523804
0.17924344539642334
0.19334776699543
0.19520938396453857
0.16054601967334747
0.168010413646698
0.18396443128585815
0.18008144199848175
0.1982492357492447
0.18425755202770233
0.1865857094526291
0.1908981055021286
0.20504269003868103
0.18910108506679535
0.18617619574069977
0.1987142115831375
0.17889443039894104
0.19178569316864014
0.19057093560695648
0.1754010170698166
0.16458581387996674
0.18026511371135712
0.18230696022510529
0.18519693613052368
0.18638287484645844
0.182173952460289
0.1747688353061676
0.1910882592201233
0.19082392752170563
0.18005618453025818
0.17647725343704224
0.17434477806091309
0.18682192265987396
0.19922494888305664
0.17883649468421936
0.1741165965795517
0.1809399276971817
0.1873345524072647
0.1810327023267746
0.1599816530942917
0.17525766789913177
0.18535922467708588
0.17389225959777832
0.1806943118572235
0.176642045378685
0.17552678287029266
0.17339396476745605
0.16353340446949005
0.177726149559021
0.16110363602638245
0.17184145748615265
0.17910324037075043
0.17720670998096466
0.1703256219625473
0.17319421470165253
0.17774295806884766
0.16367630660533905
0.16853702068328857
0.16968075931072235
0.16739383339881897
0.1812150478363037
0.17472393810749054
0.18645013868808746
0.1807776540517807
0.1804315149784088
0.16494396328926086
0.16763736307621002
0.16410505771636963
0.1688784807920456
0.17621466517448425
0.1718658059835434
0.1678115725517273
0.16465842723846436
0.15492747724056244
0.16235791146755219
0.171114981174469
0.16743992269039154
0.15796376764774323
0.18775221705436707
0.16848443448543549
0.1705450564622879
0.17801547050476074
0.15304775536060333
0.15932950377464294
0.1678781658411026
0.15548737347126007
0.16117684543132782
0.1745431274175644
0.16453033685684204
0.17914515733718872
0.17757511138916016
0.16282163560390472
0.1644728034734726
0.1739160120487213
0.1735963076353073
0.17621584236621857
0.17783775925636292
0.15321342647075653
0.1706402599811554
0.16521595418453217
0.17441682517528534
0.15262533724308014
0.16855895519256592
0.1679014414548874
0.14921540021896362
0.15749837458133698
0.1718197613954544
0.1501915454864502
0.15426117181777954
0.166641965508461
0.15869829058647156
0.16327357292175293
0.16143368184566498
0.14749063551425934
0.16197235882282257
0.15303291380405426
0.17006754875183105
0.16690322756767273
0.16146637499332428
0.16237066686153412
0.1593971848487854
0.1752718985080719
0.16312389075756073
0.16036075353622437
0.17080006003379822
0.15516860783100128
0.17019520699977875
0.16130179166793823
0.17154084146022797
0.17079012095928192
0.15898673236370087
0.1711399406194687
0.15205727517604828
0.14798445999622345
0.16783493757247925
0.15766842663288116
0.1521107703447342
0.1861124187707901
0.15198904275894165
0.16603705286979675
0.17111225426197052
0.16306789219379425
0.14901728928089142
0.15784336626529694
0.16427287459373474
0.16458335518836975
0.16397956013679504
0.17872945964336395
0.15365926921367645
0.15691408514976501
0.1751273274421692
0.15368890762329102
0.16363391280174255
0.16441407799720764
0.17240741848945618
0.15904924273490906
0.15310020744800568
0.15560047328472137
0.15521235764026642
0.14617246389389038
0.1519077867269516
0.15918146073818207
0.1630723774433136
0.152533158659935
0.16805382072925568
0.15410281717777252
0.1487014889717102
0.16302074491977692
0.14853209257125854
0.15270325541496277
0.1459008753299713
0.1386650800704956
0.15433895587921143
0.15857143700122833
0.16001032292842865
0.16724906861782074
0.15457358956336975
0.17096571624279022
0.14631979167461395
0.1574024260044098
0.14208242297172546
0.1613720804452896
0.14969930052757263
0.14337323606014252
0.15034626424312592
0.15486197173595428
0.13823089003562927
0.1545095592737198
0.15734176337718964
0.1666487157344818
0.14988504350185394
0.15261830389499664
0.14440126717090607
0.14592017233371735
0.16443148255348206
0.15277092158794403
0.15724830329418182
0.15286992490291595
0.16325806081295013
0.16576386988162994
0.16997668147087097
0.15133585035800934
0.1581009179353714
0.14048974215984344
0.15835751593112946
0.16921547055244446
0.15555047988891602
0.1612716019153595
0.15131323039531708
0.15170630812644958
0.15357139706611633
0.16218753159046173
0.15339155495166779
0.14272275567054749
0.1415306180715561
0.14508570730686188
0.152849480509758
0.15705302357673645
0.15398035943508148
0.158250629901886
0.1671810895204544
0.15476974844932556
0.15988601744174957
0.1617770940065384
0.14445677399635315
0.14403750002384186
0.1571073681116104
0.1405334621667862
0.16365094482898712
0.15195362269878387
0.15747331082820892
0.14887644350528717
0.16100521385669708
0.1476474404335022
0.16272686421871185
0.16170375049114227
0.153634175658226
0.15944571793079376
0.14413714408874512
0.1515238881111145
0.16352365911006927
0.16036833822727203
0.16042855381965637
0.13237057626247406
0.15547844767570496
0.143758624792099
0.15023157000541687
0.13604508340358734
0.16024863719940186
0.1516287624835968
0.15408657491207123
0.15097324550151825
0.1615133434534073
0.15154412388801575
0.1473056823015213
0.14981228113174438
0.1606864482164383
0.14038187265396118
0.1316162794828415
0.15196587145328522
0.15921340882778168
0.15290987491607666
0.16483408212661743
0.16642294824123383
0.15598240494728088
0.15980412065982819
0.16252604126930237
0.14773023128509521
0.14856505393981934
0.14513693749904633
0.1447925865650177
0.13732460141181946
0.1481325924396515
0.15947332978248596
0.1829582154750824
0.1593376249074936
0.1505778580904007
0.1405862718820572
0.143365740776062
0.16028116643428802
0.1370256245136261
0.14923591911792755
0.1571466326713562
0.14711233973503113
0.14480282366275787
0.15386183559894562
0.152933269739151
0.14241193234920502
0.13941657543182373
0.14835301041603088
0.1757998764514923
0.14855439960956573
0.14539912343025208
0.13150638341903687
0.14766408503055573
0.16055545210838318
0.13992094993591309
0.14991551637649536
0.14182081818580627
0.14137986302375793
0.15115678310394287
0.14610005915164948
0.15049730241298676
0.1577591896057129
0.1615651398897171
0.14458556473255157
0.14696475863456726
0.14183729887008667
0.15132921934127808
0.1449752300977707
0.15758733451366425
0.14864957332611084
0.16654977202415466
0.13490082323551178
0.15478837490081787
0.14546839892864227
0.1563279926776886
0.14591661095619202
0.16466209292411804
0.1495436280965805
0.12917587161064148
0.15584079921245575
0.13748802244663239
0.1430014818906784
0.1626051664352417
0.14290040731430054
0.15627533197402954
0.1381857991218567
0.1560596227645874
0.1540459543466568
0.15911196172237396
0.12959341704845428
0.13295091688632965
0.13679717481136322
0.145647794008255
0.14504756033420563
0.1256699413061142
0.15145671367645264
0.15316241979599
0.15136833488941193
0.13472923636436462
0.1626107096672058
0.14644882082939148
0.1486015021800995
0.16311465203762054
0.1477779895067215
0.16082313656806946
0.15937553346157074
0.14285239577293396
0.15880511701107025
0.14554955065250397
0.15512233972549438
0.14829491078853607
0.15976881980895996
0.1498597413301468
0.14519743621349335
0.14685454964637756
0.13990053534507751
0.15998892486095428
0.1497608721256256
0.1444191187620163
0.16450653970241547
0.14650774002075195
0.15543346107006073
0.1537897139787674
0.16483351588249207
0.143141508102417
0.14179080724716187
0.15462324023246765
0.13997535407543182
0.13288597762584686
0.15488682687282562
0.1622944474220276
0.14901717007160187
0.13271881639957428
0.1370825320482254
0.15010669827461243
0.15039512515068054
0.14043021202087402
0.16399063169956207
0.14761824905872345
0.14201359450817108
0.12963509559631348
0.13678286969661713
0.14468276500701904
0.14461825788021088
0.1528419554233551
