0.8270860910415649
0.6027581691741943
0.5191823244094849
0.46239492297172546
0.4421510696411133
0.4132672846317291
0.3965147137641907
0.3837067186832428
0.3951226472854614
0.38778024911880493
0.3725084960460663
0.35650017857551575
0.3488118052482605
0.3457738161087036
0.3417370021343231
0.332150399684906
0.34651365876197815
0.32937854528427124
0.33413469791412354
0.33064892888069153
0.32575297355651855
0.32652702927589417
0.32647570967674255
0.3234761357307434
0.3201692998409271
0.32201340794563293
0.3241610527038574
0.3165037930011749
0.3153143525123596
0.30773720145225525
0.31169357895851135
0.3069964349269867
0.3112611174583435
0.3062395453453064
0.3108856976032257
0.3053930997848511
0.2950376868247986
0.2904278635978699
0.29099327325820923
0.29121172428131104
0.2946423590183258
0.28663724660873413
0.27650928497314453
0.2990418076515198
0.27575233578681946
0.2805703580379486
0.29441094398498535
0.29145291447639465
0.26750239729881287
0.2763743996620178
0.273328572511673
0.2693434953689575
0.27926018834114075
0.2746736705303192
0.2707167863845825
0.2764449119567871
0.26497045159339905
0.268537700176239
0.2648125886917114
0.26897570490837097
0.25687336921691895
0.2674970328807831
0.2618858516216278
0.25202932953834534
0.2606496214866638
0.25471341609954834
0.25631457567214966
0.25926050543785095
0.26429930329322815
0.2586393356323242
0.255562961101532
0.25753623247146606
0.23737722635269165
0.2517065405845642
0.24038437008857727
0.23955044150352478
0.23709924519062042
0.24218426644802094
0.23260095715522766
0.253019779920578
0.23840934038162231
0.26767265796661377
0.24533972144126892
0.2460222840309143
0.23539772629737854
0.24127908051013947
0.24283643066883087
0.2279641479253769
0.22282293438911438
0.2364465594291687
0.23327429592609406
0.2314745932817459
0.23269902169704437
0.2356966733932495
0.21863260865211487
0.2275904268026352
0.22198310494422913
0.22697864472866058
0.21994514763355255
0.22267940640449524
0.2200424075126648
0.2243940383195877
0.22375033795833588
0.228927880525589
0.20525962114334106
0.2174537181854248
0.22753307223320007
0.22247910499572754
0.22516758739948273
0.2074589878320694
0.2031843662261963
0.21167758107185364
0.21377356350421906
0.20660673081874847
0.20032396912574768
0.20199492573738098
0.208903968334198
0.18758845329284668
0.20948882400989532
0.20250792801380157
0.2076389193534851
0.20239003002643585
0.20143388211727142
0.19867625832557678
0.20601950585842133
0.19968587160110474
0.20190900564193726
0.18506282567977905
0.19613099098205566
0.19943232834339142
0.19325125217437744
0.20485064387321472
0.19621047377586365
0.19362783432006836
0.1829470694065094
0.19246359169483185
0.18705235421657562
0.1974906325340271
0.18967218697071075
0.17265775799751282
0.18892350792884827
0.18367594480514526
0.19382385909557343
0.18531015515327454
0.18576985597610474
0.1731550097465515
0.18175572156906128
0.1724085807800293
0.17902344465255737
0.18254192173480988
0.1755368411540985
0.1734165996313095
0.17516149580478668
0.16010327637195587
0.16840164363384247
0.18609850108623505
0.17961500585079193
0.15774498879909515
0.16286629438400269
0.1706499457359314
0.17355233430862427
0.17228294909000397
0.1764013171195984
0.17403176426887512
0.16293467581272125
0.1656743586063385
0.1716594696044922
0.16591012477874756
0.15803074836730957
0.15934312343597412
0.16745907068252563
0.1755678951740265
0.18313319981098175
0.17441797256469727
0.1692928820848465
0.15286172926425934
0.16256171464920044
0.1620745211839676
0.1611936241388321
0.16425950825214386
0.1669778972864151
0.1496076136827469
0.15987351536750793
0.16641393303871155
0.16030916571617126
0.16109329462051392
0.1624881476163864
0.15881192684173584
0.16087482869625092
0.17359359562397003
0.1650325059890747
0.15394753217697144
0.16870801150798798
0.163633331656456
0.1619405746459961
0.16091930866241455
0.1497744917869568
0.16527050733566284
0.1669650673866272
0.1723790168762207
0.15793576836585999
0.16444364190101624
0.16384245455265045
0.1513655185699463
0.15852586925029755
0.1560683250427246
0.16128075122833252
0.16218098998069763
0.15111081302165985
0.1493566930294037
0.15539048612117767
0.15713633596897125
0.16157476603984833
0.15841947495937347
0.15033768117427826
0.1459151953458786
0.1487150639295578
0.1463068723678589
0.157924085855484
0.13809306919574738
0.15530040860176086
0.14655911922454834
0.13560406863689423
0.15405887365341187
0.15454894304275513
0.14275267720222473
0.15526904165744781
0.16572228074073792
0.14645612239837646
0.1504569798707962
0.14158643782138824
0.13641729950904846
0.14156892895698547
0.14891207218170166
0.15567034482955933
0.14350919425487518
0.15120604634284973
0.14235979318618774
0.13165900111198425
0.14373987913131714
0.13696758449077606
0.14635176956653595
0.12817984819412231
0.1462366282939911
0.15474222600460052
0.1327511966228485
0.1464417427778244
0.14331361651420593
0.15180860459804535
0.14987590909004211
0.14621931314468384
0.14622271060943604
0.13917848467826843
0.1388799548149109
0.134540855884552
0.14296312630176544
0.14010374248027802
0.1342996507883072
0.14164605736732483
0.14010438323020935
0.1374887079000473
0.13100989162921906
0.13952669501304626
0.1375841349363327
0.1422622948884964
0.14608828723430634
0.13954147696495056
0.13189224898815155
0.14458894729614258
0.14495718479156494
0.13521835207939148
0.1263267695903778
0.13254761695861816
0.13010913133621216
0.14302513003349304
0.13102051615715027
0.13454028964042664
0.13616088032722473
0.1315925270318985
0.13450944423675537
0.13436388969421387
0.13627909123897552
0.1344323605298996
0.1339503526687622
0.1240292638540268
0.13160836696624756
0.14005178213119507
0.13264434039592743
0.13470186293125153
0.13047567009925842
0.12623393535614014
0.13412176072597504
0.13567383587360382
0.13800202310085297
0.1322428435087204
0.1377081423997879
0.1337721198797226
0.13614624738693237
0.13412213325500488
0.12698623538017273
0.13320326805114746
0.1363435536623001
0.13381555676460266
0.12260065227746964
0.12817394733428955
0.12844550609588623
0.12166056036949158
0.1405186802148819
0.13360457122325897
0.13124696910381317
0.13494737446308136
0.13887758553028107
0.1263609230518341
0.12851066887378693
0.13369742035865784
0.13303284347057343
0.13139697909355164
0.1360933482646942
0.1383979469537735
0.1351945996284485
0.1279226690530777
0.13486126065254211
0.1357371211051941
0.12120146304368973
0.12850984930992126
0.13418948650360107
0.12307678908109665
0.1343705654144287
0.12581641972064972
0.13208286464214325
0.1283661127090454
0.12975190579891205
0.12310463190078735
0.12650008499622345
0.13200029730796814
0.12152920663356781
0.12803219258785248
0.11607035249471664
0.11897264420986176
0.13414978981018066
0.12354160845279694
0.11833881586790085
0.12443073093891144
0.12018165737390518
0.12223023176193237
0.12598296999931335
0.12404285371303558
0.1263541877269745
0.11995453387498856
0.12404020875692368
0.13323409855365753
0.1105043962597847
0.1207914724946022
0.10972540825605392
0.12752006947994232
0.12996119260787964
0.12627080082893372
0.1157308891415596
0.11350136250257492
0.11917417496442795
0.1251935213804245
0.12311500310897827
0.12595263123512268
0.12394478917121887
0.11512960493564606
0.11618570983409882
0.11762205511331558
0.1259792596101761
0.12086932361125946
0.11305328458547592
0.11556518077850342
0.11640547215938568
0.11171700060367584
0.1267622709274292
0.11722361296415329
0.11851287633180618
0.12234882265329361
0.11474904417991638
0.1257498860359192
0.1300019770860672
0.12763381004333496
0.11497428268194199
0.1218145340681076
0.1237490177154541
0.1193893626332283
0.11624231189489365
0.11646497994661331
0.12419723719358444
0.13067510724067688
0.11858856678009033
0.11355607211589813
0.12469009310007095
0.12158480286598206
0.11387230455875397
0.11788906902074814
0.11885835230350494
0.1286703646183014
0.11672066897153854
0.1254197210073471
0.12258189916610718
0.1176663488149643
0.12465441972017288
0.13331882655620575
0.12066948413848877
0.12255378067493439
0.11366453766822815
0.11153988540172577
0.11208870261907578
0.1113123893737793
0.11432168632745743
0.11527767032384872
0.12028209865093231
0.11317555606365204
0.12245413661003113
0.12073415517807007
0.1239718645811081
0.11704100668430328
0.11932307481765747
0.11997225135564804
0.11515338718891144
0.11886455118656158
0.12791071832180023
0.11679761856794357
0.12226124107837677
0.11823701858520508
0.11370504647493362
0.11206836998462677
0.1291593760251999
0.11791069060564041
0.11832323670387268
0.11615312099456787
0.1277964562177658
0.12274757027626038
0.11704541742801666
0.11463706940412521
0.11145209521055222
0.11711378395557404
0.11530443280935287
0.11530591547489166
0.11492718011140823
0.1244257241487503
0.11183204501867294
0.11497068405151367
0.11429587751626968
0.11459871381521225
0.11409972608089447
0.1262735277414322
0.12135442346334457
0.11193188279867172
0.11143708974123001
0.11582370102405548
0.11055340617895126
0.11568115651607513
0.11316026002168655
0.12598136067390442
0.12201796472072601
0.10786978900432587
0.11593074351549149
0.11141987890005112
0.11020276695489883
0.1102738082408905
0.1168178990483284
0.11746329814195633
0.1183655858039856
0.11998245865106583
0.1260128617286682
0.11058248579502106
0.10621054470539093
0.11346171796321869
0.12049131095409393
0.1201300323009491
0.11701561510562897
0.11681719124317169
0.11799829453229904
0.12394015491008759
0.11494359374046326
0.11188788712024689
0.11652123183012009
0.11925411224365234
0.1168225109577179
0.10748696327209473
0.10250259190797806
0.11532526463270187
0.11060215532779694
0.10839223116636276
0.10787490010261536
0.10673888027667999
0.11757883429527283
0.10734426230192184
0.11863654106855392
0.11841027438640594
0.11600624769926071
0.10625114291906357
0.1141916885972023
0.11223269253969193
0.12017331272363663
0.11171680688858032
0.11772886663675308
0.11470796167850494
0.11603976041078568
0.11632957309484482
0.11490533500909805
0.11570016294717789
0.1051565408706665
0.10553961247205734
0.12208940088748932
0.10925218462944031
0.12100900709629059
0.11871013790369034
0.11782525479793549
0.10971986502408981
0.1088043674826622
0.10974621772766113
0.11882515996694565
0.11892072856426239
0.10874240100383759
0.10429321974515915
0.10763756930828094
0.11335728317499161
0.10110874474048615
0.11507497727870941
0.11940661072731018
0.11468765884637833
0.10895005613565445
0.11042584478855133
0.11232699453830719
0.11179355531930923
0.10417680442333221
0.11259360611438751
0.11230172961950302
0.11370837688446045
0.10962037742137909
0.10653030872344971
0.11055240780115128
0.10404162853956223
0.10888490080833435
0.11114226281642914
0.10896763205528259
0.11530204117298126
0.1227230429649353
0.11608682572841644
0.109466053545475
0.11388974636793137
0.11573667079210281
0.11718639731407166
0.10186824947595596
0.11846484988927841
0.11349815130233765
0.10345526784658432
0.10530451685190201
0.10644615441560745
0.10897962749004364
0.10857612639665604
0.11388091742992401
0.10512804985046387
0.11132850497961044
0.11313099414110184
0.1169556975364685
0.10843794792890549
0.11315780133008957
0.11554296314716339
0.10940086841583252
0.11253558099269867
0.1106010153889656
0.1171104684472084
0.1013326644897461
0.102011539041996
0.10381846129894257
0.10710182040929794
0.1081472858786583
0.11729325354099274
0.11399399489164352
0.11274849623441696
0.11142376810312271
0.10312537103891373
0.1122833788394928
0.10810257494449615
0.11671160161495209
0.10989819467067719
0.11655577272176743
0.11481525748968124
0.11499080806970596
0.1143268421292305
0.10512634366750717
0.10889077931642532
0.1021779477596283
0.10731252282857895
0.11262715607881546
0.11084936559200287
0.1081022247672081
0.10987275093793869
0.1129409447312355
0.10914747416973114
0.11342497169971466
0.10255847126245499
0.10503353178501129
0.10907568037509918
0.11323557049036026
0.10269216448068619
0.10802341997623444
0.10803055018186569
