0.7982702255249023
0.6125786900520325
0.5066395998001099
0.48578977584838867
0.43823009729385376
0.4297921359539032
0.40042123198509216
0.38494226336479187
0.39678388833999634
0.3515092432498932
0.3580849766731262
0.3572261333465576
0.34047362208366394
0.3429667055606842
0.3446787893772125
0.34287136793136597
0.33782199025154114
0.32824867963790894
0.333626925945282
0.3246643543243408
0.3208703398704529
0.31668952107429504
0.3361603021621704
0.3152967691421509
0.31087544560432434
0.3146529495716095
0.32368215918540955
0.3098296523094177
0.30304479598999023
0.3082219362258911
0.3158905506134033
0.30451467633247375
0.293146014213562
0.2908506393432617
0.27515169978141785
0.28087955713272095
0.2671867609024048
0.2998269200325012
0.2785246670246124
0.27578505873680115
0.2911439836025238
0.2763442397117615
0.268099308013916
0.27752187848091125
0.2788081765174866
0.28136464953422546
0.2782292366027832
0.26995912194252014
0.2594744861125946
0.2547711730003357
0.25014564394950867
0.25105416774749756
0.2452719807624817
0.24543450772762299
0.2556408643722534
0.2718452215194702
0.26192939281463623
0.259854257106781
0.25656354427337646
0.24842970073223114
0.2542067766189575
0.2594852149486542
0.250539630651474
0.2549116611480713
0.25233593583106995
0.23054184019565582
0.23478767275810242
0.2322634905576706
0.23964154720306396
0.21945421397686005
0.22493883967399597
0.22974839806556702
0.22857411205768585
0.2361001968383789
0.21380172669887543
0.22138245403766632
0.2320345789194107
0.22414042055606842
0.21008193492889404
0.21425317227840424
0.22154207527637482
0.21373791992664337
0.21258383989334106
0.21550214290618896
0.21188057959079742
0.21998511254787445
0.1987053006887436
0.21367652714252472
0.21457767486572266
0.20488406717777252
0.19911514222621918
0.18127059936523438
0.20318448543548584
0.19521857798099518
0.2015591412782669
0.2018248438835144
0.19936628639698029
0.20780502259731293
0.20129185914993286
0.19053731858730316
0.1911575049161911
0.20285436511039734
0.19087128341197968
0.1882425993680954
0.1847749799489975
0.16881923377513885
0.17447271943092346
0.17248526215553284
0.17797796428203583
0.17462842166423798
0.18247868120670319
0.1824244111776352
0.17056486010551453
0.1758650839328766
0.1667565107345581
0.17151321470737457
0.15861758589744568
0.1849985420703888
0.16886812448501587
0.1718806028366089
0.16216333210468292
0.17365679144859314
0.1474459171295166
0.15798917412757874
0.16540148854255676
0.15797550976276398
0.16180551052093506
0.15897060930728912
0.1608094573020935
0.1447523981332779
0.16178573668003082
0.15285280346870422
0.1530202180147171
0.16239874064922333
0.1515461653470993
0.16616475582122803
0.1602197289466858
0.1625402271747589
0.1544233113527298
0.14414969086647034
0.14322233200073242
0.13680881261825562
0.15514159202575684
0.1450577676296234
0.15940013527870178
0.14283935725688934
0.14396193623542786
0.1457233726978302
0.1446843147277832
0.13851779699325562
0.1367010474205017
0.13230882585048676
0.13606344163417816
0.14258433878421783
0.14656634628772736
0.12984876334667206
0.15267859399318695
0.1365852952003479
0.13897131383419037
0.14421981573104858
0.13307404518127441
0.14899350702762604
0.15463176369667053
0.13716694712638855
0.13715025782585144
0.14383047819137573
0.12069758027791977
0.13324442505836487
0.11828060448169708
0.13829000294208527
0.12749724090099335
0.11804059147834778
0.14091280102729797
0.12982051074504852
0.1365351676940918
0.13080881536006927
0.1340007185935974
0.1504693478345871
0.12472125142812729
0.12410790473222733
0.11871577799320221
0.12203948944807053
0.1120344027876854
0.11744192242622375
0.12397931516170502
0.12190359830856323
0.1183314099907875
0.1170007735490799
0.11026378720998764
0.11949130147695541
0.1201220378279686
0.11989016830921173
0.12827450037002563
0.11358954012393951
0.11223993450403214
0.1297309398651123
0.12762761116027832
0.11167854070663452
0.1289912909269333
0.12288473546504974
0.11700010299682617
0.1291959434747696
0.12212173640727997
0.10634516924619675
0.10815328359603882
0.12222231924533844
0.09853902459144592
0.1033334955573082
0.10556074231863022
0.10875779390335083
0.10875016450881958
0.10448389500379562
0.08660177141427994
0.10370174050331116
0.11313019692897797
0.10961444675922394
0.1158175840973854
0.09893161803483963
0.11336883157491684
0.10188271105289459
0.10488594323396683
0.11828215420246124
0.11039309948682785
0.10707257688045502
0.09715934097766876
0.10925555229187012
0.10970096290111542
0.10326536744832993
0.11731506139039993
0.10147026926279068
0.09999208897352219
0.11016034334897995
0.10218068212270737
0.10546549409627914
0.10092710703611374
0.09033054858446121
0.09536049515008926
0.09989652037620544
0.10291852056980133
0.11632418632507324
0.11044908314943314
0.09897471964359283
0.10516063868999481
0.109433613717556
0.11148113757371902
0.11502387374639511
0.09812913835048676
0.10154979676008224
0.1003962978720665
0.0930681824684143
0.09518901258707047
0.10788144171237946
0.1052635908126831
0.09620432555675507
0.1074521467089653
0.09176646173000336
0.09155784547328949
0.09798242151737213
0.09712179005146027
0.10196537524461746
0.0959327220916748
0.09219368547201157
0.08948569744825363
0.0959261953830719
0.1003628820180893
0.08174744993448257
0.09782680869102478
0.09262683242559433
0.08709938079118729
0.0854703038930893
0.0904691219329834
0.09457206726074219
0.08631309121847153
0.09895214438438416
0.10977999120950699
0.08682955801486969
0.0872252807021141
0.09570138156414032
0.09505626559257507
0.09741532802581787
0.08618316054344177
0.08651374280452728
0.09429076313972473
0.09735199809074402
0.08255349099636078
0.08546259254217148
0.08352793753147125
0.09524092078208923
0.09213534742593765
0.07970329374074936
0.08704164624214172
0.08586926013231277
0.10213490575551987
0.09255459904670715
0.09730511903762817
0.08265751600265503
0.08274403214454651
0.08955439925193787
0.08782826364040375
0.08940447866916656
0.10526355355978012
0.09660918265581131
0.0987769067287445
0.09213778376579285
0.08400019258260727
0.08667262643575668
0.09528980404138565
0.0821675956249237
0.07889244705438614
0.08182837069034576
0.08520955592393875
0.09051787853240967
0.08325478434562683
0.08393432945013046
0.09252525120973587
0.08370839804410934
0.0843251645565033
0.09023743867874146
0.09490012377500534
0.08393007516860962
0.08249802887439728
0.08193642646074295
0.08517204970121384
0.08988391607999802
0.07894854992628098
0.09295017272233963
0.07982886582612991
0.09077124297618866
0.07280831784009933
0.08074824512004852
0.0778299868106842
0.08144978433847427
0.07609535753726959
0.07883273810148239
0.07484472543001175
0.08124373853206635
0.07342745363712311
0.0895327553153038
0.0867246463894844
0.0792732983827591
0.07006776332855225
0.07726692408323288
0.07821565121412277
0.07931648939847946
0.07766218483448029
0.07502106577157974
0.0942060649394989
0.08288528770208359
0.07183679938316345
0.08068493008613586
0.07362105697393417
0.08645273745059967
0.07352844625711441
0.07531143724918365
0.08422359824180603
0.08399523794651031
0.07902343571186066
0.07513388991355896
0.07636133581399918
0.07752599567174911
0.07009758055210114
0.08556122332811356
0.081159807741642
0.09795030206441879
0.0860939472913742
0.0705939382314682
0.08805689215660095
0.07335071265697479
0.07459060847759247
0.07428883016109467
0.07493555545806885
0.07167548686265945
0.07380135357379913
0.0724453404545784
0.08152909576892853
0.08082038164138794
0.07896549254655838
0.06664714962244034
0.08886303752660751
0.0713130533695221
0.07789555937051773
0.09269124269485474
0.0787239670753479
0.07464046776294708
0.07521548867225647
0.0767323300242424
0.06894582509994507
0.08472566306591034
0.06685085594654083
0.06945347785949707
0.07454955577850342
0.07921192049980164
0.08450824022293091
0.07863212376832962
0.07732027024030685
0.07072128355503082
0.07693012058734894
0.0775609090924263
0.0806177407503128
0.0787254050374031
0.0679922103881836
0.07559628039598465
0.07399836927652359
0.07773976027965546
0.07284197956323624
0.07067973911762238
0.07825122028589249
0.07554105669260025
0.0747479498386383
0.07806241512298584
0.07467084378004074
0.07230173051357269
0.07197422534227371
0.07078976184129715
0.07149630039930344
0.07645678520202637
0.07435259222984314
0.07301892340183258
0.06674443185329437
0.07012473791837692
0.0801059827208519
0.06917423009872437
0.0785880908370018
0.05722782015800476
0.06910523027181625
0.0857306644320488
0.07689185440540314
0.08029934763908386
0.07000811398029327
0.06635608524084091
0.055795930325984955
0.07759477198123932
0.07247228175401688
0.0786677747964859
0.0778726115822792
0.0808689147233963
0.07922123372554779
0.0779896005988121
0.07678144425153732
0.08894487470388412
0.06640417128801346
0.07102156430482864
0.0694737508893013
0.07097497582435608
0.08210349828004837
0.06726126372814178
0.08252198249101639
0.08270751684904099
0.06594792753458023
0.07035879790782928
0.08115098625421524
0.07060099393129349
0.07401622086763382
0.06698334962129593
0.0703047662973404
0.0648331567645073
0.06310536712408066
0.07498688250780106
0.06861113011837006
0.08334687352180481
0.05616197735071182
0.06900561600923538
0.06649716943502426
0.07875389605760574
0.05841634422540665
0.07100473344326019
0.059321995824575424
0.06961345672607422
0.07409733533859253
0.07444854825735092
0.07661423087120056
0.07462877780199051
0.07236547768115997
0.06297914683818817
0.06504950672388077
0.0729590579867363
0.07616754621267319
0.06870191544294357
0.06621821969747543
0.08081322908401489
0.06922237575054169
0.07043243199586868
0.07347586750984192
0.0600900873541832
0.07191706448793411
0.06999031454324722
0.07449044287204742
0.07235284894704819
0.07949509471654892
0.0635591521859169
0.06300701946020126
0.071185402572155
0.06736040860414505
0.07861661165952682
0.0622408390045166
0.07099560648202896
0.06327734887599945
0.06928665190935135
0.09303496778011322
0.07717563211917877
0.07012578099966049
0.07042807340621948
0.07635452598333359
0.06645750254392624
0.059854838997125626
0.06983072310686111
0.07133857160806656
0.05935889482498169
0.06687289476394653
0.0777350664138794
0.0748634859919548
0.06898494064807892
0.06480521708726883
0.07408151775598526
0.06109223514795303
0.07320478558540344
0.07879572361707687
0.07788803428411484
0.0629991665482521
0.07781962305307388
0.0676194354891777
0.08032657206058502
0.061219289898872375
0.0672130137681961
0.0635550320148468
0.05918538570404053
0.0591060072183609
0.06793148070573807
0.062050268054008484
0.06664115190505981
0.05510316044092178
0.06974960118532181
0.0646657943725586
0.06770527362823486
0.06405656784772873
0.06435859948396683
0.07807886600494385
0.06320753693580627
0.07132314145565033
0.06171355023980141
0.07288699597120285
0.07192201167345047
0.06264550983905792
0.07633568346500397
0.06686288118362427
0.057701852172613144
0.06837508082389832
0.057134758681058884
0.06807830184698105
0.07837794721126556
0.07077912986278534
0.0612574964761734
0.06672769784927368
0.07165846228599548
0.07340499758720398
0.061322785913944244
0.07265083491802216
0.056980960071086884
0.07533932477235794
0.06372515112161636
0.0718686506152153
0.06811787933111191
0.06856217235326767
0.06349268555641174
0.06030205637216568
0.06187030300498009
0.06781566143035889
0.06095048412680626
0.07036411762237549
0.07147499918937683
0.06367012113332748
0.07746971398591995
0.06782673299312592
0.06226950138807297
0.06162198260426521
0.0709248036146164
0.0695057362318039
0.06478167325258255
0.08235453069210052
0.06200263276696205
0.060008253902196884
0.06734857708215714
0.06466204673051834
0.08155708760023117
0.06858864426612854
0.06359882652759552
0.07152999192476273
0.06920047104358673
0.06824710965156555
0.07252326607704163
0.05760322883725166
0.06390386819839478
0.0635979101061821
0.0777483806014061
0.0644284263253212
0.07169537246227264
0.06599515676498413
0.0607270747423172
0.07392071932554245
0.058070678263902664
0.060757115483284
