0.7623716592788696
0.6478773355484009
0.5955787301063538
0.5510180592536926
0.5203478336334229
0.5117089152336121
0.49942106008529663
0.44371297955513
0.47174233198165894
0.48649340867996216
0.4535559415817261
0.4459500312805176
0.4113081097602844
0.4233826696872711
0.4289608895778656
0.4379560649394989
0.4418502748012543
0.4177624583244324
0.4301431179046631
0.4103047847747803
0.3867465555667877
0.38899287581443787
0.3781648576259613
0.4002251625061035
0.3792676627635956
0.3861536383628845
0.38900691270828247
0.38944265246391296
0.3660413920879364
0.38208645582199097
0.3690072298049927
0.38129478693008423
0.3649277985095978
0.34693610668182373
0.3573201596736908
0.3601977825164795
0.3492415249347687
0.3509242832660675
0.352618932723999
0.3649575412273407
0.3578563332557678
0.3655890226364136
0.3391275405883789
0.3416934907436371
0.34599271416664124
0.3497685194015503
0.34395453333854675
0.340683251619339
0.3333468735218048
0.34285539388656616
0.33654505014419556
0.3335895836353302
0.34597456455230713
0.3247281014919281
0.32958436012268066
0.3564571142196655
0.32519009709358215
0.33420172333717346
0.3230200409889221
0.32517921924591064
0.3260447084903717
0.3213249444961548
0.30278536677360535
0.312581866979599
0.32421737909317017
0.3078268766403198
0.32700371742248535
0.30638858675956726
0.29516807198524475
0.31724461913108826
0.3070830702781677
0.3011775612831116
0.27957066893577576
0.3144749701023102
0.297560453414917
0.3019157350063324
0.29685208201408386
0.29991456866264343
0.2949080765247345
0.28991055488586426
0.289329469203949
0.2892223000526428
0.28848281502723694
0.29043734073638916
0.2934597134590149
0.29130443930625916
0.2958460748195648
0.2755741477012634
0.2776834964752197
0.27125659584999084
0.2914542555809021
0.2892451882362366
0.2848701775074005
0.2779470682144165
0.26408544182777405
0.2722631096839905
0.28480958938598633
0.2806963622570038
0.2645858824253082
0.26375916600227356
0.26345589756965637
0.25641441345214844
0.2657805383205414
0.2623111307621002
0.26917657256126404
0.25423139333724976
0.2624397277832031
0.26613935828208923
0.2666624188423157
0.263030469417572
0.26485058665275574
0.2663368880748749
0.27016913890838623
0.2657838761806488
0.2531270980834961
0.25133800506591797
0.2471199333667755
0.24918553233146667
0.2523345947265625
0.2718929648399353
0.25616025924682617
0.2648332417011261
0.2595166563987732
0.2443428337574005
0.26232752203941345
0.25595253705978394
0.24967573583126068
0.2574508488178253
0.24269063770771027
0.2474602460861206
0.23898032307624817
0.2493145614862442
0.24233362078666687
0.2595972418785095
0.24526917934417725
0.2376817911863327
0.23633067309856415
0.23012010753154755
0.2421761453151703
0.24751222133636475
0.24124984443187714
0.22908899188041687
0.24339161813259125
0.24668292701244354
0.21294623613357544
0.2454695701599121
0.25573551654815674
0.24290134012699127
0.23921582102775574
0.2601105272769928
0.23731499910354614
0.2403309941291809
0.23222166299819946
0.24309048056602478
0.2330113649368286
0.22360800206661224
0.23841138184070587
0.24228236079216003
0.22380584478378296
0.21838326752185822
0.22594590485095978
0.25140973925590515
0.2389620691537857
0.23245911300182343
0.2468944787979126
0.22887159883975983
0.22137291729450226
0.23814579844474792
0.22681546211242676
0.22259224951267242
0.22581201791763306
0.24448537826538086
0.22928355634212494
0.21351288259029388
0.24569863080978394
0.22354920208454132
0.23153015971183777
0.23457153141498566
0.22793538868427277
0.21858006715774536
0.22384847700595856
0.22214844822883606
0.23577021062374115
0.23646241426467896
0.23615597188472748
0.2319166660308838
0.231495201587677
0.23336189985275269
0.21472394466400146
0.21575501561164856
0.24198757112026215
0.2202785611152649
0.24073420464992523
0.21868352591991425
0.20634528994560242
0.21869228780269623
0.22319254279136658
0.22761280834674835
0.2340852916240692
0.22599200904369354
0.21606597304344177
0.21507766842842102
0.21639858186244965
0.22229324281215668
0.21621277928352356
0.21533934772014618
0.22034119069576263
0.21604840457439423
0.21887575089931488
0.21936988830566406
0.2236400842666626
0.21720458567142487
0.2193114310503006
0.2202211618423462
0.21260672807693481
0.2056882083415985
0.20635199546813965
0.20366889238357544
0.2179628610610962
0.22197920083999634
0.21791531145572662
0.20782142877578735
0.212783083319664
0.2118552178144455
0.2213483452796936
0.21084725856781006
0.20604589581489563
0.23516158759593964
0.21659836173057556
0.21045592427253723
0.19941316545009613
0.21077889204025269
0.20800700783729553
0.21459294855594635
0.2098667025566101
0.20794251561164856
0.20485754311084747
0.1941211074590683
0.20176658034324646
0.2036765217781067
0.22088128328323364
0.2040386199951172
0.20835301280021667
0.20556360483169556
0.19664731621742249
0.21411624550819397
0.2139563411474228
0.20146669447422028
0.2164871096611023
0.206556037068367
0.20906506478786469
0.20478002727031708
0.20882472395896912
0.21142226457595825
0.20444045960903168
0.20217759907245636
0.19234369695186615
0.2000167965888977
0.21655628085136414
0.21642418205738068
0.20749512314796448
0.2075451761484146
0.214041069149971
0.2037915587425232
0.207576721906662
0.23560169339179993
0.2071589231491089
0.2180728167295456
0.2129875272512436
0.21553151309490204
0.2170124500989914
0.2040463536977768
0.20179548859596252
0.20807459950447083
0.20221123099327087
0.20943807065486908
0.21225793659687042
0.19511285424232483
0.21388979256153107
0.2125842422246933
0.1982736438512802
0.19673225283622742
0.2105880230665207
0.2040058970451355
0.19686372578144073
0.1979995220899582
0.19661860167980194
0.18893106281757355
0.19903244078159332
0.20604045689105988
0.20947809517383575
0.18672096729278564
0.1872560977935791
0.18915221095085144
0.1998794674873352
0.19804605841636658
0.18837060034275055
0.21556590497493744
0.20978766679763794
0.19742757081985474
0.2031346708536148
0.19976404309272766
0.1934727132320404
0.20692811906337738
0.19440673291683197
0.20166108012199402
0.1903608739376068
0.19913679361343384
0.19900083541870117
0.20693957805633545
0.21253539621829987
0.20146851241588593
0.1892128884792328
0.21271082758903503
0.1891394555568695
0.19709298014640808
0.1892484426498413
0.2050822377204895
0.2119673788547516
0.19329498708248138
0.1836133748292923
0.19791828095912933
0.19341866672039032
0.20418903231620789
0.19213435053825378
0.21377679705619812
0.19474026560783386
0.20709244906902313
0.20298177003860474
0.2079681158065796
0.18027135729789734
0.20146119594573975
0.1948668360710144
0.2081516534090042
0.2008192539215088
0.18826620280742645
0.18326997756958008
0.18973761796951294
0.1995152086019516
0.2067340612411499
0.2043062448501587
0.20547813177108765
0.18324658274650574
0.19804620742797852
0.19811832904815674
0.19024410843849182
0.20734965801239014
0.19895751774311066
0.19466805458068848
0.18410681188106537
0.1929555982351303
0.20121848583221436
0.1894606649875641
0.1860828399658203
0.1939140111207962
0.1860886514186859
0.16781467199325562
0.18332518637180328
0.19559267163276672
0.2004895806312561
0.1900370568037033
0.19132216274738312
0.2040203958749771
0.18682341277599335
0.18910671770572662
0.19327399134635925
0.18838340044021606
0.19422303140163422
0.20617279410362244
0.1911686509847641
0.19919268786907196
0.18788768351078033
0.18136410415172577
0.1919819712638855
0.20010559260845184
0.1978071630001068
0.19037161767482758
0.19030500948429108
0.19677476584911346
0.19951988756656647
0.20134276151657104
0.21603678166866302
0.1965780109167099
0.1797914057970047
0.19358594715595245
0.1914936602115631
0.1977321058511734
0.18650873005390167
0.1866168975830078
0.19431598484516144
0.18721546232700348
0.18115483224391937
0.18610243499279022
0.20714274048805237
0.18074451386928558
0.19458994269371033
0.1874605268239975
0.19273808598518372
0.18701186776161194
0.20578525960445404
0.18476301431655884
0.1874508261680603
0.18215234577655792
0.20818516612052917
0.18701069056987762
0.19138877093791962
0.2009872943162918
0.20093779265880585
0.1880958527326584
0.19126302003860474
0.19837504625320435
0.20378954708576202
0.17706298828125
0.19080640375614166
0.18956144154071808
0.19851499795913696
0.17826628684997559
0.1955428123474121
0.17597633600234985
0.20053407549858093
0.20083574950695038
0.19801242649555206
0.18596093356609344
0.19487768411636353
0.19736729562282562
0.18365134298801422
0.19590222835540771
0.17943379282951355
0.19124537706375122
0.18267004191875458
0.19906799495220184
0.18607957661151886
0.18562307953834534
0.18264421820640564
0.1939438134431839
0.1738964319229126
0.19565898180007935
0.1857728213071823
0.20444923639297485
0.18458876013755798
0.1822684109210968
0.1715179830789566
0.17917919158935547
0.19401922821998596
0.18320238590240479
0.19954222440719604
0.19504587352275848
0.19694113731384277
0.18178337812423706
0.18202948570251465
0.17865090072155
0.1853090524673462
0.18462663888931274
0.18352223932743073
0.20290809869766235
0.21525834500789642
0.18179044127464294
0.20364518463611603
0.18466053903102875
0.17820942401885986
0.18919157981872559
0.1805981993675232
0.18635959923267365
0.1856599748134613
0.20789995789527893
0.17655402421951294
0.1756318062543869
0.19608622789382935
0.17210426926612854
0.1891949325799942
0.18214742839336395
0.17505188286304474
0.19961141049861908
0.17943577468395233
0.1955619901418686
0.17735953629016876
0.18395201861858368
0.18420492112636566
0.18609821796417236
0.2032860666513443
0.18751558661460876
0.201874777674675
0.17936386168003082
0.18309247493743896
0.1789563000202179
0.19806192815303802
0.17809921503067017
0.19185255467891693
0.1721690446138382
0.20334026217460632
0.18332497775554657
0.19348667562007904
0.190713569521904
0.19511012732982635
0.19539190828800201
0.1764780879020691
0.1943240612745285
0.16546869277954102
0.1844986230134964
0.18647396564483643
0.19795970618724823
0.20000042021274567
0.18509268760681152
0.193760946393013
0.18524686992168427
0.17667275667190552
0.1869095116853714
0.1942722648382187
0.18435987830162048
0.1851402372121811
0.17549589276313782
0.19993096590042114
0.19071437418460846
0.19051431119441986
0.18046116828918457
0.17968563735485077
0.19627560675144196
0.18228566646575928
0.18195362389087677
0.18437229096889496
0.1805676817893982
0.18261989951133728
0.19497190415859222
0.18199989199638367
0.19728422164916992
0.19565552473068237
0.18985475599765778
0.17374396324157715
0.18243183195590973
0.18002723157405853
0.19585661590099335
0.17729364335536957
0.1789322942495346
0.18465818464756012
0.18025577068328857
0.17752541601657867
0.16589975357055664
0.18470603227615356
0.18151815235614777
0.1776869297027588
0.18816359341144562
0.1820950210094452
0.18128547072410583
0.18060879409313202
0.18474678695201874
0.18536709249019623
0.17888441681861877
0.1797908991575241
0.1877550333738327
0.16899558901786804
0.1823735237121582
0.17478874325752258
0.17722053825855255
0.18446564674377441
0.18704788386821747
0.18511776626110077
0.19483965635299683
0.17796915769577026
0.17243097722530365
0.1864212304353714
0.1822737753391266
0.18860360980033875
0.19239568710327148
0.17417164146900177
0.1665203720331192
0.1842382699251175
0.18530721962451935
0.20390795171260834
0.1853860467672348
0.1830105036497116
0.18739481270313263
0.17447783052921295
0.18276387453079224
0.17262119054794312
0.18164986371994019
0.1894761174917221
0.19601544737815857
0.17133097350597382
0.17566782236099243
0.19809110462665558
0.18270638585090637
0.19026032090187073
0.18024399876594543
0.19051474332809448
0.1740586906671524
0.17907674610614777
0.16581307351589203
0.19704662263393402
0.1869964301586151
0.18737971782684326
0.18063884973526
0.1803518682718277
0.1804748773574829
0.18780484795570374
0.18331237137317657
0.18030096590518951
0.18481096625328064
0.176497682929039
0.17416997253894806
0.19037607312202454
0.19047650694847107
0.185310959815979
