0.8457058072090149
0.823922336101532
0.7844775319099426
0.7621925473213196
0.7436239719390869
0.7231824398040771
0.7057008743286133
0.7007953524589539
0.6840204000473022
0.6655323505401611
0.6695215106010437
0.6486377716064453
0.6469159126281738
0.6282375454902649
0.6286624670028687
0.6067590713500977
0.5946593284606934
0.5900231599807739
0.5767795443534851
0.572372555732727
0.5600833296775818
0.5626844167709351
0.5340473651885986
0.5430048704147339
0.5130545496940613
0.5202541947364807
0.5075847506523132
0.503175675868988
0.500564694404602
0.480450838804245
0.47929903864860535
0.4773736298084259
0.4787676930427551
0.4527311623096466
0.4660627543926239
0.4647732675075531
0.4451649487018585
0.44765323400497437
0.44263342022895813
0.45282962918281555
0.44817686080932617
0.44650906324386597
0.43952926993370056
0.42694059014320374
0.4304303824901581
0.4245823323726654
0.4379061460494995
0.40939441323280334
0.41542181372642517
0.4429929256439209
0.42689451575279236
0.4049592912197113
0.4055037796497345
0.43492448329925537
0.41983774304389954
0.42456918954849243
0.4171304702758789
0.43036454916000366
0.3922291696071625
0.4152102470397949
0.3924602270126343
0.3911532461643219
0.4100912809371948
0.4007453918457031
0.3940165936946869
0.4158596694469452
0.38960137963294983
0.38159888982772827
0.40098053216934204
0.386022686958313
0.39354878664016724
0.3977493941783905
0.39084771275520325
0.40154829621315
0.3929101526737213
0.3990790843963623
0.39333418011665344
0.37788689136505127
0.3931008577346802
0.39722996950149536
0.38399264216423035
0.38698166608810425
0.373489648103714
0.39428138732910156
0.38363417983055115
0.3895937204360962
0.3873905837535858
0.3668796718120575
0.39943546056747437
0.36830124258995056
0.38191142678260803
0.38254135847091675
0.374508798122406
0.3935890197753906
0.383758544921875
0.36342963576316833
0.3684115409851074
0.37178710103034973
0.3723146319389343
0.36867937445640564
0.37912485003471375
0.38148996233940125
0.36942362785339355
0.3758780360221863
0.3769315779209137
0.3887178897857666
0.38189244270324707
0.3811865448951721
0.3563286066055298
0.3836720287799835
0.3678821623325348
0.3750819265842438
0.3790814280509949
0.36060628294944763
0.3656672537326813
0.37194880843162537
0.36403051018714905
0.3621496558189392
0.3890937566757202
0.366587370634079
0.36633747816085815
0.36364099383354187
0.3501627445220947
0.36787325143814087
0.34680885076522827
0.36793744564056396
0.3487499952316284
0.3613582253456116
0.3452375829219818
0.36264768242836
0.3610612452030182
0.36985456943511963
0.3543243408203125
0.36131319403648376
0.35107550024986267
0.37579861283302307
0.3674595057964325
0.3663288354873657
0.3692067265510559
0.3691870868206024
0.3675481081008911
0.3694166839122772
0.3565065860748291
0.3635220527648926
0.358801007270813
0.36872223019599915
0.3567829132080078
0.36432361602783203
0.34775784611701965
0.34514203667640686
0.35862573981285095
0.3530445396900177
0.35838598012924194
0.3357502818107605
0.36033836007118225
0.3507126569747925
0.34833791851997375
0.3487445116043091
0.3422403931617737
0.35596585273742676
0.34661781787872314
0.35498467087745667
0.3531142473220825
0.3457387387752533
0.3595243990421295
0.3564392924308777
0.337341845035553
0.36612123250961304
0.3514339029788971
0.3613719344139099
0.3656711280345917
0.3477392792701721
0.34226784110069275
0.35376599431037903
0.3427777886390686
0.34799450635910034
0.35524746775627136
0.34834328293800354
0.36997440457344055
0.337776243686676
0.35861125588417053
0.3599991500377655
0.35114046931266785
0.3618622124195099
0.34449711441993713
0.34088000655174255
0.3555733859539032
0.34431564807891846
0.33416134119033813
0.3418792486190796
0.34776002168655396
0.3360322415828705
0.35328182578086853
0.3487919867038727
0.34664860367774963
0.3665657341480255
0.3447791337966919
0.3492165803909302
0.3446761667728424
0.33440303802490234
0.3513931930065155
0.33575743436813354
0.33276084065437317
0.3551673889160156
0.3360370993614197
0.33895426988601685
0.3543093800544739
0.3541503846645355
0.36493977904319763
0.3563958406448364
0.35099339485168457
0.3353930711746216
0.3442680239677429
0.3454388678073883
0.3312574326992035
0.35132357478141785
0.34390053153038025
0.3307594954967499
0.3346567451953888
0.3535001873970032
0.3409094512462616
0.36459049582481384
0.3468081057071686
0.3432745635509491
0.335286408662796
0.3379214406013489
0.3477131724357605
0.34304291009902954
0.3298227787017822
0.3495076596736908
0.34063467383384705
0.33551400899887085
0.3631381690502167
0.3251606822013855
0.35642752051353455
0.3276231288909912
0.3411634564399719
0.3356363773345947
0.34072908759117126
0.3499336540699005
0.3244803547859192
0.3393931984901428
0.3543294370174408
0.347457617521286
0.337316632270813
0.3462280333042145
0.3364401161670685
0.32886171340942383
0.34882476925849915
0.33402571082115173
0.334537535905838
0.3326764702796936
0.3337240517139435
0.3425898253917694
0.3254261314868927
0.3365301489830017
0.3330684006214142
0.332029789686203
0.3414698541164398
0.33470213413238525
0.3221166133880615
0.3376290500164032
0.33336666226387024
0.32827648520469666
0.3258990943431854
0.3406907916069031
0.32685884833335876
0.33516794443130493
0.3297284245491028
0.33291277289390564
0.3342131972312927
0.323120653629303
0.33895206451416016
0.33582785725593567
0.3244194984436035
0.34606751799583435
0.33439159393310547
0.34926193952560425
0.34698593616485596
0.3347969353199005
0.34805408120155334
0.34043240547180176
0.31703177094459534
0.3241957724094391
0.33425331115722656
0.332845538854599
0.33782708644866943
0.3375612199306488
0.336810439825058
0.34088361263275146
0.33383479714393616
0.3359243869781494
0.32897743582725525
0.32293424010276794
0.3340894281864166
0.3449871838092804
0.32590749859809875
0.3389667868614197
0.33186301589012146
0.34970346093177795
0.3437548577785492
0.3390226364135742
0.33510375022888184
0.340962678194046
0.33496809005737305
0.34005284309387207
0.32803067564964294
0.3322273790836334
0.3299253582954407
0.3276837170124054
0.33755746483802795
0.3409580588340759
0.3230830729007721
0.33100417256355286
0.3374072015285492
0.3428305685520172
0.3367030918598175
0.33089083433151245
0.33153676986694336
0.33465075492858887
0.315522164106369
0.32793837785720825
0.33688491582870483
0.33511924743652344
0.3232065737247467
0.3303872346878052
0.31939128041267395
0.3177797496318817
0.32739755511283875
0.3154763877391815
0.312007874250412
0.3438851535320282
0.350071519613266
0.3104398548603058
0.32361868023872375
0.32540789246559143
0.31715962290763855
0.3259657621383667
0.3240075707435608
0.3345739543437958
0.32531362771987915
0.31821903586387634
0.3169249892234802
0.32819464802742004
0.32741236686706543
0.3196313679218292
0.322536438703537
0.322765052318573
0.33998769521713257
0.3319922387599945
0.3327611982822418
0.31659364700317383
0.32442790269851685
0.3321247696876526
0.3184434473514557
0.33321237564086914
0.3324050307273865
0.3453987240791321
0.3185318112373352
0.3278079032897949
0.32389378547668457
0.3332401514053345
0.30914032459259033
0.329995721578598
0.319953978061676
0.33089494705200195
0.32298150658607483
0.32341304421424866
0.33671411871910095
0.3394699692726135
0.34412986040115356
0.31022149324417114
0.31116291880607605
0.3310801386833191
0.32998159527778625
0.32880300283432007
0.304749995470047
0.32736635208129883
0.3283882439136505
0.33278924226760864
0.3257329761981964
0.32052910327911377
0.34206312894821167
0.30976974964141846
0.3473699986934662
0.3185328543186188
0.31256288290023804
0.327269971370697
0.3206288814544678
0.3140619993209839
0.3106064796447754
0.3112149238586426
0.32423749566078186
0.34016290307044983
0.31865575909614563
0.3056703209877014
0.319322794675827
0.3202587366104126
0.3129235506057739
0.3198174834251404
0.3136419355869293
0.3214625120162964
0.3170529901981354
0.33240869641304016
0.32295286655426025
0.31808120012283325
0.32989978790283203
0.32168176770210266
0.3269559442996979
0.3090187609195709
0.30900728702545166
0.3079261779785156
0.3151063024997711
0.3151676654815674
0.31342434883117676
0.32427623867988586
0.3103305399417877
0.32863497734069824
0.32490769028663635
0.3163653612136841
0.31572583317756653
0.32004880905151367
0.3119121789932251
0.30143123865127563
0.32010912895202637
0.3075517416000366
0.32565802335739136
0.314632773399353
0.32080963253974915
0.3253781199455261
0.31711146235466003
0.2988433837890625
0.3139254152774811
0.298697292804718
0.3179705739021301
0.3114573061466217
0.3151243031024933
0.31191399693489075
0.3218057155609131
0.3131815493106842
0.33367326855659485
0.32864314317703247
0.3138278126716614
0.3296695053577423
0.32240474224090576
0.31371009349823
0.3115672469139099
0.30145353078842163
0.31771665811538696
0.30956754088401794
0.3149186968803406
0.31145843863487244
0.3177720904350281
0.28550225496292114
0.3004167377948761
0.3197154700756073
0.31920117139816284
0.29967987537384033
0.32447534799575806
0.32334375381469727
0.3153814971446991
0.31748253107070923
0.2978120744228363
0.3237665593624115
0.3047977685928345
0.33104828000068665
0.31443995237350464
0.31773436069488525
0.3345641493797302
0.3312632441520691
0.308491975069046
0.3013162910938263
0.3123440742492676
0.3241630494594574
0.32331040501594543
0.3218792974948883
0.3278757631778717
0.3228292465209961
0.3173370957374573
0.31070151925086975
0.30834120512008667
0.3150475323200226
0.31796693801879883
0.31622081995010376
0.3234977722167969
0.3150627017021179
0.3001069724559784
0.32330653071403503
0.3235040307044983
0.292568176984787
0.3161751329898834
0.3307455778121948
0.30573412775993347
0.3234926164150238
0.31046655774116516
0.31296172738075256
0.297603964805603
0.3123345673084259
0.31590980291366577
0.3160039484500885
0.31198611855506897
0.3020501434803009
0.3158714771270752
0.3170890510082245
0.30830344557762146
0.3080598711967468
0.31282755732536316
0.3019246459007263
0.3186148405075073
0.3065565228462219
0.3258240520954132
0.3135378658771515
0.3102932870388031
0.29731014370918274
0.31283026933670044
0.3188641369342804
0.3230980336666107
0.3124808669090271
0.30352723598480225
0.3062167167663574
0.30500632524490356
0.3063688576221466
0.2935669720172882
0.3210374116897583
0.30091166496276855
0.3018326461315155
0.3156510293483734
0.3163018822669983
0.30864325165748596
0.29976749420166016
0.3192414939403534
0.31354039907455444
0.31404656171798706
0.3083071708679199
0.31086185574531555
0.2988946735858917
0.3111208975315094
0.3215979039669037
0.30605772137641907
0.31366628408432007
0.32481250166893005
0.3126615881919861
0.30784353613853455
0.3104531168937683
0.2896896004676819
0.30885472893714905
0.32387325167655945
0.3212559223175049
0.300747811794281
0.3178446590900421
0.30144888162612915
0.30815425515174866
0.30316320061683655
0.30583104491233826
0.31239885091781616
0.3053932785987854
0.3079906105995178
0.29391947388648987
0.3018752336502075
0.3164690136909485
0.3175797760486603
0.3139822781085968
0.31560978293418884
0.3086189925670624
0.32067185640335083
0.3138855993747711
0.32110461592674255
0.2951602339744568
0.3017517626285553
0.32036256790161133
0.3148355484008789
0.3144625723361969
0.30139002203941345
0.3238554298877716
0.2983859181404114
0.31006911396980286
0.29959815740585327
0.3142709732055664
0.3157450556755066
0.29710209369659424
0.3115427494049072
0.3083777129650116
0.32780998945236206
0.30672988295555115
0.30345532298088074
0.30300450325012207
0.3113149106502533
0.2744044363498688
0.3101998269557953
0.31111010909080505
0.3031298816204071
0.3014630377292633
0.31497082114219666
0.3087330162525177
0.3052939176559448
0.30708155035972595
0.30842480063438416
0.31993070244789124
0.30349937081336975
0.3146521747112274
0.2970087230205536
0.30748218297958374
0.30157265067100525
0.31171271204948425
0.3262452185153961
0.29649874567985535
0.3063250184059143
0.31784725189208984
0.3098517060279846
0.308294415473938
0.3101533353328705
0.3088464140892029
0.3114641308784485
0.31059056520462036
0.30821841955184937
0.30867892503738403
0.30624449253082275
0.31304359436035156
0.32352373003959656
0.31073543429374695
0.3114481270313263
0.30905860662460327
0.31371092796325684
0.3136903643608093
0.3029971718788147
0.3263338506221771
0.3194129168987274
0.3358766436576843
0.3115870952606201
0.31883832812309265
0.31283634901046753
0.30249863862991333
0.30297067761421204
0.30194127559661865
0.30332106351852417
0.2842824459075928
0.3159736394882202
0.3181631863117218
0.30905815958976746
0.3078204095363617
0.2971067428588867
0.29391127824783325
0.2997376322746277
0.3219364583492279
0.2989083230495453
0.3103497624397278
0.30300551652908325
0.3038746118545532
0.3167889416217804
0.31053221225738525
0.3198409080505371
0.29900500178337097
0.291902095079422
0.3179319500923157
0.3190552890300751
0.31354695558547974
0.29800382256507874
0.32715657353401184
0.3102964460849762
0.298318088054657
0.3170227110385895
0.3104550540447235
0.2935672700405121
0.3055498003959656
0.2944842278957367
0.29676976799964905
0.3121224343776703
0.3153071999549866
0.30959808826446533
0.31558844447135925
0.30828356742858887
0.3260062038898468
0.30397239327430725
0.3220541477203369
0.3074876070022583
0.29354870319366455
0.31875744462013245
0.30182841420173645
0.30822744965553284
0.2959735095500946
0.31814756989479065
0.29690250754356384
0.301124632358551
0.3067609667778015
0.3122164011001587
0.3135227560997009
0.2997342050075531
0.3136158883571625
0.30165037512779236
0.3074667155742645
0.30616700649261475
0.3186620771884918
0.30472689867019653
0.2976189851760864
0.3144902288913727
0.32355037331581116
0.3213440477848053
0.30456337332725525
0.2969287037849426
0.3092886805534363
0.3000403642654419
0.31125158071517944
0.29766368865966797
0.3083135187625885
0.3054284155368805
0.30489832162857056
0.31667858362197876
0.3223220407962799
0.3149958848953247
0.32738354802131653
0.31716349720954895
0.3167850077152252
0.2966218888759613
0.3052517771720886
0.30897411704063416
0.31141653656959534
0.31021836400032043
0.30446362495422363
0.29933154582977295
0.3087000250816345
0.3118904232978821
0.32363149523735046
0.3135405480861664
0.29623231291770935
0.3036428391933441
0.3030027151107788
0.307034969329834
0.30180540680885315
0.3063385486602783
0.30873075127601624
0.300819456577301
0.2894023060798645
0.31241801381111145
0.32002946734428406
0.3022632896900177
0.31069427728652954
0.31112632155418396
0.3071730136871338
0.3000732660293579
0.29411691427230835
0.29444563388824463
0.3015727996826172
0.3057222366333008
0.30334988236427307
0.3026251494884491
0.29621681571006775
0.3053649365901947
0.308836430311203
0.2965887784957886
0.3005017638206482
0.32072126865386963
0.29610389471054077
0.3090514838695526
0.30574941635131836
0.3230941593647003
0.3000672459602356
0.3101300299167633
0.31766730546951294
0.2959427535533905
0.3095945715904236
0.29879745841026306
0.3221283257007599
0.3057810366153717
0.28938427567481995
0.30503806471824646
0.3017721474170685
0.2994323968887329
0.28407272696495056
0.3134167492389679
0.30577611923217773
0.29329612851142883
0.30661287903785706
0.296123743057251
0.3097960948944092
0.3251987099647522
0.3257060647010803
0.3036195933818817
0.30218562483787537
0.3013346493244171
0.31604093313217163
0.3225236237049103
0.3181174695491791
0.301456481218338
0.31108391284942627
0.2960745096206665
