0.7768814563751221
0.7316733598709106
0.70192950963974
0.6805790066719055
0.6878963708877563
0.6732513904571533
0.671004593372345
0.6639348864555359
0.6434343457221985
0.6414231061935425
0.6272522211074829
0.6032828688621521
0.594784677028656
0.5780316591262817
0.5601741671562195
0.5676186084747314
0.5256808996200562
0.5305548906326294
0.5183761119842529
0.5123465657234192
0.5022620558738708
0.5127573013305664
0.48633044958114624
0.48209649324417114
0.4693530797958374
0.4744137227535248
0.43214625120162964
0.44756048917770386
0.4317719638347626
0.4478760361671448
0.4396362900733948
0.4262787401676178
0.43023306131362915
0.42600908875465393
0.3898886442184448
0.4142220616340637
0.41809162497520447
0.3968075215816498
0.3993373513221741
0.41622406244277954
0.4209872782230377
0.39922577142715454
0.3799630403518677
0.42056116461753845
0.37686610221862793
0.3973032534122467
0.37903228402137756
0.40743690729141235
0.37685373425483704
0.37425026297569275
0.3671833872795105
0.3775148391723633
0.3658287227153778
0.36809664964675903
0.38341018557548523
0.3603568971157074
0.3611588180065155
0.35453447699546814
0.3663806617259979
0.37222468852996826
0.3435066342353821
0.34722739458084106
0.3595113456249237
0.35518360137939453
0.3479028642177582
0.3511991500854492
0.3445431888103485
0.35055243968963623
0.3313558101654053
0.32906606793403625
0.3626473546028137
0.34078672528266907
0.3495346009731293
0.3375928997993469
0.3297119736671448
0.35016483068466187
0.32992443442344666
0.33255985379219055
0.32709601521492004
0.34804680943489075
0.3528376817703247
0.3187970519065857
0.31836962699890137
0.333830326795578
0.3278007209300995
0.3334076404571533
0.32009240984916687
0.32402166724205017
0.3319522440433502
0.33971208333969116
0.33386877179145813
0.3357280492782593
0.31654930114746094
0.3179149925708771
0.32416093349456787
0.33587443828582764
0.31809088587760925
0.3291544020175934
0.30059683322906494
0.3091166913509369
0.32086706161499023
0.2991514503955841
0.3060675263404846
0.3364093005657196
0.3025452792644501
0.3169028162956238
0.34777510166168213
0.30736851692199707
0.3002699911594391
0.3058154881000519
0.30676722526550293
0.3121687173843384
0.28675365447998047
0.2873407006263733
0.3116590678691864
0.29840001463890076
0.297515869140625
0.2915855348110199
0.3018365800380707
0.30006468296051025
0.3181837201118469
0.3023114502429962
0.3091486692428589
0.30419620871543884
0.30701813101768494
0.31107163429260254
0.28089699149131775
0.2783285975456238
0.288664311170578
0.30014240741729736
0.2972099184989929
0.2950995862483978
0.2854997515678406
0.29300156235694885
0.2800227403640747
0.28470903635025024
0.2932727634906769
0.28410378098487854
0.28630104660987854
0.29394859075546265
0.2948208749294281
0.2893714904785156
0.3012063503265381
0.28851091861724854
0.27805548906326294
0.2781481444835663
0.2888857126235962
0.29134514927864075
0.2792978286743164
0.29064491391181946
0.281267374753952
0.2913973331451416
0.2912134826183319
0.2943894565105438
0.2852408289909363
0.27492833137512207
0.2811107635498047
0.2713291347026825
0.2644055485725403
0.24881896376609802
0.26785364747047424
0.2569444477558136
0.27534085512161255
0.26211994886398315
0.2635897994041443
0.2671155035495758
0.26877015829086304
0.2882992923259735
0.2789250612258911
0.2786915600299835
0.26320070028305054
0.2542363703250885
0.2605849802494049
0.2553131878376007
0.26018109917640686
0.26166582107543945
0.26751914620399475
0.26355621218681335
0.2552576959133148
0.25218331813812256
0.24084439873695374
0.259843647480011
0.25420814752578735
0.2402019053697586
0.2536858916282654
0.2655677795410156
0.2687831521034241
0.26980459690093994
0.26087135076522827
0.2509859502315521
0.2533142566680908
0.25594526529312134
0.26866415143013
0.25411558151245117
0.24628375470638275
0.25352251529693604
0.25439924001693726
0.2693314552307129
0.22962525486946106
0.24592982232570648
0.23889364302158356
0.25174158811569214
0.2480056881904602
0.2187756448984146
0.24622242152690887
0.23966029286384583
0.24055629968643188
0.24565935134887695
0.23512935638427734
0.24091379344463348
0.2391689419746399
0.2289324402809143
0.233411967754364
0.22583191096782684
0.25751838088035583
0.2327892780303955
0.24098828434944153
0.23449352383613586
0.24097654223442078
0.2543642520904541
0.2409566044807434
0.23219770193099976
0.22806477546691895
0.24809060990810394
0.24447646737098694
0.22808267176151276
0.2442627251148224
0.23251590132713318
0.22907713055610657
0.23881162703037262
0.2254190593957901
0.2277435064315796
0.22535429894924164
0.230462908744812
0.22146838903427124
0.25000396370887756
0.22228704392910004
0.24299916625022888
0.2470216602087021
0.23761798441410065
0.2309618592262268
0.2344854474067688
0.24092134833335876
0.22106541693210602
0.22226136922836304
0.2242763638496399
0.22884142398834229
0.25680822134017944
0.2302507758140564
0.2624278962612152
0.23142150044441223
0.22526466846466064
0.22843681275844574
0.22676438093185425
0.2454301118850708
0.22517159581184387
0.21992464363574982
0.24756619334220886
0.22762885689735413
0.22393251955509186
0.23193873465061188
0.22743955254554749
0.23109938204288483
0.2292909026145935
0.22361218929290771
0.21433250606060028
0.2071584314107895
0.22025343775749207
0.21925294399261475
0.22663435339927673
0.22233501076698303
0.22413396835327148
0.2062029242515564
0.2431413233280182
0.21644796431064606
0.2212783545255661
0.2329006940126419
0.2379194051027298
0.23072563111782074
0.22709035873413086
0.2111889123916626
0.2165481448173523
0.22887904942035675
0.23836749792099
0.22026772797107697
0.21293511986732483
0.21394312381744385
0.23032435774803162
0.22332744300365448
0.19812385737895966
0.1914372593164444
0.22251492738723755
0.2306983917951584
0.21453545987606049
0.2084939032793045
0.2153998613357544
0.2226470559835434
0.20199406147003174
0.20684783160686493
0.20579689741134644
0.20672902464866638
0.21142642199993134
0.23300738632678986
0.22545044124126434
0.21721984446048737
0.20012396574020386
0.21521200239658356
0.22367538511753082
0.2166961282491684
0.2050347924232483
0.21744775772094727
0.21701137721538544
0.2061210423707962
0.22043725848197937
0.2013036161661148
0.21876977384090424
0.24171951413154602
0.2186373919248581
0.21637101471424103
0.20784257352352142
0.21400560438632965
0.21724513173103333
0.20982708036899567
0.2108210176229477
0.21383295953273773
0.19923679530620575
0.207871213555336
0.21467773616313934
0.2210603505373001
0.20524752140045166
0.2456027865409851
0.2188354879617691
0.22067445516586304
0.21910546720027924
0.2200373411178589
0.21657301485538483
0.22099758684635162
0.22544153034687042
0.21691152453422546
0.20456001162528992
0.21417221426963806
0.23108090460300446
0.22193960845470428
0.2016354203224182
0.22322845458984375
0.2168329954147339
0.19496972858905792
0.2155105471611023
0.21399562060832977
0.2313421070575714
0.2027921825647354
0.2057776004076004
0.2059507519006729
0.21225343644618988
0.21704885363578796
0.20433740317821503
0.20932674407958984
0.20613370835781097
0.2121991366147995
0.2113705724477768
0.20331625640392303
0.19578664004802704
0.20896592736244202
0.20303680002689362
0.20172931253910065
0.2121301293373108
0.20543955266475677
0.20806585252285004
0.2221289724111557
0.21208366751670837
0.19702400267124176
0.2238469272851944
0.20098638534545898
0.20140935480594635
0.21351183950901031
0.2089364379644394
0.20342646539211273
0.21360032260417938
0.20779623091220856
0.21562857925891876
0.1939142495393753
0.1995519995689392
0.21163474023342133
0.21586936712265015
0.19568151235580444
0.19221042096614838
0.22060322761535645
0.199546217918396
0.20860616862773895
0.2154255360364914
0.20193500816822052
0.21696648001670837
0.20697154104709625
0.2061496376991272
0.19502772390842438
0.2165898084640503
0.2015020251274109
0.19665206968784332
0.19714494049549103
0.20050300657749176
0.1990310102701187
0.21355430781841278
0.20695224404335022
0.20312140882015228
0.21149934828281403
0.18462364375591278
0.2321028709411621
0.21170072257518768
0.22253961861133575
0.20397917926311493
0.2061951607465744
0.2155219167470932
0.2039741426706314
0.2067103236913681
0.20192286372184753
0.20632176101207733
0.20036746561527252
0.19244255125522614
0.1965447962284088
0.21405437588691711
0.18300582468509674
0.21987830102443695
0.2111504077911377
0.20144298672676086
0.20203407108783722
0.20495857298374176
0.20551824569702148
0.19572997093200684
0.2014872431755066
0.19664211571216583
0.20881237089633942
0.21120168268680573
0.20280516147613525
0.18882302939891815
0.22494658827781677
0.20591668784618378
0.1931394338607788
0.20444345474243164
0.20011083781719208
0.18572181463241577
0.19926562905311584
0.18905065953731537
0.18229861557483673
0.21421575546264648
0.20945772528648376
0.1900315135717392
0.19685477018356323
0.2030474692583084
0.1870037466287613
0.18873345851898193
0.1976046860218048
0.1962781548500061
0.2014792412519455
0.21436165273189545
0.19982503354549408
0.2100076675415039
0.1904522329568863
0.2145077884197235
0.20183536410331726
0.18461322784423828
0.19363604485988617
0.2008649706840515
0.2018226981163025
0.21113194525241852
0.19720743596553802
0.1901586949825287
0.174310103058815
0.19578294456005096
0.1969774067401886
0.20081165432929993
0.19467133283615112
0.21013414859771729
0.20148032903671265
0.19240669906139374
0.21468141674995422
0.20100457966327667
0.19550901651382446
0.22228960692882538
0.1939532458782196
0.19165804982185364
0.19522283971309662
0.20816893875598907
0.19406411051750183
0.21928170323371887
0.19191312789916992
0.2046929895877838
0.2051960825920105
0.1830466091632843
0.20528671145439148
0.21658648550510406
0.20715156197547913
0.19009120762348175
0.20919348299503326
0.2070946842432022
0.21227237582206726
0.2113822102546692
0.19931556284427643
0.19286204874515533
0.2055569291114807
0.1887919306755066
0.21513010561466217
0.197760671377182
0.19543591141700745
0.197520449757576
0.20447060465812683
0.18897980451583862
0.2112640142440796
0.20469023287296295
0.19956058263778687
0.2057098001241684
0.20098893344402313
0.18879632651805878
0.20317186415195465
0.19392527639865875
0.19893836975097656
0.21481986343860626
0.20011813938617706
0.19437474012374878
0.19805210828781128
0.18138287961483002
0.20125919580459595
0.20956289768218994
0.20558175444602966
0.19710470736026764
0.18970820307731628
0.18735653162002563
0.19155363738536835
0.19641152024269104
0.21445733308792114
0.18970473110675812
0.19223012030124664
0.18218737840652466
0.18571357429027557
0.20726756751537323
0.20101132988929749
0.20387011766433716
0.17657440900802612
0.20617292821407318
0.18930843472480774
0.1915445327758789
0.2061455249786377
0.19170400500297546
0.19871588051319122
0.18881259858608246
0.20767447352409363
0.19177423417568207
0.2091352343559265
0.1955317258834839
0.1907821148633957
0.1995483785867691
0.18531937897205353
0.20199361443519592
0.1890045404434204
0.18652282655239105
0.19588232040405273
0.1981908679008484
0.19353023171424866
0.2087990641593933
0.2129734307527542
0.1936875432729721
0.20213215053081512
0.18825815618038177
0.2072334885597229
0.19118793308734894
0.1799658089876175
0.1976137012243271
0.19441252946853638
0.18377457559108734
0.19606223702430725
0.2021435648202896
0.2121940404176712
0.18582512438297272
0.1763283610343933
0.19572187960147858
0.199834406375885
0.2030666321516037
0.1937999576330185
0.1942862868309021
0.1785818487405777
0.20834626257419586
0.19703809916973114
0.21599072217941284
0.20674142241477966
0.18956203758716583
0.18574097752571106
0.1819605678319931
0.18981270492076874
0.18713732063770294
0.19778211414813995
0.19561919569969177
0.19194522500038147
0.19617725908756256
0.19923609495162964
0.18732483685016632
0.18937478959560394
0.19153568148612976
0.19956074655056
0.17443948984146118
0.207288458943367
0.19163157045841217
0.19227010011672974
0.19218489527702332
0.20536433160305023
0.1905646026134491
0.20225833356380463
0.18963831663131714
0.18169139325618744
0.20559193193912506
