0.7203666567802429
0.6394228339195251
0.6008527278900146
0.5626207590103149
0.5327051281929016
0.500295877456665
0.4831431210041046
0.48446616530418396
0.4598728120326996
0.4722861051559448
0.4461457431316376
0.45975440740585327
0.4327727258205414
0.42014002799987793
0.41184279322624207
0.4293864667415619
0.4148072302341461
0.4165380299091339
0.4109726548194885
0.3826867640018463
0.3891792595386505
0.38996657729148865
0.40546923875808716
0.3936789929866791
0.3674345016479492
0.37906795740127563
0.36268821358680725
0.3533088266849518
0.38157734274864197
0.3706057071685791
0.36655405163764954
0.3494794964790344
0.3788865804672241
0.34977981448173523
0.36541619896888733
0.34108057618141174
0.3327707052230835
0.3555600643157959
0.3231945335865021
0.3142266571521759
0.3382475674152374
0.3306955099105835
0.30916935205459595
0.3192015290260315
0.31921762228012085
0.3064923882484436
0.3201383352279663
0.32463982701301575
0.3318670988082886
0.30214789509773254
0.293642520904541
0.31170496344566345
0.30693870782852173
0.30142614245414734
0.3004138767719269
0.2911706864833832
0.30672696232795715
0.29238906502723694
0.3063296377658844
0.28892776370048523
0.2896750271320343
0.3075771629810333
0.28679534792900085
0.29264333844184875
0.2926905155181885
0.27149897813796997
0.2847674489021301
0.27080002427101135
0.27637922763824463
0.2977074384689331
0.25054818391799927
0.2652481198310852
0.2750348150730133
0.28730863332748413
0.2485155314207077
0.2615784704685211
0.25272220373153687
0.24916288256645203
0.2562136650085449
0.26061418652534485
0.26103314757347107
0.2624354064464569
0.25714656710624695
0.2292327582836151
0.24660083651542664
0.27842333912849426
0.27908220887184143
0.259900838136673
0.2264404296875
0.2584799826145172
0.2362501472234726
0.23982290923595428
0.24385994672775269
0.2421930879354477
0.2810460329055786
0.2259092926979065
0.25170329213142395
0.2407088428735733
0.2457294911146164
0.22922132909297943
0.21344681084156036
0.23136742413043976
0.23030880093574524
0.21103276312351227
0.23537661135196686
0.22939960658550262
0.23116178810596466
0.22992318868637085
0.2121478170156479
0.2188735455274582
0.2225363850593567
0.2125263661146164
0.22624358534812927
0.2096305936574936
0.22134259343147278
0.20006832480430603
0.20367899537086487
0.20815759897232056
0.1915377825498581
0.19257000088691711
0.20935291051864624
0.18912401795387268
0.20608869194984436
0.20224754512310028
0.2049388289451599
0.1941603720188141
0.19017815589904785
0.20477674901485443
0.18703556060791016
0.19250273704528809
0.20050927996635437
0.18883515894412994
0.19205978512763977
0.2020486444234848
0.20389413833618164
0.18061375617980957
0.18104946613311768
0.1687345951795578
0.1949649304151535
0.18845942616462708
0.16635246574878693
0.17736025154590607
0.16653785109519958
0.16277600824832916
0.1828768104314804
0.1824016571044922
0.18666014075279236
0.16666863858699799
0.1870865672826767
0.16286182403564453
0.14875803887844086
0.18807899951934814
0.159542977809906
0.15974511206150055
0.1821436882019043
0.16131900250911713
0.17771948873996735
0.16430170834064484
0.14424210786819458
0.14590005576610565
0.17947813868522644
0.1733141541481018
0.17314407229423523
0.20952658355236053
0.188158318400383
0.16841182112693787
0.16152025759220123
0.14348720014095306
0.16586562991142273
0.1778765469789505
0.1591922789812088
0.1482948362827301
0.14501924812793732
0.16779489815235138
0.15845870971679688
0.15205375850200653
0.14645470678806305
0.1700136363506317
0.16591130197048187
0.14437651634216309
0.16657255589962006
0.15057621896266937
0.14241978526115417
0.14870613813400269
0.14817114174365997
0.13565024733543396
0.15553730726242065
0.14912234246730804
0.13817226886749268
0.1594759076833725
0.14605288207530975
0.14358466863632202
0.14603832364082336
0.16716617345809937
0.14498084783554077
0.14365750551223755
0.1439559906721115
0.15630586445331573
0.14862672984600067
0.1530463695526123
0.14488734304904938
0.163072407245636
0.15426456928253174
0.14174619317054749
0.14687809348106384
0.15128293633460999
0.13647997379302979
0.15412618219852448
0.14949016273021698
0.15771451592445374
0.13179142773151398
0.17903932929039001
0.14450033009052277
0.130445197224617
0.13493220508098602
0.1467680186033249
0.13808861374855042
0.15290820598602295
0.14851833879947662
0.14037008583545685
0.12674425542354584
0.13680221140384674
0.1592370718717575
0.12361037731170654
0.1457422971725464
0.13441698253154755
0.13740448653697968
0.14529575407505035
0.13867606222629547
0.1266464740037918
0.15132340788841248
0.14742091298103333
0.13899092376232147
0.13251158595085144
0.1413130909204483
0.13093887269496918
0.15436221659183502
0.13793615996837616
0.13244915008544922
0.12184440344572067
0.10812375694513321
0.14077377319335938
0.12791237235069275
0.1133018210530281
0.14085136353969574
0.13894882798194885
0.13411350548267365
0.1130853071808815
0.12631995975971222
0.12306379526853561
0.1350410431623459
0.12298516184091568
0.1335243284702301
0.10425874590873718
0.1411421298980713
0.14850030839443207
0.12316938489675522
0.12211506813764572
0.12559594213962555
0.13160744309425354
0.11896423250436783
0.11724045127630234
0.12333813309669495
0.11626920104026794
0.12662065029144287
0.12007958441972733
0.11675634235143661
0.09972209483385086
0.126905620098114
0.13038644194602966
0.1378536820411682
0.1275329291820526
0.11484827101230621
0.11553674936294556
0.11993417888879776
0.13277681171894073
0.13099059462547302
0.12903128564357758
0.09658025205135345
0.12889528274536133
0.1122337058186531
0.10539938509464264
0.10633537918329239
0.13141991198062897
0.1156986653804779
0.11140842735767365
0.11337888985872269
0.11072691529989243
0.1222766637802124
0.0955737829208374
0.1020272970199585
0.11199825257062912
0.0980985164642334
0.10827774554491043
0.10446810722351074
0.11095421016216278
0.10374686866998672
0.11110217869281769
0.13706180453300476
0.12763310968875885
0.11843369156122208
0.13361237943172455
0.11446578800678253
0.10798640549182892
0.11265389621257782
0.11792369186878204
0.12792819738388062
0.12304835766553879
0.12336820363998413
0.11635208129882812
0.10413502156734467
0.11277388036251068
0.12178578972816467
0.10548776388168335
0.1358766406774521
0.10052971541881561
0.10288815945386887
0.10866834223270416
0.12183244526386261
0.11436015367507935
0.1095251515507698
0.09553884714841843
0.10698402673006058
0.10354522615671158
0.1422063410282135
0.12871626019477844
0.11246863752603531
0.11068081855773926
0.1110512837767601
0.13219095766544342
0.11103165149688721
0.10946166515350342
0.10791055858135223
0.12246151268482208
0.11098404228687286
0.11244243383407593
0.14257338643074036
0.10834523290395737
0.1039162427186966
0.11349900811910629
0.09594931453466415
0.08925744891166687
0.10658421367406845
0.10023476183414459
0.1148771345615387
0.10613130778074265
0.10579866915941238
0.0936693623661995
0.11386889219284058
0.12065651267766953
0.11348308622837067
0.10120343416929245
0.08829902112483978
0.11137671768665314
0.1099061667919159
0.10875428467988968
0.1087782084941864
0.10092185437679291
0.09508568793535233
0.11846474558115005
0.1303742378950119
0.09936743974685669
0.09718714654445648
0.10753413289785385
0.09584055840969086
0.13302269577980042
0.11747919023036957
0.1107330471277237
0.12205959111452103
0.09642696380615234
0.1148906722664833
0.09642509371042252
0.08989819139242172
0.11092350631952286
0.0982658863067627
0.11711310595273972
0.10351722687482834
0.11321092396974564
0.09350679069757462
0.1050214096903801
0.11447533220052719
0.08763603121042252
0.11952215433120728
0.11017169803380966
0.09279140830039978
0.11110537499189377
0.08984830230474472
0.10724993050098419
0.10261894762516022
0.10849640518426895
0.09777683764696121
0.11674051731824875
0.11293277144432068
0.12177608162164688
0.10152748972177505
0.11535908281803131
0.08857071399688721
0.10370400547981262
0.10245998948812485
0.10472055524587631
0.09703999012708664
0.10765698552131653
0.09818331897258759
0.10516171157360077
0.0966276004910469
0.09004508703947067
0.10925622284412384
0.1046333760023117
0.09636402130126953
0.09856205433607101
0.11351366341114044
0.11336614936590195
0.09478126466274261
0.10831006616353989
0.10507366061210632
0.10335271060466766
0.10648602992296219
0.09079015254974365
0.09379255771636963
0.09468825906515121
0.10923084616661072
0.09983845800161362
0.09749597311019897
0.08815672248601913
0.10522017627954483
0.1005224883556366
0.10186296701431274
0.08919761329889297
0.08118829131126404
0.10938580334186554
0.11642996966838837
0.12266885489225388
0.1077982559800148
0.10382877290248871
0.10234508663415909
0.1043449118733406
0.10151282697916031
0.08957900106906891
0.10275722295045853
0.10983312129974365
0.11064505577087402
0.08220449835062027
0.09472698718309402
0.10169979184865952
0.12178310751914978
0.08984636515378952
0.09192312508821487
0.10389921069145203
0.11658517271280289
0.10261773318052292
0.11169774830341339
0.0868203416466713
0.08725211769342422
0.10339432954788208
0.10621553659439087
0.10982910543680191
0.1141439750790596
0.09037183970212936
0.1100236028432846
0.08980891853570938
0.08548910915851593
0.12538552284240723
0.09957955032587051
0.09966934472322464
0.10393606126308441
0.09144056588411331
0.10152509063482285
0.10351995378732681
0.09952525794506073
0.0928599089384079
0.09373275935649872
0.1073671281337738
0.08589602261781693
0.1061333492398262
0.09107305109500885
0.09356251358985901
0.10001237690448761
0.0890263020992279
0.10047491639852524
0.10369861125946045
0.09321822971105576
0.09653054922819138
0.10713823139667511
0.12358696013689041
0.09019666165113449
0.0956931859254837
0.07980996370315552
0.0914461687207222
0.09025557339191437
0.09453992545604706
0.08860404789447784
0.09143757820129395
0.11061599850654602
0.09833428263664246
0.08418682962656021
0.09231571853160858
0.08687631785869598
0.07799739390611649
0.0906093567609787
0.11770917475223541
0.08222357928752899
0.09262073040008545
0.08813080191612244
0.0947783961892128
0.09728330373764038
0.10926487296819687
0.10792181640863419
0.08871936798095703
0.11203398555517197
0.1088191345334053
0.10511624068021774
0.09740190953016281
0.1083294078707695
0.11166837811470032
0.10630227625370026
0.09788896143436432
0.10965727269649506
0.0953211709856987
0.10016319900751114
0.1180330291390419
0.1022629514336586
0.08847381919622421
0.09395506978034973
0.09323646873235703
0.09338919818401337
0.0875478982925415
0.0892297774553299
0.10469033569097519
0.1025567576289177
0.10524100810289383
0.08483538776636124
0.08743786066770554
0.11509678512811661
0.08804184943437576
0.10502643883228302
0.10929375141859055
0.08712760359048843
0.10981876403093338
0.10078655928373337
0.08779127895832062
0.09338708966970444
0.10672076791524887
0.08179233223199844
0.09367327392101288
0.10377112776041031
0.1174246296286583
0.09697190672159195
0.0945611298084259
0.0930611714720726
0.10578840225934982
0.09302574396133423
0.1118517592549324
0.08537943661212921
0.11214451491832733
0.09473339468240738
0.09423904865980148
0.0897873044013977
0.1040821373462677
0.08884906768798828
0.10471789538860321
0.10793869942426682
0.10301240533590317
0.08542481064796448
0.09872563928365707
0.09973222762346268
0.08136547356843948
0.07641776651144028
0.08327677845954895
0.08773357421159744
0.1104191467165947
0.08604449778795242
0.0977250188589096
0.08415389806032181
0.09668967872858047
0.09633748233318329
0.0975538119673729
0.08715173602104187
0.11751757562160492
0.0961824581027031
0.08000759035348892
0.08609648048877716
0.09668835997581482
0.10704313963651657
0.08971142023801804
0.09077998250722885
0.11230161786079407
0.0933997705578804
0.08489049971103668
0.10646187514066696
0.09985742717981339
0.0962480902671814
0.10656564682722092
0.09269984066486359
0.11792702972888947
0.09972339123487473
0.0840546116232872
0.08827600628137589
0.08051671087741852
0.08341512829065323
0.08478463441133499
0.08603651821613312
0.08286916464567184
0.08037623763084412
0.09395111352205276
0.09449359029531479
0.12264765053987503
