0.7856235504150391
0.7087588906288147
0.6592212319374084
0.6415916681289673
0.6250689625740051
0.6022132039070129
0.6106549501419067
0.5602995753288269
0.5603441596031189
0.5464426875114441
0.5382685661315918
0.5121811032295227
0.5118680596351624
0.5044742822647095
0.5229992270469666
0.4631354808807373
0.45534032583236694
0.46040239930152893
0.4353710412979126
0.43068212270736694
0.4776257574558258
0.45343807339668274
0.42305535078048706
0.40221479535102844
0.4095419645309448
0.401245653629303
0.4098486006259918
0.4407669007778168
0.4030662775039673
0.3702021837234497
0.398761123418808
0.36638718843460083
0.395134299993515
0.37984663248062134
0.38053250312805176
0.39139971137046814
0.3504345715045929
0.39560452103614807
0.37710878252983093
0.385504812002182
0.36225637793540955
0.3944247364997864
0.3651309609413147
0.3732861280441284
0.3705568313598633
0.3553139865398407
0.36197417974472046
0.3490450978279114
0.34337854385375977
0.35313311219215393
0.3631710112094879
0.3457663059234619
0.33330950140953064
0.3557274043560028
0.3598440885543823
0.3507341146469116
0.32473331689834595
0.3345077931880951
0.3243955373764038
0.30966049432754517
0.3306858539581299
0.3256048858165741
0.312776118516922
0.3304469585418701
0.3080807328224182
0.3063884973526001
0.31785306334495544
0.3177016079425812
0.3099183142185211
0.3286614418029785
0.29970359802246094
0.2925226390361786
0.3450188636779785
0.3082612156867981
0.31689026951789856
0.3134671449661255
0.2951298654079437
0.2827379107475281
0.3119097948074341
0.307772696018219
0.2794937193393707
0.2862330973148346
0.3110818564891815
0.29652783274650574
0.30151912569999695
0.2818037271499634
0.2809499204158783
0.28153470158576965
0.3018522560596466
0.30930081009864807
0.3156377673149109
0.2826729714870453
0.29448115825653076
0.2612208127975464
0.29280245304107666
0.2689116299152374
0.27651894092559814
0.29506340622901917
0.3023394048213959
0.28892016410827637
0.2790219187736511
0.28478652238845825
0.27765074372291565
0.27018052339553833
0.292843759059906
0.2687041759490967
0.2777053713798523
0.2670060992240906
0.2697390615940094
0.264175683259964
0.2643834054470062
0.2767939865589142
0.2488226443529129
0.25994184613227844
0.2682346701622009
0.26213642954826355
0.26324063539505005
0.27011817693710327
0.2451476752758026
0.2480684071779251
0.23684288561344147
0.22700604796409607
0.24460043013095856
0.2480965554714203
0.2556811571121216
0.2524947226047516
0.2624148428440094
0.24648799002170563
0.2487659901380539
0.2429826408624649
0.23353932797908783
0.23778358101844788
0.24595457315444946
0.22540801763534546
0.2434108704328537
0.24035216867923737
0.2497958540916443
0.23117972910404205
0.21928361058235168
0.2183559089899063
0.22104813158512115
0.2242831140756607
0.21408045291900635
0.24107952415943146
0.2148083597421646
0.23411116003990173
0.22122399508953094
0.1881047636270523
0.19554181396961212
0.21096529066562653
0.22308853268623352
0.21400471031665802
0.2062896490097046
0.2090868353843689
0.21069268882274628
0.19424492120742798
0.20624083280563354
0.20942890644073486
0.23245590925216675
0.20436997711658478
0.21385537087917328
0.2506137788295746
0.2871192693710327
0.24426014721393585
0.22695375978946686
0.21075686812400818
0.21201421320438385
0.21676644682884216
0.217532217502594
0.2029028683900833
0.19685497879981995
0.21779197454452515
0.21065138280391693
0.19259309768676758
0.18983183801174164
0.19800151884555817
0.20345990359783173
0.1862770915031433
0.20218023657798767
0.17517845332622528
0.21959735453128815
0.18395119905471802
0.1944703608751297
0.20699359476566315
0.20417383313179016
0.2153506875038147
0.18499541282653809
0.19710801541805267
0.19108736515045166
0.18814623355865479
0.18281935155391693
0.17541413009166718
0.194015771150589
0.17255254089832306
0.18337427079677582
0.19080044329166412
0.1861090213060379
0.17766542732715607
0.17265315353870392
0.17080286145210266
0.1903798133134842
0.18708205223083496
0.1760096698999405
0.17333851754665375
0.1891639083623886
0.20021776854991913
0.1962643563747406
0.18589793145656586
0.17828084528446198
0.19790270924568176
0.17474031448364258
0.18173731863498688
0.15383262932300568
0.1934748739004135
0.17693886160850525
0.18588624894618988
0.1768767535686493
0.1802804172039032
0.16408772766590118
0.19005988538265228
0.16199848055839539
0.15258650481700897
0.18288497626781464
0.15714704990386963
0.17888838052749634
0.17213201522827148
0.1709880381822586
0.1669618785381317
0.17225979268550873
0.17757709324359894
0.1710616797208786
0.1671576350927353
0.17755034565925598
0.15360236167907715
0.1683075875043869
0.17526522278785706
0.17661640048027039
0.16809460520744324
0.17139337956905365
0.16406434774398804
0.16811661422252655
0.16196559369564056
0.15902335941791534
0.15679492056369781
0.15438725054264069
0.16157913208007812
0.1771898716688156
0.15899375081062317
0.1790592521429062
0.17218537628650665
0.15498456358909607
0.16192562878131866
0.15710468590259552
0.1631854623556137
0.1616975963115692
0.16807317733764648
0.1610064059495926
0.15733730792999268
0.15489402413368225
0.1528419554233551
0.1532387137413025
0.16373781859874725
0.15542224049568176
0.1321970373392105
0.1553952991962433
0.14487473666667938
0.13935691118240356
0.1569311022758484
0.14679713547229767
0.1653350442647934
0.1398506462574005
0.18054990470409393
0.1416974812746048
0.1697663813829422
0.18330179154872894
0.19751285016536713
0.1781006157398224
0.16929365694522858
0.15813425183296204
0.17595431208610535
0.15480010211467743
0.15375763177871704
0.17745105922222137
0.14902424812316895
0.14354072511196136
0.1490693986415863
0.14536496996879578
0.14512525498867035
0.13993607461452484
0.15091556310653687
0.15063706040382385
0.15258701145648956
0.14456641674041748
0.1488674432039261
0.1418677419424057
0.14907634258270264
0.1314302384853363
0.1538175642490387
0.1420978158712387
0.1546032726764679
0.14865384995937347
0.1529272496700287
0.13994577527046204
0.14366626739501953
0.13541927933692932
0.16420228779315948
0.1429101824760437
0.1358581930398941
0.14076951146125793
0.134181410074234
0.1403501331806183
0.14804816246032715
0.1391778141260147
0.13025163114070892
0.12996135652065277
0.14022327959537506
0.15839511156082153
0.12973102927207947
0.14682836830615997
0.14194068312644958
0.14720509946346283
0.13599736988544464
0.1336691528558731
0.13892006874084473
0.1301431655883789
0.13852450251579285
0.12904302775859833
0.15365196764469147
0.13314585387706757
0.1171598732471466
0.15354886651039124
0.13724593818187714
0.14513972401618958
0.12265501916408539
0.14228902757167816
0.14320559799671173
0.13319335877895355
0.13604164123535156
0.16106653213500977
0.1613745093345642
0.1223137304186821
0.14440958201885223
0.12420863658189774
0.13083791732788086
0.147237166762352
0.1286596804857254
0.14057104289531708
0.15205852687358856
0.14091485738754272
0.13255736231803894
0.12824618816375732
0.12125690281391144
0.12453118711709976
0.1411523073911667
0.1293133944272995
0.14795023202896118
0.15103204548358917
0.14072908461093903
0.1274576634168625
0.12067852169275284
0.15193487703800201
0.12071989476680756
0.114015594124794
0.1275506317615509
0.12601689994335175
0.12019505351781845
0.12601765990257263
0.1369217187166214
0.1416046917438507
0.12080080062150955
0.13378779590129852
0.14413891732692719
0.12582699954509735
0.13886003196239471
0.12642814218997955
0.12878626585006714
0.13371819257736206
0.1282946616411209
0.11875943094491959
0.13785450160503387
0.12617407739162445
0.14893808960914612
0.12512749433517456
0.1396493911743164
0.12917958199977875
0.1272413283586502
0.12414796650409698
0.12643489241600037
0.13042761385440826
0.128529354929924
0.12457910925149918
0.14070719480514526
0.1323109120130539
0.13148336112499237
0.1303407847881317
0.11910952627658844
0.12223482131958008
0.13257643580436707
0.12327080965042114
0.1273370385169983
0.1256229281425476
0.13647378981113434
0.12535357475280762
0.1262994408607483
0.15091033279895782
0.11143385618925095
0.14531353116035461
0.11566389352083206
0.11021014302968979
0.14393067359924316
0.12988419830799103
0.13212716579437256
0.1439172476530075
0.12455428391695023
0.11952017992734909
0.12091526389122009
0.11170045286417007
0.1451699435710907
0.12760718166828156
0.10192693769931793
0.1372225284576416
0.09631123393774033
0.12821686267852783
0.13268165290355682
0.11513817310333252
0.13303841650485992
0.1180790364742279
0.11191736906766891
0.11362355202436447
0.11441469937562943
0.1175943911075592
0.1182815209031105
0.115916408598423
0.13306446373462677
0.11677635461091995
0.11203084886074066
0.1320021152496338
0.11625154316425323
0.11030203104019165
0.11579640954732895
0.12343037873506546
0.12554624676704407
0.11868563294410706
0.11933963000774384
0.13297457993030548
0.12124039232730865
0.123099684715271
0.10221470892429352
0.10907487571239471
0.10919001698493958
0.11954102665185928
0.13435883820056915
0.13514357805252075
0.13221514225006104
0.11005719751119614
0.1327909231185913
0.12679927051067352
0.11725382506847382
0.11920701712369919
0.14136002957820892
0.1444503515958786
0.12183337658643723
0.12478416413068771
0.12163279950618744
0.11798934638500214
0.12969626486301422
0.12426760047674179
0.11755401641130447
0.12818096578121185
0.095390684902668
0.09671743214130402
0.11445404589176178
0.13166888058185577
0.12526042759418488
0.10293403267860413
0.13715237379074097
0.11349588632583618
0.11209104210138321
0.12107505649328232
0.10480178147554398
0.12423200905323029
0.12801063060760498
0.12130184471607208
0.13252787292003632
0.12809604406356812
0.1313190460205078
0.1095699891448021
0.10686194896697998
0.12036556750535965
0.12314587831497192
0.10747554153203964
0.12061554938554764
0.11613783985376358
0.1185067817568779
0.10682893544435501
0.10612700879573822
0.10812881588935852
0.1155800148844719
0.1268695890903473
0.12171788513660431
0.12751291692256927
0.1268782764673233
0.11466920375823975
0.12486189603805542
0.12485291063785553
0.10597870498895645
0.10582288354635239
0.12902188301086426
0.1349600851535797
0.11325283348560333
0.11375197023153305
0.10755956918001175
0.13505874574184418
0.1398904174566269
0.10988538712263107
0.11308708041906357
0.10686976462602615
0.139311745762825
0.11590366065502167
0.09894997626543045
0.1103723794221878
0.14151199162006378
0.11693229526281357
0.11342662572860718
0.12148350477218628
0.12242613732814789
0.1116301417350769
0.10830173641443253
0.09777428209781647
0.11731548607349396
0.12816162407398224
0.1247677281498909
0.11535942554473877
0.11509957909584045
0.10047860443592072
0.09779083728790283
0.10207588970661163
0.11254686862230301
0.11071507632732391
0.11615399271249771
0.12116199731826782
0.113989919424057
0.1179749071598053
0.11167605966329575
0.10108041018247604
0.1450449675321579
0.10826430469751358
0.12002254277467728
0.11854143440723419
0.11638201773166656
0.11455395817756653
0.12210938334465027
0.1265561729669571
0.11443086713552475
0.10701905190944672
0.11742641031742096
0.11668847501277924
0.12282945215702057
0.10320418328046799
0.1017349436879158
0.11853626370429993
0.12461813539266586
0.11985431611537933
0.10685662180185318
0.12792138755321503
0.10193479806184769
0.11699032783508301
0.11091330647468567
0.10453716665506363
0.12928850948810577
0.1168675497174263
0.11678815633058548
0.11154592037200928
0.11988786607980728
0.1272665411233902
0.10445881634950638
0.12514369189739227
0.10478951036930084
0.10299953818321228
0.10956337302923203
0.11576259881258011
0.11377322673797607
0.11808281391859055
0.12314466387033463
0.11229798197746277
0.10427559167146683
0.12198925018310547
0.10242997854948044
0.12333335727453232
0.10577957332134247
0.10470204055309296
0.13955767452716827
0.11112184822559357
0.12361045181751251
0.12341729551553726
0.09855655580759048
0.09944312274456024
0.1260167360305786
0.10245498269796371
0.11888190358877182
0.10723547637462616
