0.770672619342804
0.7689096331596375
0.7291070222854614
0.7128698229789734
0.6895180344581604
0.6931016445159912
0.6816388368606567
0.6556494832038879
0.6514939069747925
0.6407884955406189
0.6349710822105408
0.6233351230621338
0.6069108843803406
0.6104172468185425
0.5952556729316711
0.5821327567100525
0.6025168299674988
0.5935327410697937
0.5648109912872314
0.5740524530410767
0.5569822788238525
0.5563547611236572
0.5630915760993958
0.5387683510780334
0.5488145351409912
0.5367525815963745
0.5094733834266663
0.5065168142318726
0.515884280204773
0.509904146194458
0.512963056564331
0.4938373863697052
0.4967025816440582
0.48719826340675354
0.467020183801651
0.4795244038105011
0.4712294936180115
0.4554874897003174
0.4458954334259033
0.4387044906616211
0.4541434049606323
0.4181273877620697
0.40205612778663635
0.4080749750137329
0.4239811897277832
0.410241961479187
0.4022795855998993
0.3872075378894806
0.3935839533805847
0.4026434123516083
0.37666618824005127
0.37924864888191223
0.3849693238735199
0.40154990553855896
0.3966156244277954
0.3857041001319885
0.4011532664299011
0.3826576769351959
0.3674387037754059
0.3916095197200775
0.38468000292778015
0.3538500964641571
0.367948979139328
0.3911505341529846
0.36491695046424866
0.35140687227249146
0.35112008452415466
0.36996838450431824
0.35050734877586365
0.35578277707099915
0.37754344940185547
0.36338895559310913
0.34435218572616577
0.35899269580841064
0.3325912058353424
0.3602028489112854
0.3610585033893585
0.3357692062854767
0.335157185792923
0.35666006803512573
0.34171509742736816
0.3466714024543762
0.3546398878097534
0.35136616230010986
0.36434710025787354
0.3563237488269806
0.36014583706855774
0.3458423614501953
0.3339255154132843
0.3406853675842285
0.37861543893814087
0.3430536687374115
0.3554520308971405
0.35498636960983276
0.334999144077301
0.3423190414905548
0.3373698890209198
0.33228179812431335
0.34064751863479614
0.34342679381370544
0.3305555582046509
0.32294654846191406
0.3274167478084564
0.36424311995506287
0.33859917521476746
0.3449462354183197
0.3349418044090271
0.33642303943634033
0.33225610852241516
0.320212721824646
0.32212260365486145
0.33292636275291443
0.3238004744052887
0.326569139957428
0.3280264437198639
0.3271905183792114
0.3360186219215393
0.3345387876033783
0.3386072516441345
0.3058924078941345
0.3117266297340393
0.3206063210964203
0.3465753197669983
0.3142370283603668
0.33249929547309875
0.31133151054382324
0.3118009567260742
0.32435542345046997
0.3184738755226135
0.3119403123855591
0.3084317445755005
0.30345770716667175
0.28067904710769653
0.3032519519329071
0.3018031716346741
0.29886698722839355
0.3149084448814392
0.3057700991630554
0.30733659863471985
0.31183958053588867
0.32265594601631165
0.3065353035926819
0.29448479413986206
0.2992676794528961
0.2891123294830322
0.3056844174861908
0.3150719702243805
0.3245229125022888
0.3006841838359833
0.2916751801967621
0.314910352230072
0.31091034412384033
0.3199232220649719
0.3005431294441223
0.30598458647727966
0.3010455071926117
0.32249772548675537
0.30860990285873413
0.2920879125595093
0.2949487864971161
0.28150784969329834
0.3045739233493805
0.2969498932361603
0.3005335330963135
0.28812769055366516
0.3102168142795563
0.2934224605560303
0.30841898918151855
0.2925548255443573
0.2891169786453247
0.31819140911102295
0.3072810769081116
0.29874250292778015
0.2867479920387268
0.2972855567932129
0.28729721903800964
0.28649622201919556
0.28703537583351135
0.27971935272216797
0.3030007779598236
0.3063049912452698
0.29649055004119873
0.2992590367794037
0.2945205271244049
0.2974241077899933
0.2902299761772156
0.3052622377872467
0.2894940972328186
0.28910449147224426
0.2923244535923004
0.2824368178844452
0.28188320994377136
0.2967262268066406
0.29144802689552307
0.2826368510723114
0.29056522250175476
0.2929386794567108
0.27917179465293884
0.29102107882499695
0.29148930311203003
0.2683146595954895
0.26989638805389404
0.27027028799057007
0.26844480633735657
0.28919652104377747
0.2789492607116699
0.29508811235427856
0.29939189553260803
0.28934845328330994
0.28899869322776794
0.282621294260025
0.29065388441085815
0.2998250424861908
0.2907736003398895
0.26202860474586487
0.28773629665374756
0.30172663927078247
0.2735291123390198
0.29023754596710205
0.28300657868385315
0.2836574614048004
0.2809755206108093
0.2625011205673218
0.28882938623428345
0.2913409173488617
0.30891895294189453
0.27249428629875183
0.2694588899612427
0.26985612511634827
0.2648821771144867
0.27852651476860046
0.279278427362442
0.2819381654262543
0.28823503851890564
0.2718028724193573
0.2843444049358368
0.2882968485355377
0.27062755823135376
0.29014500975608826
0.26508164405822754
0.2895900309085846
0.28890421986579895
0.28698083758354187
0.2730240523815155
0.24307315051555634
0.2722332775592804
0.2680321931838989
0.2632605731487274
0.2783092260360718
0.27043265104293823
0.2816676199436188
0.2828015089035034
0.2611462473869324
0.27697715163230896
0.2695753872394562
0.29027673602104187
0.2772969603538513
0.26149773597717285
0.26399704813957214
0.2800888419151306
0.28330448269844055
0.2844950556755066
0.2638816237449646
0.2762009799480438
0.2711545526981354
0.26058530807495117
0.27669718861579895
0.269927442073822
0.2893013060092926
0.28140509128570557
0.2702298164367676
0.27663278579711914
0.26810571551322937
0.2848629951477051
0.2599351406097412
0.2670140266418457
0.2695545554161072
0.26724973320961
0.2759576439857483
0.26075103878974915
0.2672179341316223
0.27789759635925293
0.2700875401496887
0.2530929148197174
0.28360462188720703
0.2628989517688751
0.28201019763946533
0.28169727325439453
0.2698449492454529
0.26466527581214905
0.2732473611831665
0.2629361152648926
0.27151498198509216
0.25715315341949463
0.26021599769592285
0.2604602575302124
0.26295435428619385
0.26518505811691284
0.2562096416950226
0.2643563747406006
0.27314668893814087
0.2715676426887512
0.2652018666267395
0.26468291878700256
0.2665986120700836
0.269026517868042
0.247931107878685
0.24351805448532104
0.2567909359931946
0.2554094195365906
0.2641327381134033
0.2706844210624695
0.2605920135974884
0.2579307556152344
0.25685960054397583
0.2698433995246887
0.2627686560153961
0.2574833035469055
0.264180451631546
0.2544843554496765
0.25892236828804016
0.2693871259689331
0.2517109215259552
0.2779916226863861
0.2620493769645691
0.263955682516098
0.2656848132610321
0.2545985281467438
0.25970324873924255
0.2613561153411865
0.2660355269908905
0.27165699005126953
0.2734445035457611
0.27364248037338257
0.2601321339607239
0.26349085569381714
0.26890772581100464
0.27599406242370605
0.2679276466369629
0.2540733218193054
0.2637983560562134
0.2605503797531128
0.2522708773612976
0.2541043162345886
0.2449691891670227
0.25874534249305725
0.2661687731742859
0.2379816621541977
0.27768611907958984
0.26203423738479614
0.2534000277519226
0.250562846660614
0.25485509634017944
0.2560475468635559
0.26809218525886536
0.26500579714775085
0.268860399723053
0.27904197573661804
0.272571325302124
0.26102226972579956
0.26465559005737305
0.2622968852519989
0.2639238238334656
0.2613714337348938
0.26006245613098145
0.25718221068382263
0.24949489533901215
0.27759554982185364
0.24150218069553375
0.24392281472682953
0.2587156295776367
0.25401759147644043
0.2582472562789917
0.27647265791893005
0.2548471987247467
0.24371670186519623
0.27582454681396484
0.24444209039211273
0.2540036737918854
0.26385775208473206
0.2537504732608795
0.25552889704704285
0.2700338065624237
0.2650987207889557
0.2519427537918091
0.2516044080257416
0.2528124451637268
0.26474565267562866
0.262756884098053
0.2536967098712921
0.27250662446022034
0.27056992053985596
0.23690560460090637
0.2548063099384308
0.2632594704627991
0.25818920135498047
0.24927763640880585
0.25491175055503845
0.26829442381858826
0.25625666975975037
0.2513999938964844
0.24892470240592957
0.26814937591552734
0.2520223557949066
0.24570924043655396
0.2561044991016388
0.25869986414909363
0.26684248447418213
0.2613006830215454
0.25814512372016907
0.2602497637271881
0.2570059597492218
0.26210910081863403
0.2554672062397003
0.26175886392593384
0.2452792078256607
0.2568610608577728
0.2609720528125763
0.2562774121761322
0.25162360072135925
0.2369144707918167
0.2570292055606842
0.24717560410499573
0.27230456471443176
0.27004143595695496
0.26376453042030334
0.24968117475509644
0.2448684573173523
0.25210413336753845
0.2549225389957428
0.24561789631843567
0.25793778896331787
0.2583223283290863
0.2497987598180771
0.2586134076118469
0.25415128469467163
0.2697996199131012
0.27200669050216675
0.253347784280777
0.2538776695728302
0.24490313231945038
0.24598829448223114
0.2371496707201004
0.2595740258693695
0.2746019959449768
0.2542378604412079
0.27169597148895264
0.2495536208152771
0.2570388615131378
0.25883737206459045
0.25870561599731445
0.24310702085494995
0.24339239299297333
0.26011842489242554
0.2677041292190552
0.2577826678752899
0.25978347659111023
0.2726512551307678
0.2541699707508087
0.2494598627090454
0.24499300122261047
0.25270745158195496
0.2522464394569397
0.25254857540130615
0.2591472864151001
0.24973757565021515
0.25135156512260437
0.24032184481620789
0.2632938623428345
0.25785794854164124
0.23995089530944824
0.2519034743309021
0.25755709409713745
0.24945175647735596
0.24659284949302673
0.26718616485595703
0.2378751039505005
0.2510286867618561
0.25759318470954895
0.2459096908569336
0.22624658048152924
0.25411832332611084
0.25510862469673157
0.26925840973854065
0.24956384301185608
0.2587259113788605
0.25133925676345825
0.26031923294067383
0.24710087478160858
0.26873305439949036
0.2581486105918884
0.26705506443977356
0.24275192618370056
0.24797378480434418
0.24570868909358978
0.24945272505283356
0.24673277139663696
0.251070499420166
0.25437071919441223
0.26430314779281616
0.250532865524292
0.2623208165168762
0.26259422302246094
0.25165554881095886
0.2659305930137634
0.2520604729652405
0.2598181366920471
0.2546708583831787
0.2545355260372162
0.2554686665534973
0.2499525398015976
0.2432793527841568
0.27183035016059875
0.2566292881965637
0.2569674551486969
0.2585604190826416
0.2657298743724823
0.24096351861953735
0.25592041015625
0.24896220862865448
0.24859334528446198
0.2593499720096588
0.2622641324996948
0.2605638802051544
0.26118984818458557
0.26593175530433655
0.26227062940597534
0.2596336901187897
0.2540205419063568
0.24737149477005005
0.24154634773731232
0.2643670439720154
0.24749580025672913
0.24367772042751312
0.25567948818206787
0.24655577540397644
0.25464168190956116
0.2500385046005249
0.2601096034049988
0.2576848566532135
0.2517460286617279
0.26086318492889404
0.2532278001308441
0.270831823348999
0.2575767934322357
0.24744395911693573
0.2526448667049408
0.2412281483411789
0.2556823194026947
0.2513964772224426
0.24373847246170044
0.24874693155288696
0.25184473395347595
0.2415178418159485
0.25329193472862244
0.26496008038520813
0.2584080100059509
0.24954354763031006
0.25992485880851746
0.2608380913734436
0.26608702540397644
0.2421407252550125
0.2603004574775696
0.2565179765224457
0.27073225378990173
0.26501908898353577
0.25312376022338867
0.2660161554813385
0.24461928009986877
0.2632664144039154
0.2505880892276764
0.24248145520687103
0.25263315439224243
0.233468696475029
0.24927815794944763
0.22832249104976654
0.2668282687664032
0.24672791361808777
0.25849369168281555
0.2430717498064041
0.2419264316558838
0.23803983628749847
0.25233137607574463
0.2475309520959854
0.23800979554653168
0.23941823840141296
0.2461976855993271
0.23440292477607727
0.24472501873970032
0.246902197599411
0.24787606298923492
0.2545544505119324
0.24888618290424347
0.2583618462085724
0.2542736232280731
0.23754005134105682
0.2449227273464203
0.26244688034057617
0.2425260990858078
0.24590334296226501
0.24577105045318604
0.23377422988414764
0.2528317868709564
0.24630150198936462
0.23971222341060638
0.24338914453983307
0.22708256542682648
0.25073176622390747
0.22854024171829224
0.2529880702495575
