0.9541632533073425
0.8939964771270752
0.7920045256614685
0.7303390502929688
0.6908131241798401
0.6653225421905518
0.6481454372406006
0.6387090682983398
0.592960774898529
0.5819346308708191
0.5894829630851746
0.5756554007530212
0.5685034394264221
0.54923015832901
0.5589091777801514
0.5374884605407715
0.546431839466095
0.5472535490989685
0.5317321419715881
0.5140677690505981
0.5298113822937012
0.5072640776634216
0.4996415972709656
0.49346742033958435
0.48975250124931335
0.4769403636455536
0.47889000177383423
0.4717895984649658
0.47442683577537537
0.46242696046829224
0.47369247674942017
0.4623132646083832
0.4469220042228699
0.44541850686073303
0.44628360867500305
0.4554390013217926
0.46645429730415344
0.44248485565185547
0.4286307990550995
0.4196316599845886
0.45124736428260803
0.43523257970809937
0.4464205503463745
0.43506771326065063
0.41820433735847473
0.42770063877105713
0.4183395802974701
0.4223187267780304
0.41605645418167114
0.40880516171455383
0.4319651424884796
0.3965052664279938
0.41632169485092163
0.4161299467086792
0.4160915017127991
0.40942636132240295
0.44044598937034607
0.4128504991531372
0.3906119763851166
0.4050498306751251
0.41732269525527954
0.39336225390434265
0.3955951929092407
0.39344245195388794
0.39906951785087585
0.37784644961357117
0.4120161235332489
0.4160911440849304
0.40625980496406555
0.4132031202316284
0.4078528881072998
0.4131926894187927
0.4044138193130493
0.39361315965652466
0.4092327356338501
0.38827988505363464
0.40643951296806335
0.3903864324092865
0.39691242575645447
0.4024186134338379
0.3917961120605469
0.3863945007324219
0.3873119354248047
0.4215242266654968
0.38999879360198975
0.37722349166870117
0.38648515939712524
0.3847692012786865
0.3974073529243469
0.37659594416618347
0.35719069838523865
0.38107970356941223
0.40124788880348206
0.3887487053871155
0.3835919201374054
0.3727121651172638
0.363472044467926
0.3637416362762451
0.3786100447177887
0.36075523495674133
0.35748982429504395
0.36934882402420044
0.37136000394821167
0.38648346066474915
0.37659695744514465
0.3614450693130493
0.35762423276901245
0.3822060227394104
0.3866387605667114
0.3771613836288452
0.3669646382331848
0.38307851552963257
0.3555585741996765
0.3693593144416809
0.3636780083179474
0.36205998063087463
0.3711848556995392
0.380646288394928
0.34972506761550903
0.36515626311302185
0.35092437267303467
0.3591442406177521
0.3536829948425293
0.3586540222167969
0.3826228976249695
0.34234702587127686
0.3556434214115143
0.3577759265899658
0.3532489538192749
0.3611106276512146
0.35561802983283997
0.36414653062820435
0.3596975803375244
0.347208708524704
0.35340920090675354
0.34486672282218933
0.35491618514060974
0.34937021136283875
0.34197622537612915
0.36020198464393616
0.35407352447509766
0.33684754371643066
0.3613511919975281
0.3444981276988983
0.3481994569301605
0.33826714754104614
0.3492274880409241
0.33951336145401
0.35336899757385254
0.35110536217689514
0.35151755809783936
0.3430013358592987
0.36142247915267944
0.3286842405796051
0.3473726212978363
0.3301568329334259
0.34760376811027527
0.3413218855857849
0.350881963968277
0.349030077457428
0.34150126576423645
0.349761426448822
0.3420669734477997
0.3515101671218872
0.3668519854545593
0.34559109807014465
0.3439752161502838
0.32748284935951233
0.3443973958492279
0.3440374732017517
0.3492031991481781
0.33451056480407715
0.34402817487716675
0.34168165922164917
0.3365026116371155
0.3233034014701843
0.34412190318107605
0.3248324394226074
0.34968721866607666
0.3333306610584259
0.3206954002380371
0.34874510765075684
0.341670960187912
0.3434276282787323
0.33384469151496887
0.33897244930267334
0.3166186511516571
0.3173440098762512
0.3172649145126343
0.32677969336509705
0.326061874628067
0.33102360367774963
0.33853650093078613
0.31552353501319885
0.333456426858902
0.33833757042884827
0.31684646010398865
0.3434557616710663
0.3397623598575592
0.31957995891571045
0.330183744430542
0.3389757573604584
0.3272543251514435
0.34184545278549194
0.34889230132102966
0.32278719544410706
0.34618595242500305
0.31873223185539246
0.3242722153663635
0.310364305973053
0.33505257964134216
0.3171522617340088
0.33244240283966064
0.32519209384918213
0.31924352049827576
0.3231484591960907
0.31688636541366577
0.3389534652233124
0.3129652142524719
0.32840681076049805
0.3250672221183777
0.3188866972923279
0.3093836307525635
0.32166334986686707
0.3072618842124939
0.3395441472530365
0.33964088559150696
0.33743125200271606
0.3304826319217682
0.3180277347564697
0.33215922117233276
0.3289293050765991
0.3179419934749603
0.32474207878112793
0.31088438630104065
0.31902819871902466
0.316874235868454
0.3349273204803467
0.30532440543174744
0.31248509883880615
0.321715772151947
0.3146299421787262
0.32048970460891724
0.3184981048107147
0.31485071778297424
0.3141516447067261
0.3139573931694031
0.33107638359069824
0.32477283477783203
0.3171260356903076
0.3267826437950134
0.29831787943840027
0.3225597143173218
0.3009836673736572
0.30743515491485596
0.312576025724411
0.33505067229270935
0.314301073551178
0.31764736771583557
0.32138514518737793
0.3099510967731476
0.3114472031593323
0.3145967721939087
0.30267566442489624
0.292668879032135
0.3215920627117157
0.31324800848960876
0.32039862871170044
0.30627888441085815
0.2993372678756714
0.3231259286403656
0.3040062189102173
0.3362760841846466
0.30785104632377625
0.3005855679512024
0.30985626578330994
0.3120977282524109
0.2947613000869751
0.31817880272865295
0.30835583806037903
0.3081367611885071
0.3167874813079834
0.32046258449554443
0.30725646018981934
0.30960792303085327
0.3298710286617279
0.3007086515426636
0.3104661703109741
0.305672287940979
0.3154653012752533
0.2968714237213135
0.30854928493499756
0.30936259031295776
0.31103530526161194
0.3152710795402527
0.3094414174556732
0.30557408928871155
0.29787278175354004
0.3183170557022095
0.30507349967956543
0.3034185767173767
0.314155638217926
0.2877976596355438
0.32446005940437317
0.3088935911655426
0.2880324721336365
0.3020559847354889
0.3125436007976532
0.29686135053634644
0.29151883721351624
0.29940640926361084
0.3005703091621399
0.31105712056159973
0.3086358606815338
0.301252543926239
0.3055947422981262
0.3034124970436096
0.30377286672592163
0.2970542013645172
0.3183895945549011
0.3016434907913208
0.29136112332344055
0.29847410321235657
0.2942642867565155
0.3022933602333069
0.31619688868522644
0.27932581305503845
0.2910692095756531
0.3029917776584625
0.3062046766281128
0.3035842180252075
0.3131076991558075
0.3082071542739868
0.28773045539855957
0.2933536767959595
0.2989833354949951
0.30267319083213806
0.295502245426178
0.30430498719215393
0.2947040796279907
0.29387760162353516
0.302463561296463
0.29810959100723267
0.28974732756614685
0.28866150975227356
0.2913762629032135
0.2893516421318054
0.3019062280654907
0.2913021445274353
0.2912622094154358
0.29898330569267273
0.2957388758659363
0.30633312463760376
0.2921864688396454
0.3089311420917511
0.29102152585983276
0.2976684272289276
0.3040008842945099
0.2908523976802826
0.3031410574913025
0.3194464445114136
0.2905714213848114
0.3065450191497803
0.3171827495098114
0.31216156482696533
0.29190686345100403
0.2891480028629303
0.30485644936561584
0.2929002642631531
0.3073110580444336
0.3002672791481018
0.29241567850112915
0.2917267382144928
0.3103864789009094
0.30306166410446167
0.30686062574386597
0.30022335052490234
0.3034733235836029
0.2933061420917511
0.3027602434158325
0.297251433134079
0.29387611150741577
0.30405402183532715
0.28069067001342773
0.28643545508384705
0.3070749044418335
0.293996125459671
0.29357171058654785
0.30914759635925293
0.2848469614982605
0.2967402935028076
0.28955012559890747
0.31188535690307617
0.2937576174736023
0.30718544125556946
0.30391138792037964
0.29507559537887573
0.2972463071346283
0.2990044951438904
0.2895990312099457
0.30664947628974915
0.30059921741485596
0.29887548089027405
0.3071005046367645
0.30383172631263733
0.29638198018074036
0.28626930713653564
0.30151069164276123
0.3047049343585968
0.3004605174064636
0.29908767342567444
0.29077497124671936
0.2873886823654175
0.2851564288139343
0.29499804973602295
0.28893667459487915
0.3069611191749573
0.2950100302696228
0.3031812906265259
0.29718223214149475
0.293279230594635
0.30475398898124695
0.3147141933441162
0.2855250835418701
0.29495710134506226
0.3079265356063843
0.29233884811401367
0.3010753393173218
0.291066974401474
0.2977633476257324
0.30373743176460266
0.28775641322135925
0.2894876003265381
0.3035200834274292
0.29958289861679077
0.2995718717575073
0.2926209568977356
0.2926770746707916
0.28821632266044617
0.28421035408973694
0.279281347990036
0.27783432602882385
0.3011894226074219
0.30879220366477966
0.29084283113479614
0.30481091141700745
0.29007720947265625
0.3052096366882324
0.28773513436317444
0.27538326382637024
0.29076695442199707
0.293319433927536
0.3029540777206421
0.2960189878940582
0.2739269435405731
0.29581737518310547
0.289390504360199
0.29088646173477173
0.29968056082725525
0.2876879870891571
0.3099331557750702
0.28458544611930847
0.29350972175598145
0.28554993867874146
0.30329063534736633
0.28999263048171997
0.30441397428512573
0.2749677002429962
0.29941874742507935
0.2888129949569702
0.29529157280921936
0.30961674451828003
0.29181745648384094
0.29244938492774963
0.293236643075943
0.30189916491508484
0.3124552071094513
0.29413318634033203
0.2884446382522583
0.2735426127910614
0.2735205292701721
0.2899932265281677
0.3098211884498596
0.2881471514701843
0.2873826026916504
0.297224760055542
0.3013683259487152
0.2795645594596863
0.2988506257534027
0.29843205213546753
0.2962672710418701
0.28976258635520935
0.30306103825569153
0.2821313142776489
0.2712550759315491
0.30129653215408325
0.28133174777030945
0.28434768319129944
0.2855246365070343
0.29531776905059814
0.2748218774795532
0.2884940207004547
0.29691967368125916
0.3078412115573883
0.28751641511917114
0.2904495894908905
0.2831718325614929
0.28448009490966797
0.2831343114376068
0.2966305613517761
0.2840297222137451
0.2847113311290741
0.2840973436832428
0.28372082114219666
0.29637911915779114
0.3025604486465454
0.29634222388267517
0.2760305106639862
0.3038383722305298
0.2994474768638611
0.27778303623199463
0.3026270270347595
0.300984650850296
0.2936441898345947
0.2925281524658203
0.2922990620136261
0.2901575565338135
0.2915717661380768
0.2941223978996277
0.2768683433532715
0.27918529510498047
0.3052576780319214
0.2757861316204071
0.29755899310112
0.28545716404914856
0.2930927872657776
0.2966814637184143
0.2775114178657532
0.28671059012413025
0.2776638865470886
0.29836055636405945
0.3041068911552429
0.28542381525039673
0.29693323373794556
0.291393518447876
0.3049542009830475
0.3007389008998871
0.276513934135437
0.2841443121433258
0.2843093276023865
0.29876288771629333
0.3074560761451721
0.2886539101600647
0.29906076192855835
0.287736713886261
0.2948184013366699
0.28865957260131836
0.2908657491207123
0.29194536805152893
0.30132967233657837
0.29735660552978516
0.2995361089706421
0.28185608983039856
0.29069313406944275
0.2922905683517456
0.29072868824005127
0.2887273132801056
0.2998036742210388
0.2805479168891907
0.2811727225780487
0.2968655228614807
0.2768530547618866
0.30072927474975586
0.2976841926574707
0.26552504301071167
0.284546434879303
0.2907991111278534
0.2944173216819763
0.28173696994781494
0.28575241565704346
0.2894202172756195
0.29175445437431335
0.2844162881374359
0.28745245933532715
0.29304516315460205
0.29123032093048096
0.29047584533691406
0.29793551564216614
0.29078733921051025
0.282221257686615
0.2870641350746155
0.2854231595993042
0.2906360328197479
0.2953619360923767
0.29079750180244446
0.2950310707092285
0.2970472574234009
0.2883915305137634
0.29774412512779236
0.285440593957901
0.2972651720046997
0.29472073912620544
0.2739008963108063
0.29517847299575806
0.2814584970474243
0.2922949194908142
0.2852012515068054
0.3002246022224426
0.28886309266090393
0.28863242268562317
0.292835533618927
0.280452698469162
0.3037767708301544
0.27852746844291687
0.2800980806350708
0.28774672746658325
0.28012925386428833
0.29069674015045166
0.2712845504283905
0.2830432057380676
0.3010876774787903
0.30640673637390137
0.3058989644050598
0.28704139590263367
0.2795812487602234
0.30366525053977966
0.28443410992622375
0.29890501499176025
0.3011319935321808
0.281686931848526
0.292607843875885
0.304440438747406
0.2786189615726471
0.3020952045917511
0.30368706583976746
0.3044646680355072
0.3037281930446625
0.2571271061897278
0.29409584403038025
0.2827933430671692
0.2974073588848114
0.29501408338546753
0.26606816053390503
0.2861744165420532
0.28251293301582336
0.28203412890434265
0.28763577342033386
0.2956993877887726
0.28401198983192444
0.2870393693447113
0.2817121744155884
0.2860702872276306
0.28391894698143005
0.289080947637558
0.2899828553199768
0.307218074798584
0.2763015031814575
0.2958579361438751
0.2946617305278778
0.26997873187065125
0.28892087936401367
0.2781184911727905
0.2749817371368408
0.29940080642700195
0.29666319489479065
0.2747354805469513
0.27401742339134216
0.27240264415740967
0.28839826583862305
0.29223015904426575
0.29681965708732605
0.29459160566329956
0.28828662633895874
0.28802284598350525
0.29454681277275085
0.27628588676452637
0.28362664580345154
0.2810348570346832
0.3077801465988159
0.29060474038124084
0.27383407950401306
0.30436059832572937
0.27818283438682556
0.2733214795589447
0.28555020689964294
0.30125167965888977
0.28650733828544617
0.30285051465034485
0.2815631330013275
0.28453201055526733
0.28592583537101746
0.28633227944374084
0.2810494303703308
0.2883145809173584
0.26976507902145386
0.29466167092323303
0.2801932990550995
0.2898099720478058
0.28132641315460205
0.2937522530555725
0.2908029854297638
0.2875988185405731
0.2827107906341553
0.2859393060207367
0.276656836271286
0.3105500340461731
0.28236013650894165
0.28514355421066284
0.30208471417427063
0.2842085361480713
0.2807965874671936
0.2955731451511383
0.2885163724422455
0.2941371500492096
