0.7144028544425964
0.6316121220588684
0.5624388456344604
0.5157490372657776
0.4763337969779968
0.4959851801395416
0.4455159604549408
0.42288094758987427
0.4314337968826294
0.42460551857948303
0.430747389793396
0.43885916471481323
0.39775556325912476
0.40346696972846985
0.38418957591056824
0.36551931500434875
0.38550037145614624
0.3752800226211548
0.36116790771484375
0.3717343807220459
0.3662807047367096
0.36125534772872925
0.35804229974746704
0.35985031723976135
0.3582390248775482
0.358632892370224
0.36608630418777466
0.34932053089141846
0.3533937931060791
0.3514002859592438
0.3448452353477478
0.33619242906570435
0.32075804471969604
0.326783150434494
0.3193817734718323
0.3036799728870392
0.3123886287212372
0.31459954380989075
0.3169606626033783
0.3246261775493622
0.3372657299041748
0.3070547878742218
0.3188447952270508
0.30752241611480713
0.3343093693256378
0.30598485469818115
0.3181125521659851
0.29990154504776
0.30442124605178833
0.2948561906814575
0.2839217483997345
0.3100696802139282
0.27813202142715454
0.2816975712776184
0.27580299973487854
0.28765061497688293
0.26917311549186707
0.27347394824028015
0.2617951035499573
0.2569848895072937
0.2738049328327179
0.26713624596595764
0.2558075487613678
0.25709691643714905
0.2739751636981964
0.24342502653598785
0.28618451952934265
0.2711186707019806
0.24876730144023895
0.2544343173503876
0.2541429102420807
0.2564391791820526
0.2646249234676361
0.26340603828430176
0.2639203369617462
0.24104160070419312
0.23805288970470428
0.2554324269294739
0.21993371844291687
0.24050872027873993
0.23667795956134796
0.23648370802402496
0.22713814675807953
0.21134939789772034
0.23520620167255402
0.22047662734985352
0.2539682388305664
0.23249602317810059
0.2150944024324417
0.2285829335451126
0.22709991037845612
0.23303382098674774
0.23498418927192688
0.20409314334392548
0.214875265955925
0.20278316736221313
0.21551549434661865
0.19811193645000458
0.1859690397977829
0.19989529252052307
0.22273071110248566
0.20022280514240265
0.21695569157600403
0.20885327458381653
0.20221273601055145
0.21467885375022888
0.21885396540164948
0.21711961925029755
0.20024539530277252
0.195639505982399
0.19639919698238373
0.20264367759227753
0.1836380660533905
0.19802477955818176
0.20048639178276062
0.19073520600795746
0.18781732022762299
0.19380638003349304
0.18625442683696747
0.19405430555343628
0.18562760949134827
0.18330618739128113
0.17305371165275574
0.18083111941814423
0.19222210347652435
0.16383446753025055
0.1721772700548172
0.16585062444210052
0.16685396432876587
0.17675566673278809
0.16145464777946472
0.16901013255119324
0.1759689599275589
0.23986592888832092
0.22812426090240479
0.21548300981521606
0.1874823421239853
0.18518775701522827
0.18482720851898193
0.2130592316389084
0.2149350643157959
0.20269259810447693
0.20249037444591522
0.17955853044986725
0.19120803475379944
0.1710822731256485
0.1663828045129776
0.17383572459220886
0.17752711474895477
0.17454585433006287
0.16673141717910767
0.15861184895038605
0.16529525816440582
0.1579781323671341
0.16164377331733704
0.15847733616828918
0.15843617916107178
0.1613626331090927
0.16505520045757294
0.1517510563135147
0.14572261273860931
0.15796443819999695
0.14670372009277344
0.1494954377412796
0.148036390542984
0.1509278416633606
0.15235628187656403
0.15532299876213074
0.1332545429468155
0.14864975214004517
0.1594099998474121
0.15295204520225525
0.13515931367874146
0.13039909303188324
0.1358756124973297
0.1337612420320511
0.17028141021728516
0.15570656955242157
0.14215512573719025
0.1584615409374237
0.15518559515476227
0.11609148979187012
0.11708202958106995
0.15556024014949799
0.13455502688884735
0.11944634467363358
0.13953402638435364
0.14524562656879425
0.12613646686077118
0.11839409917593002
0.11779888719320297
0.1196160614490509
0.1602226346731186
0.14776097238063812
0.1443212479352951
0.14276793599128723
0.14283719658851624
0.13510674238204956
0.11478088051080704
0.14035764336585999
0.1113300621509552
0.139103963971138
0.17010216414928436
0.14029648900032043
0.13022726774215698
0.13958026468753815
0.14971621334552765
0.12374408543109894
0.14864878356456757
0.13691425323486328
0.12338971346616745
0.12471412122249603
0.1317705363035202
0.11558222770690918
0.13267818093299866
0.1301954686641693
0.13989193737506866
0.11667421460151672
0.12988430261611938
0.10205473005771637
0.11209411919116974
0.10586635768413544
0.1083158552646637
0.14638175070285797
0.11819463968276978
0.11940204352140427
0.13169391453266144
0.12369009852409363
0.12428969144821167
0.11872624605894089
0.12518948316574097
0.1404324173927307
0.13700491189956665
0.09583910554647446
0.11893397569656372
0.1029418483376503
0.11295496672391891
0.11944326758384705
0.11321478337049484
0.11467099189758301
0.1361730992794037
0.15345615148544312
0.11478791385889053
0.12272682040929794
0.14437399804592133
0.12141775339841843
0.11094621568918228
0.10819786041975021
0.1106414794921875
0.11657018214464188
0.11343507468700409
0.11627724021673203
0.10447236895561218
0.12127729505300522
0.10663043707609177
0.11237351596355438
0.10599198192358017
0.10950732231140137
0.11353015899658203
0.10166559368371964
0.11465166509151459
0.10629630088806152
0.10239318758249283
0.08954465389251709
0.09163051843643188
0.11047988384962082
0.13130724430084229
0.09059153497219086
0.10535181313753128
0.10619809478521347
0.10261240601539612
0.11466673016548157
0.09993194043636322
0.10192621499300003
0.13721656799316406
0.10179203748703003
0.09905953705310822
0.12757040560245514
0.10766405612230301
0.13294583559036255
0.12128133326768875
0.09604012966156006
0.11244253814220428
0.10416590422391891
0.1042681634426117
0.11053476482629776
0.10662224143743515
0.10620860755443573
0.0973699539899826
0.0909804180264473
0.11168315261602402
0.11309616267681122
0.09871644526720047
0.10493744909763336
0.09810279309749603
0.10365383327007294
0.10150893777608871
0.09466711431741714
0.10638651996850967
0.0932338759303093
0.0919954851269722
0.11492910236120224
0.1040269136428833
0.11467521637678146
0.0843837782740593
0.10413234680891037
0.08378250151872635
0.0955592691898346
0.09619972109794617
0.10718934237957001
0.10202854871749878
0.0944196879863739
0.1098136156797409
0.08359352499246597
0.09428850561380386
0.07768148183822632
0.08874787390232086
0.09176342189311981
0.09158916771411896
0.11089067161083221
0.10428626835346222
0.09107302874326706
0.08410291373729706
0.09850747138261795
0.11600059270858765
0.09639434516429901
0.08466693013906479
0.07700535655021667
0.09385424107313156
0.09490370005369186
0.10062017291784286
0.10143641382455826
0.10588017851114273
0.1135031208395958
0.10850544273853302
0.11297480016946793
0.09074763208627701
0.08255334943532944
0.08662810176610947
0.08788684010505676
0.10498616099357605
0.08958349376916885
0.1195935532450676
0.09211188554763794
0.12761294841766357
0.08922118693590164
0.08981814980506897
0.10843086987733841
0.11864786595106125
0.08951371908187866
0.10465610027313232
0.09601611644029617
0.09001830965280533
0.08614873886108398
0.1008029356598854
0.08907748758792877
0.07654141634702682
0.08821620047092438
0.08101159334182739
0.09255857020616531
0.08994422852993011
0.10790634155273438
0.08434426784515381
0.08564487099647522
0.07862936705350876
0.09174590557813644
0.0848078727722168
0.08550553023815155
0.08573156595230103
0.09472446143627167
0.101137176156044
0.09437231719493866
0.08992426842451096
0.10879655927419662
0.09185487031936646
0.08316811919212341
0.09861642867326736
0.09644541889429092
0.07184260338544846
0.09691382944583893
0.08493100851774216
0.08717413246631622
0.07907664775848389
0.08928506076335907
0.0849984735250473
0.10198734700679779
0.09898991137742996
0.10838332027196884
0.0931687131524086
0.09300500899553299
0.06445508450269699
0.08529499918222427
0.07714217156171799
0.0881522074341774
0.10046227276325226
0.08762495964765549
0.09162651002407074
0.0970679298043251
0.08997168391942978
0.09808528423309326
0.07842276990413666
0.09134117513895035
0.08771693706512451
0.09529843181371689
0.09472904354333878
0.09610089659690857
0.07966984808444977
0.09532973915338516
0.08502381294965744
0.0852760300040245
0.0786263570189476
0.09546031802892685
0.08778860419988632
0.10610838234424591
0.08146575093269348
0.07269925624132156
0.08159860968589783
0.09095274657011032
0.08954750746488571
0.07616888731718063
0.07531799376010895
0.09354197233915329
0.07774994522333145
0.09210816025733948
0.09149805456399918
0.08753440529108047
0.08257259428501129
0.09062240272760391
0.07333710044622421
0.07332757115364075
0.10396907478570938
0.09626736491918564
0.08823462575674057
0.07267016172409058
0.09846042096614838
0.10895450413227081
0.07781881093978882
0.07767966389656067
0.08502054959535599
0.0923161581158638
0.07807732373476028
0.09362750500440598
0.11205769330263138
0.09771428257226944
0.07983177155256271
0.09793200343847275
0.08447948843240738
0.08124927431344986
0.07772739231586456
0.07019384950399399
0.09148211032152176
0.0877455472946167
0.08675550669431686
0.08510474860668182
0.1034780964255333
0.10185874998569489
0.10271495580673218
0.09114448726177216
0.09350960701704025
0.0965471938252449
0.06686925888061523
0.09889178723096848
0.09470551460981369
0.08791735023260117
0.09903635829687119
0.10798381268978119
0.10741081088781357
0.08719044178724289
0.09829840064048767
0.0768531784415245
0.10727120190858841
0.09308525919914246
0.08957403153181076
0.07832837104797363
0.09823068976402283
0.08697792142629623
0.08907215297222137
0.0808621495962143
0.08467380702495575
0.08743823319673538
0.08126900345087051
0.09766601026058197
0.07401513308286667
0.07015711814165115
0.06572369486093521
0.09096533805131912
0.10550541430711746
0.08322998136281967
0.08301622420549393
0.08339576423168182
0.07845263183116913
0.09465991705656052
0.07695959508419037
0.0870516449213028
0.08931615948677063
0.07644110172986984
0.07819336652755737
0.07451921701431274
0.07382740825414658
0.08412008732557297
0.0872165858745575
0.0800694078207016
0.07436753809452057
0.07505057752132416
0.09928198158740997
0.07681712508201599
0.09943484514951706
0.06968126446008682
0.07837938517332077
0.08749908953905106
0.07995640486478806
0.07336622476577759
0.06945927441120148
0.06516069918870926
0.09561660140752792
0.07875628769397736
0.08286754041910172
0.07176816463470459
0.09892164915800095
0.08896367996931076
0.07211380451917648
0.0858430489897728
0.07414107769727707
0.08248450607061386
0.06659290939569473
0.08208468556404114
0.07917416840791702
0.09718525409698486
0.08576858788728714
0.07124187797307968
0.09315016865730286
0.09109226614236832
0.07908722013235092
0.10777869820594788
0.09243649244308472
0.07246607542037964
0.09504855424165726
0.06546182185411453
0.06982561945915222
0.07399080693721771
0.07725485414266586
0.10003983229398727
0.08044164627790451
0.06993040442466736
0.08018063008785248
0.08057515323162079
0.0695415511727333
0.07790963351726532
0.07999541610479355
0.07079530507326126
0.0826282650232315
0.06364424526691437
0.07353423535823822
0.08451344817876816
0.06727281957864761
0.07487929612398148
0.07664570957422256
0.07148930430412292
0.09674106538295746
0.0875866487622261
0.06942976266145706
0.08132040500640869
0.08980313688516617
0.07531330734491348
0.09705887734889984
0.09397091716527939
0.06875220686197281
0.08727921545505524
0.08876250684261322
0.08813457190990448
0.09954742342233658
0.07967525720596313
0.0836997702717781
0.08626703172922134
0.09425206482410431
0.07313410937786102
0.08330943435430527
0.0604899637401104
0.09554003179073334
0.08231008052825928
0.08180910348892212
0.09543760865926743
0.0662536695599556
0.0787377879023552
0.06395132839679718
0.0777287408709526
0.09442204982042313
0.07545355707406998
0.08877844363451004
0.08809252828359604
0.0754900649189949
0.10063836723566055
0.08445438742637634
0.07487887144088745
0.09345516562461853
0.07903873175382614
0.06981869041919708
0.0841129720211029
0.09341499954462051
0.06640885770320892
0.0688825249671936
0.07828614115715027
