0.8205607533454895
0.6659222841262817
0.6260361075401306
0.5902789235115051
0.5888649225234985
0.5218897461891174
0.49668291211128235
0.49402469396591187
0.490886926651001
0.4948537051677704
0.4521593749523163
0.45600154995918274
0.44613808393478394
0.43499955534935
0.41824042797088623
0.42844125628471375
0.40854427218437195
0.4148378074169159
0.4199533462524414
0.39392703771591187
0.4007132351398468
0.4118834435939789
0.375917911529541
0.3931225836277008
0.39979124069213867
0.3806571066379547
0.3979128301143646
0.38015738129615784
0.38055872917175293
0.37347161769866943
0.3691321909427643
0.378618061542511
0.36289700865745544
0.3692907691001892
0.3643479347229004
0.35707852244377136
0.3627128601074219
0.36188095808029175
0.3503466546535492
0.37931257486343384
0.3458554446697235
0.3629659116268158
0.3634760081768036
0.36333194375038147
0.3390994668006897
0.36072710156440735
0.3504800796508789
0.3392872214317322
0.33942869305610657
0.3361019194126129
0.34388861060142517
0.3001440763473511
0.35504579544067383
0.338416188955307
0.3207879662513733
0.3172411322593689
0.3399122357368469
0.3318837881088257
0.3382088840007782
0.328226238489151
0.33060652017593384
0.3135303556919098
0.3096884489059448
0.3172532320022583
0.32390356063842773
0.3159646987915039
0.3183060884475708
0.31054675579071045
0.315642774105072
0.3051217794418335
0.3208659887313843
0.28965306282043457
0.2916874885559082
0.3113951086997986
0.27908778190612793
0.2891318202018738
0.2988605797290802
0.28722909092903137
0.28493717312812805
0.2784430682659149
0.2771835923194885
0.2980901896953583
0.2829892337322235
0.28304895758628845
0.26509952545166016
0.296965628862381
0.28052058815956116
0.2819109857082367
0.2752877175807953
0.25438371300697327
0.290566086769104
0.2821709215641022
0.28168630599975586
0.2751491367816925
0.2640371024608612
0.253612756729126
0.2717815935611725
0.274330198764801
0.2620694041252136
0.27817240357398987
0.2629014253616333
0.24973058700561523
0.2532607316970825
0.2649450898170471
0.25486162304878235
0.2570372223854065
0.26460760831832886
0.26865532994270325
0.26387277245521545
0.2431870698928833
0.247500479221344
0.24838292598724365
0.24428565800189972
0.25712403655052185
0.25184062123298645
0.2542074918746948
0.2443123459815979
0.23201827704906464
0.25972428917884827
0.22785267233848572
0.25196805596351624
0.23557765781879425
0.24706389009952545
0.2546308636665344
0.2334473729133606
0.25524047017097473
0.22468411922454834
0.2319995015859604
0.2487633228302002
0.22629430890083313
0.22693338990211487
0.22001013159751892
0.22223418951034546
0.23206660151481628
0.2398240566253662
0.23662158846855164
0.24324150383472443
0.23320910334587097
0.23246173560619354
0.2233765572309494
0.2339586615562439
0.24585692584514618
0.2321527749300003
0.2144457846879959
0.23423311114311218
0.2451980859041214
0.250529408454895
0.22112788259983063
0.24266931414604187
0.21967893838882446
0.21489675343036652
0.23093898594379425
0.22709256410598755
0.21601691842079163
0.2165573388338089
0.21271100640296936
0.22611424326896667
0.2209002822637558
0.21783654391765594
0.20419758558273315
0.22384843230247498
0.20578058063983917
0.21548785269260406
0.1935552954673767
0.21752038598060608
0.199837327003479
0.20982512831687927
0.18928228318691254
0.20546437799930573
0.22570154070854187
0.21347272396087646
0.20435476303100586
0.20017454028129578
0.219863161444664
0.19784478843212128
0.1950450837612152
0.19447822868824005
0.21127483248710632
0.19400465488433838
0.19199171662330627
0.20378871262073517
0.19322912395000458
0.2013467401266098
0.2080446034669876
0.19400814175605774
0.20261000096797943
0.20857763290405273
0.17136240005493164
0.2034321427345276
0.22173193097114563
0.22415776550769806
0.20471395552158356
0.20310337841510773
0.18813176453113556
0.19969509541988373
0.1795426309108734
0.18303503096103668
0.18506038188934326
0.2088264673948288
0.19161373376846313
0.21682435274124146
0.18258027732372284
0.18996919691562653
0.19385342299938202
0.1945202499628067
0.18537212908267975
0.1810114085674286
0.1904200315475464
0.1802522987127304
0.19391241669654846
0.17497257888317108
0.17030489444732666
0.18369722366333008
0.18365886807441711
0.18758350610733032
0.19192729890346527
0.16890156269073486
0.17907601594924927
0.1706550270318985
0.1918879896402359
0.17823123931884766
0.17123867571353912
0.1799202710390091
0.19246722757816315
0.1794368475675583
0.1780756115913391
0.18369629979133606
0.17550432682037354
0.16916751861572266
0.18266357481479645
0.18184702098369598
0.17200109362602234
0.16415801644325256
0.15860921144485474
0.16386164724826813
0.1786147952079773
0.18031181395053864
0.1828521192073822
0.15920619666576385
0.15560710430145264
0.1693928837776184
0.16737915575504303
0.15830574929714203
0.16486045718193054
0.17042963206768036
0.19511915743350983
0.17162704467773438
0.18101602792739868
0.16483455896377563
0.15903441607952118
0.1825578659772873
0.17122066020965576
0.15827399492263794
0.15833786129951477
0.14774160087108612
0.18728576600551605
0.16376449167728424
0.17165853083133698
0.1689842790365219
0.15876807272434235
0.18648506700992584
0.16331246495246887
0.1606866419315338
0.1633204221725464
0.18607424199581146
0.15124738216400146
0.1556764841079712
0.15321210026741028
0.16195765137672424
0.17315958440303802
0.16057880222797394
0.1480664610862732
0.18196195363998413
0.16194942593574524
0.18075652420520782
0.15545868873596191
0.1611180603504181
0.17303366959095
0.16933122277259827
0.14790619909763336
0.14882081747055054
0.16475625336170197
0.14911310374736786
0.16207531094551086
0.1638280600309372
0.16675333678722382
0.16307510435581207
0.16596288979053497
0.15233886241912842
0.16853874921798706
0.15951578319072723
0.1675189584493637
0.15082213282585144
0.1383276879787445
0.16675660014152527
0.13674071431159973
0.13957063853740692
0.15740825235843658
0.17500559985637665
0.15651968121528625
0.14807412028312683
0.15112781524658203
0.15744221210479736
0.13827209174633026
0.15864308178424835
0.15498356521129608
0.16056345403194427
0.17384187877178192
0.14061464369297028
0.15336592495441437
0.14956368505954742
0.15237803757190704
0.16161222755908966
0.16494034230709076
0.12927420437335968
0.13578666746616364
0.14462202787399292
0.13917365670204163
0.13616132736206055
0.1562899500131607
0.14551052451133728
0.1421857476234436
0.14192360639572144
0.13742120563983917
0.14273817837238312
0.14144106209278107
0.1533038318157196
0.1401180922985077
0.17069220542907715
0.13730747997760773
0.14886334538459778
0.1429002583026886
0.13906854391098022
0.13223588466644287
0.14681784808635712
0.16752417385578156
0.15666575729846954
0.14447233080863953
0.14026783406734467
0.14997540414333344
0.136398047208786
0.1475478857755661
0.13695114850997925
0.14356733858585358
0.13543054461479187
0.14445485174655914
0.15961211919784546
0.1397375613451004
0.14318254590034485
0.1493464857339859
0.1323603391647339
0.13526920974254608
0.12684454023838043
0.149329274892807
0.16017667949199677
0.11945714056491852
0.14361557364463806
0.12912800908088684
0.1470673531293869
0.13692255318164825
0.13456539809703827
0.14786413311958313
0.1353384405374527
0.13737423717975616
0.13030433654785156
0.15281425416469574
0.14325477182865143
0.1428605020046234
0.12933485209941864
0.14951671659946442
0.12963475286960602
0.13296137750148773
0.13264836370944977
0.13915638625621796
0.13073498010635376
0.13717375695705414
0.13044540584087372
0.15607771277427673
0.1297900676727295
0.1544756144285202
0.14678974449634552
0.13089619576931
0.12340112030506134
0.13132525980472565
0.14030535519123077
0.12991857528686523
0.14395463466644287
0.14587704837322235
0.1498132050037384
0.11795467883348465
0.13231618702411652
0.16764868795871735
0.13454920053482056
0.1465873122215271
0.14331209659576416
0.1359153687953949
0.12504126131534576
0.14634443819522858
0.1382848173379898
0.13832244277000427
0.12852220237255096
0.1506860852241516
0.12302765995264053
0.13299646973609924
0.15051010251045227
0.12508662045001984
0.15077991783618927
0.14252249896526337
0.1391402781009674
0.1375546157360077
0.12828724086284637
0.14807067811489105
0.13066546618938446
0.11001119017601013
0.1263454109430313
0.1449984461069107
0.14109039306640625
0.12446913868188858
0.14582830667495728
0.12579894065856934
0.11500950902700424
0.12549765408039093
0.11760558187961578
0.15735816955566406
0.14678403735160828
0.12657392024993896
0.13219541311264038
0.1301114857196808
0.12772083282470703
0.14768843352794647
0.129893958568573
0.13264694809913635
0.13682018220424652
0.13866521418094635
0.12775017321109772
0.13078626990318298
0.13407446444034576
0.1468145102262497
0.14082539081573486
0.12692032754421234
0.1485249549150467
0.14590656757354736
0.12385566532611847
0.1472473442554474
0.13809940218925476
0.134262815117836
0.1587497591972351
0.13781820237636566
0.12479855865240097
0.13375350832939148
0.13420969247817993
0.14799991250038147
0.11501460522413254
0.12853671610355377
0.1487998068332672
0.13452458381652832
0.12465696036815643
0.1370481699705124
0.14181751012802124
0.13798744976520538
0.14235925674438477
0.1351885050535202
0.12901434302330017
0.13350547850131989
0.1260203719139099
0.13869771361351013
0.1250103861093521
0.10991015285253525
0.11527805775403976
0.12410486489534378
0.13977286219596863
0.12885256111621857
0.1243821233510971
0.13729125261306763
0.14606089890003204
0.13017311692237854
0.11317671835422516
0.12342715263366699
0.12358115613460541
0.14130516350269318
0.12376365810632706
0.1256313920021057
0.13662706315517426
0.11315029114484787
0.13315291702747345
0.13892072439193726
0.12619417905807495
0.15339785814285278
0.13383790850639343
0.12806303799152374
0.12031401693820953
0.13110411167144775
0.1534775197505951
0.12290492653846741
0.12417396903038025
0.1301994025707245
0.13025908172130585
0.11831928789615631
0.12546010315418243
0.1348421573638916
0.12584008276462555
0.12392571568489075
0.13674643635749817
0.12742914259433746
0.1270691603422165
0.13789671659469604
0.11818376928567886
0.12540766596794128
0.1340733766555786
0.13790717720985413
0.12029523402452469
0.13321265578269958
0.14526093006134033
0.13637466728687286
0.13765695691108704
0.1293586641550064
0.13454608619213104
0.11843425035476685
0.13961553573608398
0.13767953217029572
0.10971727967262268
0.12960849702358246
0.12220480293035507
0.11556248366832733
0.14201456308364868
0.1160915270447731
0.11473965644836426
0.13479459285736084
0.14492924511432648
0.13551507890224457
0.12484446167945862
0.10266575217247009
0.1335301548242569
0.1258232742547989
0.13110092282295227
0.11030696332454681
0.12018897384405136
0.15211251378059387
0.1247405856847763
0.13014408946037292
0.13239331543445587
0.13506290316581726
0.1387224644422531
0.1253594160079956
0.13672377169132233
0.1264880895614624
0.1448250114917755
0.13263851404190063
0.1271413415670395
0.1299608200788498
0.11968938261270523
0.13759459555149078
0.1311987191438675
0.1253175586462021
0.11963986605405807
0.13404275476932526
0.11677206307649612
0.12940123677253723
0.13436175882816315
0.1205296590924263
0.12801215052604675
0.11724423617124557
0.14627976715564728
0.13815246522426605
0.1276843249797821
0.13992919027805328
0.14941225945949554
0.12292132526636124
0.12980309128761292
0.14163783192634583
0.1309087574481964
0.1402735710144043
0.11348357051610947
0.12868839502334595
0.1270458847284317
0.12406857311725616
0.12683384120464325
0.13648954033851624
0.13709664344787598
0.1363413780927658
0.12242487818002701
0.11971627920866013
0.12073574960231781
0.1284511238336563
0.12027530372142792
0.12508946657180786
0.1263861507177353
0.14099842309951782
0.12297569960355759
0.12593822181224823
0.1463935822248459
0.13767322897911072
0.11443530768156052
0.13247551023960114
0.1316184401512146
0.13075852394104004
0.11791987717151642
0.13769802451133728
0.12442042678594589
0.11912123113870621
0.11339548975229263
0.12489716708660126
