0.713208794593811
0.6742710471153259
0.6542965173721313
0.6141772270202637
0.6165463328361511
0.602794349193573
0.6067689061164856
0.5778212547302246
0.5782228112220764
0.5583008527755737
0.5339030623435974
0.5499056577682495
0.5261080265045166
0.5485910177230835
0.5044321417808533
0.5292841792106628
0.5192223787307739
0.4920353889465332
0.4635900557041168
0.5010730028152466
0.4610680341720581
0.4865155518054962
0.4363517761230469
0.4663442373275757
0.4372695982456207
0.4285096824169159
0.4379313290119171
0.43205398321151733
0.46100786328315735
0.424800306558609
0.44949811697006226
0.4245424270629883
0.40638238191604614
0.40014442801475525
0.4173469841480255
0.4273633658885956
0.44611984491348267
0.41188135743141174
0.42721763253211975
0.4077407419681549
0.4116014540195465
0.39424243569374084
0.38951054215431213
0.4124959707260132
0.3865675628185272
0.39315667748451233
0.41480234265327454
0.3824465274810791
0.37194398045539856
0.3773426413536072
0.39374643564224243
0.39179515838623047
0.4092983901500702
0.3900678753852844
0.38280531764030457
0.38763588666915894
0.3701801598072052
0.3663027584552765
0.3868314027786255
0.3770657777786255
0.3656974732875824
0.3605286180973053
0.3671298325061798
0.35890451073646545
0.36878398060798645
0.37822598218917847
0.36274290084838867
0.36771151423454285
0.3524051904678345
0.3634492754936218
0.3473154604434967
0.3740469217300415
0.36694034934043884
0.35247430205345154
0.3495849072933197
0.3353840112686157
0.31422144174575806
0.33052539825439453
0.34988731145858765
0.34534162282943726
0.31595295667648315
0.35453668236732483
0.3560898005962372
0.35968518257141113
0.3394366204738617
0.35360050201416016
0.3050132393836975
0.33976811170578003
0.3267817199230194
0.32683509588241577
0.3186122179031372
0.32461512088775635
0.3322211503982544
0.32544398307800293
0.30361121892929077
0.33294036984443665
0.32430633902549744
0.3004836142063141
0.3060668110847473
0.3093649744987488
0.31921857595443726
0.3095170855522156
0.3354140818119049
0.31953051686286926
0.3062697649002075
0.3067643344402313
0.3119257688522339
0.28931868076324463
0.30320221185684204
0.2899121344089508
0.30105310678482056
0.2893456518650055
0.30509576201438904
0.30026575922966003
0.31739577651023865
0.2946505844593048
0.30599698424339294
0.2974430024623871
0.2816651463508606
0.2961539626121521
0.3123657703399658
0.29368531703948975
0.3142809271812439
0.28825822472572327
0.2864706814289093
0.2894269526004791
0.3079916834831238
0.28779879212379456
0.2910510003566742
0.28737589716911316
0.2987593710422516
0.3033946752548218
0.2919359803199768
0.27671900391578674
0.28921616077423096
0.2852291166782379
0.287295937538147
0.2794947028160095
0.25998446345329285
0.2779904305934906
0.2733146846294403
0.2743568420410156
0.25997260212898254
0.2818566560745239
0.2757999002933502
0.2831117510795593
0.2451062798500061
0.2644079923629761
0.25744763016700745
0.2724931538105011
0.2651579976081848
0.28690025210380554
0.2599600553512573
0.2449701875448227
0.25899872183799744
0.2605367600917816
0.23723629117012024
0.26038530468940735
0.2731962502002716
0.2536696791648865
0.2514168918132782
0.2547711133956909
0.2428416609764099
0.2527483105659485
0.26082029938697815
0.2428378462791443
0.24982640147209167
0.24607282876968384
0.25728991627693176
0.2468288093805313
0.24405033886432648
0.2610500156879425
0.25811126828193665
0.24724571406841278
0.24041609466075897
0.23571941256523132
0.24235683679580688
0.2579383850097656
0.2528592348098755
0.24024607241153717
0.23373892903327942
0.2367457002401352
0.23334947228431702
0.24217171967029572
0.23931670188903809
0.22580160200595856
0.23249498009681702
0.20887064933776855
0.22777098417282104
0.2347659468650818
0.21139758825302124
0.21533678472042084
0.24343998730182648
0.23140393197536469
0.22902539372444153
0.24407532811164856
0.22250449657440186
0.21488496661186218
0.2024986296892166
0.21838252246379852
0.23108993470668793
0.21908341348171234
0.1990126669406891
0.2126844823360443
0.21996644139289856
0.23183436691761017
0.20653490722179413
0.2181672602891922
0.2427690476179123
0.20960091054439545
0.21566058695316315
0.21415838599205017
0.23512698709964752
0.23621037602424622
0.19488143920898438
0.22142601013183594
0.21284592151641846
0.21743734180927277
0.22792507708072662
0.2197517603635788
0.21729989349842072
0.21758350729942322
0.20023909211158752
0.20828454196453094
0.22314755618572235
0.21561259031295776
0.20371082425117493
0.21313896775245667
0.22151531279087067
0.21952052414417267
0.2085905522108078
0.21065957844257355
0.21438154578208923
0.22095708549022675
0.22037069499492645
0.19773662090301514
0.22224590182304382
0.19215446710586548
0.21327318251132965
0.1973465085029602
0.20596002042293549
0.2030901163816452
0.2108498513698578
0.20869792997837067
0.20400458574295044
0.19714216887950897
0.18695123493671417
0.21698392927646637
0.1814350038766861
0.19843295216560364
0.19647569954395294
0.1934896856546402
0.2173123061656952
0.19516533613204956
0.20204778015613556
0.18359431624412537
0.1763175129890442
0.2284594178199768
0.17713499069213867
0.19359175860881805
0.1823279708623886
0.18687349557876587
0.1892876774072647
0.18225516378879547
0.18932577967643738
0.17691296339035034
0.17160369455814362
0.21242938935756683
0.1962077021598816
0.1819571852684021
0.19260667264461517
0.2001078724861145
0.2034912407398224
0.18545465171337128
0.2015562653541565
0.19144569337368011
0.18248456716537476
0.18413253128528595
0.20890235900878906
0.172861248254776
0.18552620708942413
0.19632597267627716
0.1848042756319046
0.17992010712623596
0.1654585301876068
0.18196004629135132
0.16047808527946472
0.1760987639427185
0.173466295003891
0.18814842402935028
0.18839237093925476
0.17342320084571838
0.18222148716449738
0.17637023329734802
0.19096432626247406
0.18031275272369385
0.21324612200260162
0.20699003338813782
0.19860944151878357
0.20077653229236603
0.166082501411438
0.18092109262943268
0.1924634426832199
0.18570546805858612
0.1702616810798645
0.1679471880197525
0.17065086960792542
0.18563824892044067
0.16926707327365875
0.20236462354660034
0.18292169272899628
0.19773077964782715
0.18248052895069122
0.177367702126503
0.19042344391345978
0.1783284693956375
0.1668473184108734
0.1774953007698059
0.1808461993932724
0.19110062718391418
0.1902288943529129
0.18878939747810364
0.17834313213825226
0.16896335780620575
0.17120903730392456
0.166489377617836
0.1658654659986496
0.16656704246997833
0.181461900472641
0.1827087551355362
0.18601875007152557
0.18861746788024902
0.17767079174518585
0.19108016788959503
0.17849108576774597
0.16420350968837738
0.15329225361347198
0.1734350025653839
0.17555966973304749
0.17928661406040192
0.18892069160938263
0.15931352972984314
0.18483425676822662
0.20361748337745667
0.16826602816581726
0.1746021807193756
0.1632820963859558
0.17766563594341278
0.1730136126279831
0.1588663011789322
0.1905309557914734
0.16687075793743134
0.16850322484970093
0.17449040710926056
0.16014908254146576
0.1785467565059662
0.1885332465171814
0.19026024639606476
0.16699327528476715
0.16741664707660675
0.16598592698574066
0.1616116315126419
0.19119951128959656
0.16197174787521362
0.16874507069587708
0.16178274154663086
0.1717337667942047
0.16637349128723145
0.1597507745027542
0.18609891831874847
0.14355696737766266
0.16479983925819397
0.16692671179771423
0.18684451282024384
0.1553821861743927
0.1587599217891693
0.16455307602882385
0.2006828784942627
0.15415255725383759
0.15226531028747559
0.1858053356409073
0.17413590848445892
0.17210103571414948
0.16732342541217804
0.14803363382816315
0.18367575109004974
0.18133878707885742
0.14585761725902557
0.17097978293895721
0.16628332436084747
0.16972684860229492
0.16538329422473907
0.16424357891082764
0.1714714914560318
0.15553990006446838
0.16328738629817963
0.17704200744628906
0.16809970140457153
0.16145391762256622
0.15887925028800964
0.16898536682128906
0.1738109290599823
0.17114950716495514
0.16077637672424316
0.16050812602043152
0.15539853274822235
0.14921215176582336
0.17097947001457214
0.16473758220672607
0.15304164588451385
0.1778540164232254
0.17402023077011108
0.17478090524673462
0.14941678941249847
0.16644695401191711
0.16996411979198456
0.1607237458229065
0.1766049563884735
0.16163679957389832
0.1499464213848114
0.1542671024799347
0.16965042054653168
0.1559024304151535
0.1528824120759964
0.16552414000034332
0.17952285706996918
0.1782955527305603
0.16108624637126923
0.16018274426460266
0.16088518500328064
0.14761300384998322
0.15501730144023895
0.16949796676635742
0.1792430430650711
0.15065637230873108
0.16468562185764313
0.1762845814228058
0.14848323166370392
0.16578704118728638
0.16615930199623108
0.18731644749641418
0.17780502140522003
0.15811187028884888
0.1499970406293869
0.14310792088508606
0.16669775545597076
0.18568658828735352
0.15550340712070465
0.14916393160820007
0.17084403336048126
0.15229330956935883
0.18977312743663788
0.1761809140443802
0.1664140820503235
0.16756747663021088
0.16608047485351562
0.1767776608467102
0.1675141304731369
0.17003551125526428
0.16207553446292877
0.1621643304824829
0.15227296948432922
0.14299583435058594
0.18141420185565948
0.1550862342119217
0.15326613187789917
0.18354754149913788
0.17468546330928802
0.15963824093341827
0.17485055327415466
0.17248326539993286
0.1517912894487381
0.14526790380477905
0.14323315024375916
0.18028725683689117
0.16705095767974854
0.17985263466835022
0.15113689005374908
0.16522526741027832
0.15237174928188324
0.14536727964878082
0.15503115952014923
0.18648244440555573
0.15636400878429413
0.16093489527702332
0.14917372167110443
0.16185501217842102
0.1722889542579651
0.15024390816688538
0.18203142285346985
0.14424526691436768
0.16350246965885162
0.1626632809638977
0.1371994912624359
0.1505681723356247
0.15662887692451477
0.16806337237358093
0.16290362179279327
0.15138791501522064
0.15834423899650574
0.155882328748703
0.15922272205352783
0.1668088138103485
0.14864347875118256
0.15690173208713531
0.1525285542011261
0.1485404670238495
0.15196029841899872
0.14024925231933594
0.1781722754240036
0.1584385335445404
0.13954943418502808
0.16967657208442688
0.1674290895462036
0.13756312429904938
0.1621619611978531
0.1845223307609558
0.15878398716449738
0.1576400250196457
0.1519865095615387
0.1698349118232727
0.16114550828933716
0.15194278955459595
0.16956712305545807
0.15141479671001434
0.1543082594871521
0.15180277824401855
0.1646272987127304
0.16309086978435516
0.16156867146492004
0.16299358010292053
0.165017768740654
0.1595848798751831
0.14468729496002197
0.16954675316810608
0.1500626504421234
0.13828079402446747
0.15860393643379211
0.1473013162612915
0.15506511926651
0.15302179753780365
0.15341143310070038
0.1603655368089676
0.15706239640712738
0.1521008163690567
0.17362815141677856
0.15795373916625977
0.17093467712402344
0.1648378074169159
0.14950735867023468
0.13547863066196442
0.15742097795009613
0.14969377219676971
0.1613876074552536
0.1392550766468048
0.1439553052186966
0.13413947820663452
0.13734079897403717
0.13921646773815155
0.1810765415430069
0.147192120552063
0.1542051136493683
0.15503816306591034
0.1439729779958725
0.14935603737831116
0.13736991584300995
0.15127874910831451
0.16765522956848145
0.15498030185699463
0.14835596084594727
0.1732534021139145
0.1420372724533081
0.14757609367370605
0.16165383160114288
0.15138280391693115
0.17147736251354218
0.17207814753055573
0.16524730622768402
0.18739786744117737
0.14526215195655823
0.13997960090637207
0.16453519463539124
0.14975951611995697
0.14719517529010773
0.16455453634262085
0.14366070926189423
0.15651623904705048
0.1363518089056015
0.14267683029174805
0.1336149275302887
0.17664074897766113
0.17259669303894043
0.16861549019813538
0.15015605092048645
0.15362726151943207
0.15642154216766357
0.14732936024665833
0.16505387425422668
0.1665264070034027
0.1454213261604309
0.13569223880767822
0.16738255321979523
0.1564045548439026
0.16302910447120667
0.1661148965358734
0.16485106945037842
0.16968491673469543
0.15290617942810059
0.15391001105308533
0.17409946024417877
