0.7920593619346619
0.5596803426742554
0.49250009655952454
0.4324282705783844
0.43482404947280884
0.40173235535621643
0.4078761339187622
0.3794066607952118
0.37203437089920044
0.3740723133087158
0.3547849953174591
0.3443060517311096
0.32749032974243164
0.31861671805381775
0.2995457649230957
0.3081734776496887
0.3192768692970276
0.3334462642669678
0.31966808438301086
0.29710614681243896
0.2988741099834442
0.27997511625289917
0.2791035771369934
0.3119976818561554
0.29350438714027405
0.27947500348091125
0.30521512031555176
0.2868797779083252
0.28739383816719055
0.27239352464675903
0.27286720275878906
0.2619272470474243
0.25800400972366333
0.23386219143867493
0.25344255566596985
0.2566274106502533
0.2515262961387634
0.26465556025505066
0.27249428629875183
0.24615657329559326
0.25417575240135193
0.2666856646537781
0.27351170778274536
0.2614419162273407
0.23271925747394562
0.22713889181613922
0.2568441331386566
0.24051427841186523
0.22373579442501068
0.24411162734031677
0.22299553453922272
0.2152005285024643
0.21296818554401398
0.21267485618591309
0.20817556977272034
0.20916788280010223
0.19854801893234253
0.18567682802677155
0.19048039615154266
0.17439743876457214
0.19184641540050507
0.19615128636360168
0.19266782701015472
0.20820145308971405
0.21958838403224945
0.20575502514839172
0.1830144077539444
0.17756874859333038
0.17213298380374908
0.18833476305007935
0.16904951632022858
0.1680472493171692
0.17127932608127594
0.16214776039123535
0.17141054570674896
0.1555040329694748
0.1584480255842209
0.17684069275856018
0.15088053047657013
0.17476071417331696
0.16005463898181915
0.1588672697544098
0.15950095653533936
0.16251392662525177
0.1506619155406952
0.15229719877243042
0.1414044201374054
0.1660667210817337
0.12065471708774567
0.1513662189245224
0.13454967737197876
0.139611154794693
0.12954893708229065
0.15100762248039246
0.12145313620567322
0.13705173134803772
0.1406150460243225
0.1784406453371048
0.16439999639987946
0.16723348200321198
0.12678183615207672
0.12681302428245544
0.13855870068073273
0.11820141226053238
0.13852663338184357
0.12633059918880463
0.12856315076351166
0.12325578927993774
0.12679247558116913
0.0987185388803482
0.12099023163318634
0.10661730915307999
0.11534730345010757
0.13066218793392181
0.08978960663080215
0.08420752733945847
0.1186298355460167
0.13639792799949646
0.11908524483442307
0.09801167994737625
0.10345754772424698
0.13991479575634003
0.1088942289352417
0.10192982852458954
0.10564965754747391
0.1132509782910347
0.08551429212093353
0.10571852326393127
0.09215447306632996
0.10970454663038254
0.0980466976761818
0.0907885804772377
0.09589727222919464
0.07959358394145966
0.11079000681638718
0.10986629873514175
0.1041540578007698
0.10641208291053772
0.11167298257350922
0.09163541346788406
0.10421038419008255
0.09620673954486847
0.08537006378173828
0.08100225031375885
0.1005505919456482
0.076302170753479
0.08727209270000458
0.08913996070623398
0.09469398111104965
0.08472497016191483
0.08940178900957108
0.07981979101896286
0.10158375650644302
0.07729081809520721
0.0894634798169136
0.08784355223178864
0.08109183609485626
0.0758417621254921
0.05974777415394783
0.07573968917131424
0.055749353021383286
0.07196962833404541
0.07853447645902634
0.0748303011059761
0.08631312102079391
0.0856911838054657
0.08755236119031906
0.06435447186231613
0.08111777156591415
0.07219769060611725
0.07011517882347107
0.055043045431375504
0.06731846928596497
0.05984167382121086
0.06454348564147949
0.05386406555771828
0.06396111100912094
0.07348815351724625
0.06231529638171196
0.07215313613414764
0.07471762597560883
0.06515518575906754
0.09558373689651489
0.06626077741384506
0.07266969978809357
0.06263676285743713
0.057958442717790604
0.04169469699263573
0.0849287286400795
0.0757342204451561
0.06296693533658981
0.07465345412492752
0.07288937270641327
0.07415632158517838
0.07578913122415543
0.06966225057840347
0.06254056841135025
0.07623226940631866
0.05644064396619797
0.06193067133426666
0.06086738780140877
0.040320396423339844
0.05615321546792984
0.06532119959592819
0.05669832602143288
0.04852477088570595
0.08680866658687592
0.04088617488741875
0.060673221945762634
0.05040917918086052
0.048930417746305466
0.06632420420646667
0.04878222942352295
0.0501968115568161
0.04610741138458252
0.05179388448596001
0.03798127919435501
0.07927369326353073
0.06632008403539658
0.04138389974832535
0.04363128915429115
0.05068349838256836
0.05138324573636055
0.0848015621304512
0.0408988781273365
0.05808349698781967
0.0650002658367157
0.049577705562114716
0.05129113420844078
0.05756163224577904
0.03760698810219765
0.04059089720249176
0.062286216765642166
0.0397460013628006
0.03491997718811035
0.059769246727228165
0.04204113036394119
0.053737081587314606
0.039044491946697235
0.05052100121974945
0.04124053195118904
0.040088437497615814
0.03180844336748123
0.03353438898921013
0.05597890540957451
0.04131319373846054
0.053590454161167145
0.035618674010038376
0.043739691376686096
0.04468034580349922
0.05007641762495041
0.04833116754889488
0.041190266609191895
0.06342748552560806
0.027856172993779182
0.053546007722616196
0.03248925507068634
0.08173850178718567
0.05592772737145424
0.06722624599933624
0.06192021444439888
0.042989350855350494
0.05324956774711609
0.036100421100854874
0.03555498644709587
0.041794776916503906
0.038349561393260956
0.030843475833535194
0.038176279515028
0.03325577452778816
0.05304839834570885
0.045149728655815125
0.04173480346798897
0.03269071504473686
0.03715981915593147
0.03997272998094559
0.04409312456846237
0.05158046633005142
0.043736666440963745
0.045567192137241364
0.04911221191287041
0.038284044712781906
0.03155117854475975
0.04948550462722778
0.040139567106962204
0.03477734699845314
0.0677163153886795
0.03870606794953346
0.041875433176755905
0.04147699847817421
0.05578599497675896
0.053233351558446884
0.038390591740608215
0.046057503670454025
0.04252885654568672
0.04874114319682121
0.0659581869840622
0.043006204068660736
0.045047689229249954
0.03905085101723671
0.04523206129670143
0.039293449372053146
0.02926838956773281
0.0457344651222229
0.034914106130599976
0.03652561083436012
0.036461543291807175
0.041427504271268845
0.03804010525345802
0.0367254763841629
0.053653813898563385
0.04588186368346214
0.04162707179784775
0.03889818117022514
0.0316169448196888
0.04266877844929695
0.0401112362742424
0.040430642664432526
0.041125521063804626
0.0412442609667778
0.03670341894030571
0.03723795339465141
0.03808366134762764
0.0512465238571167
0.02935604378581047
0.046345409005880356
0.03935106098651886
0.016148174181580544
0.030824502930045128
0.03199434280395508
0.03376489132642746
0.02993086725473404
0.0369621105492115
0.031881511211395264
0.02862238883972168
0.021846404299139977
0.03715967759490013
0.04312090203166008
0.04407922923564911
0.03543531149625778
0.030674513429403305
0.046404510736465454
0.03576899319887161
0.051047179847955704
0.030241793021559715
0.040447432547807693
0.024631742388010025
0.037488050758838654
0.030792200937867165
0.042671892791986465
0.040339842438697815
0.04532889276742935
0.021603712812066078
0.027674134820699692
0.03414999693632126
0.03336763381958008
0.048923127353191376
0.05037675052881241
0.028933031484484673
0.03641097620129585
0.034309808164834976
0.0438045859336853
0.02459857240319252
0.044417694211006165
0.04642167314887047
0.03848910704255104
0.024252312257885933
0.050100844353437424
0.02873518131673336
0.03648289293050766
0.030720869079232216
0.04962876811623573
0.03303227946162224
0.022375645115971565
0.03405110538005829
0.020659545436501503
0.02741723135113716
0.029883865267038345
0.020393721759319305
0.04406971111893654
0.036410633474588394
0.028508959338068962
0.021738937124609947
0.04311400279402733
0.04370998591184616
0.02637569047510624
0.02936014160513878
0.034572139382362366
0.01894341967999935
0.04658650606870651
0.019694123417139053
0.03419741615653038
0.020754631608724594
0.030543716624379158
0.036255065351724625
0.03211038187146187
0.03679266944527626
0.02959299273788929
0.03271981328725815
0.03867385908961296
0.03869158774614334
0.020959774032235146
0.02841770276427269
0.041078120470047
0.04315373674035072
0.03980960696935654
0.03197542950510979
0.03390306606888771
0.029468290507793427
0.033228762447834015
0.030710050836205482
0.05487446114420891
0.03213271126151085
0.05492570996284485
0.03458879142999649
0.01991233415901661
0.037872761487960815
0.041915711015462875
0.025072328746318817
0.03532257676124573
0.02916821837425232
0.05155515298247337
0.019069194793701172
0.025893520563840866
0.02078254707157612
0.027180995792150497
0.030929584056138992
0.03013732098042965
0.020765159279108047
0.0221097432076931
0.027085693553090096
0.023439807817339897
0.042916011065244675
0.03562944009900093
0.035616081207990646
0.03184792771935463
0.015104508958756924
0.049562565982341766
0.041464664041996
0.02169172838330269
0.044828761368989944
0.04930870607495308
0.027273977175354958
0.0501321516931057
0.015578094869852066
0.03241799771785736
0.03513383865356445
0.028568977490067482
0.02474084682762623
0.036953676491975784
0.0362866036593914
0.03040314093232155
0.03116334043443203
0.02718106471002102
0.026506617665290833
0.028701871633529663
0.042168959975242615
0.0269898921251297
0.032299283891916275
0.031707484275102615
0.03532145172357559
0.01874111220240593
0.038657233119010925
0.02265668660402298
0.042636752128601074
0.026220256462693214
0.025095393881201744
0.02490379847586155
0.0484456829726696
0.03071638196706772
0.03228270635008812
0.013223763555288315
0.04974578693509102
0.026509076356887817
0.02321815863251686
0.03327072039246559
0.01931145414710045
0.028292402625083923
0.042281754314899445
0.04035188630223274
0.015336993150413036
0.02903429977595806
0.027729349210858345
0.028045203536748886
0.03522489219903946
0.02938612550497055
0.021623579785227776
0.0292260330170393
0.026061398908495903
0.025048455223441124
0.023519020527601242
0.03686315938830376
0.03516846522688866
0.03144916519522667
0.02784963697195053
0.026720335707068443
0.016399607062339783
0.02608492411673069
0.02806653082370758
0.03143199905753136
0.03285565599799156
0.023417336866259575
0.029950153082609177
0.022259201854467392
0.025214698165655136
0.0224373210221529
0.02927367202937603
0.022274866700172424
0.025081725791096687
0.02634340710937977
0.04382207617163658
0.02423853427171707
0.02356654964387417
0.0403432734310627
0.04093262925744057
0.030052468180656433
0.028333913534879684
0.03561313450336456
0.023027269169688225
0.020450353622436523
0.027350666001439095
0.029986217617988586
0.026950165629386902
0.03197580948472023
0.01949462480843067
0.022721584886312485
0.022151460871100426
0.03265152499079704
0.027291731908917427
0.021381350234150887
0.027302810922265053
0.029130499809980392
0.027922270819544792
0.01531282626092434
0.03003668040037155
0.02933260053396225
0.023438001051545143
0.016941603273153305
0.02423728257417679
0.03231458738446236
0.031101161614060402
0.026094716042280197
0.029115738347172737
0.043797191232442856
0.04750829190015793
0.03283315151929855
0.02086385153234005
0.03034278191626072
0.02568046562373638
0.024388456717133522
0.03285958990454674
0.022216590121388435
0.020955344662070274
0.02903723157942295
0.030503608286380768
0.022914590314030647
0.03016085922718048
0.020683037117123604
0.01630357652902603
0.026035260409116745
0.01728825271129608
0.031841106712818146
0.017343394458293915
0.02587517537176609
0.020698582753539085
0.018986308947205544
0.02478930726647377
0.029025565832853317
0.03473100811243057
0.023223619908094406
0.035280052572488785
0.03507678210735321
0.03601928427815437
0.02438262850046158
0.013669939711689949
0.029837314039468765
0.03174188733100891
0.042624518275260925
0.02482364885509014
0.030454864725470543
0.03972209244966507
0.03210144117474556
0.01743399165570736
0.02765864133834839
0.043929990381002426
0.016427014023065567
0.02644403465092182
0.04798295721411705
0.022535741329193115
0.029836369678378105
0.02189716137945652
0.017053449526429176
0.0314624048769474
0.02337954193353653
0.018734406679868698
0.02885015495121479
0.027799202129244804
0.026931408792734146
0.024589557200670242
0.027593938633799553
0.025175338611006737
