0.7339380383491516
0.6231550574302673
0.5506261587142944
0.5124397873878479
0.4724690914154053
0.4421662986278534
0.427490234375
0.40878191590309143
0.40078073740005493
0.38907092809677124
0.3906448781490326
0.37342023849487305
0.3754059076309204
0.379700630903244
0.3762820065021515
0.359090656042099
0.36077678203582764
0.36941391229629517
0.3565242290496826
0.34425073862075806
0.3449932038784027
0.339935839176178
0.3428638279438019
0.3425648808479309
0.34237802028656006
0.3447180390357971
0.3381948173046112
0.33709537982940674
0.33238092064857483
0.32378897070884705
0.3315555453300476
0.3311740458011627
0.3224514126777649
0.32698675990104675
0.3250291645526886
0.30751705169677734
0.31230631470680237
0.3289354145526886
0.3159453868865967
0.31283503770828247
0.31470412015914917
0.3137950599193573
0.31721463799476624
0.3200441300868988
0.31646308302879333
0.3117622137069702
0.30747145414352417
0.3174012005329132
0.3112274408340454
0.3128851652145386
0.29961827397346497
0.3025813698768616
0.2988604009151459
0.3023964762687683
0.31174901127815247
0.3037874102592468
0.3071904480457306
0.29197728633880615
0.2992246150970459
0.2982264459133148
0.3020801842212677
0.29180774092674255
0.29439714550971985
0.2996142506599426
0.29560086131095886
0.28912073373794556
0.2885832190513611
0.29470863938331604
0.28716036677360535
0.28497764468193054
0.2919064462184906
0.28159308433532715
0.29301202297210693
0.27786555886268616
0.28536075353622437
0.2840963900089264
0.28640642762184143
0.27918940782546997
0.28520870208740234
0.2905619144439697
0.2804434597492218
0.2850932478904724
0.2731512784957886
0.26720383763313293
0.2872619032859802
0.28515735268592834
0.28561827540397644
0.2814653217792511
0.277728796005249
0.2878262400627136
0.2876240313053131
0.28777027130126953
0.27766433358192444
0.27668049931526184
0.2751043140888214
0.2595777213573456
0.26782816648483276
0.27656227350234985
0.27027982473373413
0.2752642333507538
0.26440727710723877
0.2737154960632324
0.27418965101242065
0.27859076857566833
0.26656243205070496
0.26266026496887207
0.2702201306819916
0.2685912847518921
0.2737945020198822
0.2511322498321533
0.27568918466567993
0.2593335211277008
0.2656521201133728
0.27380016446113586
0.26316672563552856
0.26990237832069397
0.27065548300743103
0.26239266991615295
0.2621965706348419
0.2687422037124634
0.26055240631103516
0.2618630826473236
0.24990975856781006
0.2583487927913666
0.2519928514957428
0.25489354133605957
0.27276676893234253
0.2534625232219696
0.257284015417099
0.25778499245643616
0.2551870048046112
0.2515081763267517
0.2502399981021881
0.2510718107223511
0.2520698606967926
0.2535858750343323
0.2546336352825165
0.2633107006549835
0.25635164976119995
0.2553982138633728
0.2688576579093933
0.25714200735092163
0.2608846127986908
0.2442960888147354
0.25195953249931335
0.2535223066806793
0.24619457125663757
0.24993784725666046
0.24529793858528137
0.252556174993515
0.2505536675453186
0.251969575881958
0.24304990470409393
0.2499595284461975
0.2503613531589508
0.25340476632118225
0.24719281494617462
0.23953601717948914
0.238536536693573
0.23572540283203125
0.24229171872138977
0.2427365779876709
0.25087684392929077
0.24240121245384216
0.2363356053829193
0.2358640879392624
0.2408110648393631
0.24078300595283508
0.24207757413387299
0.24273201823234558
0.2368890643119812
0.2337920069694519
0.2371620535850525
0.23569074273109436
0.24453212320804596
0.23661963641643524
0.23357902467250824
0.22868314385414124
0.24027907848358154
0.23538339138031006
0.23058922588825226
0.2265726774930954
0.24278727173805237
0.24107936024665833
0.24005866050720215
0.23367582261562347
0.23742887377738953
0.23270145058631897
0.23205813765525818
0.2373349964618683
0.232807457447052
0.2359132319688797
0.23802709579467773
0.23484806716442108
0.23244771361351013
0.2339872121810913
0.23678432404994965
0.23246809840202332
0.23843252658843994
0.24254950881004333
0.23449859023094177
0.23699161410331726
0.22870400547981262
0.229031503200531
0.21936985850334167
0.24354569613933563
0.24324284493923187
0.22543661296367645
0.22451646625995636
0.22002550959587097
0.2346159815788269
0.2288285791873932
0.22712451219558716
0.22745905816555023
0.22485291957855225
0.23234149813652039
0.2290220409631729
0.22565768659114838
0.2185201197862625
0.2295861691236496
0.23386475443840027
0.2322419136762619
0.23308230936527252
0.2346876859664917
0.2301880121231079
0.2341839075088501
0.23836837708950043
0.2256079763174057
0.2216433882713318
0.2246120572090149
0.2305934578180313
0.22936521470546722
0.22877274453639984
0.22274896502494812
0.2227354496717453
0.22081629931926727
0.22302110493183136
0.2222982794046402
0.21694059669971466
0.2185724973678589
0.22158193588256836
0.22282437980175018
0.22955818474292755
0.2059488743543625
0.21238461136817932
0.22354868054389954
0.22978942096233368
0.2282070815563202
0.2229490727186203
0.22374694049358368
0.21451908349990845
0.21526797115802765
0.2246168553829193
0.20988447964191437
0.22566132247447968
0.23239606618881226
0.22418203949928284
0.22732843458652496
0.21284791827201843
0.22223667800426483
0.21642351150512695
0.22380560636520386
0.22669942677021027
0.2155950665473938
0.22145774960517883
0.21417051553726196
0.2181483954191208
0.21598775684833527
0.2197510153055191
0.21915839612483978
0.20836052298545837
0.2212284803390503
0.21399158239364624
0.21186134219169617
0.2251064032316208
0.21986527740955353
0.2248627096414566
0.21145302057266235
0.2218794971704483
0.21654032170772552
0.21610139310359955
0.2139529138803482
0.22002363204956055
0.21068012714385986
0.23533134162425995
0.21266870200634003
0.2176452875137329
0.21183912456035614
0.22168892621994019
0.2322755604982376
0.20392237603664398
0.21512004733085632
0.22065092623233795
0.2191542088985443
0.21219287812709808
0.2189905047416687
0.2261633723974228
0.20898698270320892
0.20988547801971436
0.2166854292154312
0.2243461310863495
0.2113407403230667
0.21053430438041687
0.21985259652137756
0.20594580471515656
0.1994449943304062
0.22251152992248535
0.21458938717842102
0.21664749085903168
0.20762251317501068
0.21509739756584167
0.218396857380867
0.21277138590812683
0.2137507051229477
0.2154577374458313
0.21412615478038788
0.21322596073150635
0.20798084139823914
0.2200372815132141
0.22406210005283356
0.21082957088947296
0.21066248416900635
0.2161276787519455
0.21786803007125854
0.21475721895694733
0.22029997408390045
0.2179488241672516
0.21617721021175385
0.22003675997257233
0.2210361808538437
0.20050093531608582
0.20620512962341309
0.20654739439487457
0.21509172022342682
0.21027018129825592
0.21820959448814392
0.2109203338623047
0.21389466524124146
0.20227283239364624
0.2080819010734558
0.20530644059181213
0.22119596600532532
0.20586642622947693
0.22168955206871033
0.21343138813972473
0.21191059052944183
0.2084197998046875
0.20610566437244415
0.20918314158916473
0.20738503336906433
0.21380674839019775
0.22107313573360443
0.21520915627479553
0.20720477402210236
0.21390318870544434
0.21231932938098907
0.2074125111103058
0.20612622797489166
0.20138897001743317
0.20605847239494324
0.21462494134902954
0.20649726688861847
0.20413710176944733
0.21300843358039856
0.20863620936870575
0.21152101457118988
0.20567946135997772
0.20110808312892914
0.20112310349941254
0.20398584008216858
0.20767977833747864
0.20444820821285248
0.2016935497522354
0.20629991590976715
0.2036219835281372
0.2063203603029251
0.20697104930877686
0.2025456577539444
0.20637807250022888
0.2079588770866394
0.20484621822834015
0.20876488089561462
0.20958258211612701
0.20635487139225006
0.2111293077468872
0.2128625512123108
0.2155964970588684
0.19732210040092468
0.21106204390525818
0.20639021694660187
0.21048693358898163
0.20653878152370453
0.21508489549160004
0.20404013991355896
0.21053065359592438
0.19708028435707092
0.2083294838666916
0.21231327950954437
0.20818908512592316
0.20576322078704834
0.20762965083122253
0.20266315340995789
0.20177359879016876
0.20614862442016602
0.21800510585308075
0.2047298401594162
0.20583151280879974
0.19416780769824982
0.2150009721517563
0.20528167486190796
0.2091241329908371
0.20184434950351715
0.20922373235225677
0.1898048371076584
0.19808733463287354
0.2035665512084961
0.20741286873817444
0.20738764107227325
0.2051817774772644
0.22098210453987122
0.20559000968933105
0.2100764960050583
0.20032545924186707
0.20358316600322723
0.20293797552585602
0.2101808786392212
0.20758439600467682
0.1965751349925995
0.20896531641483307
0.20037627220153809
0.1974574476480484
0.19668765366077423
0.19293227791786194
0.20497459173202515
0.2054969072341919
0.20726743340492249
0.20053215324878693
0.2031891793012619
0.20472493767738342
0.2078399658203125
0.206532821059227
0.20054741203784943
0.18779432773590088
0.21049544215202332
0.21057040989398956
0.20552031695842743
0.20343081653118134
0.2018396556377411
0.20435169339179993
0.20282265543937683
0.19808954000473022
0.20179376006126404
0.2061024159193039
0.19432218372821808
0.20456267893314362
0.20627127587795258
0.2001606523990631
0.20445646345615387
0.19497890770435333
0.19936230778694153
0.18843698501586914
0.1917480230331421
0.19902609288692474
0.1975056380033493
0.20046913623809814
0.20163986086845398
0.2047530859708786
0.20273402333259583
0.20374393463134766
0.20361651480197906
0.20676283538341522
0.20151595771312714
0.18967340886592865
0.2009759545326233
0.1965199112892151
0.1985367089509964
0.20646227896213531
0.2006533443927765
0.19890177249908447
0.20776526629924774
0.1960502713918686
0.205581933259964
0.20397165417671204
0.20168468356132507
0.207655668258667
0.21135519444942474
0.19944454729557037
0.19921013712882996
0.2012142539024353
0.20143650472164154
0.20106913149356842
0.20588664710521698
0.20832428336143494
0.20097699761390686
0.2146390676498413
0.19205529987812042
0.20314915478229523
0.20506533980369568
0.19609734416007996
0.20284608006477356
0.1950467973947525
0.2033674269914627
0.21009019017219543
0.2105831801891327
0.1931288242340088
0.20604178309440613
0.20465406775474548
0.1934831738471985
0.19343817234039307
0.2030828595161438
0.20049285888671875
0.20908211171627045
0.2099226415157318
0.1946752816438675
0.20237156748771667
0.19981049001216888
0.2035180926322937
0.20057378709316254
0.19616402685642242
0.20306335389614105
0.20725645124912262
0.2069779932498932
0.2034599781036377
0.19726477563381195
0.2013416737318039
0.2028278410434723
0.19130520522594452
0.19801563024520874
0.20877134799957275
0.1971133053302765
0.20130521059036255
0.20348630845546722
0.19906793534755707
0.20746657252311707
0.2022634744644165
0.20157913863658905
0.19904859364032745
0.19896820187568665
0.2006351500749588
0.20133265852928162
0.20617790520191193
0.20150461792945862
0.19234724342823029
0.20475441217422485
0.20896628499031067
0.19346967339515686
0.19458605349063873
0.19713540375232697
0.20571531355381012
0.19867733120918274
0.21315018832683563
0.19100172817707062
0.2032623589038849
0.2017049789428711
0.20140236616134644
0.20493587851524353
0.21045556664466858
0.20854291319847107
0.19712476432323456
0.1915770024061203
0.2117534577846527
0.1951632797718048
0.20045466721057892
0.2037477344274521
0.19914881885051727
0.20552051067352295
0.19900692999362946
0.20507657527923584
0.21064622700214386
0.19345547258853912
0.21152296662330627
0.19187694787979126
0.21281471848487854
0.1976536065340042
0.19696523249149323
0.19788837432861328
0.19027644395828247
0.19432346522808075
0.20794463157653809
0.19532334804534912
0.18811285495758057
0.19260884821414948
0.20318400859832764
0.19652555882930756
0.20612943172454834
0.19902808964252472
0.19861887395381927
0.1930447369813919
0.2109157294034958
0.1986185610294342
0.2002716064453125
0.1943330466747284
0.20280636847019196
0.18911699950695038
0.19559307396411896
0.20649851858615875
0.2130039781332016
0.1978091597557068
0.1891990453004837
0.19909724593162537
0.20141254365444183
0.20303520560264587
0.19783905148506165
0.19667990505695343
0.20840045809745789
0.21069835126399994
0.19730526208877563
0.2029362916946411
0.19388256967067719
0.1943255215883255
0.2030342072248459
0.1980486661195755
0.19429881870746613
0.19068029522895813
0.1991768777370453
0.19843341410160065
0.209145188331604
0.19846504926681519
0.20079882442951202
0.20055310428142548
0.1946808099746704
0.20561106503009796
0.19520354270935059
0.19492733478546143
0.20424209535121918
0.2057785838842392
