0.8310674428939819
0.5757447481155396
0.5443434715270996
0.4759894609451294
0.45799878239631653
0.45788276195526123
0.408616304397583
0.4373875856399536
0.4169938862323761
0.3820100724697113
0.420351505279541
0.4179263412952423
0.3720155656337738
0.3902726471424103
0.3559689521789551
0.3605293929576874
0.35657060146331787
0.3524607717990875
0.3347126245498657
0.3434012532234192
0.33736559748649597
0.35500556230545044
0.3524095416069031
0.3326633870601654
0.3063391447067261
0.3186178207397461
0.3386177718639374
0.3101128935813904
0.32449427247047424
0.31544941663742065
0.3208862543106079
0.3144379258155823
0.3078650236129761
0.29608985781669617
0.3178439736366272
0.2702423334121704
0.31210973858833313
0.2943192422389984
0.30023661255836487
0.28404074907302856
0.2777338922023773
0.30290502309799194
0.2895049452781677
0.28384271264076233
0.2796827256679535
0.28877004981040955
0.2745617926120758
0.2678106427192688
0.26970794796943665
0.26300501823425293
0.24508267641067505
0.24905088543891907
0.25934693217277527
0.2541033923625946
0.23478998243808746
0.2524278461933136
0.2475406527519226
0.2515272796154022
0.25001260638237
0.2539914548397064
0.25265979766845703
0.2525322735309601
0.24768789112567902
0.23413528501987457
0.23378880321979523
0.2415100336074829
0.21613813936710358
0.22022703289985657
0.21683207154273987
0.23312082886695862
0.22273629903793335
0.24195857346057892
0.22137030959129333
0.25917771458625793
0.25420039892196655
0.25076618790626526
0.24828341603279114
0.2287880778312683
0.2088068276643753
0.22597406804561615
0.22216233611106873
0.19988547265529633
0.2007237672805786
0.21478910744190216
0.20749536156654358
0.21090096235275269
0.2135237157344818
0.20942360162734985
0.19861239194869995
0.20655563473701477
0.20973673462867737
0.19329287111759186
0.18487197160720825
0.1840834617614746
0.19942177832126617
0.18111275136470795
0.1979876607656479
0.177608460187912
0.17272308468818665
0.1723799705505371
0.18068258464336395
0.15444698929786682
0.17797428369522095
0.1642007827758789
0.17981141805648804
0.18306119740009308
0.15761147439479828
0.14911103248596191
0.17216750979423523
0.15221494436264038
0.15767325460910797
0.1687566339969635
0.1577966809272766
0.16964313387870789
0.16639918088912964
0.16014298796653748
0.14957471191883087
0.1609666347503662
0.1838296502828598
0.15957200527191162
0.14992573857307434
0.16031120717525482
0.14352601766586304
0.15805532038211823
0.17706434428691864
0.17415904998779297
0.15297220647335052
0.14788152277469635
0.15104955434799194
0.135519877076149
0.1439671665430069
0.13053375482559204
0.12435890734195709
0.14255474507808685
0.12275667488574982
0.1149066686630249
0.10651557892560959
0.11427399516105652
0.11870303750038147
0.10833406448364258
0.12686680257320404
0.10626163333654404
0.12458902597427368
0.1233191192150116
0.11114130914211273
0.1084866002202034
0.10036668181419373
0.12465231865644455
0.12310674786567688
0.1273481249809265
0.10905017703771591
0.13393545150756836
0.10795024037361145
0.12163864821195602
0.10802491754293442
0.10670185089111328
0.14007970690727234
0.1168975681066513
0.12500284612178802
0.11509924381971359
0.10065126419067383
0.11553706973791122
0.11166683584451675
0.12659010291099548
0.1042109951376915
0.10964750498533249
0.08856283873319626
0.10523485392332077
0.09777840971946716
0.09671441465616226
0.10405059903860092
0.09308204799890518
0.10286930948495865
0.09877067804336548
0.1376141756772995
0.09557739645242691
0.09401937574148178
0.08045247197151184
0.09368710964918137
0.08962999284267426
0.0893903374671936
0.06996963173151016
0.09729775786399841
0.08995306491851807
0.08814061433076859
0.08462977409362793
0.08377978205680847
0.0926019474864006
0.08255946636199951
0.09720984101295471
0.0892043188214302
0.07475707679986954
0.08302100747823715
0.08857075870037079
0.07516150176525116
0.07703617960214615
0.08223237842321396
0.08195173740386963
0.0759880542755127
0.0776381567120552
0.1115640327334404
0.11318445950746536
0.09924996644258499
0.0921892449259758
0.0794709101319313
0.1041930615901947
0.10600892454385757
0.0825745090842247
0.0940639078617096
0.13316449522972107
0.09173327684402466
0.08407168835401535
0.07869278639554977
0.08888427913188934
0.09014405310153961
0.07891210913658142
0.08524946123361588
0.07673151046037674
0.07003463059663773
0.07753146439790726
0.08463575690984726
0.06632750481367111
0.0636167898774147
0.07422026246786118
0.07783029973506927
0.06169673800468445
0.10464337468147278
0.08476505428552628
0.05980191007256508
0.06351234763860703
0.06259515136480331
0.08245033025741577
0.06522710621356964
0.06720186769962311
0.059819296002388
0.05046208202838898
0.059339091181755066
0.07738108932971954
0.048052527010440826
0.05494658276438713
0.06291535496711731
0.05687183141708374
0.06257658451795578
0.06418133527040482
0.06255316734313965
0.06824584305286407
0.04871838912367821
0.07660412043333054
0.07663009315729141
0.07210545241832733
0.049267079681158066
0.070755735039711
0.05762036517262459
0.07161244004964828
0.0659930408000946
0.056801918894052505
0.055645380169153214
0.05976903438568115
0.07624951750040054
0.051618143916130066
0.07718583941459656
0.07951066642999649
0.08519221097230911
0.074887715280056
0.07314241677522659
0.05221923068165779
0.07622627913951874
0.06540731340646744
0.057507649064064026
0.05984346196055412
0.07904567569494247
0.06065536290407181
0.058699022978544235
0.05548406392335892
0.06324944645166397
0.058029547333717346
0.06769859790802002
0.0635628029704094
0.05457445979118347
0.06724211573600769
0.05344275012612343
0.05225721746683121
0.05761523172259331
0.058032747358083725
0.05135888606309891
0.04859554022550583
0.04642629623413086
0.06919960677623749
0.060232993215322495
0.055566586554050446
0.07363953441381454
0.05085330083966255
0.05673947557806969
0.04104029759764671
0.049957163631916046
0.05355663225054741
0.057748254388570786
0.06474027037620544
0.06572099030017853
0.044645749032497406
0.04695058614015579
0.04575430229306221
0.0441771075129509
0.05999412387609482
0.06147502362728119
0.04923373460769653
0.058239635080099106
0.06973135471343994
0.04921390116214752
0.05885831266641617
0.06283772736787796
0.05173712223768234
0.039483003318309784
0.052610475569963455
0.03679562360048294
0.04840574041008949
0.04278106242418289
0.08148457109928131
0.040307432413101196
0.03893059492111206
0.03722962737083435
0.03860575705766678
0.04153420031070709
0.05305226519703865
0.0513731949031353
0.07021544873714447
0.04053318873047829
0.04528060182929039
0.04176447540521622
0.04906323552131653
0.04619912803173065
0.04945949465036392
0.03032842092216015
0.056552279740571976
0.03960146754980087
0.04199334233999252
0.05106445774435997
0.0516960509121418
0.05278166010975838
0.04791732132434845
0.047629520297050476
0.03938095271587372
0.05091821774840355
0.052300695329904556
0.05437668040394783
0.04809248074889183
0.05622967332601547
0.042326342314481735
0.03914748877286911
0.05811670050024986
0.054261259734630585
0.03653422370553017
0.06495809555053711
0.06526189297437668
0.06792770326137543
0.03478565812110901
0.046949055045843124
0.04444184899330139
0.04627419263124466
0.05033047869801521
0.03292960301041603
0.03893426060676575
0.03977705538272858
0.056224945932626724
0.04084021970629692
0.038550276309251785
0.05575132369995117
0.052455220371484756
0.03697118163108826
0.04482496157288551
0.03824728727340698
0.03257618844509125
0.03371262922883034
0.04147865250706673
0.039929091930389404
0.029287826269865036
0.04127376899123192
0.0528528094291687
0.03885621577501297
0.06675809621810913
0.047688860446214676
0.04600529372692108
0.0498739592730999
0.037262145429849625
0.03921475261449814
0.040128353983163834
0.0401429757475853
0.031020615249872208
0.03433989733457565
0.04483069106936455
0.042672861367464066
0.03446038439869881
0.039091806858778
0.04631529003381729
0.02984955534338951
0.0821608453989029
0.05215561017394066
0.026695555076003075
0.03561985865235329
0.03433727100491524
0.04332363232970238
0.030799146741628647
0.04913466051220894
0.04737202078104019
0.04614320397377014
0.05087314918637276
0.04508184269070625
0.031628843396902084
0.04244786128401756
0.04219518601894379
0.041466813534498215
0.045728061348199844
0.03990993648767471
0.03223346173763275
0.04126068204641342
0.044983766973018646
0.03473281115293503
0.03498374670743942
0.04324803873896599
0.04469050094485283
0.05807168781757355
0.057155780494213104
0.047467026859521866
0.04424355924129486
0.036579474806785583
0.04192199930548668
0.030177464708685875
0.04207548126578331
0.02358691580593586
0.037191059440374374
0.02705923095345497
0.04156073182821274
0.03764183074235916
0.03753223642706871
0.044305868446826935
0.03401058539748192
0.03675733134150505
0.03275115415453911
0.053014446049928665
0.04850621521472931
0.04136034846305847
0.04759044945240021
0.03097766824066639
0.033893883228302
0.029196111485362053
0.04845491051673889
0.0464325025677681
0.043935827910900116
0.036651208996772766
0.034222014248371124
0.04683830216526985
0.038529250770807266
0.02858131378889084
0.029766401275992393
0.03641653060913086
0.03424981236457825
0.02907242812216282
0.028148535639047623
0.052393946796655655
0.042185138911008835
0.036348190158605576
0.04296180605888367
0.02880747616291046
0.027516456320881844
0.02582119032740593
0.028819812461733818
0.025148732587695122
0.03194334730505943
0.023417480289936066
0.04051132872700691
0.03097204677760601
0.03083229623734951
0.04595952481031418
0.03430188447237015
0.031731974333524704
0.015688952058553696
0.034019965678453445
0.035454701632261276
0.0501868762075901
0.04357508197426796
0.029052240774035454
0.03292379155755043
0.024134136736392975
0.04153987392783165
0.04156414419412613
0.03171878680586815
0.029729098081588745
0.038447946310043335
0.04098939895629883
0.027049608528614044
0.06007911637425423
0.03891311213374138
0.03628714010119438
0.025512419641017914
0.05493253096938133
0.033891379833221436
0.03352396562695503
0.03772735223174095
0.03853730112314224
0.0251040980219841
0.037404902279376984
0.04819069057703018
0.032586123794317245
0.04170016944408417
0.03350003436207771
0.04903439059853554
0.024961112067103386
0.04305025935173035
0.03300647810101509
0.032030653208494186
0.0265337023884058
0.027235575020313263
0.03254149109125137
0.03634236380457878
0.04014967009425163
0.062363579869270325
0.04272736608982086
0.034085411578416824
0.04182056337594986
0.028270311653614044
0.03177662938833237
0.026651721447706223
0.02204308845102787
0.03776328265666962
0.04339682310819626
0.03733988106250763
0.03534802794456482
0.03521701693534851
0.02684030495584011
0.027619846165180206
0.04104165360331535
0.030993422493338585
0.03238210827112198
0.03309843689203262
0.0401681587100029
0.02127641625702381
0.032007377594709396
0.04065236821770668
0.03153547644615173
0.02312992885708809
0.030152225866913795
0.0354788601398468
0.03159654140472412
0.043867457658052444
0.025032751262187958
0.027922499924898148
0.02013695426285267
0.03937311843037605
0.04399727284908295
0.03800172358751297
0.033594582229852676
0.03170667216181755
0.029207857325673103
0.031361281871795654
0.030374161899089813
0.026908820495009422
0.04559379443526268
0.02593470923602581
0.02444007247686386
0.028234602883458138
0.04581243917346001
0.032537348568439484
0.015597510151565075
0.041358351707458496
0.04833100736141205
0.05111818015575409
0.02651236578822136
0.03375758230686188
0.026221534237265587
0.03728540986776352
0.02203555777668953
0.04093607887625694
0.0325939878821373
0.028262559324502945
0.034696489572525024
0.027979107573628426
0.04630756750702858
0.03455886244773865
0.030931493267416954
0.030343888327479362
0.05181125923991203
0.02131328172981739
0.03761250525712967
0.048785436898469925
0.04044053703546524
0.03302770107984543
0.04112725332379341
0.028494849801063538
0.033298786729574203
0.024002019315958023
0.03802558407187462
0.031824711710214615
0.0314607210457325
0.027432141825556755
0.0336945503950119
0.0357721783220768
0.028155837208032608
0.03849320858716965
0.024853285402059555
0.030294762924313545
0.03260380029678345
0.03462504222989082
0.02697707526385784
0.03884303197264671
0.051852818578481674
0.036600470542907715
0.034820642322301865
0.03040935844182968
0.04708987846970558
0.025819702073931694
0.02289937250316143
0.030185526236891747
0.03160848096013069
0.04233429580926895
0.025064025074243546
0.04150397330522537
0.0344308502972126
0.036104585975408554
0.028070708736777306
0.028577664867043495
0.028377123177051544
0.03854672983288765
0.02397359348833561
0.03846700116991997
0.032458316534757614
