0.7058213353157043
0.5809969902038574
0.5326915979385376
0.5099667310714722
0.48501187562942505
0.4762882590293884
0.4752887487411499
0.45143088698387146
0.43307965993881226
0.4431356191635132
0.43323543667793274
0.40770477056503296
0.4464147388935089
0.4246148467063904
0.42886263132095337
0.4159686267375946
0.401715487241745
0.42225077748298645
0.3868843913078308
0.4065687358379364
0.4168927073478699
0.3918127119541168
0.3954271674156189
0.3746170103549957
0.379225492477417
0.3743568956851959
0.3604278564453125
0.3675120174884796
0.363547146320343
0.37524572014808655
0.3931136727333069
0.3669484853744507
0.36443570256233215
0.35889050364494324
0.3327186405658722
0.36753496527671814
0.35318851470947266
0.3659069836139679
0.33150988817214966
0.36051464080810547
0.33317384123802185
0.33089450001716614
0.3380244970321655
0.3310718834400177
0.32434046268463135
0.3336326777935028
0.3363235890865326
0.31931272149086
0.3291166424751282
0.31851375102996826
0.3304626941680908
0.320148229598999
0.3298846483230591
0.3154163658618927
0.312054306268692
0.3020770251750946
0.3269138038158417
0.30967241525650024
0.31352877616882324
0.2985721230506897
0.33257633447647095
0.3247397541999817
0.3071824908256531
0.30662208795547485
0.31218066811561584
0.3005119264125824
0.28205162286758423
0.2982299327850342
0.30582648515701294
0.3027607202529907
0.3076893985271454
0.29527705907821655
0.29260119795799255
0.28798261284828186
0.2912357449531555
0.2730729877948761
0.28689637780189514
0.2772020399570465
0.2828965187072754
0.2815287113189697
0.2970002591609955
0.2852298319339752
0.2624693512916565
0.25900277495384216
0.2911151647567749
0.27826815843582153
0.2783336341381073
0.24955174326896667
0.2599128782749176
0.26549404859542847
0.258076936006546
0.2734580934047699
0.2555729150772095
0.26745492219924927
0.25095924735069275
0.2594352960586548
0.26436471939086914
0.2505466938018799
0.26066136360168457
0.26340189576148987
0.2518307566642761
0.2491457462310791
0.2567219138145447
0.25025123357772827
0.26194876432418823
0.23538093268871307
0.23685771226882935
0.22931638360023499
0.2328268438577652
0.24066413938999176
0.22914814949035645
0.23886600136756897
0.24875783920288086
0.2124449610710144
0.23967036604881287
0.24156896770000458
0.22540631890296936
0.24243032932281494
0.24106310307979584
0.23913007974624634
0.2281174212694168
0.2088712900876999
0.23165035247802734
0.2208368182182312
0.22568383812904358
0.21143996715545654
0.20235435664653778
0.207985520362854
0.20765450596809387
0.19355900585651398
0.1989307403564453
0.1981240212917328
0.21049076318740845
0.22146187722682953
0.1977277547121048
0.20125707983970642
0.2138168066740036
0.2104249745607376
0.19595001637935638
0.17860537767410278
0.20151486992835999
0.20034170150756836
0.18749597668647766
0.20431509613990784
0.20363286137580872
0.2097005844116211
0.20645831525325775
0.18701505661010742
0.1887865513563156
0.18166908621788025
0.18656709790229797
0.1932828724384308
0.18541991710662842
0.2022208869457245
0.18320675194263458
0.1772635579109192
0.19611118733882904
0.18330655992031097
0.16839231550693512
0.19508250057697296
0.19398397207260132
0.17417418956756592
0.18732555210590363
0.1729903668165207
0.1763172298669815
0.16150882840156555
0.17136409878730774
0.1596943438053131
0.16291870176792145
0.17083081603050232
0.16179592907428741
0.17141656577587128
0.15761418640613556
0.18063603341579437
0.17298303544521332
0.16373305022716522
0.1701863706111908
0.17196063697338104
0.16415753960609436
0.1535760462284088
0.15971456468105316
0.16472208499908447
0.17797733843326569
0.1531844139099121
0.17557762563228607
0.16278384625911713
0.15724162757396698
0.15975353121757507
0.17924828827381134
0.15237952768802643
0.1667090505361557
0.15738290548324585
0.14139308035373688
0.1682102233171463
0.16799841821193695
0.14361818134784698
0.18108968436717987
0.16758105158805847
0.1681375354528427
0.16848041117191315
0.14997553825378418
0.14764463901519775
0.1566331535577774
0.14821022748947144
0.1513855904340744
0.1483084112405777
0.1565319299697876
0.15506228804588318
0.1391117423772812
0.1554414927959442
0.15724878013134003
0.1499236822128296
0.1878240555524826
0.13308878242969513
0.15800118446350098
0.14641204476356506
0.13856655359268188
0.16290344297885895
0.14644213020801544
0.1432541161775589
0.14613008499145508
0.14662116765975952
0.15308430790901184
0.12175780534744263
0.15086939930915833
0.14351460337638855
0.15064366161823273
0.14029057323932648
0.13995470106601715
0.15032924711704254
0.14977923035621643
0.13762269914150238
0.16665011644363403
0.15633711218833923
0.13898159563541412
0.12969942390918732
0.14086346328258514
0.13821937143802643
0.16305194795131683
0.12002413719892502
0.13089591264724731
0.12958288192749023
0.1348440796136856
0.14348375797271729
0.13572832942008972
0.12770619988441467
0.16185063123703003
0.15474876761436462
0.14098140597343445
0.12693531811237335
0.14011195302009583
0.13479852676391602
0.1379498392343521
0.12581254541873932
0.1244136393070221
0.1163884699344635
0.1482832282781601
0.14429320394992828
0.12411940097808838
0.12555918097496033
0.13185766339302063
0.1740041822195053
0.13985252380371094
0.1264287829399109
0.1229027584195137
0.13775834441184998
0.12530197203159332
0.13826371729373932
0.12550774216651917
0.12272751331329346
0.11695024371147156
0.13157744705677032
0.1410067081451416
0.12920425832271576
0.1331544816493988
0.12363076955080032
0.11523745208978653
0.11960382014513016
0.13197891414165497
0.13591694831848145
0.1290721893310547
0.13886800408363342
0.12925294041633606
0.12318678200244904
0.14378805458545685
0.12919843196868896
0.13439369201660156
0.12220005691051483
0.10654477775096893
0.1414722204208374
0.11993344873189926
0.13271464407444
0.1254843771457672
0.11771714687347412
0.13968339562416077
0.1385548859834671
0.12077794969081879
0.11117150634527206
0.1398148238658905
0.11873985826969147
0.1244710311293602
0.13842447102069855
0.12178490310907364
0.11890361458063126
0.12541794776916504
0.11208225786685944
0.10718788206577301
0.10325749963521957
0.14401036500930786
0.13193200528621674
0.13144223392009735
0.12076286971569061
0.14122189581394196
0.12684564292430878
0.11629779636859894
0.13094742596149445
0.12233705818653107
0.12475068122148514
0.10612761974334717
0.11001629382371902
0.1295156627893448
0.11695040762424469
0.11262308806180954
0.12512587010860443
0.12207795679569244
0.13322846591472626
0.12916778028011322
0.1261184811592102
0.12114173918962479
0.11826665699481964
0.12147210538387299
0.11012253910303116
0.11889740824699402
0.11882191151380539
0.12841758131980896
0.13680113852024078
0.11545125395059586
0.13162922859191895
0.1139063611626625
0.10227830708026886
0.09938708692789078
0.12970572710037231
0.11281827092170715
0.11290089786052704
0.1080123707652092
0.12433241307735443
0.11251138150691986
0.11299172788858414
0.12476266920566559
0.11311841756105423
0.12236367911100388
0.11506539583206177
0.13674196600914001
0.10302703827619553
0.0983988419175148
0.11960454285144806
0.12039828300476074
0.10044416040182114
0.11145325005054474
0.11879882216453552
0.10155748575925827
0.12770360708236694
0.11465362459421158
0.11242497712373734
0.09294910728931427
0.12782786786556244
0.09500397741794586
0.11374776065349579
0.1151672899723053
0.09928347170352936
0.11379677802324295
0.11399707198143005
0.1246463730931282
0.11010484397411346
0.11396929621696472
0.12482773512601852
0.1327018141746521
0.10898711532354355
0.1030721440911293
0.11698903888463974
0.11071348190307617
0.09365759789943695
0.10960248112678528
0.11978834122419357
0.12909488379955292
0.10609320551156998
0.10299480706453323
0.12656418979167938
0.09776119142770767
0.10697947442531586
0.09040167927742004
0.09164246916770935
0.10567645728588104
0.12013424187898636
0.13033851981163025
0.1119493767619133
0.09240453690290451
0.1032242476940155
0.10010676085948944
0.13361839950084686
0.11005399376153946
0.10330107808113098
0.10778310894966125
0.09897620975971222
0.11532755941152573
0.11044594645500183
0.1242649182677269
0.12005088478326797
0.11327356100082397
0.11394405364990234
0.11372842639684677
0.11733265221118927
0.11579601466655731
0.1080065369606018
0.11476826667785645
0.11097376048564911
0.1121588945388794
0.08605893701314926
0.11295680701732635
0.10956014692783356
0.12482905387878418
0.12659630179405212
0.1127227321267128
0.10805635154247284
0.10484158247709274
0.08863691240549088
0.10609248280525208
0.10282169282436371
0.11098839342594147
0.15103168785572052
0.12420456111431122
0.10272107273340225
0.09465520828962326
0.12322264909744263
0.09221366047859192
0.11543812602758408
0.11319475620985031
0.1136699840426445
0.09835656732320786
0.11849182099103928
0.11980967968702316
0.09501414746046066
0.09981004148721695
0.11196955293416977
0.10843249410390854
0.10443444550037384
0.1019936352968216
0.11352027207612991
0.09653802961111069
0.11570365726947784
0.10044387727975845
0.1157803162932396
0.11238228529691696
0.11529694497585297
0.09785865247249603
0.1051221564412117
0.10590627789497375
0.11480315029621124
0.10582269728183746
0.10219476372003555
0.08128143846988678
0.11346448957920074
0.11507243663072586
0.0937003344297409
0.10882167518138885
0.10685000568628311
0.11594682186841965
0.1099395602941513
0.10780537873506546
0.10618110001087189
0.08759468048810959
0.09763507544994354
0.1113862618803978
0.0950690433382988
0.09425690025091171
0.10621163994073868
0.10071512311697006
0.10339120030403137
0.1055278331041336
0.1152808889746666
0.09302040934562683
0.10443608462810516
0.11518095433712006
0.10436733812093735
0.09048666059970856
0.10536038130521774
0.10667349398136139
0.10299023240804672
0.10371676087379456
0.11554015427827835
0.10282967239618301
0.113701730966568
0.12275380641222
0.09946930408477783
0.09801094233989716
0.10292838513851166
0.10475973039865494
0.08870971202850342
0.09677010029554367
0.09988214075565338
0.10166403651237488
0.09205248206853867
0.10311423987150192
0.09897962212562561
0.10764886438846588
0.1039736345410347
0.11567586660385132
0.10939355194568634
0.10111548006534576
0.09623399376869202
0.10296620428562164
0.10959140211343765
0.10718625783920288
0.0928339958190918
0.08990468084812164
0.10362893342971802
0.1070810928940773
0.09317334741353989
0.10965932905673981
0.08950790762901306
0.0847017765045166
0.10161437094211578
0.09607434272766113
0.10296011716127396
0.11007970571517944
0.11536239087581635
0.09777213633060455
0.11334069073200226
0.10510788857936859
0.08335137367248535
0.10120023787021637
0.09003378450870514
0.09987466037273407
0.11071503907442093
0.09364499151706696
0.09806127846240997
0.10389275848865509
0.117012158036232
0.10845809429883957
0.08493626862764359
0.09451553225517273
0.09757433831691742
0.09614337235689163
0.0910501480102539
0.10408578813076019
0.09634002298116684
0.09428621828556061
0.08639856427907944
0.08685200661420822
0.12082374840974808
0.08451859652996063
0.09595130383968353
0.10927610099315643
0.1029103472828865
0.08528538793325424
0.10769722610712051
0.08737161755561829
0.0840597003698349
0.11655428260564804
0.11375684291124344
0.11003248393535614
0.10001541674137115
0.09340276569128036
0.09018247574567795
0.09858135133981705
0.12401735037565231
0.12169930338859558
0.08792103826999664
0.09617526829242706
0.08757112175226212
0.11409461498260498
0.10461755841970444
0.09280861169099808
0.1198514774441719
0.10354775935411453
0.09808991104364395
0.07921881973743439
0.09864723682403564
0.11007524281740189
0.09885629266500473
0.1025858223438263
0.08630001544952393
0.0959954783320427
0.12653005123138428
0.10110002756118774
0.11005980521440506
0.11229491978883743
0.10139553248882294
0.0960075706243515
0.10566949099302292
0.0986107587814331
0.09641093760728836
0.08513855934143066
0.09153451770544052
0.09018375724554062
0.10237360745668411
0.09668295085430145
0.09958618879318237
0.09979378432035446
0.10475236922502518
0.09967301040887833
