0.7490503787994385
0.5477057099342346
0.47073841094970703
0.43659383058547974
0.4008939862251282
0.4023717939853668
0.39199307560920715
0.38304248452186584
0.37290629744529724
0.3692580461502075
0.3619507849216461
0.3602067530155182
0.3434253931045532
0.353097528219223
0.3352394104003906
0.3378934860229492
0.34335631132125854
0.33937177062034607
0.3204026222229004
0.32208243012428284
0.3183739185333252
0.3064785599708557
0.31862497329711914
0.3160259425640106
0.31218865513801575
0.3047477602958679
0.294730544090271
0.3047914206981659
0.2965534031391144
0.30374956130981445
0.3023904263973236
0.3004756569862366
0.2963879704475403
0.2860606014728546
0.2862357497215271
0.29723429679870605
0.2849437892436981
0.2834048867225647
0.2814384400844574
0.2874036133289337
0.2822267711162567
0.2837509512901306
0.29698607325553894
0.2855624854564667
0.2798283100128174
0.27150607109069824
0.2705487310886383
0.26486626267433167
0.26833876967430115
0.26055198907852173
0.2588450312614441
0.27162376046180725
0.26720303297042847
0.2589413821697235
0.26616257429122925
0.25558793544769287
0.2594446539878845
0.2583024799823761
0.25070175528526306
0.26126599311828613
0.25222501158714294
0.2544213533401489
0.25423023104667664
0.2551386058330536
0.25344663858413696
0.24891026318073273
0.24930733442306519
0.2513159513473511
0.25234147906303406
0.24875198304653168
0.25403425097465515
0.2569088935852051
0.2456880360841751
0.23003284633159637
0.2501876652240753
0.24375100433826447
0.2332242876291275
0.23485533893108368
0.23448248207569122
0.24037054181098938
0.23731935024261475
0.24055121839046478
0.2392808496952057
0.2455161213874817
0.23190592229366302
0.2298865169286728
0.23479925096035004
0.22670878469944
0.2348395138978958
0.23104670643806458
0.22440718114376068
0.22814582288265228
0.2207099199295044
0.22230872511863708
0.23349565267562866
0.22407132387161255
0.23154182732105255
0.22268696129322052
0.22819815576076508
0.2207488715648651
0.2218540459871292
0.21824023127555847
0.22377909719944
0.21369831264019012
0.21180349588394165
0.21129798889160156
0.20762225985527039
0.21585175395011902
0.19840915501117706
0.20988872647285461
0.21341733634471893
0.2170935422182083
0.21155980229377747
0.19590774178504944
0.21064577996730804
0.2209823876619339
0.2063925862312317
0.2096978724002838
0.19661112129688263
0.21104711294174194
0.21297240257263184
0.1976335495710373
0.1932322084903717
0.20349082350730896
0.18917439877986908
0.19345538318157196
0.18922452628612518
0.206602081656456
0.19242526590824127
0.20400545001029968
0.19774356484413147
0.1883506178855896
0.18851767480373383
0.20211723446846008
0.18996308743953705
0.18656648695468903
0.18979927897453308
0.18263879418373108
0.1873522251844406
0.1863710880279541
0.194492369890213
0.1799575537443161
0.1908295601606369
0.18320432305335999
0.17904157936573029
0.17971153557300568
0.1835443675518036
0.18797755241394043
0.18194690346717834
0.1802731156349182
0.18740686774253845
0.18830937147140503
0.18069812655448914
0.18114541471004486
0.18118958175182343
0.1823737770318985
0.19463305175304413
0.1854962557554245
0.18035440146923065
0.18399512767791748
0.18929563462734222
0.1817038357257843
0.18405260145664215
0.1744142323732376
0.17578542232513428
0.1724323332309723
0.16377219557762146
0.1791297048330307
0.1767788827419281
0.17512431740760803
0.18096216022968292
0.18225540220737457
0.17811575531959534
0.1718738079071045
0.17978227138519287
0.17449818551540375
0.17308327555656433
0.17311222851276398
0.17831951379776
0.17397429049015045
0.16271746158599854
0.1755470633506775
0.17888446152210236
0.1667458415031433
0.17773814499378204
0.17031261324882507
0.17287154495716095
0.16750523447990417
0.17563462257385254
0.17176128923892975
0.17172664403915405
0.1717117875814438
0.17192324995994568
0.1747060865163803
0.16930387914180756
0.16891548037528992
0.17496158182621002
0.16687607765197754
0.16565196216106415
0.1645151972770691
0.17328676581382751
0.1590077131986618
0.16307051479816437
0.1615922451019287
0.16588231921195984
0.16780662536621094
0.1694253534078598
0.15567328035831451
0.16707973182201385
0.1621282696723938
0.16369211673736572
0.16340692341327667
0.16520769894123077
0.15915128588676453
0.15899071097373962
0.156377911567688
0.16025704145431519
0.15339605510234833
0.15787827968597412
0.1614292860031128
0.16436730325222015
0.1645880937576294
0.16291259229183197
0.15869595110416412
0.15437434613704681
0.15316811203956604
0.15113511681556702
0.15531712770462036
0.161424458026886
0.14867784082889557
0.15729086101055145
0.148812398314476
0.14033974707126617
0.14184698462486267
0.15458689630031586
0.15987089276313782
0.15882763266563416
0.1395159214735031
0.15621313452720642
0.15950629115104675
0.16162295639514923
0.1478545069694519
0.15972934663295746
0.15159066021442413
0.15687474608421326
0.14758752286434174
0.15445135533809662
0.1482200026512146
0.15581579506397247
0.14736458659172058
0.16107530891895294
0.16052423417568207
0.14648404717445374
0.14813639223575592
0.15118388831615448
0.14822730422019958
0.14255687594413757
0.1441783905029297
0.14975762367248535
0.16612394154071808
0.14422322809696198
0.14924748241901398
0.1394469290971756
0.14919741451740265
0.14603567123413086
0.14933767914772034
0.15074124932289124
0.144049733877182
0.14712415635585785
0.15082326531410217
0.14746305346488953
0.14373371005058289
0.15155167877674103
0.1596621721982956
0.14365626871585846
0.15201155841350555
0.15236714482307434
0.15015123784542084
0.14812695980072021
0.14492174983024597
0.15788541734218597
0.13917526602745056
0.15794193744659424
0.14446614682674408
0.1456037312746048
0.14823155105113983
0.13724827766418457
0.1416245400905609
0.14094676077365875
0.15153194963932037
0.14822028577327728
0.15360821783542633
0.1476536989212036
0.14626774191856384
0.1381518691778183
0.13060612976551056
0.1345916986465454
0.1486506313085556
0.1466667503118515
0.15525692701339722
0.12996359169483185
0.1390206664800644
0.1406843364238739
0.13476839661598206
0.14215093851089478
0.15134356915950775
0.1394655853509903
0.13743798434734344
0.14287163317203522
0.1350574940443039
0.13044482469558716
0.13816680014133453
0.1438165158033371
0.13653582334518433
0.14600087702274323
0.14953625202178955
0.13944648206233978
0.14610029757022858
0.1439015418291092
0.13413593173027039
0.1429106742143631
0.1453113704919815
0.14169779419898987
0.13198360800743103
0.13515470921993256
0.13514237105846405
0.1418207585811615
0.13858084380626678
0.13712231814861298
0.12748053669929504
0.13993778824806213
0.13297244906425476
0.13288746774196625
0.14218935370445251
0.1396760493516922
0.141019806265831
0.1474791020154953
0.1352611780166626
0.14291547238826752
0.13561712205410004
0.1398494690656662
0.13644489645957947
0.13444410264492035
0.13900519907474518
0.13567925989627838
0.13380692899227142
0.1365586519241333
0.13946212828159332
0.13904304802417755
0.12595950067043304
0.13232149183750153
0.1292739063501358
0.140345960855484
0.14302827417850494
0.11998768895864487
0.1312916874885559
0.12890711426734924
0.13365143537521362
0.13514386117458344
0.1304090917110443
0.1417229175567627
0.12814165651798248
0.13402606546878815
0.13130520284175873
0.13381139934062958
0.13543228805065155
0.14056341350078583
0.13480649888515472
0.13463059067726135
0.1381596326828003
0.12596197426319122
0.12992896139621735
0.1266229748725891
0.13605745136737823
0.13044269382953644
0.127313032746315
0.1309015452861786
0.13324043154716492
0.13087403774261475
0.1315212845802307
0.1359982043504715
0.13895496726036072
0.13360068202018738
0.13373765349388123
0.12689246237277985
0.1360485553741455
0.14312584698200226
0.13122591376304626
0.13809330761432648
0.13766327500343323
0.127732053399086
0.1271892488002777
0.13199898600578308
0.1288907378911972
0.13284535706043243
0.13966487348079681
0.13861550390720367
0.13234664499759674
0.12852990627288818
0.1277790069580078
0.13142913579940796
0.12852758169174194
0.12279049307107925
0.12266571074724197
0.1348292976617813
0.12817174196243286
0.13194958865642548
0.1263318955898285
0.1299206167459488
0.12944509088993073
0.13643226027488708
0.12989163398742676
0.13794651627540588
0.12907464802265167
0.11942759156227112
0.12971924245357513
0.128410205245018
0.12074702978134155
0.13583990931510925
0.12543149292469025
0.11726289987564087
0.13513612747192383
0.1315326988697052
0.13208767771720886
0.13286815583705902
0.12707796692848206
0.13072165846824646
0.12927189469337463
0.12819291651248932
0.1279255896806717
0.1357216238975525
0.13566532731056213
0.13773168623447418
0.12584295868873596
0.12697316706180573
0.1320275217294693
0.11479981988668442
0.1369694173336029
0.12220253050327301
0.12473998218774796
0.1243731677532196
0.13356518745422363
0.1327294260263443
0.12175047397613525
0.12038527429103851
0.12742936611175537
0.13323308527469635
0.14129053056240082
0.13364280760288239
0.1296304613351822
0.12253392487764359
0.1266249567270279
0.12449025362730026
0.13919515907764435
0.1266452819108963
0.12780141830444336
0.13039453327655792
0.13915930688381195
0.12108372151851654
0.12660416960716248
0.13066153228282928
0.12562645971775055
0.12796705961227417
0.1331034153699875
0.13117150962352753
0.137095108628273
0.1344633847475052
0.12189871072769165
0.12424582242965698
0.12173208594322205
0.12461473792791367
0.12752965092658997
0.12597623467445374
0.13392524421215057
0.12758159637451172
0.12734946608543396
0.12941178679466248
0.12450890243053436
0.12554992735385895
0.11439675837755203
0.12791414558887482
0.11883386969566345
0.12648464739322662
0.1211959645152092
0.12190541625022888
0.11628909409046173
0.11966922879219055
0.12577828764915466
0.1312817484140396
0.12794169783592224
0.1286628246307373
0.13630858063697815
0.12612387537956238
0.1268010437488556
0.12540830671787262
0.1318957358598709
0.12937693297863007
0.128232941031456
0.1306595504283905
0.136702299118042
0.12150929123163223
0.11896472424268723
0.12895329296588898
0.12430934607982635
0.13285231590270996
0.12982173264026642
0.13134849071502686
0.12675750255584717
0.11679574847221375
0.13587726652622223
0.12616200745105743
0.12155456840991974
0.13398140668869019
0.12912489473819733
0.13082078099250793
0.13294769823551178
0.12228164076805115
0.1241748034954071
0.1319078654050827
0.11866288632154465
0.11711572110652924
0.12867382168769836
0.12379677593708038
0.1253020018339157
0.12770883738994598
0.12168502807617188
0.12432432174682617
0.11995688825845718
0.12654516100883484
0.137496680021286
0.12906767427921295
0.12752631306648254
0.12220506370067596
0.13352002203464508
0.12560097873210907
0.12291629612445831
0.12256256490945816
0.1287616491317749
0.12629590928554535
0.11224980652332306
0.11440469324588776
0.12792068719863892
0.1271010935306549
0.13160096108913422
0.13788719475269318
0.12568798661231995
0.12152037769556046
0.12645041942596436
0.12498407810926437
0.12517262995243073
0.1263154149055481
0.13400781154632568
0.1270061731338501
0.12400758266448975
0.1224483847618103
0.11754264682531357
0.11993204057216644
0.12948516011238098
0.1163988783955574
0.13692615926265717
0.12915483117103577
0.12247804552316666
0.1302146166563034
0.11931038647890091
0.1393631547689438
0.11544947326183319
0.11408364027738571
0.12499096989631653
0.12530042231082916
0.13386139273643494
0.13255147635936737
0.12147048860788345
0.12796650826931
0.12218207865953445
0.12784767150878906
0.11617478728294373
0.12578749656677246
0.1367778182029724
0.11909952759742737
0.1342485547065735
0.13141730427742004
0.12056396156549454
0.12184716761112213
0.12363849580287933
0.12125778198242188
0.1210990622639656
0.12959931790828705
0.13261355459690094
0.13223572075366974
0.12088897079229355
0.12858739495277405
0.11676682531833649
0.11573915183544159
0.12696170806884766
0.1206798106431961
0.13233353197574615
0.11753375828266144
0.12658600509166718
0.12345453351736069
0.12204612046480179
0.1268969625234604
