0.5342679023742676
0.545171320438385
0.5436137318611145
0.5685358047485352
0.5778816342353821
0.6012461185455322
0.6090342402458191
0.6230529546737671
0.6666666865348816
0.6526479721069336
0.7024922370910645
0.7211837768554688
0.7133956551551819
0.7242990732192993
0.7305296063423157
0.7242990732192993
0.7352024912834167
0.7554517388343811
0.7429906725883484
0.7445482611656189
0.7492212057113647
0.7601246237754822
0.7507787942886353
0.7554517388343811
0.732087254524231
0.7694703936576843
0.7523364424705505
0.7507787942886353
0.7601246237754822
0.7601246237754822
0.7663551568984985
0.767912745475769
0.7461059093475342
0.7663551568984985
0.7725856900215149
0.7897196412086487
0.777258574962616
0.7912772297859192
0.795950174331665
0.7912772297859192
0.8130841255187988
0.8099688291549683
0.8037382960319519
0.8037382960319519
0.8068535923957825
0.8099688291549683
0.8084112405776978
0.8021807074546814
0.8161993622779846
0.8115264773368835
0.8068535923957825
0.8239875435829163
0.8084112405776978
0.8239875435829163
0.8146417737007141
0.8239875435829163
0.822429895401001
0.8302180767059326
0.8161993622779846
0.8317757248878479
0.8317757248878479
0.8317757248878479
0.8177570104598999
0.8193146586418152
0.8255451917648315
0.8380062580108643
0.822429895401001
0.8302180767059326
0.822429895401001
0.8348909616470337
0.8380062580108643
0.8239875435829163
0.8239875435829163
0.8333333134651184
0.8239875435829163
0.8302180767059326
0.836448609828949
0.8302180767059326
0.8255451917648315
0.8317757248878479
0.8302180767059326
0.8317757248878479
0.836448609828949
0.8442367315292358
0.8395638465881348
0.84112149477005
0.8333333134651184
0.8457943797111511
0.8348909616470337
0.8442367315292358
0.84112149477005
0.8395638465881348
0.8348909616470337
0.8380062580108643
0.8380062580108643
0.8302180767059326
0.84112149477005
0.8395638465881348
0.8442367315292358
0.8520249128341675
0.84112149477005
0.8380062580108643
0.84112149477005
0.84112149477005
0.8348909616470337
0.8380062580108643
0.8348909616470337
0.8380062580108643
0.8239875435829163
0.8317757248878479
0.8348909616470337
0.8380062580108643
0.8348909616470337
0.8442367315292358
0.8380062580108643
0.8380062580108643
0.8473520278930664
0.84112149477005
0.8426791429519653
0.8426791429519653
0.8380062580108643
0.8317757248878479
0.8566977977752686
0.836448609828949
0.84112149477005
0.8380062580108643
0.8348909616470337
0.8348909616470337
0.8442367315292358
0.8426791429519653
0.8504672646522522
0.8442367315292358
0.8395638465881348
0.84112149477005
0.8473520278930664
0.8457943797111511
0.84112149477005
0.8504672646522522
0.8566977977752686
0.8489096760749817
0.8504672646522522
0.8489096760749817
0.8520249128341675
0.8489096760749817
0.8380062580108643
0.8426791429519653
0.8566977977752686
0.84112149477005
0.84112149477005
0.8457943797111511
0.8520249128341675
0.8395638465881348
0.8442367315292358
0.8520249128341675
0.8520249128341675
0.84112149477005
0.8504672646522522
0.8473520278930664
0.8566977977752686
0.84112149477005
0.8504672646522522
0.836448609828949
0.8457943797111511
0.8426791429519653
0.8489096760749817
0.8582554459571838
0.8520249128341675
0.8489096760749817
0.8473520278930664
0.8489096760749817
0.8457943797111511
0.8520249128341675
0.8535825610160828
0.855140209197998
0.8582554459571838
0.8613707423210144
0.8535825610160828
0.8613707423210144
0.8644859790802002
0.8629283308982849
0.8582554459571838
0.8644859790802002
0.8504672646522522
0.8504672646522522
0.8520249128341675
0.8644859790802002
0.8613707423210144
0.8582554459571838
0.8613707423210144
0.8489096760749817
0.855140209197998
0.8629283308982849
0.8566977977752686
0.8644859790802002
0.8660436272621155
0.8660436272621155
0.8660436272621155
0.8629283308982849
0.8644859790802002
0.8691588640213013
0.8629283308982849
0.8676012754440308
0.8535825610160828
0.8629283308982849
0.8582554459571838
0.8613707423210144
0.8582554459571838
0.8691588640213013
0.8722741603851318
0.8489096760749817
0.8582554459571838
0.8676012754440308
0.8629283308982849
0.8598130941390991
0.8629283308982849
0.855140209197998
0.8629283308982849
0.8520249128341675
0.8520249128341675
0.8691588640213013
0.8707165122032166
0.8691588640213013
0.8769470453262329
0.8660436272621155
0.8582554459571838
0.8676012754440308
0.8629283308982849
0.8629283308982849
0.8753893971443176
0.8598130941390991
0.8613707423210144
0.8676012754440308
0.8613707423210144
0.8676012754440308
0.8707165122032166
0.8691588640213013
0.8660436272621155
0.8660436272621155
0.8613707423210144
0.8489096760749817
0.8738317489624023
0.8676012754440308
0.8644859790802002
0.8722741603851318
0.8629283308982849
0.8660436272621155
0.8613707423210144
0.8738317489624023
0.8707165122032166
0.8707165122032166
0.8520249128341675
0.8691588640213013
0.8738317489624023
0.8691588640213013
0.8629283308982849
0.8644859790802002
0.8738317489624023
0.8722741603851318
0.8629283308982849
0.8629283308982849
0.881619930267334
0.8691588640213013
0.8769470453262329
0.8660436272621155
0.8691588640213013
0.8691588640213013
0.8566977977752686
0.8707165122032166
0.8722741603851318
0.8738317489624023
0.8644859790802002
0.8722741603851318
0.8691588640213013
0.8753893971443176
0.8753893971443176
0.8629283308982849
0.8676012754440308
0.8738317489624023
0.8722741603851318
0.881619930267334
0.8660436272621155
0.8769470453262329
0.8831775784492493
0.8676012754440308
0.8676012754440308
0.8676012754440308
0.8691588640213013
0.8738317489624023
0.8660436272621155
0.8660436272621155
0.8707165122032166
0.8644859790802002
0.8738317489624023
0.8800622820854187
0.8847352266311646
0.8707165122032166
0.8738317489624023
0.8753893971443176
0.8691588640213013
0.8691588640213013
0.8644859790802002
0.8644859790802002
0.8785046935081482
0.8676012754440308
0.8769470453262329
0.8738317489624023
0.8831775784492493
0.8753893971443176
0.8722741603851318
0.881619930267334
0.881619930267334
0.8753893971443176
0.8691588640213013
0.8753893971443176
0.8722741603851318
0.8847352266311646
0.8800622820854187
0.8644859790802002
0.8800622820854187
0.8753893971443176
0.8738317489624023
0.8753893971443176
0.8753893971443176
0.8847352266311646
0.8753893971443176
0.8769470453262329
0.8722741603851318
0.8785046935081482
0.8707165122032166
0.8691588640213013
0.8862928152084351
0.8847352266311646
0.8847352266311646
0.881619930267334
0.8738317489624023
0.8707165122032166
0.8800622820854187
0.8831775784492493
0.8862928152084351
0.8785046935081482
0.8847352266311646
0.8722741603851318
0.8785046935081482
0.8800622820854187
0.881619930267334
0.881619930267334
0.8862928152084351
0.8862928152084351
0.8862928152084351
0.881619930267334
0.8769470453262329
0.8785046935081482
0.8800622820854187
0.8769470453262329
0.8769470453262329
0.8769470453262329
0.8800622820854187
0.8769470453262329
0.8769470453262329
0.8847352266311646
0.881619930267334
0.881619930267334
0.8753893971443176
0.8753893971443176
0.8753893971443176
0.8753893971443176
0.8753893971443176
0.8691588640213013
0.8738317489624023
0.8707165122032166
0.8769470453262329
0.8831775784492493
0.8738317489624023
0.8800622820854187
0.8785046935081482
0.8785046935081482
0.8909657597541809
0.8909657597541809
0.8847352266311646
0.8753893971443176
0.8831775784492493
0.881619930267334
0.8894081115722656
0.881619930267334
0.8878504633903503
0.8894081115722656
0.8894081115722656
0.8753893971443176
0.8800622820854187
0.8800622820854187
0.8894081115722656
0.8831775784492493
0.8769470453262329
0.8909657597541809
0.8894081115722656
0.881619930267334
0.8676012754440308
0.8800622820854187
0.8847352266311646
0.8785046935081482
0.8738317489624023
0.8862928152084351
0.8862928152084351
0.8831775784492493
0.8800622820854187
0.8738317489624023
0.881619930267334
0.8831775784492493
0.8691588640213013
0.8862928152084351
0.881619930267334
0.8940809965133667
0.8831775784492493
0.8800622820854187
0.881619930267334
0.8769470453262329
0.8753893971443176
0.8831775784492493
0.8909657597541809
0.8785046935081482
0.8847352266311646
0.8769470453262329
0.8753893971443176
0.8769470453262329
0.8831775784492493
0.8785046935081482
0.8894081115722656
0.8738317489624023
0.8831775784492493
0.8831775784492493
0.8769470453262329
0.8862928152084351
0.881619930267334
0.8925233483314514
0.881619930267334
0.8925233483314514
0.8831775784492493
0.8909657597541809
0.8925233483314514
0.8894081115722656
0.8862928152084351
0.8862928152084351
0.881619930267334
0.8909657597541809
0.8940809965133667
0.8909657597541809
0.881619930267334
0.8831775784492493
0.8831775784492493
0.8722741603851318
0.8894081115722656
0.8862928152084351
0.8831775784492493
0.8691588640213013
0.881619930267334
0.8800622820854187
0.8909657597541809
0.8753893971443176
0.8878504633903503
0.8831775784492493
0.8831775784492493
0.8862928152084351
0.8800622820854187
0.8831775784492493
0.881619930267334
0.8800622820854187
0.8831775784492493
0.881619930267334
0.8738317489624023
0.881619930267334
0.8831775784492493
0.8769470453262329
0.8925233483314514
0.8831775784492493
0.8785046935081482
0.8831775784492493
0.8847352266311646
0.8769470453262329
0.8878504633903503
0.8909657597541809
0.8862928152084351
0.8862928152084351
0.8769470453262329
0.8878504633903503
0.8925233483314514
0.8831775784492493
0.8769470453262329
0.8769470453262329
0.8800622820854187
0.8800622820854187
0.8894081115722656
0.8738317489624023
0.8785046935081482
0.8847352266311646
0.8847352266311646
0.895638644695282
0.8831775784492493
0.8847352266311646
0.8831775784492493
0.8738317489624023
0.8753893971443176
0.8878504633903503
0.881619930267334
0.881619930267334
0.8878504633903503
0.8831775784492493
0.8800622820854187
0.8847352266311646
0.8785046935081482
0.8831775784492493
0.8785046935081482
0.881619930267334
0.8862928152084351
0.8925233483314514
0.8862928152084351
0.8878504633903503
0.881619930267334
0.8831775784492493
0.8785046935081482
0.881619930267334
0.8925233483314514
0.8894081115722656
0.8738317489624023
0.8831775784492493
0.8862928152084351
0.8769470453262329
0.8894081115722656
0.8800622820854187
0.8831775784492493
0.8878504633903503
0.8831775784492493
0.881619930267334
0.8862928152084351
0.8940809965133667
0.8878504633903503
0.8909657597541809
0.8785046935081482
0.8909657597541809
0.8831775784492493
0.8862928152084351
0.8753893971443176
0.8894081115722656
0.8800622820854187
0.8909657597541809
0.8894081115722656
0.8862928152084351
0.881619930267334
0.8878504633903503
0.8940809965133667
0.881619930267334
0.8862928152084351
0.8894081115722656
0.8847352266311646
0.8878504633903503
0.8800622820854187
0.8909657597541809
0.8925233483314514
0.8831775784492493
0.8831775784492493
0.8909657597541809
0.8862928152084351
0.8909657597541809
0.8738317489624023
0.8878504633903503
0.8831775784492493
0.8847352266311646
0.8800622820854187
0.8753893971443176
0.8862928152084351
0.8831775784492493
0.8831775784492493
0.8940809965133667
0.8785046935081482
0.8738317489624023
0.8878504633903503
0.8753893971443176
0.8862928152084351
0.8831775784492493
0.8785046935081482
0.8862928152084351
0.8909657597541809
0.8847352266311646
0.8785046935081482
0.8862928152084351
0.881619930267334
0.8862928152084351
0.8831775784492493
0.8878504633903503
0.8785046935081482
0.8847352266311646
0.8847352266311646
0.8847352266311646
0.8753893971443176
0.8909657597541809
0.8878504633903503
0.8940809965133667
0.895638644695282
0.8894081115722656
0.881619930267334
0.8940809965133667
0.8831775784492493
0.8862928152084351
0.8971962332725525
0.8878504633903503
0.8831775784492493
0.8940809965133667
0.8831775784492493
0.8940809965133667
0.8862928152084351
0.8878504633903503
0.8894081115722656
0.8878504633903503
0.8831775784492493
0.8894081115722656
0.8800622820854187
0.8800622820854187
0.8800622820854187
0.8878504633903503
0.8925233483314514
0.8894081115722656
0.8894081115722656
0.8894081115722656
0.8878504633903503
0.8785046935081482
0.8894081115722656
0.8940809965133667
0.895638644695282
0.8878504633903503
0.8847352266311646
0.8878504633903503
0.8909657597541809
0.8862928152084351
0.8894081115722656
0.895638644695282
0.8831775784492493
0.8862928152084351
0.8862928152084351
0.8894081115722656
0.8862928152084351
0.8847352266311646
0.8707165122032166
0.8738317489624023
0.881619930267334
0.8940809965133667
0.8878504633903503
0.8940809965133667
0.8862928152084351
0.8800622820854187
0.8847352266311646
0.8909657597541809
0.8925233483314514
0.8862928152084351
0.8925233483314514
0.8909657597541809
0.8940809965133667
0.8785046935081482
0.8909657597541809
0.8894081115722656
0.8800622820854187
0.8847352266311646
0.8894081115722656
0.8862928152084351
0.8925233483314514
0.8831775784492493
0.8847352266311646
0.8925233483314514
0.8940809965133667
0.8862928152084351
0.8940809965133667
0.8753893971443176
0.8878504633903503
0.8847352266311646
0.8847352266311646
0.8909657597541809
0.8800622820854187
0.8878504633903503
0.8909657597541809
0.8722741603851318
0.8831775784492493
0.8800622820854187
0.8925233483314514
0.8785046935081482
0.8847352266311646
0.8925233483314514
0.8831775784492493
0.8894081115722656
0.8894081115722656
0.8862928152084351
0.8800622820854187
0.8894081115722656
0.8800622820854187
0.8738317489624023
0.8831775784492493
0.8753893971443176
0.8878504633903503
0.8878504633903503
0.8940809965133667
0.881619930267334
0.8847352266311646
0.8847352266311646
0.881619930267334
0.8862928152084351
0.8862928152084351
0.8894081115722656
0.881619930267334
0.8753893971443176
0.8894081115722656
0.8878504633903503
0.8800622820854187
0.8831775784492493
0.8925233483314514
0.8862928152084351
0.8925233483314514
0.8878504633903503
0.8862928152084351
0.8909657597541809
0.8878504633903503
0.8862928152084351
0.881619930267334
0.8909657597541809
0.8862928152084351
0.8785046935081482
0.881619930267334
0.8909657597541809
0.8862928152084351
0.8909657597541809
0.881619930267334
0.8785046935081482
0.8894081115722656
0.8800622820854187
0.8785046935081482
0.8878504633903503
0.8925233483314514
0.8862928152084351
0.8862928152084351
0.881619930267334
0.8800622820854187
0.8909657597541809
0.8847352266311646
0.8847352266311646
0.881619930267334
0.8847352266311646
0.8878504633903503
0.8769470453262329
0.8769470453262329
0.895638644695282
0.8878504633903503
0.8878504633903503
0.895638644695282
0.8831775784492493
0.8878504633903503
0.8862928152084351
0.8847352266311646
0.8847352266311646
0.8847352266311646
0.881619930267334
0.895638644695282
0.8971962332725525
0.8831775784492493
0.8831775784492493
0.8847352266311646
0.8909657597541809
0.8847352266311646
0.8831775784492493
0.8862928152084351
0.8925233483314514
0.8971962332725525
0.8785046935081482
0.8831775784492493
0.8909657597541809
0.8847352266311646
0.881619930267334
0.8831775784492493
0.8847352266311646
0.8878504633903503
0.8800622820854187
0.8925233483314514
0.8769470453262329
0.8862928152084351
0.8847352266311646
0.8894081115722656
0.8831775784492493
0.8862928152084351
0.8878504633903503
0.8800622820854187
0.8785046935081482
0.8878504633903503
0.8909657597541809
0.8894081115722656
0.8862928152084351
0.8909657597541809
0.8769470453262329
0.8831775784492493
0.8987538814544678
0.8925233483314514
0.8847352266311646
0.8800622820854187
0.8847352266311646
0.8894081115722656
0.8769470453262329
0.9003115296363831
0.8878504633903503
0.8831775784492493
0.8925233483314514
0.8847352266311646
0.881619930267334
0.8769470453262329
0.8785046935081482
0.8722741603851318
0.8862928152084351
0.8831775784492493
0.895638644695282
0.8878504633903503
0.8940809965133667
