0.9048314690589905
0.7940855622291565
0.7208410501480103
0.7121387720108032
0.6841358542442322
0.6430701613426208
0.6475993394851685
0.6114910244941711
0.5988826751708984
0.5966300368309021
0.6166900992393494
0.5672838091850281
0.5508078932762146
0.548051655292511
0.5547994375228882
0.565697431564331
0.520700216293335
0.5369670391082764
0.5347918272018433
0.49663421511650085
0.5158271789550781
0.5067211389541626
0.5002913475036621
0.4982386827468872
0.49009448289871216
0.4889935553073883
0.4793586730957031
0.4707178473472595
0.46087804436683655
0.47597837448120117
0.46656695008277893
0.46713897585868835
0.45635467767715454
0.4530852138996124
0.4672274589538574
0.4428316354751587
0.4352497458457947
0.4419354200363159
0.4419872760772705
0.42581233382225037
0.4739798307418823
0.44680339097976685
0.42889291048049927
0.43971937894821167
0.4279634952545166
0.4291456937789917
0.42097312211990356
0.43488970398902893
0.4221328794956207
0.40464726090431213
0.405283659696579
0.4110858142375946
0.4000670611858368
0.4087792634963989
0.39293161034584045
0.3966221511363983
0.39597803354263306
0.40941861271858215
0.39119139313697815
0.4001568853855133
0.3889225721359253
0.39594924449920654
0.3885684609413147
0.379698246717453
0.38192319869995117
0.4037731885910034
0.3729524612426758
0.39337730407714844
0.3968847990036011
0.3906342089176178
0.392929345369339
0.38350018858909607
0.36888617277145386
0.3750312924385071
0.3623858094215393
0.3679947555065155
0.3607700765132904
0.37177881598472595
0.36308255791664124
0.36760351061820984
0.3644675314426422
0.35612374544143677
0.37443768978118896
0.37807735800743103
0.3550220727920532
0.37589532136917114
0.36403289437294006
0.3729053735733032
0.344526082277298
0.379396915435791
0.34461846947669983
0.3432013988494873
0.34172335267066956
0.3462810218334198
0.3539815843105316
0.35450223088264465
0.33722835779190063
0.34754762053489685
0.3458901047706604
0.3290092647075653
0.34446147084236145
0.34980839490890503
0.3469582498073578
0.3210664987564087
0.34005075693130493
0.3445155620574951
0.3308425843715668
0.3264361023902893
0.3369942009449005
0.3354460299015045
0.33076244592666626
0.325579434633255
0.3139035701751709
0.320657879114151
0.3254564106464386
0.3272857069969177
0.3225242495536804
0.3210872411727905
0.3215496838092804
0.3227429986000061
0.32059288024902344
0.3145255744457245
0.31661903858184814
0.33330705761909485
0.3017766773700714
0.30945903062820435
0.3040418028831482
0.301700234413147
0.30595663189888
0.32337531447410583
0.3201770484447479
0.31087252497673035
0.31664180755615234
0.3225759267807007
0.30143842101097107
0.3009900152683258
0.3068271577358246
0.28558260202407837
0.30695563554763794
0.2937735915184021
0.29730236530303955
0.3087756037712097
0.31013765931129456
0.3027707040309906
0.3037494122982025
0.2987642288208008
0.2937905490398407
0.299798846244812
0.2937372624874115
0.2878778874874115
0.286460816860199
0.29884788393974304
0.3045309782028198
0.293864369392395
0.2951323986053467
0.2846646308898926
0.29267847537994385
0.3065595030784607
0.2770288586616516
0.2871381938457489
0.29439571499824524
0.2739395499229431
0.2701817750930786
0.26984289288520813
0.2755739390850067
0.30992943048477173
0.2795679271221161
0.2786286473274231
0.28881993889808655
0.2784595787525177
0.29136237502098083
0.2981012463569641
0.2759687304496765
0.2901868522167206
0.2885943651199341
0.26529091596603394
0.2645231783390045
0.28327426314353943
0.27479982376098633
0.26936250925064087
0.27327650785446167
0.26601800322532654
0.2766020894050598
0.2838132381439209
0.269491970539093
0.28540000319480896
0.2762780487537384
0.2716638147830963
0.290920227766037
0.2739037871360779
0.2541114091873169
0.2750384211540222
0.25956159830093384
0.27116858959198
0.2633506655693054
0.2591165602207184
0.2589070498943329
0.26816272735595703
0.2596268355846405
0.2819654941558838
0.2805282771587372
0.26021823287010193
0.28064170479774475
0.2722158133983612
0.2828095555305481
0.26595449447631836
0.2689175009727478
0.25567498803138733
0.26651355624198914
0.2783343195915222
0.26760658621788025
0.2759024500846863
0.2581486403942108
0.25592032074928284
0.2741483151912689
0.2622354328632355
0.25877705216407776
0.2516407370567322
0.2654578685760498
0.25112250447273254
0.2608436644077301
0.2630573511123657
0.2646293342113495
0.2499268501996994
0.2686271667480469
0.25002557039260864
0.25916704535484314
0.2510954439640045
0.25516706705093384
0.2523742616176605
0.26286637783050537
0.26712700724601746
0.2505273222923279
0.24800744652748108
0.25973984599113464
0.2621857523918152
0.26547983288764954
0.25318607687950134
0.2670779526233673
0.24599608778953552
0.2727544605731964
0.259215772151947
0.24365778267383575
0.2519081234931946
0.25160908699035645
0.24557927250862122
0.25019487738609314
0.24671533703804016
0.2600529193878174
0.2545698285102844
0.24542148411273956
0.24329161643981934
0.23048636317253113
0.23612315952777863
0.2542911469936371
0.24815620481967926
0.2495935559272766
0.25037646293640137
0.2478124499320984
0.23971253633499146
0.2377365678548813
0.22591890394687653
0.23797480762004852
0.23880325257778168
0.2337852120399475
0.23660480976104736
0.2486346960067749
0.23924358189105988
0.23672038316726685
0.22906579077243805
0.25038182735443115
0.2502644956111908
0.22362905740737915
0.2506062388420105
0.22311604022979736
0.2356201857328415
0.24787674844264984
0.24499839544296265
0.24477018415927887
0.23312042653560638
0.23042741417884827
0.24342098832130432
0.21919015049934387
0.22162854671478271
0.21525295078754425
0.22915641963481903
0.20854894816875458
0.23880940675735474
0.2223377376794815
0.23062552511692047
0.23021873831748962
0.22346588969230652
0.2526461184024811
0.22994351387023926
0.2497919648885727
0.22376146912574768
0.2383233606815338
0.22227026522159576
0.23417708277702332
0.2287120223045349
0.215279221534729
0.22326208651065826
0.22612954676151276
0.23556990921497345
0.22448022663593292
0.22355590760707855
0.23864714801311493
0.22151383757591248
0.23493391275405884
0.2219291478395462
0.2168368548154831
0.2339697927236557
0.22215738892555237
0.24982212483882904
0.22353559732437134
0.2287045121192932
0.22105759382247925
0.22873400151729584
0.21801035106182098
0.22214727103710175
0.21440626680850983
0.22107349336147308
0.2257237434387207
0.2298601269721985
0.2160501629114151
0.2228192687034607
0.2224881649017334
0.2306174337863922
0.23386259377002716
0.2240738421678543
0.2266141176223755
0.22055049240589142
0.2250591218471527
0.22888654470443726
0.21403536200523376
0.23042535781860352
0.20659928023815155
0.2330133318901062
0.210352823138237
0.2292652577161789
0.23202906548976898
0.21416306495666504
0.2159373015165329
0.22904224693775177
0.22304825484752655
0.2240803837776184
0.2145046591758728
0.2124345451593399
0.19901032745838165
0.21243982017040253
0.20829114317893982
0.2136954665184021
0.22039031982421875
0.20001669228076935
0.21880824863910675
0.21805401146411896
0.21116745471954346
0.21479173004627228
0.225385382771492
0.21687383949756622
0.20863477885723114
0.22938038408756256
0.2282591015100479
0.2205514907836914
0.19319482147693634
0.2116217464208603
0.22012992203235626
0.21560847759246826
0.21123085916042328
0.22163479030132294
0.21368959546089172
0.19899271428585052
0.21656663715839386
0.20478908717632294
0.2192072719335556
0.21900062263011932
0.20469945669174194
0.22822609543800354
0.2121293693780899
0.20186324417591095
0.22524216771125793
0.2107105404138565
0.23201300203800201
0.20846816897392273
0.22199863195419312
0.22388754785060883
0.21114517748355865
0.2128104567527771
0.20370523631572723
0.22137551009655
0.22785358130931854
0.20693323016166687
0.21984179317951202
0.20706219971179962
0.2002459615468979
0.21631097793579102
0.1981615275144577
0.22662557661533356
0.2174825221300125
0.20615921914577484
0.1982394903898239
0.2243608832359314
0.23242893815040588
0.19911713898181915
0.22873659431934357
0.2143043875694275
0.19351260364055634
0.21457025408744812
0.21205775439739227
0.20853576064109802
0.2044459581375122
0.2024441510438919
0.21384061872959137
0.2033897489309311
0.21521291136741638
0.207321435213089
0.21264421939849854
0.19800470769405365
0.21141672134399414
0.2024429887533188
0.1998177170753479
0.2250577211380005
0.21633487939834595
0.20725299417972565
0.2014060765504837
0.2201310396194458
0.19879436492919922
0.20022402703762054
0.2053544968366623
0.21376772224903107
0.2162739634513855
0.22366748750209808
0.21117576956748962
0.2318771481513977
0.20869070291519165
0.20793023705482483
0.20930032432079315
0.21037107706069946
0.1996602565050125
0.19924606382846832
0.22674228250980377
0.23104794323444366
0.22286544740200043
0.21048052608966827
0.19704122841358185
0.21129755675792694
0.19670283794403076
0.20741640031337738
0.20819659531116486
0.2142443060874939
0.21716932952404022
0.21146704256534576
0.20207948982715607
0.2117292732000351
0.20126697421073914
0.2118789106607437
0.2176346331834793
0.19694380462169647
0.20157171785831451
0.2009931355714798
0.20716409385204315
0.19501283764839172
0.19150935113430023
0.22225533425807953
0.21412931382656097
0.2055058479309082
0.21038730442523956
0.19562143087387085
0.20404209196567535
0.2079811692237854
0.1943550556898117
0.20994071662425995
0.2136327475309372
0.21241213381290436
0.19496506452560425
0.21143284440040588
0.19149523973464966
0.19802060723304749
0.21746909618377686
0.20921604335308075
0.20133541524410248
0.2054731249809265
0.2137582153081894
0.19938667118549347
0.19504223763942719
0.20266607403755188
0.19524900615215302
0.20444823801517487
0.19923748075962067
0.22457483410835266
0.1897524744272232
0.20436792075634003
0.20521046221256256
0.19392971694469452
0.19477121531963348
0.18708905577659607
0.19846698641777039
0.19413550198078156
0.18416008353233337
0.1986328512430191
0.19700895249843597
0.20913037657737732
0.19302016496658325
0.20216993987560272
0.20615291595458984
0.19190829992294312
0.21052943170070648
0.20104122161865234
0.19340592622756958
0.20983418822288513
0.18841591477394104
0.21029655635356903
0.20209327340126038
0.18394111096858978
0.219710111618042
0.18816228210926056
0.1946960985660553
0.2155136913061142
0.227842316031456
0.21355442702770233
0.19652888178825378
0.2030358761548996
0.21371199190616608
0.1991717666387558
0.20072217285633087
0.1904168426990509
0.21281644701957703
0.2232993096113205
0.19990108907222748
0.20879772305488586
0.21518664062023163
0.20432357490062714
0.21176154911518097
0.20933304727077484
0.19917593896389008
0.20120657980442047
0.19355595111846924
0.21765193343162537
0.20173142850399017
0.19800573587417603
0.21637830138206482
0.19358693063259125
0.20849578082561493
0.19162236154079437
0.19820663332939148
0.20432712137699127
0.1985568404197693
0.20881368219852448
0.19568666815757751
0.2063065469264984
0.20841896533966064
0.20316585898399353
0.19576632976531982
0.20441389083862305
0.199269637465477
0.2019372582435608
0.18870066106319427
0.1975521594285965
0.20091775059700012
0.21449699997901917
0.19212980568408966
0.21310018002986908
0.21281345188617706
0.1964743733406067
0.22997264564037323
0.1988895833492279
0.20072107017040253
0.19743505120277405
0.20820637047290802
0.2060568779706955
0.19250161945819855
0.20378811657428741
0.20189747214317322
0.2135157436132431
0.2066534459590912
0.19329355657100677
0.19136273860931396
0.21217313408851624
0.19956335425376892
0.1979084610939026
0.1962328553199768
0.19282568991184235
0.1968250274658203
0.20451128482818604
0.19808247685432434
0.2076871395111084
0.19939567148685455
0.21176230907440186
0.20152685046195984
0.2084450125694275
0.1916077435016632
0.20992787182331085
0.19754143059253693
0.19553901255130768
0.19235610961914062
0.2080560326576233
0.2062680721282959
0.1924401819705963
0.1899750679731369
0.2141600251197815
0.20582960546016693
0.18577896058559418
0.198775053024292
0.194761723279953
0.196378692984581
0.20071594417095184
0.1887633055448532
0.21962390840053558
0.20146769285202026
0.18714362382888794
0.19336527585983276
0.20612578094005585
0.19526372849941254
0.2006957083940506
0.19791367650032043
0.2274451106786728
0.19945640861988068
0.20153121650218964
0.17926809191703796
0.20486538112163544
0.21691475808620453
0.18434718251228333
0.19489100575447083
0.19691349565982819
0.19924554228782654
0.19349519908428192
0.19099017977714539
0.2009105682373047
0.20720024406909943
0.19922339916229248
0.20740368962287903
0.20707260072231293
0.2013615220785141
0.21143601834774017
0.19025905430316925
0.19009244441986084
0.2082275152206421
0.1984020471572876
0.1970975697040558
0.19111771881580353
0.18120814859867096
0.1796315461397171
0.1973518282175064
0.21221517026424408
0.192815899848938
0.1937074065208435
0.21278221905231476
0.19502195715904236
0.18465714156627655
0.1931416094303131
0.19951234757900238
0.19351212680339813
0.2013135701417923
0.1986420452594757
0.2044776827096939
0.19246184825897217
0.19961859285831451
0.20415563881397247
0.2103799432516098
0.19337208569049835
0.21068955957889557
0.189045712351799
0.20633693039417267
0.20819206535816193
0.20690573751926422
0.21096254885196686
0.2035040706396103
0.19641831517219543
0.18753430247306824
0.19948434829711914
0.17649230360984802
0.19892606139183044
0.17854753136634827
0.18535757064819336
0.20742930471897125
0.19436724483966827
0.2188487946987152
0.20717009902000427
0.21190211176872253
0.19760353863239288
0.19634045660495758
0.2098809778690338
0.1986577957868576
0.1843414008617401
0.20159728825092316
0.18808913230895996
0.23238688707351685
0.20588839054107666
0.2029220014810562
0.21981631219387054
