0.9630084037780762
0.830567479133606
0.7422298789024353
0.6832671761512756
0.6483691930770874
0.6022788286209106
0.5817155838012695
0.5419782996177673
0.5285677313804626
0.5167402029037476
0.49691587686538696
0.481138676404953
0.47116678953170776
0.4754159152507782
0.4463033676147461
0.4468435049057007
0.4457896649837494
0.43611928820610046
0.4241786003112793
0.4275238811969757
0.42371809482574463
0.4144284129142761
0.4119511842727661
0.40415892004966736
0.40764981508255005
0.38932639360427856
0.3920585811138153
0.4002402722835541
0.39926832914352417
0.397193968296051
0.38037019968032837
0.3804701268672943
0.3814336359500885
0.3769720792770386
0.37678462266921997
0.37010103464126587
0.3747347891330719
0.3802452087402344
0.3668806254863739
0.3645005524158478
0.3731556236743927
0.3614458739757538
0.3608137369155884
0.37575089931488037
0.36493435502052307
0.36244919896125793
0.35235506296157837
0.3541822135448456
0.35732850432395935
0.3501974940299988
0.3471932113170624
0.3469473719596863
0.33259153366088867
0.3489207327365875
0.3459605276584625
0.3352547883987427
0.35113731026649475
0.3388005793094635
0.34140560030937195
0.34888988733291626
0.33670753240585327
0.34697553515434265
0.3329985439777374
0.3393494784832001
0.3231544494628906
0.3274211585521698
0.3394087851047516
0.34088802337646484
0.32821401953697205
0.32497262954711914
0.3293265402317047
0.3227077126502991
0.330425500869751
0.3267778158187866
0.32046830654144287
0.321567177772522
0.32034802436828613
0.3148066997528076
0.3102738857269287
0.321857213973999
0.3167751133441925
0.3208315670490265
0.3174644112586975
0.3188391327857971
0.3134039342403412
0.3259273171424866
0.31294912099838257
0.32217976450920105
0.32282331585884094
0.3143230974674225
0.31537213921546936
0.3076418936252594
0.309171199798584
0.30931660532951355
0.31414929032325745
0.3039964437484741
0.3117038309574127
0.30658581852912903
0.3128920793533325
0.31251049041748047
0.3084355890750885
0.30380603671073914
0.31558096408843994
0.31551721692085266
0.298429936170578
0.30276310443878174
0.30567023158073425
0.29975777864456177
0.3087386190891266
0.2984977662563324
0.3028372824192047
0.3003377914428711
0.2997548282146454
0.295011430978775
0.30703869462013245
0.2959288954734802
0.30257540941238403
0.28650718927383423
0.2978890538215637
0.3031576871871948
0.2955097556114197
0.30148929357528687
0.29780665040016174
0.297719806432724
0.3002926707267761
0.29547861218452454
0.29643768072128296
0.2995176315307617
0.3058045208454132
0.2894609272480011
0.29876551032066345
0.2887672185897827
0.2926221489906311
0.2930327355861664
0.2833440899848938
0.2920621931552887
0.28889748454093933
0.2797182500362396
0.28098562359809875
0.29423800110816956
0.2858215272426605
0.2884695827960968
0.2938978970050812
0.29251185059547424
0.2855032980442047
0.2951437532901764
0.2820500135421753
0.28524893522262573
0.2833535373210907
0.2814214527606964
0.28707271814346313
0.28216394782066345
0.2825615406036377
0.2830561101436615
0.2821504473686218
0.2801957428455353
0.28346168994903564
0.28168100118637085
0.2854129672050476
0.26969340443611145
0.281899094581604
0.2626580595970154
0.2775041460990906
0.264567106962204
0.27574118971824646
0.2854652404785156
0.2766287624835968
0.27473413944244385
0.27666521072387695
0.27450481057167053
0.2771192491054535
0.26939302682876587
0.28464648127555847
0.267861545085907
0.26930859684944153
0.2680404484272003
0.27894169092178345
0.27706819772720337
0.26359376311302185
0.2821919322013855
0.2713892459869385
0.2680862545967102
0.27281129360198975
0.2719080150127411
0.2693251967430115
0.2708558440208435
0.2743074297904968
0.2694065570831299
0.2669762969017029
0.26274505257606506
0.26012545824050903
0.27408596873283386
0.27682414650917053
0.2701180577278137
0.2630503475666046
0.26806768774986267
0.27213290333747864
0.26767677068710327
0.261863112449646
0.26936718821525574
0.2711753249168396
0.27460333704948425
0.27216094732284546
0.25586724281311035
0.2631262540817261
0.2585407495498657
0.2639245390892029
0.261445552110672
0.26227515935897827
0.2554818391799927
0.26395383477211
0.2659650444984436
0.2669512927532196
0.24730989336967468
0.25843504071235657
0.2589194178581238
0.2552224397659302
0.260403573513031
0.25391438603401184
0.24583615362644196
0.24915145337581635
0.2544691860675812
0.2508666515350342
0.25916528701782227
0.24688352644443512
0.25568750500679016
0.2577337920665741
0.24901309609413147
0.24581724405288696
0.24249128997325897
0.2514529228210449
0.24301905930042267
0.253229558467865
0.2457926869392395
0.25430548191070557
0.2560155391693115
0.24816939234733582
0.24393507838249207
0.26009902358055115
0.2493651956319809
0.2508433163166046
0.2376425862312317
0.2548157870769501
0.251190185546875
0.24447683990001678
0.24534466862678528
0.24173517525196075
0.2465541809797287
0.2515241205692291
0.24492961168289185
0.246160626411438
0.24861463904380798
0.2408628612756729
0.2455267459154129
0.2579501271247864
0.24421283602714539
0.24061711132526398
0.25263941287994385
0.2392330765724182
0.24518999457359314
0.24871429800987244
0.23957481980323792
0.23528745770454407
0.24535006284713745
0.24445392191410065
0.2417837530374527
0.2457716464996338
0.25395187735557556
0.24809180200099945
0.23804126679897308
0.24620600044727325
0.24838820099830627
0.24588285386562347
0.2418067455291748
0.2525087296962738
0.2548607289791107
0.23757749795913696
0.2340957075357437
0.2448137402534485
0.23615333437919617
0.23126135766506195
0.23595963418483734
0.2345401644706726
0.24298256635665894
0.23900647461414337
0.24303551018238068
0.2463848739862442
0.23939257860183716
0.23650243878364563
0.23599281907081604
0.23880097270011902
0.24536599218845367
0.2349819540977478
0.23165646195411682
0.2346772700548172
0.2363109439611435
0.2490663081407547
0.23849858343601227
0.2379499226808548
0.2412884384393692
0.23807772994041443
0.2389286756515503
0.23471400141716003
0.24501964449882507
0.23833446204662323
0.2336025983095169
0.24429282546043396
0.24006341397762299
0.2407161444425583
0.24244792759418488
0.24596349895000458
0.2372531294822693
0.2406865805387497
0.23793645203113556
0.23834730684757233
0.23154477775096893
0.23966924846172333
0.2355073094367981
0.22834046185016632
0.24955321848392487
0.23917309939861298
0.22858279943466187
0.2259955257177353
0.2392672300338745
0.22257722914218903
0.22368638217449188
0.2349061369895935
0.23245994746685028
0.2367093861103058
0.24435843527317047
0.2431596964597702
0.23041050136089325
0.22487835586071014
0.23062382638454437
0.23447838425636292
0.23993967473506927
0.2212139368057251
0.24009017646312714
0.22743144631385803
0.22624769806861877
0.22763076424598694
0.23061023652553558
0.23001669347286224
0.23541320860385895
0.24550595879554749
0.23565733432769775
0.23758377134799957
0.227544367313385
0.22594396770000458
0.22834263741970062
0.21966440975666046
0.23109331727027893
0.21885022521018982
0.22360436618328094
0.2398795187473297
0.23321188986301422
0.24268785119056702
0.2304335981607437
0.22764654457569122
0.23207494616508484
0.22590264678001404
0.2342749834060669
0.226385235786438
0.22237440943717957
0.2267989218235016
0.23315149545669556
0.23356877267360687
0.22834233939647675
0.24062052369117737
0.22551430761814117
0.23724044859409332
0.22924400866031647
0.22883957624435425
0.23428428173065186
0.2265792340040207
0.22111354768276215
0.22672228515148163
0.22466439008712769
0.23782365024089813
0.22624626755714417
0.23467803001403809
0.23317202925682068
0.2229946106672287
0.22786860167980194
0.22894546389579773
0.2358749657869339
0.22916695475578308
0.23254945874214172
0.22749628126621246
0.23171046376228333
0.23371830582618713
0.2242729514837265
0.23017822206020355
0.23255836963653564
0.23480632901191711
0.22288258373737335
0.23251603543758392
0.23634426295757294
0.23478356003761292
0.23080763220787048
0.2215079963207245
0.23187823593616486
0.2301313728094101
0.22581155598163605
0.2274884134531021
0.24273063242435455
0.2209593653678894
0.23756900429725647
0.22078944742679596
0.2277195006608963
0.22632713615894318
0.23227040469646454
0.21131882071495056
0.22029386460781097
0.2165512591600418
0.2212669849395752
0.22127069532871246
0.23134076595306396
0.234991654753685
0.22693434357643127
0.23965363204479218
0.23164360225200653
0.2186790108680725
0.2311820685863495
0.2134752869606018
0.2210782915353775
0.21812039613723755
0.22853003442287445
0.22515366971492767
0.2207036167383194
0.2216271162033081
0.2197832465171814
0.22619158029556274
0.22284220159053802
0.22825637459754944
0.23324733972549438
0.23081882297992706
0.22408893704414368
0.2275947481393814
0.2298956960439682
0.22161726653575897
0.21690164506435394
0.220758318901062
0.23455290496349335
0.22247521579265594
0.22675882279872894
0.22053946554660797
0.21744853258132935
0.2137148380279541
0.21600955724716187
0.22185958921909332
0.22139136493206024
0.2289852499961853
0.23264814913272858
0.23004509508609772
0.23077233135700226
0.23394009470939636
0.22238938510417938
0.23679302632808685
0.22362004220485687
0.22268113493919373
0.22609035670757294
0.21749164164066315
0.22324801981449127
0.2158840298652649
0.23058533668518066
0.22576062381267548
0.22519783675670624
0.2258971929550171
0.22875472903251648
0.21796046197414398
0.22647351026535034
0.2338719367980957
0.22287455201148987
0.22535333037376404
0.22438855469226837
0.2172682285308838
0.22530509531497955
0.22953040897846222
0.22846312820911407
0.21859855949878693
0.22998130321502686
0.23038731515407562
0.22752659022808075
0.21479026973247528
0.22191408276557922
0.22926375269889832
0.22494475543498993
0.22466370463371277
0.22383557260036469
0.22458192706108093
0.22749045491218567
0.2336813360452652
0.21547015011310577
0.21440404653549194
0.22368665039539337
0.2191743403673172
0.22861970961093903
0.2292894721031189
0.20958928763866425
0.23201188445091248
0.22049421072006226
0.21569491922855377
0.21607159078121185
0.21276843547821045
0.2221740037202835
0.22143974900245667
0.2237412929534912
0.22217488288879395
0.216049924492836
0.2335798293352127
0.22512929141521454
0.2225995808839798
0.22275546193122864
0.22007064521312714
0.22265824675559998
0.22184669971466064
0.21143557131290436
0.2234366089105606
0.22268158197402954
0.2258175015449524
0.21747101843357086
0.20955337584018707
0.22266243398189545
0.2193813920021057
0.21472187340259552
0.21999865770339966
0.22183531522750854
0.22626711428165436
0.21748919785022736
0.2115470916032791
0.21893510222434998
0.2193591445684433
0.22213590145111084
0.2233501672744751
0.2143101692199707
0.21286965906620026
0.2242487072944641
0.21922574937343597
0.22418715059757233
0.21407189965248108
0.21607674658298492
0.21407726407051086
0.21570415794849396
0.22194544970989227
0.2227165549993515
0.21908201277256012
0.22236306965351105
0.2237558364868164
0.21678684651851654
0.22803448140621185
0.21225681900978088
0.22580474615097046
0.22607046365737915
0.22067345678806305
0.2205602526664734
0.22050690650939941
0.22197020053863525
0.2157650738954544
0.2200542390346527
0.21743296086788177
0.22477132081985474
0.2255161851644516
0.22339878976345062
0.21334242820739746
0.20764967799186707
0.21407361328601837
0.22460880875587463
0.22322534024715424
0.23232783377170563
0.2245505005121231
0.22736062109470367
0.2199382185935974
0.22638186812400818
0.2268054038286209
0.2194913774728775
0.21720930933952332
0.2163538932800293
0.21878103911876678
0.2189159393310547
0.21759209036827087
0.22465863823890686
0.2174089103937149
0.22305624186992645
0.21841609477996826
0.2195926308631897
0.22708356380462646
0.22167079150676727
0.21335932612419128
0.21923792362213135
0.22195273637771606
0.23196206986904144
0.22713853418827057
0.2207701951265335
0.2219620943069458
0.22496004402637482
0.22308874130249023
0.21098147332668304
0.21830393373966217
0.21686019003391266
0.21633656322956085
0.22395369410514832
0.22245384752750397
0.22966954112052917
0.22159521281719208
0.21210874617099762
0.21738138794898987
0.22684581577777863
0.2182520031929016
0.21673636138439178
0.21245384216308594
0.21861723065376282
0.21444523334503174
0.2040873020887375
0.22481225430965424
0.21561017632484436
0.22229072451591492
0.2224739044904709
0.2115972638130188
0.21863675117492676
0.22339285910129547
0.21848945319652557
0.21963636577129364
0.22077055275440216
0.21762192249298096
