0.6605387926101685
0.6636368036270142
0.6485187411308289
0.6398919820785522
0.639870285987854
0.630752444267273
0.6283913254737854
0.6243770718574524
0.6274990439414978
0.6146209239959717
0.6199119091033936
0.5976779460906982
0.6063357591629028
0.6137510538101196
0.6029500365257263
0.5921531319618225
0.605805516242981
0.6073785424232483
0.580496609210968
0.5927733182907104
0.5913090109825134
0.5799536108970642
0.5877641439437866
0.5762750506401062
0.574796736240387
0.5657997727394104
0.560230016708374
0.5779549479484558
0.557898223400116
0.572453498840332
0.5623700618743896
0.5513288974761963
0.5600143671035767
0.5641257166862488
0.5513311624526978
0.5527085661888123
0.541286826133728
0.5373440980911255
0.5482404232025146
0.5338935256004333
0.5480648279190063
0.539435863494873
0.5359383225440979
0.5308617353439331
0.534054696559906
0.5261374711990356
0.5226261615753174
0.5028193593025208
0.5170518159866333
0.5097454786300659
0.5104746222496033
0.5089603066444397
0.5091678500175476
0.4909963309764862
0.4964394271373749
0.5024681687355042
0.507314920425415
0.4781678020954132
0.4866985082626343
0.4905185401439667
0.47040441632270813
0.4737052023410797
0.47230857610702515
0.4846842288970947
0.4717523157596588
0.46896132826805115
0.46247223019599915
0.46434319019317627
0.4720678925514221
0.4645862579345703
0.4738193452358246
0.4673425257205963
0.48160627484321594
0.46658918261528015
0.4756755828857422
0.4512656033039093
0.47025352716445923
0.46409517526626587
0.4583016633987427
0.46977609395980835
0.45380595326423645
0.43939608335494995
0.4517088830471039
0.4636581242084503
0.46075239777565
0.4504779577255249
0.44151899218559265
0.45387202501296997
0.4589952230453491
0.445456862449646
0.44130057096481323
0.4453698396682739
0.4378342628479004
0.4559057652950287
0.4591637849807739
0.4525254964828491
0.43965789675712585
0.43635061383247375
0.4362407922744751
0.43998196721076965
0.432222455739975
0.45532944798469543
0.43978920578956604
0.4449964761734009
0.4331676959991455
0.42337074875831604
0.4527156352996826
0.44782379269599915
0.4345128834247589
0.4193037748336792
0.44512274861335754
0.4177298843860626
0.41736534237861633
0.43587371706962585
0.42844635248184204
0.4255962371826172
0.43442532420158386
0.41467756032943726
0.42784804105758667
0.4192778766155243
0.4088270664215088
0.4140089154243469
0.4609432518482208
0.42264455556869507
0.43184036016464233
0.4091600477695465
0.41288381814956665
0.4450349807739258
0.4152039587497711
0.45758768916130066
0.42423826456069946
0.4076467752456665
0.44096511602401733
0.41179171204566956
0.41806167364120483
0.4103570878505707
0.42593660950660706
0.41014304757118225
0.42580491304397583
0.42037683725357056
0.4263169765472412
0.4163835048675537
0.38954976201057434
0.41442734003067017
0.4163237512111664
0.43016117811203003
0.42353925108909607
0.4123975336551666
0.3827177882194519
0.4333665668964386
0.4189954996109009
0.40606042742729187
0.4333341121673584
0.4362991154193878
0.41403335332870483
0.4167293608188629
0.4212339520454407
0.4174920618534088
0.41774097084999084
0.42231103777885437
0.4177616834640503
0.41260331869125366
0.4157898724079132
0.4102920591831207
0.4098903238773346
0.4247884452342987
0.40220001339912415
0.44778984785079956
0.4129207134246826
0.4052087366580963
0.4059373140335083
0.41672441363334656
0.4235234260559082
0.40520617365837097
0.4194153845310211
0.4304406940937042
0.4307391345500946
0.41903606057167053
0.40573713183403015
0.408642441034317
0.41917651891708374
0.41003695130348206
0.42030438780784607
0.43129828572273254
0.4104326665401459
0.4131830036640167
0.41830259561538696
0.4055935740470886
0.39556917548179626
0.4137589931488037
0.4032556712627411
0.43118172883987427
0.4134407937526703
0.40359243750572205
0.4152120053768158
0.4273128807544708
0.4222162961959839
0.39652761816978455
0.4183998107910156
0.3991137742996216
0.400456041097641
0.4052683115005493
0.3953136205673218
0.3971867859363556
0.4113725423812866
0.41216471791267395
0.3910153806209564
0.40823060274124146
0.4237738847732544
0.4133263826370239
0.41142040491104126
0.4001263380050659
0.4092937111854553
0.3830282986164093
0.39256343245506287
0.4023015797138214
0.406857967376709
0.3878300189971924
0.41028302907943726
0.4255654811859131
0.4110325574874878
0.3970166742801666
0.4100345969200134
0.3871235251426697
0.3859821557998657
0.4108094274997711
0.3945930004119873
0.40204504132270813
0.3895290791988373
0.4013381898403168
0.40437614917755127
0.3888719379901886
0.3992800712585449
0.4061281681060791
0.40530866384506226
0.3793420195579529
0.399391233921051
0.39089247584342957
0.38097089529037476
0.3992669880390167
0.3831430673599243
0.412239670753479
0.4032815098762512
0.417104035615921
0.3945668637752533
0.4014357328414917
0.3950907588005066
0.40297749638557434
0.4115118086338043
0.39895766973495483
0.3929481506347656
0.3790915310382843
0.4031181335449219
0.3985021114349365
0.39910975098609924
0.385635107755661
0.4035263657569885
0.3869670629501343
0.398590087890625
0.3944550156593323
0.37703409790992737
0.38730648159980774
0.3845350444316864
0.39596131443977356
0.3865619897842407
0.384062796831131
0.40345069766044617
0.39337053894996643
0.39297279715538025
0.39530542492866516
0.38038313388824463
0.39755797386169434
0.39685192704200745
0.39906102418899536
0.39737626910209656
0.39366573095321655
0.39409351348876953
0.394135057926178
0.40204960107803345
0.390125572681427
0.3926272690296173
0.39382797479629517
0.39182910323143005
0.38436511158943176
0.40202251076698303
0.3749166429042816
0.40258556604385376
0.3995254337787628
0.38870692253112793
0.3767109215259552
0.391743540763855
0.3926714360713959
0.39487841725349426
0.38972562551498413
0.40478459000587463
0.3937265872955322
0.3902977406978607
0.4019640386104584
0.3856332302093506
0.394205242395401
0.39399924874305725
0.380415141582489
0.3940408527851105
0.391200989484787
0.3998367488384247
0.38501203060150146
0.4004651606082916
0.3779263496398926
0.38810011744499207
0.3925773799419403
0.39687874913215637
0.3945811986923218
0.3694189786911011
0.3958686888217926
0.372437983751297
0.3988310992717743
0.37409403920173645
0.3946053981781006
0.3985150158405304
0.35783472657203674
0.39818334579467773
0.3673931956291199
0.39447933435440063
0.39359137415885925
0.37374982237815857
0.3738684356212616
0.3819766044616699
0.3778200149536133
0.3942736089229584
0.3835211396217346
0.40005379915237427
0.39312052726745605
0.3884562849998474
0.38067954778671265
0.37827828526496887
0.4005734920501709
0.3767513930797577
0.383935809135437
0.3913240432739258
0.37188220024108887
0.38603922724723816
0.37694984674453735
0.3804060220718384
0.36439812183380127
0.38171717524528503
0.3735120892524719
0.3826976418495178
0.3746204078197479
0.3989800214767456
0.38525134325027466
0.3806036412715912
0.4071127772331238
0.3634103238582611
0.38535040616989136
0.3782927989959717
0.3870965838432312
0.38436293601989746
0.38638171553611755
0.3702229857444763
0.38453686237335205
0.38749396800994873
0.38241276144981384
0.38080209493637085
0.38707074522972107
0.3875919580459595
0.3736678659915924
0.38936173915863037
0.4004538059234619
0.3776548206806183
0.38609641790390015
0.4023146629333496
0.35154494643211365
0.3810044825077057
0.3746708035469055
0.3844253420829773
0.3802192807197571
0.3906257152557373
0.38398170471191406
0.3618848919868469
0.3829171359539032
0.37074196338653564
0.3797825276851654
0.3922111690044403
0.38116708397865295
0.3993583023548126
0.3861634135246277
0.3872087597846985
0.36935243010520935
0.3801564872264862
0.37816110253334045
0.39018410444259644
0.3770478367805481
0.37436458468437195
0.3820347487926483
0.3850771486759186
0.3729528486728668
0.3801034092903137
0.36791372299194336
0.3678220212459564
0.3656555712223053
0.3720799386501312
0.3691214323043823
0.3797783851623535
0.38142064213752747
0.36015865206718445
0.37333208322525024
0.39247772097587585
0.3927055895328522
0.386934757232666
0.385658323764801
0.3576533794403076
0.3784509599208832
0.3868516683578491
0.3767673373222351
0.38431280851364136
0.3641378581523895
0.38420987129211426
0.3834545612335205
0.3718723654747009
0.37392550706863403
0.3953143060207367
0.374993234872818
0.3673963248729706
0.39011523127555847
0.3761173486709595
0.3874952495098114
0.3820542097091675
0.3698112666606903
0.3958653509616852
0.3827730119228363
0.3621085286140442
0.39046376943588257
0.36237832903862
0.3722345530986786
0.3704853355884552
0.3684062659740448
0.3825875222682953
0.37248775362968445
0.3748862147331238
0.38354626297950745
0.3754269778728485
0.35480257868766785
0.37344348430633545
0.3645721971988678
0.38455766439437866
0.39293527603149414
0.35306793451309204
0.36326736211776733
0.39391329884529114
0.38438472151756287
0.3932144045829773
0.37843164801597595
0.3751513659954071
0.36236414313316345
0.375042587518692
0.3728848993778229
0.3839789032936096
0.3677108883857727
0.37056785821914673
0.3812873959541321
0.3807160556316376
0.3744780719280243
0.40848538279533386
0.3734288811683655
0.3751909136772156
0.37900876998901367
0.3696758449077606
0.3670182526111603
0.38571906089782715
0.38745954632759094
0.39092016220092773
0.3809735178947449
0.3647001385688782
0.3697774410247803
0.36893948912620544
0.3721143901348114
0.3868471384048462
0.38624826073646545
0.36079469323158264
0.39112353324890137
0.3616965711116791
0.3666493594646454
0.383390873670578
0.3934597969055176
0.389028400182724
0.36936628818511963
0.3817320466041565
0.3869209289550781
0.377485454082489
0.38351428508758545
0.38884657621383667
0.37729430198669434
0.36112651228904724
0.3558650612831116
0.37900349497795105
0.36394256353378296
0.3830079138278961
0.3633335828781128
0.3702612519264221
0.35498785972595215
0.36991870403289795
0.37082284688949585
0.3793126046657562
0.3545571565628052
0.3697466254234314
0.38508859276771545
0.3782657980918884
0.36538419127464294
0.35349583625793457
0.3876618444919586
0.3566494882106781
0.3599241375923157
0.3735216557979584
0.36193835735321045
0.36784428358078003
0.36214157938957214
0.38451939821243286
0.3817365765571594
0.36938944458961487
0.37324199080467224
0.354562908411026
0.36788231134414673
0.3415667414665222
0.3860154151916504
0.37263166904449463
0.3676780164241791
0.3853588402271271
0.3630201816558838
0.3744526505470276
0.36695706844329834
0.358483225107193
0.3743721842765808
0.36361536383628845
0.3690982758998871
0.3557564914226532
0.3593091070652008
0.3726963698863983
0.3718903064727783
0.38216692209243774
0.3727874457836151
0.38713714480400085
0.38184279203414917
0.3664187490940094
0.37622979283332825
0.372463196516037
0.3747131824493408
0.3699527382850647
0.358819842338562
0.38636597990989685
0.3626612424850464
0.3659690022468567
0.364541620016098
0.3839793801307678
0.3856799602508545
0.36329346895217896
0.37531042098999023
0.36303070187568665
0.37433934211730957
0.3579673767089844
0.3740083575248718
0.3710069954395294
0.37992924451828003
0.35863617062568665
0.37625569105148315
0.3742659091949463
0.3625708222389221
0.35857856273651123
0.35798317193984985
0.37436023354530334
0.3740547299385071
0.36583182215690613
0.3701326847076416
0.3727304935455322
0.37130865454673767
0.3484188914299011
0.3514019846916199
0.39274802803993225
0.3688204884529114
0.36937493085861206
0.3786795139312744
0.343656450510025
0.37656888365745544
0.3628520667552948
0.36240604519844055
0.3666093945503235
0.3908286392688751
0.37761908769607544
0.34405672550201416
0.35971370339393616
0.3502102792263031
0.37358370423316956
0.3639361262321472
0.3666020929813385
0.3620126247406006
0.3545159697532654
0.38356590270996094
0.3788177967071533
0.3593759834766388
0.380767285823822
0.37859907746315
0.36553508043289185
0.37342143058776855
0.3567577600479126
0.37754732370376587
0.3719799816608429
0.36684608459472656
0.3843005299568176
0.34368669986724854
0.3664894104003906
0.3567701578140259
0.36806508898735046
0.3657431900501251
0.36703261733055115
0.375683069229126
0.37390458583831787
0.36637941002845764
0.37602341175079346
0.3756501078605652
0.3848813474178314
0.394754558801651
0.3700558543205261
0.37782058119773865
0.3825432062149048
0.3728716969490051
0.3589109480381012
0.377564936876297
0.3688131868839264
0.38810327649116516
0.37937286496162415
0.3484937846660614
0.3679102659225464
0.3514941930770874
0.3749368488788605
0.3623417317867279
0.3652505874633789
0.34660157561302185
0.3708917796611786
0.3670404851436615
0.3638010621070862
0.38068175315856934
0.36222875118255615
0.3624054491519928
0.36093226075172424
0.3487686812877655
0.354430615901947
0.36372002959251404
0.36363667249679565
0.3456500172615051
0.34361356496810913
0.3649888038635254
0.359742671251297
0.36753615736961365
0.3709283173084259
0.37167468667030334
0.3759097754955292
0.3382665812969208
0.37098145484924316
0.3636150658130646
0.3566007912158966
0.3528575599193573
0.3605744540691376
0.37539732456207275
0.3688879609107971
0.3703804314136505
0.3567856550216675
0.35888227820396423
0.35462746024131775
0.385271817445755
0.3669634759426117
0.36259180307388306
0.3697420656681061
0.37278100848197937
0.3684873580932617
0.3599991202354431
0.3804597854614258
0.3730961084365845
0.379816472530365
0.359657883644104
0.359342485666275
0.37000519037246704
0.36255964636802673
0.37428441643714905
0.36213418841362
0.37481939792633057
0.36848440766334534
0.3575056791305542
0.3667297959327698
0.3694877624511719
0.3724352717399597
0.38668712973594666
0.35214728116989136
0.3824351131916046
0.35533976554870605
0.37192490696907043
0.36116281151771545
0.3462018072605133
0.3476717472076416
0.36020779609680176
0.37231990694999695
0.35932299494743347
0.34607934951782227
0.35870081186294556
0.3528144955635071
0.3690256178379059
0.35356247425079346
0.3786790668964386
0.38386502861976624
0.3722110390663147
0.354873389005661
0.3551594316959381
0.375897616147995
0.3781895041465759
0.3634724020957947
0.3719628155231476
0.38090503215789795
0.3603324890136719
0.3610927164554596
0.3819531500339508
0.36102691292762756
0.37308576703071594
0.35476839542388916
0.36451441049575806
0.36596301198005676
0.3798653781414032
0.3683001399040222
0.3659728765487671
0.3664385974407196
0.3617275059223175
0.3702087700366974
0.3458205759525299
0.3847939670085907
0.3778728246688843
0.36111757159233093
0.3702099919319153
0.35111644864082336
0.3719642758369446
0.38493070006370544
0.3579006493091583
0.37151116132736206
0.36079829931259155
0.3491787910461426
0.3700243830680847
0.3599262833595276
0.37017568945884705
0.3583652675151825
0.371474027633667
0.37740859389305115
0.36377811431884766
0.35020536184310913
0.358574241399765
0.3454221785068512
0.36165952682495117
0.3499164283275604
0.371221661567688
0.35844147205352783
0.3556530475616455
0.34961405396461487
0.3699922263622284
0.34783414006233215
0.34678348898887634
0.36399930715560913
0.3492208421230316
0.3565260171890259
0.3420965075492859
0.36474043130874634
0.3573881983757019
0.3669092655181885
0.3510972857475281
0.36716222763061523
0.3702279329299927
0.37218499183654785
0.37792032957077026
0.35418689250946045
0.37823155522346497
0.36717888712882996
0.35173261165618896
0.3554399311542511
0.3640536367893219
0.36640724539756775
0.36898186802864075
0.35646793246269226
0.35347235202789307
0.36124885082244873
0.3432933986186981
0.3661596477031708
0.3657832741737366
0.3659029006958008
0.35363003611564636
0.3708340525627136
0.37510427832603455
0.362440824508667
0.36773765087127686
0.35872048139572144
0.3607952892780304
0.37242475152015686
0.35837945342063904
0.35604405403137207
0.3494073748588562
0.34915679693222046
0.35125407576560974
0.3738641142845154
0.360028475522995
0.3648263216018677
0.3525856137275696
0.37396708130836487
0.3461238741874695
0.36157020926475525
0.34947946667671204
0.36027589440345764
0.3548749089241028
0.385697603225708
0.3636055290699005
0.36282607913017273
0.36879152059555054
0.36019501090049744
0.365734338760376
0.36090949177742004
0.3935272693634033
0.3436494767665863
0.344421923160553
0.3441818952560425
0.35576796531677246
0.3570692241191864
0.36896979808807373
0.3768256902694702
0.3613891005516052
0.35637688636779785
0.3771732747554779
0.3764125406742096
0.3576135039329529
0.363076776266098
0.35918208956718445
0.356593519449234
0.36799612641334534
0.3704112768173218
0.376995325088501
0.366476446390152
0.363843709230423
0.36369508504867554
0.37186598777770996
0.3567221462726593
0.3492640554904938
0.3556152582168579
0.3580782413482666
0.3594072461128235
0.3804505169391632
0.359218955039978
0.34180253744125366
0.36317119002342224
0.36005738377571106
0.35643327236175537
0.3615546226501465
0.36421942710876465
0.3613778352737427
0.3421775698661804
0.3666800856590271
0.3448081314563751
0.3734038770198822
0.3646398186683655
0.34595566987991333
0.3929917514324188
0.36826029419898987
0.35495835542678833
0.35553407669067383
0.34941476583480835
0.35281744599342346
0.3442116975784302
0.36401012539863586
0.3702402114868164
0.35603103041648865
0.3597700893878937
0.3609844744205475
0.347076952457428
0.3705277740955353
0.35635510087013245
0.3480803370475769
0.34178271889686584
0.37116318941116333
0.348781943321228
0.3731062114238739
0.36613932251930237
0.36148160696029663
0.3558259904384613
0.3479575216770172
0.35094621777534485
0.3497387766838074
0.3476543426513672
0.3541666567325592
0.3571091890335083
0.3702762722969055
0.3650619387626648
0.37046268582344055
0.348495215177536
0.36575230956077576
0.35928577184677124
0.35062918066978455
0.3772432208061218
0.36460956931114197
0.3549962639808655
0.35820430517196655
0.3560609519481659
0.3573732376098633
0.36478909850120544
0.3578939139842987
0.3801572620868683
0.3577742278575897
0.36534401774406433
0.36142265796661377
0.3529941737651825
0.3561665117740631
0.3561135530471802
0.37427571415901184
0.3509974181652069
0.3845526874065399
0.3715313971042633
0.35521093010902405
0.3532141447067261
0.3690266013145447
0.35418206453323364
0.354621559381485
0.3694002032279968
0.3621791899204254
0.3543722927570343
0.3642764389514923
0.3648480176925659
0.3566274642944336
0.36701643466949463
0.36409643292427063
0.33770087361335754
0.35618072748184204
0.37793096899986267
0.3312574028968811
0.3568868041038513
0.3685950040817261
0.3425253927707672
0.3601263761520386
0.3629995286464691
0.3658784031867981
0.35696059465408325
0.3852827250957489
0.3640891909599304
0.35600292682647705
0.3711201250553131
0.36989322304725647
0.3490481376647949
0.36511823534965515
0.34755873680114746
0.3850749731063843
0.3509388864040375
0.35949864983558655
0.3623313307762146
0.3510819375514984
0.3601417541503906
0.334780216217041
0.3536188304424286
0.35283851623535156
0.3360649049282074
0.36778053641319275
0.3486061692237854
0.3379063308238983
0.3643038868904114
0.3770770728588104
0.35751405358314514
0.37616288661956787
0.3565983176231384
0.35090017318725586
0.3770723044872284
0.3428763151168823
0.3687187731266022
0.3655039966106415
0.3398924171924591
0.3401089906692505
0.3410220146179199
0.3593366742134094
0.35635578632354736
0.3465828001499176
0.37284645438194275
0.36949118971824646
0.35058659315109253
0.3734768033027649
0.34131839871406555
0.3657805919647217
0.35277143120765686
0.36030539870262146
0.36641019582748413
0.360866904258728
0.36947160959243774
0.38364365696907043
0.3658949136734009
0.3604227304458618
0.3531523644924164
0.35059329867362976
0.3610415756702423
0.36311429738998413
0.36582788825035095
0.34991389513015747
0.3618587553501129
0.3468054533004761
0.3716743588447571
0.3653285503387451
0.3748892545700073
0.38253161311149597
0.3561554253101349
0.3680177330970764
0.3497205972671509
0.3729707598686218
0.3758455216884613
0.3654714822769165
0.3523200452327728
0.3670385777950287
0.3522879481315613
0.3385525047779083
0.3543013334274292
0.3617786467075348
0.35685279965400696
0.35195624828338623
0.3657950162887573
0.35930436849594116
0.3680400252342224
0.33992433547973633
0.3512783944606781
0.35885074734687805
0.3616107106208801
0.34792137145996094
0.36079704761505127
0.3701779246330261
0.36353278160095215
0.3657536208629608
0.35730475187301636
0.3717234134674072
0.37288933992385864
0.3722219169139862
0.337157666683197
0.37059104442596436
0.3579758405685425
0.35749074816703796
0.3662996292114258
0.36058309674263
0.3619841933250427
0.3410758376121521
0.3481500744819641
0.3448382318019867
0.3643205463886261
0.35262593626976013
0.3489784300327301
0.3499408960342407
0.3605591654777527
0.35627225041389465
0.353451132774353
0.3574942648410797
0.3562129735946655
0.36181849241256714
0.34272775053977966
0.3620496988296509
0.34318023920059204
0.35452041029930115
0.3472924530506134
0.3563668429851532
0.35830119252204895
0.3705143630504608
0.3572249114513397
0.34440943598747253
0.35356467962265015
0.34694620966911316
0.3610590994358063
0.3657139837741852
0.3554304540157318
0.3516497313976288
0.35891154408454895
0.34972140192985535
0.378217488527298
0.3483320474624634
0.3755702078342438
0.34859514236450195
0.37312546372413635
0.3582986295223236
0.3688022792339325
0.36807355284690857
0.3598628044128418
0.37522855401039124
0.36537501215934753
0.35661908984184265
0.3572379946708679
0.3640356659889221
0.3449896275997162
0.3434227406978607
0.3605063259601593
0.36050280928611755
0.3608684837818146
0.3431265950202942
0.3535398542881012
0.3390253484249115
0.3384788930416107
0.35781505703926086
0.3560645580291748
0.36936724185943604
0.3520052134990692
0.3536206781864166
0.343557208776474
0.34940117597579956
0.35106804966926575
0.3703053891658783
0.3702812194824219
0.3547945022583008
0.3484450876712799
0.37001103162765503
0.3754962980747223
0.3587733805179596
0.3658704459667206
0.3683294951915741
0.36171427369117737
0.3482508063316345
0.3444303572177887
0.3572138547897339
0.3756122291088104
0.3661254048347473
0.3675532341003418
0.35641929507255554
0.3400445580482483
0.3550429344177246
0.3783039450645447
0.3611000180244446
0.35044097900390625
0.36152395606040955
0.3633991479873657
0.345011830329895
0.35153403878211975
0.36979183554649353
0.36661040782928467
0.36246243119239807
0.35492366552352905
0.35698723793029785
0.36310768127441406
0.37294265627861023
0.3630512058734894
0.360477089881897
0.3531304597854614
0.35534772276878357
0.3459133505821228
0.35751599073410034
0.36149081587791443
0.36149629950523376
0.35448047518730164
0.3532823324203491
0.37385252118110657
0.3524412214756012
0.3341253697872162
0.36650550365448
0.3708030879497528
0.37552836537361145
0.3462281823158264
0.34581175446510315
0.34530940651893616
0.35246947407722473
0.353945791721344
0.34362760186195374
0.3578838109970093
0.35838228464126587
0.35019466280937195
0.3585304319858551
0.3500397205352783
0.34619656205177307
0.3588458001613617
0.36582204699516296
0.35897547006607056
0.3513554334640503
0.353180468082428
0.3627013862133026
0.371982216835022
0.3512895405292511
0.3434580862522125
0.3424299359321594
0.3662357032299042
0.36745867133140564
0.3727041780948639
0.3576199412345886
0.36334601044654846
0.3548974096775055
0.36143460869789124
0.33888766169548035
0.355379581451416
0.3735862970352173
0.3582763969898224
0.36067187786102295
0.3541451692581177
0.3722146153450012
0.36333656311035156
0.3485497832298279
0.3607562482357025
0.36098793148994446
0.36474087834358215
0.35677284002304077
0.34653595089912415
0.3557954728603363
0.3781762719154358
0.3503445088863373
0.3656246066093445
0.37139877676963806
0.342582643032074
0.35737717151641846
0.3668724596500397
0.3563554584980011
0.35689759254455566
0.3330881595611572
0.3568369448184967
0.35709330439567566
0.3610174357891083
0.3651553690433502
0.3542308211326599
0.3712047338485718
0.35435041785240173
0.34930068254470825
0.35002601146698
0.3388543426990509
0.34559836983680725
0.34980636835098267
0.353108286857605
0.36809924244880676
0.3580987751483917
0.3447911739349365
0.37159326672554016
0.34180429577827454
0.35995572805404663
0.35773053765296936
0.35605424642562866
0.3657591938972473
0.3529106080532074
0.34415140748023987
0.3705538809299469
0.368124395608902
0.3460613191127777
0.36755892634391785
0.35800987482070923
0.34747791290283203
0.3492433428764343
0.3611755967140198
0.3701559603214264
0.3640210032463074
0.353769987821579
0.36102718114852905
0.35760951042175293
0.3592146039009094
0.3514270484447479
0.3542907238006592
0.3502067029476166
0.358049213886261
0.36841103434562683
0.34824100136756897
0.35945335030555725
0.35382258892059326
0.3513575792312622
0.36497679352760315
0.36650362610816956
0.36336737871170044
0.3564119338989258
0.3328808844089508
0.3475527763366699
0.3483410179615021
0.3546998202800751
0.340770959854126
0.3578290641307831
0.3580428659915924
0.3488326072692871
0.3585500717163086
0.36030876636505127
0.3609268367290497
0.3590635359287262
0.3580625653266907
0.36756572127342224
0.3701234757900238
0.36725273728370667
0.3576732575893402
0.36749401688575745
0.3657161593437195
0.35213223099708557
0.3618682324886322
0.35489723086357117
0.3424520194530487
0.3770647644996643
0.3409480154514313
0.3640291094779968
0.35827508568763733
0.3355734646320343
0.3553844690322876
0.35467979311943054
0.36257025599479675
0.36598914861679077
0.3646421432495117
0.3556337356567383
0.366632342338562
0.33288460969924927
0.36352646350860596
0.3565821051597595
0.3669242262840271
0.36853694915771484
0.35192999243736267
0.3543729782104492
0.378002405166626
0.35469815135002136
0.37543171644210815
0.3546014726161957
0.3425320088863373
0.36272305250167847
0.35773766040802
0.358169287443161
0.3522474467754364
0.36387038230895996
0.36452341079711914
