0.8200060129165649
0.7690305709838867
0.7012061476707458
0.6666103005409241
0.6748311519622803
0.6320090889930725
0.6085717678070068
0.6172744631767273
0.5873400568962097
0.5720131397247314
0.5483066439628601
0.5362749695777893
0.5322209596633911
0.53203284740448
0.5464609861373901
0.48064687848091125
0.4900480806827545
0.47855526208877563
0.502360999584198
0.45471736788749695
0.4656188488006592
0.4473707377910614
0.4792168140411377
0.45942577719688416
0.46734172105789185
0.44286245107650757
0.471798300743103
0.4373604357242584
0.4402128756046295
0.4221557080745697
0.428365021944046
0.43584614992141724
0.4455779790878296
0.43841296434402466
0.41883811354637146
0.40201419591903687
0.41682377457618713
0.4297124445438385
0.4217435121536255
0.4297870397567749
0.3906362056732178
0.41988593339920044
0.41374891996383667
0.39551329612731934
0.4125760793685913
0.39718326926231384
0.40726253390312195
0.389980673789978
0.4000721871852875
0.3921850323677063
0.40353840589523315
0.39202967286109924
0.38799145817756653
0.40531736612319946
0.37902435660362244
0.38370412588119507
0.38761597871780396
0.38323065638542175
0.3714980185031891
0.37639501690864563
0.37237444519996643
0.37683746218681335
0.3752445578575134
0.3611523509025574
0.37062814831733704
0.36115723848342896
0.3593177795410156
0.3725985288619995
0.34746864438056946
0.387081116437912
0.3661664128303528
0.3467356264591217
0.34569740295410156
0.3523644208908081
0.34930872917175293
0.33787405490875244
0.3558000326156616
0.33489108085632324
0.330623596906662
0.35185614228248596
0.3215765953063965
0.3376077115535736
0.3473127484321594
0.3454236686229706
0.3231753408908844
0.3289400041103363
0.3338809609413147
0.35046905279159546
0.3294907808303833
0.3294554054737091
0.32353389263153076
0.34417906403541565
0.3164612054824829
0.32070645689964294
0.33780840039253235
0.3118245005607605
0.31096017360687256
0.32676762342453003
0.3085065186023712
0.30310314893722534
0.32383352518081665
0.31149521470069885
0.3156324326992035
0.3124361038208008
0.3110356628894806
0.30376094579696655
0.3102721571922302
0.30890098214149475
0.30541351437568665
0.30688077211380005
0.3054172992706299
0.3019939064979553
0.27653753757476807
0.30675408244132996
0.2907060980796814
0.2963394522666931
0.29368773102760315
0.2803119719028473
0.29656171798706055
0.30009523034095764
0.29374149441719055
0.2784188985824585
0.2894558608531952
0.27657073736190796
0.28797367215156555
0.27875301241874695
0.28833669424057007
0.2828751504421234
0.27919551730155945
0.2933943271636963
0.2960907816886902
0.2801666259765625
0.28107568621635437
0.295960932970047
0.2812204658985138
0.27979767322540283
0.2712365388870239
0.28301775455474854
0.27349624037742615
0.2782358229160309
0.2868273854255676
0.27842146158218384
0.27134817838668823
0.2654782235622406
0.2727964222431183
0.26029646396636963
0.25850677490234375
0.2709957957267761
0.27045363187789917
0.28423643112182617
0.2663896381855011
0.26053377985954285
0.2892550528049469
0.2782028913497925
0.27596065402030945
0.2749173641204834
0.2844606935977936
0.26755547523498535
0.2529732584953308
0.2586052715778351
0.24664825201034546
0.27135083079338074
0.26022687554359436
0.2450128197669983
0.2589457333087921
0.2728496193885803
0.2807648777961731
0.2631874978542328
0.23830050230026245
0.24943794310092926
0.2641507685184479
0.27437976002693176
0.258676141500473
0.24813543260097504
0.2666251063346863
0.24206604063510895
0.23398154973983765
0.2529105842113495
0.23988856375217438
0.23118793964385986
0.23420551419258118
0.22687307000160217
0.24682724475860596
0.23885881900787354
0.22755137085914612
0.24163679778575897
0.23247204720973969
0.24127468466758728
0.2440251111984253
0.23668718338012695
0.2445189356803894
0.2427116483449936
0.24740497767925262
0.22977615892887115
0.24358823895454407
0.2338418960571289
0.21746617555618286
0.23217050731182098
0.23484785854816437
0.23285801708698273
0.22102372348308563
0.2269427627325058
0.23469558358192444
0.2257692515850067
0.22334398329257965
0.24174825847148895
0.2416398525238037
0.21449531614780426
0.2361227422952652
0.251095712184906
0.21942880749702454
0.2266114354133606
0.24253079295158386
0.2375626415014267
0.21815575659275055
0.22462618350982666
0.2264574021100998
0.22324492037296295
0.2331232875585556
0.22843396663665771
0.23863334953784943
0.2154635339975357
0.22158145904541016
0.21540364623069763
0.23359672725200653
0.23312368988990784
0.2117324322462082
0.22934027016162872
0.2256665825843811
0.21484214067459106
0.21388056874275208
0.241536483168602
0.20620031654834747
0.22371958196163177
0.22889065742492676
0.2151641845703125
0.2275284379720688
0.2250424176454544
0.211037278175354
0.2217898964881897
0.20548321306705475
0.23220513761043549
0.20649480819702148
0.1991633176803589
0.22828994691371918
0.20726269483566284
0.20933161675930023
0.2215988039970398
0.1991942971944809
0.21942906081676483
0.2191585898399353
0.21290139853954315
0.21756865084171295
0.21771149337291718
0.20486395061016083
0.22060026228427887
0.19963306188583374
0.21106305718421936
0.21908777952194214
0.22745554149150848
0.1994020640850067
0.20034459233283997
0.20857802033424377
0.2007489949464798
0.20973911881446838
0.19886437058448792
0.2147158533334732
0.21978148818016052
0.21371608972549438
0.205489844083786
0.21261361241340637
0.21468935906887054
0.20988331735134125
0.21694079041481018
0.21155163645744324
0.20816753804683685
0.20461280643939972
0.19923487305641174
0.2148033231496811
0.20962436497211456
0.21012942492961884
0.21348562836647034
0.21664048731327057
0.20561110973358154
0.21341350674629211
0.20230023562908173
0.19826342165470123
0.20339757204055786
0.2094079852104187
0.20222142338752747
0.20321311056613922
0.2079736888408661
0.20272976160049438
0.21605399250984192
0.2183830291032791
0.1991000473499298
0.19604554772377014
0.20169423520565033
0.19228971004486084
0.20316271483898163
0.2073916345834732
0.2108955979347229
0.19206029176712036
0.18036143481731415
0.2163177728652954
0.20310835540294647
0.20954380929470062
0.20636780560016632
0.19625578820705414
0.18799300491809845
0.19673685729503632
0.1990107297897339
0.20970481634140015
0.1997326761484146
0.205409973859787
0.19175167381763458
0.1942717730998993
0.20039524137973785
0.19326721131801605
0.20791614055633545
0.18504977226257324
0.20945875346660614
0.19424556195735931
0.1979624480009079
0.20644953846931458
0.2137185037136078
0.20330451428890228
0.19374574720859528
0.2040228694677353
0.19578030705451965
0.17862369120121002
0.17972691357135773
0.1987943798303604
0.19708184897899628
0.19366131722927094
0.20133952796459198
0.20430788397789001
0.18304674327373505
0.18150275945663452
0.19393131136894226
0.18155620992183685
0.1944381445646286
0.20536819100379944
0.18525288999080658
0.19464519619941711
0.19688209891319275
0.20402012765407562
0.18659865856170654
0.1900094449520111
0.20031902194023132
0.20228128135204315
0.19978834688663483
0.21083401143550873
0.2027146965265274
0.20466047525405884
0.21303993463516235
0.20762379467487335
0.19042238593101501
0.19802667200565338
0.2018900066614151
0.19345946609973907
0.1789865642786026
0.17837780714035034
0.19826394319534302
0.18784159421920776
0.19112960994243622
0.18606071174144745
0.19165223836898804
0.18736356496810913
0.19176340103149414
0.19066216051578522
0.18314969539642334
0.18403497338294983
0.19929341971874237
0.19029299914836884
0.1860865354537964
0.19809193909168243
0.18722155690193176
0.18483516573905945
0.1927986443042755
0.18727104365825653
0.19744862616062164
0.1917177438735962
0.20088571310043335
0.2047131061553955
0.19769519567489624
0.1912626177072525
0.1977820247411728
0.18463149666786194
0.19041651487350464
0.1844232678413391
0.17265455424785614
0.17688819766044617
0.18006695806980133
0.18448448181152344
0.20929227769374847
0.1860240399837494
0.19333311915397644
0.19466206431388855
0.18417459726333618
0.17467841506004333
0.18478183448314667
0.1704532504081726
0.20509734749794006
0.17401805520057678
0.18920975923538208
0.18699431419372559
0.18640932440757751
0.19576480984687805
0.199843630194664
0.19372692704200745
0.1762564778327942
0.20940116047859192
0.1875130534172058
0.18883514404296875
0.18152205646038055
0.19023668766021729
0.1821630597114563
0.17288042604923248
0.18011382222175598
0.18521155416965485
0.19798418879508972
0.19158793985843658
0.1648848056793213
0.17214074730873108
0.19080598652362823
0.18912124633789062
0.19603605568408966
0.1760123074054718
0.1718727946281433
0.1911628544330597
0.18031299114227295
0.1721055656671524
0.1869681477546692
0.19307935237884521
0.1897597312927246
0.18254399299621582
0.16738225519657135
0.1993415504693985
0.19912919402122498
0.18871831893920898
0.17598937451839447
0.1821213811635971
0.1773541122674942
0.17074333131313324
0.19205881655216217
0.20654627680778503
0.18566985428333282
0.17249688506126404
0.17227399349212646
0.18106281757354736
0.18798549473285675
0.18260692059993744
0.1788616180419922
0.18600080907344818
0.19724041223526
0.18550458550453186
0.1894700825214386
0.17532163858413696
0.18257728219032288
0.1708967238664627
0.17918968200683594
0.16537988185882568
0.17235195636749268
0.18587525188922882
0.18804311752319336
0.1727922558784485
0.1825677752494812
0.17505048215389252
0.18621312081813812
0.18861429393291473
0.16982823610305786
0.1829349398612976
0.20375780761241913
0.17704254388809204
0.17528492212295532
0.17013943195343018
0.16402186453342438
0.1710723638534546
0.17659582197666168
0.18482936918735504
0.17667143046855927
0.1763879507780075
0.17228205502033234
0.18151846528053284
0.17645448446273804
0.16756467521190643
0.16911396384239197
0.18699470162391663
0.1736604869365692
0.17535300552845
0.17713114619255066
0.18347600102424622
0.16469518840312958
0.19043229520320892
0.17755337059497833
0.1799292117357254
0.19180412590503693
0.16482818126678467
0.17581605911254883
0.1684606820344925
0.18413187563419342
0.17450857162475586
0.1771710067987442
0.18260590732097626
0.1860075294971466
0.19088055193424225
0.17531360685825348
0.15963003039360046
0.1787417232990265
0.19208399951457977
0.17966048419475555
0.1617303341627121
0.1726221740245819
0.1693388968706131
0.182463601231575
0.17200496792793274
0.17506949603557587
0.1798892766237259
0.18750962615013123
0.16833899915218353
0.19150303304195404
0.19271671772003174
0.178044393658638
0.17300687730312347
0.17850010097026825
0.18280978500843048
0.17178910970687866
0.19068166613578796
0.17859724164009094
0.18483376502990723
0.16987332701683044
0.18460826575756073
0.17901429533958435
0.186069056391716
0.1684894561767578
0.17033721506595612
0.17692780494689941
0.17182350158691406
0.16440732777118683
0.18602819740772247
0.179093599319458
0.17418242990970612
0.1630396991968155
0.18639083206653595
0.16695746779441833
0.17121754586696625
0.180077463388443
0.17209979891777039
0.15707100927829742
0.16114121675491333
0.17659801244735718
0.17402303218841553
0.17340174317359924
0.18065808713436127
0.16729991137981415
0.19091565907001495
0.17248684167861938
0.1824481189250946
0.17981363832950592
0.1746782511472702
0.1810227334499359
0.17438004910945892
0.16987131536006927
0.17918610572814941
0.19768495857715607
0.17929798364639282
0.17414405941963196
0.1850617676973343
0.19201107323169708
0.1748761385679245
0.17863023281097412
0.17014700174331665
0.18023784458637238
0.18376734852790833
0.17788074910640717
0.1812191605567932
0.1696299910545349
0.17328228056430817
0.1806347668170929
0.1671614944934845
0.17231902480125427
0.18121246993541718
0.17049388587474823
0.17738443613052368
0.16082696616649628
0.17764844000339508
0.1820603907108307
0.1754806935787201
0.15979932248592377
0.1951698660850525
0.17360791563987732
0.19107119739055634
0.18309521675109863
0.15941205620765686
0.1960461437702179
0.17409417033195496
0.18484288454055786
0.17174305021762848
0.17216987907886505
0.17378142476081848
0.18835721909999847
0.18595202267169952
0.1697680950164795
0.19151385128498077
0.1758231222629547
0.16559666395187378
0.16729235649108887
0.18069565296173096
0.17882347106933594
0.1683887541294098
0.16672952473163605
0.16976825892925262
0.15889208018779755
0.17245973646640778
0.1697586327791214
0.185561403632164
0.1996460258960724
0.1817031055688858
0.17084532976150513
0.19190341234207153
0.17411427199840546
0.1907731592655182
0.15986385941505432
0.16370616853237152
0.16731475293636322
0.16410574316978455
0.16021950542926788
0.1856354922056198
0.16736958920955658
0.17234501242637634
0.1773538738489151
0.16336938738822937
0.18726994097232819
0.18645326793193817
0.15808163583278656
0.1735970377922058
0.17873643338680267
0.19208228588104248
0.18107488751411438
0.17483317852020264
0.17020970582962036
0.16471648216247559
0.1838769167661667
0.19092822074890137
0.17276695370674133
0.1780281364917755
0.18647444248199463
