0.5358255505561829
0.545171320438385
0.5498442649841309
0.5654205679893494
0.6090342402458191
0.5934579372406006
0.6152647733688354
0.5981308221817017
0.6323987245559692
0.6121495366096497
0.6277258396148682
0.6292834877967834
0.6464174389839172
0.6401869058609009
0.6323987245559692
0.6495327353477478
0.6822429895401001
0.6573208570480347
0.6806853413581848
0.672897219657898
0.6853582262992859
0.6479750871658325
0.6931464076042175
0.6464174389839172
0.6713395714759827
0.6947040557861328
0.7133956551551819
0.7133956551551819
0.6822429895401001
0.7056074738502502
0.7133956551551819
0.7211837768554688
0.7289719581604004
0.7274143099784851
0.7336448431015015
0.732087254524231
0.7383177280426025
0.7398753762245178
0.7336448431015015
0.7165108919143677
0.7554517388343811
0.7585669755935669
0.7741432785987854
0.767912745475769
0.7507787942886353
0.7429906725883484
0.7414330244064331
0.7616822719573975
0.7507787942886353
0.7554517388343811
0.7725856900215149
0.777258574962616
0.781931459903717
0.7866043448448181
0.7803738117218018
0.7850467562675476
0.777258574962616
0.781931459903717
0.7850467562675476
0.7803738117218018
0.7975077629089355
0.7866043448448181
0.7943925261497498
0.7757009267807007
0.8177570104598999
0.7663551568984985
0.8006230592727661
0.7990654110908508
0.7990654110908508
0.8161993622779846
0.7897196412086487
0.8052959442138672
0.7897196412086487
0.8021807074546814
0.8021807074546814
0.795950174331665
0.7866043448448181
0.8052959442138672
0.8115264773368835
0.8130841255187988
0.8239875435829163
0.7943925261497498
0.8208722472190857
0.8115264773368835
0.8115264773368835
0.8115264773368835
0.8115264773368835
0.8068535923957825
0.7975077629089355
0.8255451917648315
0.8115264773368835
0.7897196412086487
0.8084112405776978
0.8068535923957825
0.822429895401001
0.8473520278930664
0.8208722472190857
0.8115264773368835
0.8380062580108643
0.8255451917648315
0.8333333134651184
0.822429895401001
0.836448609828949
0.7928348779678345
0.8255451917648315
0.8348909616470337
0.8348909616470337
0.836448609828949
0.8286604285240173
0.8255451917648315
0.8208722472190857
0.84112149477005
0.827102780342102
0.8099688291549683
0.822429895401001
0.822429895401001
0.8317757248878479
0.8426791429519653
0.84112149477005
0.8286604285240173
0.827102780342102
0.8302180767059326
0.8473520278930664
0.8302180767059326
0.8380062580108643
0.836448609828949
0.8333333134651184
0.8161993622779846
0.8255451917648315
0.836448609828949
0.8239875435829163
0.8426791429519653
0.8504672646522522
0.8473520278930664
0.8442367315292358
0.8442367315292358
0.8255451917648315
0.822429895401001
0.8489096760749817
0.836448609828949
0.8317757248878479
0.8473520278930664
0.8473520278930664
0.8520249128341675
0.8380062580108643
0.827102780342102
0.8348909616470337
0.8473520278930664
0.8520249128341675
0.8302180767059326
0.8442367315292358
0.8489096760749817
0.8489096760749817
0.8333333134651184
0.8380062580108643
0.8473520278930664
0.8489096760749817
0.8317757248878479
0.8395638465881348
0.8426791429519653
0.8473520278930664
0.8426791429519653
0.8395638465881348
0.8504672646522522
0.836448609828949
0.8457943797111511
0.8520249128341675
0.8582554459571838
0.855140209197998
0.8426791429519653
0.84112149477005
0.8395638465881348
0.8348909616470337
0.8520249128341675
0.8520249128341675
0.8489096760749817
0.8333333134651184
0.8504672646522522
0.8348909616470337
0.8457943797111511
0.8426791429519653
0.8426791429519653
0.8442367315292358
0.8473520278930664
0.8504672646522522
0.8520249128341675
0.8520249128341675
0.8442367315292358
0.8489096760749817
0.8489096760749817
0.8442367315292358
0.8535825610160828
0.8629283308982849
0.855140209197998
0.8380062580108643
0.8473520278930664
0.8535825610160828
0.8613707423210144
0.8582554459571838
0.8582554459571838
0.855140209197998
0.8613707423210144
0.8644859790802002
0.8489096760749817
0.8442367315292358
0.8566977977752686
0.84112149477005
0.8598130941390991
0.8520249128341675
0.8395638465881348
0.8520249128341675
0.8566977977752686
0.8504672646522522
0.8504672646522522
0.8582554459571838
0.8566977977752686
0.8613707423210144
0.8504672646522522
0.8598130941390991
0.8520249128341675
0.8598130941390991
0.8473520278930664
0.8598130941390991
0.8598130941390991
0.855140209197998
0.8660436272621155
0.8644859790802002
0.8520249128341675
0.8426791429519653
0.8582554459571838
0.8566977977752686
0.8629283308982849
0.8520249128341675
0.8629283308982849
0.855140209197998
0.8598130941390991
0.8598130941390991
0.8613707423210144
0.8504672646522522
0.8535825610160828
0.8582554459571838
0.8566977977752686
0.8676012754440308
0.8644859790802002
0.8660436272621155
0.8676012754440308
0.8676012754440308
0.8629283308982849
0.8629283308982849
0.8691588640213013
0.8582554459571838
0.8722741603851318
0.8629283308982849
0.8598130941390991
0.8785046935081482
0.8676012754440308
0.8676012754440308
0.8535825610160828
0.8613707423210144
0.8598130941390991
0.8738317489624023
0.8707165122032166
0.8629283308982849
0.8660436272621155
0.8644859790802002
0.8566977977752686
0.8676012754440308
0.8676012754440308
0.8691588640213013
0.8800622820854187
0.881619930267334
0.8660436272621155
0.8535825610160828
0.8566977977752686
0.8660436272621155
0.8676012754440308
0.8613707423210144
0.8613707423210144
0.8676012754440308
0.8489096760749817
0.8753893971443176
0.8644859790802002
0.8753893971443176
0.8629283308982849
0.8644859790802002
0.8707165122032166
0.8535825610160828
0.8629283308982849
0.8566977977752686
0.8598130941390991
0.8660436272621155
0.8722741603851318
0.8613707423210144
0.8738317489624023
0.8707165122032166
0.8676012754440308
0.8738317489624023
0.8473520278930664
0.8707165122032166
0.8473520278930664
0.855140209197998
0.8613707423210144
0.8644859790802002
0.8629283308982849
0.8629283308982849
0.8660436272621155
0.8676012754440308
0.8660436272621155
0.8769470453262329
0.8738317489624023
0.8707165122032166
0.8676012754440308
0.8629283308982849
0.8676012754440308
0.8660436272621155
0.8691588640213013
0.8738317489624023
0.8800622820854187
0.8582554459571838
0.8613707423210144
0.8769470453262329
0.8753893971443176
0.8582554459571838
0.8520249128341675
0.8738317489624023
0.8738317489624023
0.8707165122032166
0.8691588640213013
0.8769470453262329
0.8738317489624023
0.855140209197998
0.8722741603851318
0.8613707423210144
0.8629283308982849
0.8660436272621155
0.8753893971443176
0.8722741603851318
0.8753893971443176
0.8660436272621155
0.8738317489624023
0.8691588640213013
0.8676012754440308
0.8691588640213013
0.8722741603851318
0.8738317489624023
0.8644859790802002
0.8738317489624023
0.8629283308982849
0.8660436272621155
0.8785046935081482
0.8707165122032166
0.8769470453262329
0.8707165122032166
0.8660436272621155
0.8738317489624023
0.8644859790802002
0.8691588640213013
0.8722741603851318
0.8660436272621155
0.8644859790802002
0.8738317489624023
0.8753893971443176
0.8644859790802002
0.8644859790802002
0.8769470453262329
0.8660436272621155
0.8862928152084351
0.8738317489624023
0.8769470453262329
0.8691588640213013
0.8722741603851318
0.8738317489624023
0.8738317489624023
0.8769470453262329
0.8676012754440308
0.8722741603851318
0.8691588640213013
0.8691588640213013
0.8894081115722656
0.8800622820854187
0.8722741603851318
0.8676012754440308
0.8769470453262329
0.8691588640213013
0.8707165122032166
0.8613707423210144
0.8660436272621155
0.8722741603851318
0.8769470453262329
0.8753893971443176
0.8722741603851318
0.8785046935081482
0.8785046935081482
0.8831775784492493
0.8800622820854187
0.8753893971443176
0.8785046935081482
0.8785046935081482
0.8800622820854187
0.8785046935081482
0.881619930267334
0.8598130941390991
0.8785046935081482
0.881619930267334
0.8753893971443176
0.8753893971443176
0.8722741603851318
0.8676012754440308
0.8769470453262329
0.8769470453262329
0.8707165122032166
0.8691588640213013
0.8769470453262329
0.8862928152084351
0.8769470453262329
0.8831775784492493
0.8738317489624023
0.8738317489624023
0.8738317489624023
0.881619930267334
0.8785046935081482
0.8691588640213013
0.8707165122032166
0.8785046935081482
0.8800622820854187
0.8722741603851318
0.8785046935081482
0.8738317489624023
0.8831775784492493
0.8831775784492493
0.8707165122032166
0.8785046935081482
0.8676012754440308
0.8785046935081482
0.8800622820854187
0.8785046935081482
0.8800622820854187
0.8707165122032166
0.8862928152084351
0.8785046935081482
0.881619930267334
0.8894081115722656
0.8769470453262329
0.881619930267334
0.881619930267334
0.8800622820854187
0.8800622820854187
0.8769470453262329
0.8862928152084351
0.8785046935081482
0.8987538814544678
0.8769470453262329
0.8862928152084351
0.8800622820854187
0.8676012754440308
0.8800622820854187
0.881619930267334
0.8831775784492493
0.8800622820854187
0.8769470453262329
0.8738317489624023
0.8644859790802002
0.8785046935081482
0.8847352266311646
0.8847352266311646
0.8738317489624023
0.881619930267334
0.8738317489624023
0.881619930267334
0.8800622820854187
0.8738317489624023
0.881619930267334
0.8722741603851318
0.8769470453262329
0.8769470453262329
0.8769470453262329
0.8769470453262329
0.8785046935081482
0.8800622820854187
0.8862928152084351
0.8785046935081482
0.8800622820854187
0.8691588640213013
0.8785046935081482
0.8831775784492493
0.8862928152084351
0.8769470453262329
0.8800622820854187
0.8831775784492493
0.8769470453262329
0.8676012754440308
0.8644859790802002
0.8722741603851318
0.8769470453262329
0.8800622820854187
0.8722741603851318
0.8878504633903503
0.8785046935081482
0.8785046935081482
0.8847352266311646
0.8878504633903503
0.8909657597541809
0.8753893971443176
0.8753893971443176
0.8878504633903503
0.8753893971443176
0.8800622820854187
0.8800622820854187
0.881619930267334
0.8925233483314514
0.8722741603851318
0.8753893971443176
0.8722741603851318
0.8862928152084351
0.881619930267334
0.8769470453262329
0.8800622820854187
0.8800622820854187
0.8738317489624023
0.8785046935081482
0.8707165122032166
0.8925233483314514
0.881619930267334
0.881619930267334
0.8785046935081482
0.8800622820854187
0.8785046935081482
0.8644859790802002
0.881619930267334
0.8894081115722656
0.8800622820854187
0.8753893971443176
0.8785046935081482
0.8738317489624023
0.8862928152084351
0.8831775784492493
0.8847352266311646
0.8785046935081482
0.8862928152084351
0.8894081115722656
0.8722741603851318
0.8769470453262329
0.8707165122032166
0.8831775784492493
0.8785046935081482
0.8862928152084351
0.8785046935081482
0.8738317489624023
0.881619930267334
0.8785046935081482
0.8909657597541809
0.8800622820854187
0.8800622820854187
0.8862928152084351
0.8738317489624023
0.8800622820854187
0.8800622820854187
0.8722741603851318
0.881619930267334
0.8707165122032166
0.8707165122032166
0.8862928152084351
0.8769470453262329
0.8785046935081482
0.8831775784492493
0.8800622820854187
0.8831775784492493
0.8691588640213013
0.8847352266311646
0.8940809965133667
0.881619930267334
0.8847352266311646
0.8894081115722656
0.8878504633903503
0.8722741603851318
0.8738317489624023
0.8847352266311646
0.8862928152084351
0.8753893971443176
0.8707165122032166
0.8738317489624023
0.8894081115722656
0.881619930267334
0.8785046935081482
0.8753893971443176
0.8847352266311646
0.8800622820854187
0.8925233483314514
0.8800622820854187
0.8894081115722656
0.8878504633903503
0.8738317489624023
0.8847352266311646
0.8940809965133667
0.8831775784492493
0.881619930267334
0.8785046935081482
0.8738317489624023
0.881619930267334
0.881619930267334
0.8769470453262329
0.8738317489624023
0.8769470453262329
0.8909657597541809
0.8769470453262329
0.8769470453262329
0.8738317489624023
0.8738317489624023
0.8769470453262329
0.8878504633903503
0.8847352266311646
0.8800622820854187
0.8785046935081482
0.8769470453262329
0.8971962332725525
0.8862928152084351
0.8738317489624023
0.8800622820854187
0.8878504633903503
0.8862928152084351
0.8878504633903503
0.881619930267334
0.8831775784492493
0.8800622820854187
0.8785046935081482
0.8909657597541809
0.881619930267334
0.8847352266311646
0.8847352266311646
0.8785046935081482
0.8831775784492493
0.8800622820854187
0.8769470453262329
0.8629283308982849
0.8785046935081482
0.8878504633903503
0.8753893971443176
0.8800622820854187
0.8847352266311646
0.8925233483314514
0.881619930267334
0.881619930267334
0.8925233483314514
0.8800622820854187
0.8878504633903503
0.8831775784492493
0.881619930267334
0.8753893971443176
0.8925233483314514
0.8738317489624023
0.8862928152084351
0.8925233483314514
0.8738317489624023
0.8676012754440308
0.8785046935081482
0.881619930267334
0.8878504633903503
0.8909657597541809
0.8925233483314514
0.8738317489624023
0.8707165122032166
0.8800622820854187
0.8785046935081482
0.881619930267334
0.8769470453262329
0.8738317489624023
0.8722741603851318
0.8925233483314514
0.8894081115722656
0.8847352266311646
0.8971962332725525
0.8800622820854187
0.8925233483314514
0.8769470453262329
0.8738317489624023
0.8847352266311646
0.8800622820854187
0.881619930267334
0.8831775784492493
0.8909657597541809
0.8785046935081482
0.8878504633903503
0.881619930267334
0.8785046935081482
0.8909657597541809
0.8925233483314514
0.881619930267334
0.8722741603851318
0.8878504633903503
0.8831775784492493
0.881619930267334
0.8940809965133667
0.8722741603851318
0.8753893971443176
0.8769470453262329
0.8785046935081482
0.8862928152084351
0.8878504633903503
0.8847352266311646
0.8894081115722656
0.8753893971443176
0.8925233483314514
0.8878504633903503
0.9003115296363831
0.8894081115722656
0.8800622820854187
0.8878504633903503
0.8769470453262329
0.8909657597541809
0.8831775784492493
0.8753893971443176
0.8738317489624023
0.8894081115722656
0.881619930267334
0.8800622820854187
0.8925233483314514
0.8894081115722656
0.8707165122032166
0.8847352266311646
0.8909657597541809
0.8722741603851318
0.881619930267334
0.8800622820854187
0.8769470453262329
0.8909657597541809
0.8831775784492493
0.8940809965133667
0.8862928152084351
0.8862928152084351
0.8831775784492493
0.8909657597541809
0.8753893971443176
0.881619930267334
0.8800622820854187
0.8785046935081482
0.8800622820854187
0.8831775784492493
0.8738317489624023
0.8722741603851318
0.881619930267334
0.8862928152084351
0.8722741603851318
0.8878504633903503
0.8909657597541809
0.8847352266311646
0.8831775784492493
0.8847352266311646
0.8660436272621155
0.8894081115722656
0.8800622820854187
0.8707165122032166
0.881619930267334
0.8878504633903503
0.8894081115722656
0.8878504633903503
0.8878504633903503
0.8800622820854187
0.8831775784492493
0.881619930267334
0.8831775784492493
0.881619930267334
0.8785046935081482
0.8800622820854187
0.8862928152084351
0.8785046935081482
0.8862928152084351
0.881619930267334
0.8831775784492493
0.881619930267334
0.8894081115722656
0.8862928152084351
0.881619930267334
0.8707165122032166
0.8847352266311646
0.8894081115722656
0.8660436272621155
0.8722741603851318
0.8769470453262329
0.881619930267334
0.8862928152084351
0.895638644695282
0.8940809965133667
0.8800622820854187
0.8753893971443176
0.8738317489624023
0.8831775784492493
0.881619930267334
0.895638644695282
0.8660436272621155
0.8785046935081482
0.8769470453262329
0.8831775784492493
0.8785046935081482
0.8644859790802002
0.8894081115722656
0.8785046935081482
0.8800622820854187
0.8800622820854187
0.8707165122032166
0.8785046935081482
0.895638644695282
0.8738317489624023
0.8800622820854187
0.8738317489624023
0.9018691778182983
0.8847352266311646
0.895638644695282
0.8831775784492493
0.8894081115722656
0.8894081115722656
0.8862928152084351
0.8785046935081482
0.8753893971443176
0.8909657597541809
0.8753893971443176
0.8769470453262329
0.8847352266311646
0.8847352266311646
0.881619930267334
0.8769470453262329
0.8847352266311646
0.8800622820854187
0.8831775784492493
0.895638644695282
0.8769470453262329
0.8847352266311646
0.8894081115722656
0.8831775784492493
0.8878504633903503
0.8878504633903503
0.8800622820854187
