0.840156078338623
0.7831882834434509
0.7388637065887451
0.7010872960090637
0.6790395975112915
0.6674562692642212
0.6424100399017334
0.6498196721076965
0.6266747713088989
0.6114345788955688
0.5934028625488281
0.5832105875015259
0.5641288757324219
0.5600101351737976
0.544998824596405
0.531525194644928
0.517440676689148
0.5216789245605469
0.5085296630859375
0.5223719477653503
0.5059712529182434
0.5020368099212646
0.49327903985977173
0.48231130838394165
0.4745223820209503
0.45744842290878296
0.4599287509918213
0.4593394100666046
0.44373637437820435
0.44286173582077026
0.44084855914115906
0.44486305117607117
0.4140220582485199
0.4326087236404419
0.42080143094062805
0.4141906201839447
0.4189223647117615
0.41296300292015076
0.4073522984981537
0.403816282749176
0.3888293504714966
0.40044713020324707
0.38785648345947266
0.39554187655448914
0.39794299006462097
0.3812796473503113
0.38944146037101746
0.38093361258506775
0.3916117250919342
0.39309239387512207
0.37677180767059326
0.3889264166355133
0.3802480399608612
0.3858547508716583
0.37804746627807617
0.3771507740020752
0.3751520812511444
0.3830312192440033
0.37433773279190063
0.3536553978919983
0.3821124732494354
0.3837452232837677
0.378465473651886
0.3682226836681366
0.36754968762397766
0.3748393952846527
0.3499111533164978
0.36320963501930237
0.36785778403282166
0.3760404586791992
0.3622441589832306
0.3528822064399719
0.36897072196006775
0.36884814500808716
0.37181663513183594
0.35127341747283936
0.3643694818019867
0.36337220668792725
0.3629108667373657
0.36040782928466797
0.37452203035354614
0.35532525181770325
0.3607759475708008
0.3636159896850586
0.35790860652923584
0.35777145624160767
0.3648400604724884
0.3580276072025299
0.35282784700393677
0.36949124932289124
0.3473798930644989
0.35068458318710327
0.3476501703262329
0.34641051292419434
0.3536500334739685
0.36295923590660095
0.34128499031066895
0.33847418427467346
0.3489997982978821
0.34445667266845703
0.35105881094932556
0.3459245264530182
0.3422296941280365
0.3423651456832886
0.3568550646305084
0.343342125415802
0.3335607051849365
0.33971184492111206
0.34136685729026794
0.3521740734577179
0.3443445563316345
0.3478962182998657
0.3413294553756714
0.3391895592212677
0.35124117136001587
0.3454514443874359
0.34980669617652893
0.34137266874313354
0.3435959815979004
0.33779582381248474
0.33746668696403503
0.3315233886241913
0.32935890555381775
0.3409365117549896
0.33529284596443176
0.3361658453941345
0.3163621723651886
0.33542972803115845
0.33197954297065735
0.33199232816696167
0.3306138813495636
0.3333788216114044
0.34076398611068726
0.32645177841186523
0.3366875946521759
0.3475115895271301
0.3446792662143707
0.34810492396354675
0.33714064955711365
0.33647266030311584
0.3431587517261505
0.3368595540523529
0.32655566930770874
0.3246996998786926
0.32934001088142395
0.3253757953643799
0.32818347215652466
0.3253595232963562
0.33000874519348145
0.3416178226470947
0.325519323348999
0.334291011095047
0.32695963978767395
0.3304758369922638
0.3462720513343811
0.34315067529678345
0.33380812406539917
0.3443496525287628
0.32961156964302063
0.33103543519973755
0.325184166431427
0.3211761713027954
0.3350979685783386
0.3299942910671234
0.32963085174560547
0.32941901683807373
0.32005441188812256
0.32004213333129883
0.32820525765419006
0.3234129846096039
0.3139193654060364
0.32425859570503235
0.3215945363044739
0.3170519769191742
0.32607150077819824
0.3272429406642914
0.31440699100494385
0.3192392885684967
0.3261672556400299
0.3334074318408966
0.31678909063339233
0.3125377893447876
0.3113332986831665
0.3077877163887024
0.32904061675071716
0.3268164098262787
0.32103222608566284
0.33156618475914
0.31234756112098694
0.31866753101348877
0.29923713207244873
0.33216068148612976
0.3124809265136719
0.31991860270500183
0.30770424008369446
0.3200208842754364
0.3108879327774048
0.3246019184589386
0.2988733649253845
0.31483596563339233
0.3068181574344635
0.31394174695014954
0.3153418302536011
0.3157110810279846
0.32418543100357056
0.31794729828834534
0.30989643931388855
0.3238925337791443
0.3077852427959442
0.31085601449012756
0.31625229120254517
0.3089253604412079
0.30942386388778687
0.3201647400856018
0.32108545303344727
0.305643230676651
0.33033812046051025
0.3015066087245941
0.30185365676879883
0.3055078983306885
0.30789250135421753
0.3136747479438782
0.3018123209476471
0.296773761510849
0.3057215213775635
0.2947345972061157
0.30274704098701477
0.3004314601421356
0.3004969358444214
0.3182980418205261
0.31451424956321716
0.30342787504196167
0.307341992855072
0.3055592179298401
0.3011760115623474
0.2975804805755615
0.3094436824321747
0.29805251955986023
0.31732264161109924
0.29965752363204956
0.31290340423583984
0.30124348402023315
0.3113994896411896
0.28692543506622314
0.28726139664649963
0.30319124460220337
0.31411007046699524
0.310660183429718
0.3017778992652893
0.30946603417396545
0.3104144036769867
0.30807599425315857
0.30745452642440796
0.29740700125694275
0.3118824362754822
0.3073914349079132
0.29132676124572754
0.3077152669429779
0.29917216300964355
0.28549355268478394
0.2984441816806793
0.313548743724823
0.2988281846046448
0.29548171162605286
0.30531588196754456
0.30331581830978394
0.2917831242084503
0.2948380708694458
0.2998273968696594
0.3035060465335846
0.30244892835617065
0.2924722135066986
0.30482718348503113
0.2772887647151947
0.2924858033657074
0.29428309202194214
0.29065680503845215
0.28034883737564087
0.28883782029151917
0.2906324565410614
0.2872183620929718
0.29313403367996216
0.2928379476070404
0.2924696207046509
0.28626227378845215
0.29659339785575867
0.29263728857040405
0.2931288778781891
0.2782405614852905
0.28502345085144043
0.28700897097587585
0.28386032581329346
0.28484973311424255
0.2815476953983307
0.2954605519771576
0.27922123670578003
0.28299015760421753
0.28654056787490845
0.2917286157608032
0.29280155897140503
0.27830031514167786
0.290852427482605
0.2845154404640198
0.28922897577285767
0.2813047170639038
0.2963178753852844
0.28611302375793457
0.28709545731544495
0.2701590657234192
0.29574522376060486
0.2773171663284302
0.2874338924884796
0.2893195152282715
0.2871233820915222
0.27494335174560547
0.298694372177124
0.28166964650154114
0.2844637632369995
0.27200451493263245
0.2910303473472595
0.2860743999481201
0.28526803851127625
0.28065225481987
0.2911112606525421
0.2841534912586212
0.28200680017471313
0.2777392566204071
0.285754531621933
0.2833981513977051
0.2911173701286316
0.2629394829273224
0.28199949860572815
0.2856367230415344
0.28751882910728455
0.27719447016716003
0.28099504113197327
0.27291277050971985
0.286973774433136
0.28492844104766846
0.2674331068992615
0.28204476833343506
0.26783886551856995
0.27932918071746826
0.27541324496269226
0.2803017795085907
0.29027700424194336
0.27819395065307617
0.27553656697273254
0.2824644148349762
0.27490028738975525
0.28000450134277344
0.2855115234851837
0.28551825881004333
0.2851800322532654
0.27405455708503723
0.2613838315010071
0.2728637754917145
0.2829552888870239
0.27181535959243774
0.27335622906684875
0.276663213968277
0.2739444375038147
0.26950493454933167
0.267042875289917
0.2690114974975586
0.2771757245063782
0.27038460969924927
0.2622804045677185
0.2704384922981262
0.27110445499420166
0.2794594168663025
0.27637025713920593
0.2796654999256134
0.2741301953792572
0.27531155943870544
0.2726407051086426
0.26996341347694397
0.272441565990448
0.26453694701194763
0.2802234888076782
0.2651732563972473
0.261730432510376
0.2562483549118042
0.2757256031036377
0.27193593978881836
0.27148258686065674
0.27417972683906555
0.2694380283355713
0.271465539932251
0.2731601595878601
0.26850900053977966
0.26382991671562195
0.27037346363067627
0.2646051049232483
0.2652728855609894
0.269185334444046
0.266124963760376
0.26127466559410095
0.27569863200187683
0.26493534445762634
0.27336329221725464
0.27532342076301575
0.27372345328330994
0.2665311396121979
0.270971417427063
0.27231475710868835
0.2676008343696594
0.26532459259033203
0.27488309144973755
0.2584405839443207
0.26080748438835144
0.267299085855484
0.25536689162254333
0.28219252824783325
0.2739708125591278
0.2654106318950653
0.2687985897064209
0.26801928877830505
0.26727625727653503
0.27006423473358154
0.2636008858680725
0.2644902467727661
0.2739330530166626
0.2642625570297241
0.24568575620651245
0.26287612318992615
0.2764805853366852
0.26542219519615173
0.26358506083488464
0.25841036438941956
0.248147651553154
0.26289162039756775
0.26734471321105957
0.2724836468696594
0.2702498435974121
0.2616746723651886
0.2556978762149811
0.25755903124809265
0.2538216710090637
0.26604515314102173
0.2611514925956726
0.27377623319625854
0.2637869417667389
0.2569703459739685
0.266095906496048
0.27423012256622314
0.2543719410896301
0.25577056407928467
0.2634321451187134
0.2666592299938202
0.26812177896499634
0.27811869978904724
0.2778128981590271
0.27259621024131775
0.2575167417526245
0.27154341340065
0.25474193692207336
0.26749321818351746
0.2537696361541748
0.2670343220233917
0.25848492980003357
0.26161953806877136
0.2599438726902008
0.2608015835285187
0.2634226679801941
0.2716345191001892
0.2526690661907196
0.2689071297645569
0.2654968202114105
0.26534417271614075
0.2561754584312439
0.26397934556007385
0.26011285185813904
0.256588339805603
0.25926336646080017
0.26487889885902405
0.2674403190612793
0.2653111517429352
0.2627670168876648
0.26374679803848267
0.25705036520957947
0.26482632756233215
0.26560673117637634
0.2595003545284271
0.25753268599510193
0.2538624107837677
0.260013222694397
0.26532188057899475
0.26965630054473877
0.2602270841598511
0.25244230031967163
0.24736346304416656
0.27049916982650757
0.26284947991371155
0.2678658068180084
0.2851402461528778
0.2564563453197479
0.2598535716533661
0.2653941810131073
0.2789449393749237
0.25600871443748474
0.2596537172794342
0.2571031153202057
0.26508933305740356
0.25918376445770264
0.25646376609802246
0.2653716504573822
0.2706703245639801
0.2647249400615692
0.2677849531173706
0.2738569378852844
0.2663711905479431
0.2702851891517639
0.2609071433544159
0.25775405764579773
0.2580181062221527
0.25549742579460144
0.2621210217475891
0.24931606650352478
0.25183358788490295
0.2571175694465637
0.2530403137207031
0.26578423380851746
0.2493772953748703
0.25651320815086365
0.2635587453842163
0.26062101125717163
0.25358015298843384
0.25496217608451843
0.27117839455604553
0.24815908074378967
0.25951141119003296
0.2658809423446655
0.25099924206733704
0.25563254952430725
0.2623114287853241
0.2670060694217682
0.26138970255851746
0.24370750784873962
0.2507685422897339
0.24894295632839203
0.2586398720741272
0.2546817660331726
0.24730803072452545
0.26524046063423157
0.2612679600715637
0.2656419575214386
0.258714884519577
0.25146690011024475
0.2600014805793762
0.24807439744472504
0.263213574886322
0.2596583664417267
0.2657400667667389
0.24914318323135376
0.24706603586673737
0.25093895196914673
0.2480248212814331
0.2596242427825928
0.2572551369667053
0.25730419158935547
0.2762644290924072
0.25999313592910767
0.2601708769798279
0.24871577322483063
0.2550986111164093
0.26478031277656555
0.2588694393634796
0.2644713819026947
0.2600824534893036
0.2606217861175537
0.2620374262332916
0.2645920515060425
0.2568220794200897
0.23610126972198486
0.2581387758255005
0.25593748688697815
0.24718603491783142
0.25870272517204285
0.25397631525993347
0.2617921233177185
0.23791201412677765
0.2652023732662201
0.2600014805793762
0.26657333970069885
0.2642093002796173
0.24809367954730988
0.2605491578578949
0.2581138610839844
0.26997408270835876
0.2532811760902405
0.2492849975824356
0.25830984115600586
0.25101372599601746
0.25965970754623413
0.2546100914478302
0.24345454573631287
0.2522661089897156
0.2612726390361786
0.24637627601623535
0.24771617352962494
0.2603071331977844
0.25150445103645325
0.25175076723098755
0.2480139583349228
0.2505680024623871
0.257546991109848
0.2634555995464325
0.253429651260376
0.2517889738082886
0.25636690855026245
0.25888797640800476
0.25382089614868164
0.26026594638824463
0.2619730234146118
0.24748586118221283
0.24938997626304626
0.2530934810638428
0.2641112506389618
0.2614027261734009
0.2578471899032593
0.2597532570362091
0.2561025619506836
0.25399696826934814
0.25496330857276917
0.25136300921440125
0.24792031943798065
0.260529488325119
0.25139376521110535
0.2600049078464508
0.2606726586818695
0.2519344091415405
0.2500079870223999
0.2515915334224701
0.26808595657348633
0.2368592619895935
0.2533665895462036
0.26586267352104187
0.2602957487106323
0.2486271858215332
0.2548469603061676
0.2673494517803192
0.25843170285224915
0.24987713992595673
0.25178733468055725
0.25056180357933044
0.26318636536598206
0.26348766684532166
0.24528659880161285
0.24714763462543488
0.2480035275220871
0.23800139129161835
0.26016828417778015
0.25630074739456177
0.26376134157180786
0.2615545690059662
0.2614699602127075
0.24220240116119385
0.2465638965368271
0.2535352408885956
0.27051955461502075
0.24858435988426208
0.25502490997314453
0.2452198565006256
0.24505016207695007
0.26946815848350525
0.24361222982406616
0.2347934991121292
0.24998842179775238
0.2572234570980072
0.2528935372829437
0.2604430019855499
0.2510465383529663
0.25508686900138855
0.2510683834552765
0.24940048158168793
0.25884711742401123
0.27215495705604553
0.25589579343795776
0.2486475557088852
0.2587308883666992
0.24791181087493896
0.2534109354019165
0.26003962755203247
0.24794642627239227
0.2658933699131012
0.26047301292419434
0.25635606050491333
0.25286710262298584
0.2593331038951874
0.2586658000946045
0.2509429454803467
0.2524870038032532
0.26021307706832886
0.24867668747901917
0.24585652351379395
0.25083568692207336
0.24157047271728516
0.2546093761920929
0.2545580565929413
0.2569429278373718
0.25129613280296326
0.2370726466178894
0.2516680359840393
0.253017783164978
0.24732144176959991
0.259965717792511
0.2582109570503235
0.2545078694820404
0.2545451521873474
0.25791507959365845
0.26447394490242004
0.24141424894332886
0.24309343099594116
0.2689095139503479
0.2627997100353241
0.253362774848938
0.25764185190200806
0.26428699493408203
0.25815197825431824
0.25648170709609985
0.2573005259037018
0.250214546918869
0.24563255906105042
0.2552005648612976
0.2411637306213379
0.2578066289424896
0.2486286759376526
0.251073956489563
0.2540757656097412
0.26343533396720886
0.2595829665660858
0.26539212465286255
0.2549295127391815
0.25200265645980835
0.24697557091712952
0.25433656573295593
0.2570728659629822
0.2558577060699463
0.26606255769729614
0.24477282166481018
0.2591954171657562
0.25843870639801025
0.2523133456707001
0.25813689827919006
0.24743250012397766
0.2585262954235077
0.23788516223430634
0.25725308060646057
0.2519727647304535
0.252501904964447
0.2636059820652008
0.2514321506023407
0.24990856647491455
0.2526644170284271
0.259339839220047
0.25829678773880005
0.2525028586387634
