0.8072109222412109
0.7373400926589966
0.6819664239883423
0.6404685378074646
0.6064239740371704
0.5773478746414185
0.5527637004852295
0.5293498039245605
0.512717068195343
0.49617084860801697
0.4830090403556824
0.47129830718040466
0.46051910519599915
0.45040759444236755
0.44072574377059937
0.43237414956092834
0.4242967665195465
0.4153660535812378
0.4062051773071289
0.4017895758152008
0.3948929011821747
0.3887105882167816
0.3834950625896454
0.37967559695243835
0.37645429372787476
0.3733726143836975
0.3692408800125122
0.3655893802642822
0.3635771870613098
0.36096182465553284
0.35738199949264526
0.35483551025390625
0.35248619318008423
0.35091230273246765
0.3487246334552765
0.34723079204559326
0.34597042202949524
0.34466883540153503
0.3429584801197052
0.3414171040058136
0.3399506211280823
0.3387690484523773
0.3380689024925232
0.3361951410770416
0.33568382263183594
0.33447128534317017
0.3335387110710144
0.33241793513298035
0.3316470980644226
0.3305051922798157
0.3296835422515869
0.3287994861602783
0.3279811441898346
0.3270885944366455
0.3263680040836334
0.325826495885849
0.32498589158058167
0.3243572413921356
0.32375791668891907
0.3235345184803009
0.32239362597465515
0.32132822275161743
0.3201746344566345
0.3192897140979767
0.3196095824241638
0.31836870312690735
0.31731390953063965
0.31664803624153137
0.31605058908462524
0.31650713086128235
0.31546318531036377
0.31456056237220764
0.31402161717414856
0.3138103783130646
0.31297507882118225
0.31186312437057495
0.3114215135574341
0.31087666749954224
0.3108230531215668
0.310106098651886
0.30929750204086304
0.30843305587768555
0.30776292085647583
0.3072158098220825
0.3064616024494171
0.3060673177242279
0.3056165874004364
0.30495768785476685
0.3045502305030823
0.30477747321128845
0.30697542428970337
0.30518534779548645
0.3022715747356415
0.3018849492073059
0.30124858021736145
0.3014542758464813
0.30056992173194885
0.2999148368835449
0.29901108145713806
0.29900744557380676
0.2982235252857208
0.29808884859085083
0.2982749938964844
0.2971786558628082
0.29700273275375366
0.2961171865463257
0.29535973072052
0.2948421835899353
0.295090913772583
0.29423221945762634
0.29318079352378845
0.2926380932331085
0.29193979501724243
0.291923850774765
0.29094982147216797
0.29054203629493713
0.2912648618221283
0.28992849588394165
0.2891344726085663
0.28852808475494385
0.2882024347782135
0.28749340772628784
0.2870422303676605
0.2864663600921631
0.28608235716819763
0.28622207045555115
0.2852782607078552
0.2851315140724182
0.2851868271827698
0.28471922874450684
0.28383511304855347
0.28242117166519165
0.2822726368904114
0.2819935977458954
0.2814485430717468
0.28100156784057617
0.2804877758026123
0.28044259548187256
0.28057169914245605
0.2801326513290405
0.2805832028388977
0.28329774737358093
0.2817370891571045
0.2792494595050812
0.2782040536403656
0.2769107222557068
0.2770915925502777
0.2765168845653534
0.2759469151496887
0.27571699023246765
0.27503007650375366
0.2750075161457062
0.274224191904068
0.27425816655158997
0.2734818756580353
0.2727162837982178
0.2722889184951782
0.27218857407569885
0.27159348130226135
0.27181994915008545
0.2726534903049469
0.2737211585044861
0.2740773856639862
0.27194347977638245
0.2704867720603943
0.27000731229782104
0.2693248391151428
0.268932580947876
0.26866525411605835
0.26854407787323
0.2675821781158447
0.26865920424461365
0.2680392861366272
0.2671830356121063
0.26678943634033203
0.26602616906166077
0.2657792866230011
0.26593515276908875
0.26534152030944824
0.26461732387542725
0.26412850618362427
0.26383742690086365
0.2668340802192688
0.26829993724823
0.266101598739624
0.2624698877334595
0.2623831033706665
0.26223620772361755
0.26191240549087524
0.2620195150375366
0.26143261790275574
0.26043960452079773
0.25997084379196167
0.26018989086151123
0.2609735131263733
0.2598333954811096
0.2590336501598358
0.2597736716270447
0.260078489780426
0.2598784565925598
0.2584086060523987
0.25789782404899597
0.25732216238975525
0.2571672201156616
0.2565577030181885
0.2567237913608551
0.25652727484703064
0.25582990050315857
0.2554062008857727
0.2548975944519043
0.2548883855342865
0.2547953426837921
0.2542204260826111
0.25376370549201965
0.25301089882850647
0.25340819358825684
0.25308287143707275
0.2535494565963745
0.2529052197933197
0.2523757219314575
0.25170812010765076
0.2514933943748474
0.2550477683544159
0.25647082924842834
0.25332576036453247
0.25095558166503906
0.25065726041793823
0.24985437095165253
0.24948611855506897
0.24867571890354156
0.2490442842245102
0.24905771017074585
0.24850983917713165
0.2489665448665619
0.24894921481609344
0.24836476147174835
0.24957332015037537
0.25022682547569275
0.24879351258277893
0.24773594737052917
0.24716335535049438
0.24671100080013275
0.2462136596441269
0.2457900494337082
0.24591682851314545
0.24532729387283325
0.24497301876544952
0.24475589394569397
0.2453913539648056
0.24519215524196625
0.24429082870483398
0.24389971792697906
0.2435058206319809
0.24353039264678955
0.2446468323469162
0.24380797147750854
0.2430325597524643
0.24265669286251068
0.24218545854091644
0.24214139580726624
0.24325428903102875
0.24237942695617676
0.2418789267539978
0.24118174612522125
0.2410276234149933
0.24070630967617035
0.24026793241500854
0.2401639223098755
0.24001145362854004
0.2396807074546814
0.23959842324256897
0.23954688012599945
0.23926547169685364
0.23907166719436646
0.2393466830253601
0.23911041021347046
0.23944199085235596
0.2389422059059143
0.2387045919895172
0.2384050041437149
0.23844662308692932
0.23850111663341522
0.23838986456394196
0.2383495569229126
0.2380751371383667
0.23808692395687103
0.23764240741729736
0.23813565075397491
0.23743341863155365
0.23761042952537537
0.2386620044708252
0.23903800547122955
0.23852671682834625
0.2379012554883957
0.23719312250614166
0.23701268434524536
0.23634642362594604
0.23717322945594788
0.23719145357608795
0.23687735199928284
0.23579291999340057
0.23569300770759583
0.23600050806999207
0.2378457635641098
0.2388361692428589
0.23816929757595062
0.23868577182292938
0.238653764128685
0.23709893226623535
0.2358906865119934
0.23521779477596283
0.23468923568725586
0.23419807851314545
0.2336145043373108
0.23396985232830048
0.2336888462305069
0.2335565835237503
0.2335158735513687
0.23334476351737976
0.23311370611190796
0.23302607238292694
0.23309409618377686
0.2341703176498413
0.23395873606204987
0.23300831019878387
0.23291894793510437
0.23286107182502747
0.23337440192699432
0.2328391820192337
0.23252393305301666
0.23220370709896088
0.23172831535339355
0.2318629026412964
0.23163485527038574
0.23157577216625214
0.2314358502626419
0.23134948313236237
0.23114216327667236
0.23110118508338928
0.23096725344657898
0.2307126522064209
0.23053857684135437
0.23048217594623566
0.23036988079547882
0.23042140901088715
0.23017451167106628
0.23010392487049103
0.22994756698608398
0.2300490140914917
0.2298537939786911
0.2298128604888916
0.2297133207321167
0.22942443192005157
0.22930648922920227
0.2295035421848297
0.22959212958812714
0.22956591844558716
0.22953064739704132
0.2294492870569229
0.22907975316047668
0.22919316589832306
0.22881165146827698
0.22873811423778534
0.2285490185022354
0.2284083217382431
0.22840648889541626
0.22827580571174622
0.22838661074638367
0.22869987785816193
0.22844544053077698
0.2283487319946289
0.22823749482631683
0.2281285673379898
0.22798892855644226
0.22794900834560394
0.22771385312080383
0.22759215533733368
0.22747322916984558
0.2273617535829544
0.22749412059783936
0.22753214836120605
0.22765718400478363
0.22740018367767334
0.22722241282463074
0.22710178792476654
0.22709771990776062
0.226909339427948
0.22682151198387146
0.22693553566932678
0.2268524169921875
0.22670073807239532
0.2266598492860794
0.22662042081356049
0.22659853100776672
0.22646458446979523
0.22639895975589752
0.22630394995212555
0.22633402049541473
0.22622229158878326
0.22623099386692047
0.22669807076454163
0.22635917365550995
0.22629770636558533
0.22615008056163788
0.22608809173107147
0.22601960599422455
0.22585710883140564
0.22575850784778595
0.22568954527378082
0.2255321741104126
0.2256271243095398
0.22576257586479187
0.22571611404418945
0.2255883365869522
0.225485160946846
0.22533972561359406
0.22525711357593536
0.2251991629600525
0.22511467337608337
0.22493140399456024
0.22495073080062866
0.22489793598651886
0.22503849864006042
0.2247609943151474
0.22468383610248566
0.22462011873722076
0.22464360296726227
0.2245195508003235
0.22445710003376007
0.2242809534072876
0.2242978811264038
0.22425326704978943
0.22424183785915375
0.22416678071022034
0.22418712079524994
0.22408750653266907
0.22395984828472137
0.2240278124809265
0.22389988601207733
0.22381240129470825
0.22376206517219543
0.22372597455978394
0.22365491092205048
0.2238166481256485
0.22400221228599548
0.2238340973854065
0.22367219626903534
0.22335024178028107
0.22324994206428528
0.22319525480270386
0.22314508259296417
0.22310970723628998
0.2231243997812271
0.22297044098377228
0.22286982834339142
0.22283345460891724
0.22269639372825623
0.22272458672523499
0.22257152199745178
0.22270482778549194
0.22266490757465363
0.2225741147994995
0.22249354422092438
0.22244074940681458
0.22240614891052246
0.2223503589630127
0.22225943207740784
0.2223614603281021
0.2222142368555069
0.22216126322746277
0.22215810418128967
0.22216981649398804
0.22211188077926636
0.22202017903327942
0.22191491723060608
0.22191764414310455
0.22187548875808716
0.2218688279390335
0.22189371287822723
0.2217574566602707
0.22177504003047943
0.22176140546798706
0.22172819077968597
0.22169071435928345
0.22167184948921204
0.22161737084388733
0.22159381210803986
0.2216041088104248
0.22154679894447327
0.22167424857616425
0.22161468863487244
0.22148320078849792
0.22144585847854614
0.22144728899002075
0.22138996422290802
0.2213495522737503
0.2213011384010315
0.22132617235183716
0.2212902307510376
0.22123965620994568
0.22123314440250397
0.2210981696844101
0.22108663618564606
0.22108550369739532
0.22102296352386475
0.22108550369739532
0.22100046277046204
0.22098807990550995
0.22108060121536255
0.22093737125396729
0.22102132439613342
0.22093439102172852
0.2209034413099289
0.22082999348640442
0.22075888514518738
0.22071586549282074
0.22063294053077698
0.22056007385253906
0.22057251632213593
0.22054478526115417
0.2205062061548233
0.22046241164207458
0.22042495012283325
0.22041061520576477
0.22040070593357086
0.2203574925661087
0.2202976495027542
0.22025898098945618
0.2203994244337082
0.2202998399734497
0.22024233639240265
0.22019875049591064
0.2201479822397232
0.2201465666294098
0.22012785077095032
0.22004257142543793
0.22002798318862915
0.21991845965385437
0.22015677392482758
0.22019530832767487
0.22047847509384155
0.22043001651763916
0.22034327685832977
0.2202545553445816
0.22011926770210266
0.2200690507888794
0.22002805769443512
0.21996258199214935
0.2199326753616333
0.21988946199417114
0.2198941707611084
0.21980316936969757
0.21975824236869812
0.2196996808052063
0.21957635879516602
0.21950659155845642
0.2194439172744751
0.2194027602672577
0.21936161816120148
0.21932534873485565
0.2193194478750229
0.21924282610416412
0.21923424303531647
0.21930651366710663
0.21923044323921204
0.2192218154668808
0.2191905379295349
0.21919670701026917
0.21918383240699768
0.2191707342863083
0.21913042664527893
0.21912474930286407
0.21910522878170013
0.21908999979496002
0.21904675662517548
0.21900495886802673
0.21899865567684174
0.218979150056839
0.21896576881408691
0.21895772218704224
0.2189757376909256
0.21896634995937347
0.21891608834266663
0.21891064941883087
0.21894130110740662
0.21886064112186432
0.2188308835029602
0.21886511147022247
0.21880114078521729
0.21879838407039642
0.21879345178604126
0.21878068149089813
0.21878023445606232
0.21877744793891907
0.21872471272945404
0.21868272125720978
0.21863988041877747
0.21862497925758362
0.21863016486167908
0.21859821677207947
0.21857719123363495
0.21858911216259003
0.21856705844402313
0.2185601145029068
0.2185553014278412
0.21855194866657257
0.21854951977729797
0.21855586767196655
0.21852879226207733
0.2185114175081253
0.21849139034748077
0.2184702306985855
0.2184537798166275
0.2184213399887085
0.21843048930168152
0.2184465378522873
0.21844173967838287
0.21842193603515625
0.21843576431274414
0.21842780709266663
0.21838898956775665
0.21838146448135376
0.2183423638343811
0.2183583378791809
0.21833135187625885
0.21833057701587677
0.21831919252872467
0.21834315359592438
0.21828719973564148
0.2182522565126419
0.21823027729988098
0.21821214258670807
0.21819692850112915
0.21816502511501312
0.21816904842853546
0.21815086901187897
0.2180803269147873
0.21806813776493073
0.21805153787136078
0.2180348038673401
0.2180190086364746
0.2180056869983673
0.2179293930530548
0.21796801686286926
0.21795006096363068
0.21793362498283386
0.21792343258857727
0.21790844202041626
0.21790087223052979
0.21789595484733582
0.21786510944366455
0.2178480625152588
0.21780098974704742
0.21785475313663483
0.21786922216415405
0.2178497612476349
0.21782144904136658
0.21781285107135773
0.21777714788913727
0.21776244044303894
0.21771156787872314
