0.7837215065956116
0.6123102307319641
0.5065396428108215
0.45418375730514526
0.41643792390823364
0.4074716567993164
0.3968912363052368
0.3886883854866028
0.3860495388507843
0.3741706907749176
0.36272698640823364
0.3660919666290283
0.3658493757247925
0.3544485867023468
0.35638582706451416
0.34042415022850037
0.3517635762691498
0.34410563111305237
0.34120994806289673
0.34594765305519104
0.34301096200942993
0.34256476163864136
0.3308766782283783
0.3302748203277588
0.33756616711616516
0.3394249677658081
0.32536518573760986
0.329768568277359
0.32518139481544495
0.31680622696876526
0.3226831257343292
0.3235242962837219
0.3184207081794739
0.3217107653617859
0.3089037835597992
0.3184446394443512
0.326111376285553
0.3145155608654022
0.3136292099952698
0.2984108328819275
0.3161885738372803
0.3128809928894043
0.3347741365432739
0.30971774458885193
0.30688291788101196
0.3062672019004822
0.3143121600151062
0.3049246668815613
0.2944600284099579
0.2988469898700714
0.2935062050819397
0.2934892177581787
0.2969856262207031
0.3025525212287903
0.2866992950439453
0.2915084660053253
0.2926245331764221
0.2947526276111603
0.2951967120170593
0.2908940613269806
0.28952717781066895
0.2829727828502655
0.2871069610118866
0.2854984998703003
0.2861407697200775
0.28868988156318665
0.2806449234485626
0.2869625985622406
0.2867615222930908
0.29149946570396423
0.27872052788734436
0.2936190664768219
0.2748599052429199
0.2833024859428406
0.2902010381221771
0.27298638224601746
0.2729042172431946
0.27901628613471985
0.26978743076324463
0.28095710277557373
0.2670476734638214
0.2852894067764282
0.27364739775657654
0.26706647872924805
0.27763497829437256
0.2814309298992157
0.2771773338317871
0.26936009526252747
0.27219533920288086
0.27713122963905334
0.2806423604488373
0.2637573778629303
0.26783663034439087
0.27262961864471436
0.27348822355270386
0.2620203495025635
0.2764829099178314
0.2574630677700043
0.26567256450653076
0.26174432039260864
0.26832595467567444
0.262460857629776
0.25984102487564087
0.2536250650882721
0.2518276572227478
0.2558307647705078
0.2664824426174164
0.2548975944519043
0.26380178332328796
0.2522296905517578
0.2646542191505432
0.26292428374290466
0.25357502698898315
0.26471441984176636
0.2514098882675171
0.25884494185447693
0.24418124556541443
0.25124403834342957
0.26143282651901245
0.2548835873603821
0.256249338388443
0.2532835900783539
0.2534107565879822
0.24857178330421448
0.24862140417099
0.2522728741168976
0.24582336843013763
0.24364283680915833
0.24826589226722717
0.24788351356983185
0.2558938264846802
0.25566810369491577
0.2532375156879425
0.2446986436843872
0.23606066405773163
0.2515127658843994
0.23807328939437866
0.24767781794071198
0.2470928132534027
0.23857443034648895
0.2377045750617981
0.23725052177906036
0.24794676899909973
0.25049224495887756
0.2278120070695877
0.24099312722682953
0.22751593589782715
0.24636976420879364
0.2448825240135193
0.24357378482818604
0.23316356539726257
0.2375761866569519
0.2410067319869995
0.23125402629375458
0.2397143840789795
0.23694466054439545
0.22693561017513275
0.23815450072288513
0.22826600074768066
0.23599791526794434
0.23269061744213104
0.23576989769935608
0.23272393643856049
0.23430202901363373
0.2271472066640854
0.2193135768175125
0.22348003089427948
0.22833454608917236
0.22667361795902252
0.2211870551109314
0.21480976045131683
0.23607483506202698
0.23361824452877045
0.22068670392036438
0.2139534205198288
0.22790676355361938
0.22322693467140198
0.2302222102880478
0.22643890976905823
0.22842979431152344
0.22615046799182892
0.22995494306087494
0.23101703822612762
0.22544078528881073
0.21489815413951874
0.23015503585338593
0.2256704717874527
0.21589428186416626
0.21747855842113495
0.2262355238199234
0.22194595634937286
0.21125251054763794
0.20947816967964172
0.225858673453331
0.22241519391536713
0.20665213465690613
0.22139684855937958
0.2156742364168167
0.21584728360176086
0.2214224934577942
0.21552671492099762
0.21954892575740814
0.22578729689121246
0.21952077746391296
0.21894845366477966
0.21791787445545197
0.20651021599769592
0.20316535234451294
0.20176929235458374
0.21351608633995056
0.21101494133472443
0.21338674426078796
0.22932374477386475
0.2268529087305069
0.20125073194503784
0.2232348471879959
0.21216315031051636
0.21302974224090576
0.21865983307361603
0.2072126716375351
0.21949441730976105
0.20114244520664215
0.21283258497714996
0.2100158929824829
0.2090085744857788
0.2164984494447708
0.21789415180683136
0.2114480584859848
0.2163131982088089
0.19990983605384827
0.21315406262874603
0.21002553403377533
0.20933161675930023
0.20428815484046936
0.21979358792304993
0.2064342498779297
0.2212204784154892
0.21437567472457886
0.20315343141555786
0.20613354444503784
0.20872724056243896
0.2248290628194809
0.2078894078731537
0.21943192183971405
0.20708560943603516
0.20797330141067505
0.20088012516498566
0.20590154826641083
0.21393145620822906
0.21000970900058746
0.19940070807933807
0.20719638466835022
0.21579775214195251
0.1976149082183838
0.20911599695682526
0.2015705555677414
0.19405408203601837
0.20250993967056274
0.20846331119537354
0.20495589077472687
0.1935710459947586
0.20485854148864746
0.20288781821727753
0.21033190190792084
0.20204029977321625
0.20298758149147034
0.20602720975875854
0.19879499077796936
0.1930943727493286
0.21083499491214752
0.19880375266075134
0.20812144875526428
0.20249219238758087
0.20379877090454102
0.20061220228672028
0.19940632581710815
0.20001311600208282
0.19721075892448425
0.20575043559074402
0.21169637143611908
0.20539233088493347
0.19050061702728271
0.203119695186615
0.20929093658924103
0.19843289256095886
0.20936520397663116
0.20467935502529144
0.20154403150081635
0.20510385930538177
0.20505662262439728
0.20004263520240784
0.20292620360851288
0.20798848569393158
0.2057943195104599
0.18458007276058197
0.19318464398384094
0.20717057585716248
0.20174415409564972
0.2007027268409729
0.20026925206184387
0.1975400298833847
0.20072013139724731
0.20187078416347504
0.2021101713180542
0.19739514589309692
0.19376416504383087
0.20406436920166016
0.2021012306213379
0.1995745450258255
0.19540365040302277
0.18990574777126312
0.1978939324617386
0.1981814205646515
0.20331630110740662
0.21437788009643555
0.19386859238147736
0.19576753675937653
0.20011429488658905
0.20107217133045197
0.1915997713804245
0.1955864578485489
0.1918366402387619
0.19743846356868744
0.18712031841278076
0.19735880196094513
0.19469411671161652
0.20173072814941406
0.2065480500459671
0.19369500875473022
0.1919390708208084
0.19862224161624908
0.20268382132053375
0.18818649649620056
0.1928679645061493
0.20442736148834229
0.18730531632900238
0.1979944258928299
0.18263576924800873
0.18721099197864532
0.19953623414039612
0.2010229527950287
0.18969881534576416
0.1911078542470932
0.2050153762102127
0.19478276371955872
0.19231663644313812
0.20242999494075775
0.19201867282390594
0.20112253725528717
0.19248157739639282
0.1931697428226471
0.18799494206905365
0.19432851672172546
0.19339005649089813
0.19127465784549713
0.1910562664270401
0.1896594911813736
0.1868797093629837
0.20042526721954346
0.18836456537246704
0.19202430546283722
0.19910193979740143
0.17509815096855164
0.19170112907886505
0.18930332362651825
0.18833130598068237
0.19408448040485382
0.18887051939964294
0.1945226788520813
0.19096015393733978
0.18549787998199463
0.18633905053138733
0.18712900578975677
0.18968969583511353
0.1904185265302658
0.19270651042461395
0.19640827178955078
0.19007349014282227
0.18641923367977142
0.1942935734987259
0.18514859676361084
0.18418441712856293
0.188435360789299
0.1870962530374527
0.18943366408348083
0.1829870045185089
0.1960769146680832
0.18775317072868347
0.18663842976093292
0.1877671778202057
0.1915552318096161
0.19124498963356018
0.20012293756008148
0.20036952197551727
0.18969811499118805
0.19872193038463593
0.2057732343673706
0.2024872899055481
0.18464243412017822
0.18084648251533508
0.18042662739753723
0.18491360545158386
0.1779966950416565
0.1820390820503235
0.18284054100513458
0.1837473213672638
0.18644097447395325
0.2013748437166214
0.18854942917823792
0.19422420859336853
0.20490588247776031
0.1863251030445099
0.20721784234046936
0.19741477072238922
0.18786217272281647
0.18107935786247253
0.18299871683120728
0.18821409344673157
0.18480715155601501
0.18618403375148773
0.19274161756038666
0.1838623732328415
0.1861569881439209
0.1840560883283615
0.18342804908752441
0.1744145005941391
0.1857295036315918
0.1921902447938919
0.18515250086784363
0.1918923258781433
0.18886366486549377
0.18753696978092194
0.19167926907539368
0.1906140148639679
0.18883945047855377
0.1887839287519455
0.19682379066944122
0.18554526567459106
0.1946096271276474
0.19380654394626617
0.17663653194904327
0.1916094869375229
0.18199965357780457
0.19052889943122864
0.18617215752601624
0.18348191678524017
0.18476489186286926
0.18855546414852142
0.1855146884918213
0.1845245659351349
0.17895929515361786
0.1839025914669037
0.19555120170116425
0.18795140087604523
0.1935814917087555
0.18341687321662903
0.1933373510837555
0.18397104740142822
0.18754084408283234
0.1759672313928604
0.19061832129955292
0.18756666779518127
0.18562084436416626
0.18246039748191833
0.18929725885391235
0.1902950257062912
0.18130598962306976
0.18301168084144592
0.19680671393871307
0.18730774521827698
0.19124248623847961
0.19041243195533752
0.1876804232597351
0.18496190011501312
0.17640766501426697
0.18858757615089417
0.18816609680652618
0.1990758329629898
0.19172313809394836
0.18021725118160248
0.18715226650238037
0.1880776733160019
0.18954171240329742
0.17183127999305725
0.18549011647701263
0.18526549637317657
0.18680010735988617
0.1728629171848297
0.1820843517780304
0.19052165746688843
0.1834828108549118
0.19055183231830597
0.17515748739242554
0.1748819351196289
0.18860410153865814
0.18698835372924805
0.181535005569458
0.19509297609329224
0.1745355725288391
0.1898086965084076
0.18034224212169647
0.1676311492919922
0.17768047749996185
0.19212402403354645
0.17878775298595428
0.1872497797012329
0.1875082105398178
0.18068577349185944
0.17339304089546204
0.18034298717975616
0.19183771312236786
0.19517739117145538
0.1806284785270691
0.1892506331205368
0.17497168481349945
0.179183229804039
0.18537203967571259
0.1939736008644104
0.18311327695846558
0.19364750385284424
0.1825036257505417
0.18314899504184723
0.1837044209241867
0.1854335367679596
0.18027609586715698
0.17565695941448212
0.17496928572654724
0.18621787428855896
0.18595609068870544
0.1751675009727478
0.18624450266361237
0.1856846809387207
0.19522437453269958
0.18292135000228882
0.18501690030097961
0.1953960657119751
0.17149119079113007
0.18753670156002045
0.19173148274421692
0.18797637522220612
0.1939961016178131
0.19263872504234314
0.18264701962471008
0.18820126354694366
0.18571732938289642
0.17853349447250366
0.17761309444904327
0.19051378965377808
0.18188083171844482
0.18460676074028015
0.1845761090517044
0.18133993446826935
0.18536782264709473
0.19193752110004425
0.17672573029994965
0.1874539703130722
0.18489275872707367
0.18914739787578583
0.18027637898921967
0.18458940088748932
0.18299059569835663
0.18187570571899414
0.16960062086582184
0.18119464814662933
0.18716385960578918
0.18656909465789795
0.18365193903446198
0.1863124966621399
0.18827299773693085
0.17841064929962158
0.1789187490940094
0.1760232299566269
0.1791723668575287
0.17909523844718933
0.19714073836803436
0.1874774545431137
0.18240441381931305
0.1770300567150116
0.18603596091270447
0.1861770898103714
0.17825759947299957
0.18870460987091064
0.17666247487068176
0.18523649871349335
0.17821387946605682
0.18447890877723694
0.18771123886108398
0.1777411550283432
0.17824187874794006
0.18265393376350403
0.18411584198474884
0.17837251722812653
0.18260806798934937
0.18418066203594208
0.17813806235790253
0.18479230999946594
0.1762828528881073
0.18321269750595093
0.18138271570205688
0.19349728524684906
0.18924474716186523
