0.4236760139465332
0.44859811663627625
0.45950156450271606
0.5062305331230164
0.5295950174331665
0.5373831987380981
0.545171320438385
0.5623052716255188
0.5576323866844177
0.5607476830482483
0.5576323866844177
0.5420560836791992
0.5482866168022156
0.5514018535614014
0.5638629198074341
0.5700934529304504
0.5654205679893494
0.559190034866333
0.5825545191764832
0.5950155854225159
0.6292834877967834
0.6074766516685486
0.6230529546737671
0.6386292576789856
0.6401869058609009
0.6464174389839172
0.65887850522995
0.6931464076042175
0.6651090383529663
0.6760124564170837
0.6744548082351685
0.6479750871658325
0.6697819232940674
0.6744548082351685
0.6931464076042175
0.6915887594223022
0.7071651220321655
0.6791277527809143
0.6682242751121521
0.6853582262992859
0.7336448431015015
0.7211837768554688
0.7149532437324524
0.7056074738502502
0.7242990732192993
0.7211837768554688
0.7429906725883484
0.7305296063423157
0.7554517388343811
0.7289719581604004
0.7538940906524658
0.7570093274116516
0.7710280418395996
0.7850467562675476
0.7803738117218018
0.7492212057113647
0.777258574962616
0.7757009267807007
0.781931459903717
0.7928348779678345
0.7912772297859192
0.7866043448448181
0.7757009267807007
0.7788162231445312
0.7912772297859192
0.7897196412086487
0.777258574962616
0.8146417737007141
0.7897196412086487
0.7943925261497498
0.7928348779678345
0.7990654110908508
0.7866043448448181
0.7881619930267334
0.7943925261497498
0.8193146586418152
0.8021807074546814
0.8021807074546814
0.8193146586418152
0.7990654110908508
0.8130841255187988
0.8146417737007141
0.8099688291549683
0.8068535923957825
0.8052959442138672
0.8177570104598999
0.8177570104598999
0.7975077629089355
0.8084112405776978
0.8208722472190857
0.8006230592727661
0.8380062580108643
0.8161993622779846
0.8068535923957825
0.7850467562675476
0.822429895401001
0.8068535923957825
0.8099688291549683
0.8130841255187988
0.8084112405776978
0.7881619930267334
0.8255451917648315
0.8255451917648315
0.8084112405776978
0.8084112405776978
0.8084112405776978
0.8208722472190857
0.8068535923957825
0.8348909616470337
0.8286604285240173
0.836448609828949
0.8037382960319519
0.8239875435829163
0.8099688291549683
0.8021807074546814
0.8161993622779846
0.8208722472190857
0.8380062580108643
0.8317757248878479
0.8052959442138672
0.8130841255187988
0.8146417737007141
0.8348909616470337
0.8286604285240173
0.84112149477005
0.8239875435829163
0.836448609828949
0.8302180767059326
0.822429895401001
0.8426791429519653
0.827102780342102
0.8286604285240173
0.8333333134651184
0.8255451917648315
0.8302180767059326
0.8239875435829163
0.8380062580108643
0.8302180767059326
0.8457943797111511
0.8302180767059326
0.8286604285240173
0.827102780342102
0.836448609828949
0.827102780342102
0.8348909616470337
0.8286604285240173
0.836448609828949
0.8302180767059326
0.8348909616470337
0.8255451917648315
0.8255451917648315
0.8302180767059326
0.8302180767059326
0.8302180767059326
0.8317757248878479
0.8348909616470337
0.8302180767059326
0.8442367315292358
0.8161993622779846
0.8395638465881348
0.8255451917648315
0.8333333134651184
0.84112149477005
0.84112149477005
0.8348909616470337
0.836448609828949
0.8177570104598999
0.8302180767059326
0.836448609828949
0.8442367315292358
0.836448609828949
0.822429895401001
0.8395638465881348
0.8317757248878479
0.836448609828949
0.8457943797111511
0.8426791429519653
0.8333333134651184
0.836448609828949
0.8255451917648315
0.836448609828949
0.8255451917648315
0.8286604285240173
0.8302180767059326
0.836448609828949
0.8130841255187988
0.84112149477005
0.8395638465881348
0.8426791429519653
0.8239875435829163
0.8177570104598999
0.8286604285240173
0.8535825610160828
0.8426791429519653
0.8333333134651184
0.8302180767059326
0.822429895401001
0.8489096760749817
0.8317757248878479
0.8380062580108643
0.8333333134651184
0.8520249128341675
0.8473520278930664
0.8348909616470337
0.8426791429519653
0.8426791429519653
0.8395638465881348
0.8395638465881348
0.8520249128341675
0.8442367315292358
0.84112149477005
0.8504672646522522
0.8380062580108643
0.8380062580108643
0.84112149477005
0.8457943797111511
0.8348909616470337
0.8457943797111511
0.8504672646522522
0.8457943797111511
0.836448609828949
0.8442367315292358
0.8535825610160828
0.8520249128341675
0.8520249128341675
0.8380062580108643
0.8566977977752686
0.8473520278930664
0.8457943797111511
0.8426791429519653
0.8442367315292358
0.8535825610160828
0.8426791429519653
0.8473520278930664
0.8644859790802002
0.8489096760749817
0.8473520278930664
0.8426791429519653
0.8520249128341675
0.8566977977752686
0.8426791429519653
0.8395638465881348
0.8348909616470337
0.8380062580108643
0.8395638465881348
0.84112149477005
0.8442367315292358
0.8504672646522522
0.836448609828949
0.8473520278930664
0.8566977977752686
0.8520249128341675
0.8504672646522522
0.8442367315292358
0.8582554459571838
0.8426791429519653
0.8520249128341675
0.8520249128341675
0.8317757248878479
0.8395638465881348
0.8333333134651184
0.8457943797111511
0.8473520278930664
0.855140209197998
0.8457943797111511
0.8426791429519653
0.8395638465881348
0.8333333134651184
0.836448609828949
0.8504672646522522
0.8473520278930664
0.8613707423210144
0.8442367315292358
0.8380062580108643
0.8489096760749817
0.855140209197998
0.8333333134651184
0.836448609828949
0.8504672646522522
0.8535825610160828
0.855140209197998
0.8566977977752686
0.8489096760749817
0.8442367315292358
0.8489096760749817
0.8535825610160828
0.8457943797111511
0.8348909616470337
0.8457943797111511
0.8504672646522522
0.8629283308982849
0.855140209197998
0.8489096760749817
0.8348909616470337
0.8457943797111511
0.8613707423210144
0.8520249128341675
0.855140209197998
0.8504672646522522
0.8395638465881348
0.855140209197998
0.8535825610160828
0.8613707423210144
0.855140209197998
0.8473520278930664
0.8442367315292358
0.8473520278930664
0.8442367315292358
0.8582554459571838
0.8457943797111511
0.8442367315292358
0.8426791429519653
0.8582554459571838
0.8457943797111511
0.8426791429519653
0.8566977977752686
0.836448609828949
0.8629283308982849
0.8473520278930664
0.8598130941390991
0.8629283308982849
0.84112149477005
0.8520249128341675
0.8535825610160828
0.8457943797111511
0.8582554459571838
0.8489096760749817
0.8395638465881348
0.8676012754440308
0.8489096760749817
0.8395638465881348
0.8504672646522522
0.8504672646522522
0.8535825610160828
0.8380062580108643
0.84112149477005
0.8348909616470337
0.8566977977752686
0.8317757248878479
0.8598130941390991
0.8535825610160828
0.855140209197998
0.8566977977752686
0.8520249128341675
0.8520249128341675
0.8489096760749817
0.8535825610160828
0.8426791429519653
0.8473520278930664
0.8473520278930664
0.8520249128341675
0.855140209197998
0.8473520278930664
0.8598130941390991
0.8566977977752686
0.8426791429519653
0.8566977977752686
0.8489096760749817
0.8520249128341675
0.8520249128341675
0.8566977977752686
0.84112149477005
0.8660436272621155
0.8582554459571838
0.8629283308982849
0.8598130941390991
0.855140209197998
0.8582554459571838
0.8473520278930664
0.8520249128341675
0.8520249128341675
0.8582554459571838
0.8535825610160828
0.8566977977752686
0.8629283308982849
0.8566977977752686
0.8582554459571838
0.8613707423210144
0.8489096760749817
0.8520249128341675
0.8676012754440308
0.855140209197998
0.8504672646522522
0.855140209197998
0.8613707423210144
0.8644859790802002
0.8535825610160828
0.8582554459571838
0.8613707423210144
0.8629283308982849
0.855140209197998
0.8566977977752686
0.8504672646522522
0.8520249128341675
0.8660436272621155
0.8473520278930664
0.855140209197998
0.855140209197998
0.8598130941390991
0.8566977977752686
0.8489096760749817
0.8566977977752686
0.8691588640213013
0.8598130941390991
0.8566977977752686
0.8629283308982849
0.8629283308982849
0.855140209197998
0.8582554459571838
0.8566977977752686
0.8473520278930664
0.8535825610160828
0.855140209197998
0.8613707423210144
0.8566977977752686
0.8598130941390991
0.8566977977752686
0.8489096760749817
0.8535825610160828
0.84112149477005
0.8691588640213013
0.8489096760749817
0.8598130941390991
0.8504672646522522
0.8566977977752686
0.8707165122032166
0.8598130941390991
0.8660436272621155
0.8520249128341675
0.8566977977752686
0.855140209197998
0.8535825610160828
0.8489096760749817
0.8598130941390991
0.8457943797111511
0.8582554459571838
0.855140209197998
0.8582554459571838
0.8582554459571838
0.8613707423210144
0.8598130941390991
0.84112149477005
0.8644859790802002
0.8629283308982849
0.8566977977752686
0.8426791429519653
0.8613707423210144
0.8582554459571838
0.8442367315292358
0.8644859790802002
0.8629283308982849
0.8504672646522522
0.8629283308982849
0.8582554459571838
0.8676012754440308
0.8676012754440308
0.8613707423210144
0.8504672646522522
0.8582554459571838
0.8582554459571838
0.8629283308982849
0.8629283308982849
0.8535825610160828
0.8535825610160828
0.8489096760749817
0.8691588640213013
0.8504672646522522
0.8598130941390991
0.8520249128341675
0.8629283308982849
0.8582554459571838
0.8457943797111511
0.8489096760749817
0.8520249128341675
0.855140209197998
0.8535825610160828
0.8473520278930664
0.8707165122032166
0.8691588640213013
0.8442367315292358
0.8473520278930664
0.8644859790802002
0.8535825610160828
0.8629283308982849
0.8629283308982849
0.8644859790802002
0.8598130941390991
0.8582554459571838
0.8442367315292358
0.8426791429519653
0.8629283308982849
0.8676012754440308
0.8598130941390991
0.8613707423210144
0.8613707423210144
0.8582554459571838
0.8582554459571838
0.8566977977752686
0.8676012754440308
0.8691588640213013
0.8520249128341675
0.8676012754440308
0.8582554459571838
0.8566977977752686
0.8566977977752686
0.8489096760749817
0.8629283308982849
0.8598130941390991
0.8566977977752686
0.8582554459571838
0.8582554459571838
0.8489096760749817
0.8644859790802002
0.855140209197998
0.8566977977752686
0.855140209197998
0.8629283308982849
0.8582554459571838
0.8644859790802002
0.8520249128341675
0.8613707423210144
0.8566977977752686
0.8629283308982849
0.8535825610160828
0.8535825610160828
0.8738317489624023
0.8442367315292358
0.8520249128341675
0.8520249128341675
0.8489096760749817
0.8566977977752686
0.8582554459571838
0.8504672646522522
0.8629283308982849
0.8707165122032166
0.8582554459571838
0.8473520278930664
0.8566977977752686
0.8707165122032166
0.8566977977752686
0.8473520278930664
0.8629283308982849
0.8473520278930664
0.8629283308982849
0.8644859790802002
0.8629283308982849
0.8520249128341675
0.8582554459571838
0.8722741603851318
0.8613707423210144
0.8644859790802002
0.8598130941390991
0.8535825610160828
0.8566977977752686
0.8520249128341675
0.8582554459571838
0.8504672646522522
0.8613707423210144
0.8473520278930664
0.8566977977752686
0.8489096760749817
0.8676012754440308
0.8504672646522522
0.8566977977752686
0.8535825610160828
0.8598130941390991
0.8489096760749817
0.8520249128341675
0.8520249128341675
0.8598130941390991
0.8520249128341675
0.8489096760749817
0.8598130941390991
0.8566977977752686
0.8520249128341675
0.8644859790802002
0.8473520278930664
0.8598130941390991
0.8582554459571838
0.8520249128341675
0.8613707423210144
0.8598130941390991
0.8644859790802002
0.8582554459571838
0.8613707423210144
0.8598130941390991
0.8660436272621155
0.8535825610160828
0.8613707423210144
0.8566977977752686
0.8582554459571838
0.8629283308982849
0.8613707423210144
0.8644859790802002
0.8613707423210144
0.8582554459571838
0.8520249128341675
0.8598130941390991
0.855140209197998
0.8566977977752686
0.8644859790802002
0.8598130941390991
0.8707165122032166
0.8504672646522522
0.855140209197998
0.8504672646522522
0.8504672646522522
0.8535825610160828
0.8535825610160828
0.8629283308982849
0.8644859790802002
0.8473520278930664
0.8566977977752686
0.8442367315292358
0.8535825610160828
0.8660436272621155
0.855140209197998
0.8644859790802002
0.8629283308982849
0.8566977977752686
0.8504672646522522
0.8535825610160828
0.8598130941390991
0.8644859790802002
0.8504672646522522
0.8535825610160828
0.8582554459571838
0.8520249128341675
0.8676012754440308
0.8598130941390991
0.855140209197998
0.8722741603851318
0.8535825610160828
0.8520249128341675
0.8644859790802002
0.8535825610160828
0.8535825610160828
0.8613707423210144
0.8598130941390991
0.8535825610160828
0.8566977977752686
0.8629283308982849
0.8644859790802002
0.8457943797111511
0.8582554459571838
0.855140209197998
0.8520249128341675
0.84112149477005
0.8457943797111511
0.8582554459571838
0.8629283308982849
0.8629283308982849
0.8644859790802002
0.8660436272621155
0.8629283308982849
0.8535825610160828
0.8691588640213013
0.855140209197998
0.8582554459571838
0.8598130941390991
0.8676012754440308
0.8582554459571838
0.8566977977752686
0.855140209197998
0.8520249128341675
0.8691588640213013
0.8613707423210144
0.8644859790802002
0.8691588640213013
0.8520249128341675
0.8676012754440308
0.855140209197998
0.8676012754440308
0.8566977977752686
0.8566977977752686
0.8613707423210144
0.8613707423210144
0.8504672646522522
0.8660436272621155
0.8722741603851318
0.8629283308982849
0.8629283308982849
0.8629283308982849
0.8566977977752686
0.8473520278930664
0.8489096760749817
0.8598130941390991
0.8520249128341675
0.8598130941390991
0.8738317489624023
0.8644859790802002
0.8629283308982849
0.8566977977752686
