0.9515514969825745
0.7822225689888
0.6975652575492859
0.6641817092895508
0.6517409682273865
0.5949485898017883
0.5991794466972351
0.5664315819740295
0.5584850907325745
0.5350469946861267
0.5416359901428223
0.49150484800338745
0.5060836672782898
0.4786630868911743
0.4881584048271179
0.47725531458854675
0.453828901052475
0.4709045886993408
0.4066496789455414
0.4306222200393677
0.4090980291366577
0.417377233505249
0.40025827288627625
0.3840920031070709
0.4067373275756836
0.4041931629180908
0.39417311549186707
0.39761674404144287
0.40992090106010437
0.3845801055431366
0.382948100566864
0.3830566704273224
0.35905909538269043
0.36900827288627625
0.3461083769798279
0.371134877204895
0.360841304063797
0.37042686343193054
0.3776131570339203
0.34517502784729004
0.34488585591316223
0.36928245425224304
0.3559305667877197
0.36331915855407715
0.3620346784591675
0.33127543330192566
0.33371442556381226
0.34301963448524475
0.3354564905166626
0.3393673598766327
0.31561920046806335
0.3152346909046173
0.3367493152618408
0.32803353667259216
0.3187170922756195
0.3449605405330658
0.322530597448349
0.33042585849761963
0.32134464383125305
0.3285888433456421
0.32494381070137024
0.3125757575035095
0.3128967881202698
0.33369603753089905
0.28906160593032837
0.3294556140899658
0.3074973225593567
0.30834999680519104
0.304334819316864
0.3123683035373688
0.3074174225330353
0.29703614115715027
0.31144005060195923
0.2998223304748535
0.3123015761375427
0.3109596371650696
0.2928462028503418
0.2902708649635315
0.27367541193962097
0.3081086277961731
0.30429109930992126
0.2895994484424591
0.29785507917404175
0.29960665106773376
0.27787187695503235
0.2788063585758209
0.29833778738975525
0.2814222574234009
0.303212970495224
0.2842317521572113
0.27725550532341003
0.2831590175628662
0.2889440655708313
0.2776615619659424
0.2754397690296173
0.277892529964447
0.29462453722953796
0.278232216835022
0.2796550393104553
0.28015831112861633
0.28706905245780945
0.2715989947319031
0.25912198424339294
0.2710413336753845
0.2761898934841156
0.27162203192710876
0.25599467754364014
0.2677117884159088
0.25785011053085327
0.24635466933250427
0.2778429090976715
0.263126403093338
0.2711679935455322
0.2509533762931824
0.25478067994117737
0.26589086651802063
0.2565416991710663
0.2644631564617157
0.2447383999824524
0.26719561219215393
0.25091552734375
0.24923518300056458
0.25840485095977783
0.2629646360874176
0.26676908135414124
0.26261472702026367
0.2892201542854309
0.252616822719574
0.25263288617134094
0.2705569267272949
0.2603646218776703
0.25393226742744446
0.25640156865119934
0.24433915317058563
0.22958606481552124
0.23989473283290863
0.24459460377693176
0.24807988107204437
0.23749150335788727
0.23792017996311188
0.23914997279644012
0.2364722043275833
0.2403116226196289
0.23079156875610352
0.22896404564380646
0.23538263142108917
0.223446786403656
0.2196618616580963
0.24220842123031616
0.2204809933900833
0.23337112367153168
0.24238498508930206
0.22422339022159576
0.21946820616722107
0.22125156223773956
0.2293764352798462
0.21512383222579956
0.24020476639270782
0.25015711784362793
0.20767627656459808
0.24507449567317963
0.22102852165699005
0.21960756182670593
0.2424069494009018
0.22333590686321259
0.2171393632888794
0.21737614274024963
0.2297080159187317
0.20763348042964935
0.21984994411468506
0.21906940639019012
0.24664638936519623
0.22427847981452942
0.22845426201820374
0.2295578122138977
0.22232837975025177
0.25104963779449463
0.20097194612026215
0.200753852725029
0.22578833997249603
0.2129676342010498
0.2096560001373291
0.21344605088233948
0.19576303660869598
0.1969607174396515
0.2080036997795105
0.20400066673755646
0.20747950673103333
0.2087058424949646
0.2182861715555191
0.22396007180213928
0.21161431074142456
0.1954750120639801
0.19587092101573944
0.20265533030033112
0.19941285252571106
0.19867603480815887
0.19874584674835205
0.2253934144973755
0.2103831022977829
0.20356066524982452
0.19907048344612122
0.21650393307209015
0.20295511186122894
0.20175790786743164
0.20536205172538757
0.1929141730070114
0.1940673440694809
0.19372597336769104
0.19405797123908997
0.18557237088680267
0.2064754217863083
0.18581879138946533
0.19103319942951202
0.18741343915462494
0.1842600554227829
0.19882984459400177
0.19613657891750336
0.1941436529159546
0.18267583847045898
0.19644542038440704
0.19722193479537964
0.1873246133327484
0.1920902132987976
0.19849486649036407
0.2011427879333496
0.1803557425737381
0.17909479141235352
0.17810261249542236
0.1698170006275177
0.19283664226531982
0.1814420521259308
0.18435877561569214
0.18302519619464874
0.186707004904747
0.18284274637699127
0.17872098088264465
0.20116253197193146
0.19740334153175354
0.18807387351989746
0.1800052523612976
0.19503062963485718
0.19059011340141296
0.17500728368759155
0.18340185284614563
0.1849561184644699
0.18626824021339417
0.1798696219921112
0.18775838613510132
0.18802037835121155
0.1916118711233139
0.18493862450122833
0.16753724217414856
0.18911334872245789
0.18559104204177856
0.18782421946525574
0.1820492148399353
0.1895679533481598
0.18962493538856506
0.17584718763828278
0.17550620436668396
0.17542053759098053
0.18139150738716125
0.17348909378051758
0.1858782172203064
0.18426643311977386
0.1687009036540985
0.19018302857875824
0.16296562552452087
0.19760817289352417
0.1858566403388977
0.15174639225006104
0.17882564663887024
0.1748456209897995
0.1919449120759964
0.19360272586345673
0.19334550201892853
0.16412416100502014
0.17210479080677032
0.19145222008228302
0.1628590226173401
0.17358870804309845
0.176155224442482
0.15460287034511566
0.16827020049095154
0.18135568499565125
0.18132291734218597
0.17419900000095367
0.1516047865152359
0.16916237771511078
0.16355390846729279
0.1594005674123764
0.16458038985729218
0.16155962646007538
0.1630619913339615
0.17147433757781982
0.1702374368906021
0.16185224056243896
0.17143385112285614
0.1626477837562561
0.16220758855342865
0.1688787192106247
0.16458739340305328
0.1699003279209137
0.1577972173690796
0.15958689153194427
0.18902088701725006
0.15348121523857117
0.16754034161567688
0.16338442265987396
0.17023958265781403
0.15217790007591248
0.17638830840587616
0.17819145321846008
0.17729148268699646
0.17703819274902344
0.14504128694534302
0.16277353465557098
0.17596961557865143
0.17589795589447021
0.15849927067756653
0.1721775233745575
0.1543729156255722
0.1790853887796402
0.15724481642246246
0.15380027890205383
0.17474719882011414
0.16246668994426727
0.15735478699207306
0.1633283495903015
0.16904425621032715
0.1655588299036026
0.15177994966506958
0.16832441091537476
0.15085504949092865
0.14784777164459229
0.15760156512260437
0.16097743809223175
0.18349085748195648
0.1653914451599121
0.15409094095230103
0.1741623729467392
0.1697184294462204
0.15223532915115356
0.14416491985321045
0.13786733150482178
0.18367870151996613
0.15424345433712006
0.16040541231632233
0.15020500123500824
0.15841707587242126
0.16700336337089539
0.15099067986011505
0.15205372869968414
0.18783864378929138
0.1650405377149582
0.17801563441753387
0.15064963698387146
0.1732717901468277
0.15786594152450562
0.16414465010166168
0.15863710641860962
0.1708308905363083
0.14649978280067444
0.17761318385601044
0.16371171176433563
0.16538918018341064
0.15800905227661133
0.15082630515098572
0.16373497247695923
0.15783260762691498
0.17549580335617065
0.19230572879314423
0.15634828805923462
0.14911743998527527
0.15775175392627716
0.17153805494308472
0.15215027332305908
0.1650424301624298
0.15895548462867737
0.15524812042713165
0.18147991597652435
0.14652849733829498
0.15606404840946198
0.18649499118328094
0.15293298661708832
0.15010273456573486
0.14666058123111725
0.13771606981754303
0.15260109305381775
0.145893394947052
0.14484120905399323
0.18002042174339294
0.14855216443538666
0.17747549712657928
0.1584479957818985
0.14457693696022034
0.15930020809173584
0.1519474983215332
0.1679968237876892
0.1570073962211609
0.14644119143486023
0.16304926574230194
0.15297210216522217
0.16330038011074066
0.1435968577861786
0.1443387269973755
0.15879730880260468
0.17947374284267426
0.15547244250774384
0.1374855637550354
0.13807108998298645
0.15116168558597565
0.16018958389759064
0.16796958446502686
0.15320272743701935
0.14245010912418365
0.14323344826698303
0.16039888560771942
0.16251681745052338
0.15826524794101715
0.14123637974262238
0.1361512839794159
0.15142332017421722
0.1443612277507782
0.15703986585140228
0.135190948843956
0.15010479092597961
0.15438799560070038
0.1691114604473114
0.14571647346019745
0.14435048401355743
0.1698584258556366
0.15714144706726074
0.13554057478904724
0.14104227721691132
0.1511027067899704
0.16229669749736786
0.14854131639003754
0.16454511880874634
0.1529056578874588
0.15585152804851532
0.13580040633678436
0.15358060598373413
0.14322277903556824
0.15519580245018005
0.15041694045066833
0.14657944440841675
0.1500951647758484
0.14589139819145203
0.15328267216682434
0.154951274394989
0.14437878131866455
0.15326300263404846
0.14886142313480377
0.14093412458896637
0.14920663833618164
0.14193370938301086
0.1447904258966446
0.16109123826026917
0.13639605045318604
0.13735707104206085
0.1524151712656021
0.14890587329864502
0.15356101095676422
0.14093731343746185
0.14873355627059937
0.16971755027770996
0.16826161742210388
0.14359866082668304
0.1407008171081543
0.15903283655643463
0.13373610377311707
0.1307627409696579
0.14298881590366364
0.13960951566696167
0.17262870073318481
0.15174317359924316
0.1437336951494217
0.14854255318641663
0.1458471715450287
0.15157784521579742
0.1461976021528244
0.1677173376083374
0.18380892276763916
0.1471242904663086
0.16645534336566925
0.15372234582901
0.1560019552707672
0.147197425365448
0.16289262473583221
0.1550610214471817
0.14624233543872833
0.15102916955947876
0.14923594892024994
0.16606715321540833
0.15503017604351044
0.16278883814811707
0.14093205332756042
0.166325643658638
0.1381145566701889
0.14463737607002258
0.14913101494312286
0.1485343873500824
0.1462554633617401
0.17099590599536896
0.14627458155155182
0.14011627435684204
0.14051160216331482
0.18217681348323822
0.15250106155872345
0.16809743642807007
0.1360759288072586
0.1384696513414383
0.14110803604125977
0.15236793458461761
0.1447596400976181
0.14241385459899902
0.14648014307022095
0.1547868400812149
0.13980762660503387
0.13623540103435516
0.15676455199718475
0.15712761878967285
0.13871610164642334
0.15416015684604645
0.16008082032203674
0.14765851199626923
0.1387576311826706
0.15135999023914337
0.15777191519737244
0.1518315076828003
0.1428445279598236
0.14445573091506958
0.14144347608089447
0.16697454452514648
0.15572091937065125
0.13220980763435364
0.16333229839801788
0.14674928784370422
0.1714610457420349
0.1507120430469513
0.14146386086940765
0.13375423848628998
0.13192908465862274
0.145520880818367
0.1370057612657547
0.14382266998291016
0.1401243656873703
0.1441996991634369
0.13505485653877258
0.1700005829334259
0.16334068775177002
0.1559666246175766
0.156930610537529
0.1595613658428192
0.1524210125207901
0.13286270201206207
0.13662007451057434
0.1454792618751526
0.154942587018013
0.14251570403575897
0.1467866748571396
0.1229075938463211
0.13425098359584808
0.13160274922847748
0.14863274991512299
0.1373617798089981
0.15910087525844574
0.15107406675815582
0.14570252597332
0.1404062956571579
0.13699206709861755
0.14881518483161926
0.14337143301963806
0.1608458310365677
0.16149531304836273
0.13426604866981506
0.14338356256484985
0.15310730040073395
0.1443166732788086
0.1422814279794693
0.16386818885803223
0.15162697434425354
0.14018502831459045
0.14686964452266693
0.14218859374523163
0.15508103370666504
0.14004328846931458
0.14074914157390594
0.1598205864429474
0.1537076234817505
0.16240952908992767
0.1452033966779709
0.15997420251369476
0.13514330983161926
0.15457449853420258
0.14691868424415588
0.1568252444267273
0.14381292462348938
0.14109204709529877
0.14661815762519836
0.14797551929950714
0.1493711769580841
0.14426583051681519
0.15686991810798645
