0.696722686290741
0.5720074772834778
0.501052975654602
0.44993406534194946
0.4296608865261078
0.411442369222641
0.3961183428764343
0.40047532320022583
0.3703191578388214
0.37454846501350403
0.36582881212234497
0.38173791766166687
0.3688897490501404
0.3532032370567322
0.3619284927845001
0.36442291736602783
0.3319288194179535
0.3473176956176758
0.33896517753601074
0.3291820287704468
0.33647453784942627
0.3300638496875763
0.32386574149131775
0.320062518119812
0.3362778425216675
0.3249092102050781
0.33141404390335083
0.32421615719795227
0.3167710304260254
0.3101097643375397
0.3122480809688568
0.3128979802131653
0.3116064667701721
0.30976957082748413
0.31945982575416565
0.3133797347545624
0.2963448166847229
0.2993629574775696
0.298511803150177
0.29825517535209656
0.32241809368133545
0.2844880223274231
0.2983875870704651
0.2764941155910492
0.2769929766654968
0.2666308581829071
0.28805476427078247
0.2758873403072357
0.284601092338562
0.2811955511569977
0.27630436420440674
0.2847108542919159
0.2786044180393219
0.2813427448272705
0.27811169624328613
0.2663499116897583
0.27852872014045715
0.25908806920051575
0.27171820402145386
0.253525972366333
0.2539981007575989
0.2533036470413208
0.25404343008995056
0.25746265053749084
0.24570505321025848
0.2306799441576004
0.25004273653030396
0.2526968717575073
0.25932031869888306
0.25580599904060364
0.24704071879386902
0.25059857964515686
0.23376092314720154
0.2571134567260742
0.23484055697917938
0.238119438290596
0.24147245287895203
0.24034474790096283
0.2421136051416397
0.24274033308029175
0.22614328563213348
0.23331132531166077
0.21781526505947113
0.21990467607975006
0.2238215059041977
0.22131426632404327
0.23201045393943787
0.21794408559799194
0.19583778083324432
0.20565839111804962
0.22574718296527863
0.23113179206848145
0.22368362545967102
0.22815509140491486
0.22192762792110443
0.1920071244239807
0.21127386391162872
0.19592075049877167
0.20378407835960388
0.22639653086662292
0.20359669625759125
0.21214203536510468
0.19405187666416168
0.19955529272556305
0.1927846521139145
0.20702846348285675
0.19700205326080322
0.1876823455095291
0.19936397671699524
0.1898496448993683
0.19883699715137482
0.19144107401371002
0.19178302586078644
0.18131019175052643
0.188109889626503
0.18191790580749512
0.197106271982193
0.18254515528678894
0.1904597133398056
0.17599362134933472
0.1638416349887848
0.14925354719161987
0.1689455509185791
0.17290149629116058
0.17057251930236816
0.1543184071779251
0.17286206781864166
0.18344882130622864
0.1605062186717987
0.18145941197872162
0.181337371468544
0.15820373594760895
0.16774466633796692
0.16778358817100525
0.17227564752101898
0.16248740255832672
0.15167245268821716
0.16665177047252655
0.18402807414531708
0.16325372457504272
0.164885476231575
0.16899500787258148
0.16378487646579742
0.154180645942688
0.1911669671535492
0.1690104603767395
0.17196030914783478
0.19126825034618378
0.18303078413009644
0.16556541621685028
0.15385766327381134
0.16658486425876617
0.17048759758472443
0.16674712300300598
0.15979509055614471
0.15875321626663208
0.1539563238620758
0.15192703902721405
0.14196673035621643
0.14835427701473236
0.14893567562103271
0.17337514460086823
0.15835218131542206
0.1514272540807724
0.1568208634853363
0.15566571056842804
0.15248684585094452
0.17137445509433746
0.16258323192596436
0.1515069454908371
0.13964159786701202
0.14068052172660828
0.15766076743602753
0.14250241219997406
0.15397252142429352
0.14190341532230377
0.14920011162757874
0.16958078742027283
0.15320250391960144
0.15172640979290009
0.15003640949726105
0.14389126002788544
0.14329496026039124
0.1457805335521698
0.1472891867160797
0.15392988920211792
0.156473770737648
0.1719517856836319
0.13905732333660126
0.1383839100599289
0.16434313356876373
0.15603218972682953
0.14709840714931488
0.15176498889923096
0.13479241728782654
0.12651394307613373
0.15175017714500427
0.13561369478702545
0.13708536326885223
0.1436828374862671
0.13054023683071136
0.14536066353321075
0.11478352546691895
0.1557428240776062
0.13968205451965332
0.13939397037029266
0.14031346142292023
0.12573884427547455
0.13344115018844604
0.1398596465587616
0.12475841492414474
0.12865538895130157
0.1410721242427826
0.11469893902540207
0.13268494606018066
0.13985782861709595
0.148367777466774
0.14415352046489716
0.13877014815807343
0.12086672335863113
0.121266670525074
0.12328703701496124
0.1273912638425827
0.13964149355888367
0.1282370239496231
0.1446552276611328
0.14216338098049164
0.12661078572273254
0.12569627165794373
0.12617988884449005
0.13878107070922852
0.12539944052696228
0.13073840737342834
0.12240271270275116
0.1144278347492218
0.14164385199546814
0.13524430990219116
0.1505768746137619
0.13140012323856354
0.12012926489114761
0.12116307765245438
0.1425541490316391
0.12154307961463928
0.1418784111738205
0.11399072408676147
0.11243264377117157
0.11417700350284576
0.12215723097324371
0.13708947598934174
0.1129780113697052
0.13556580245494843
0.09863214939832687
0.11571115255355835
0.11806484311819077
0.11314104497432709
0.1417042464017868
0.1196548119187355
0.13074365258216858
0.11770540475845337
0.1308806985616684
0.09443197399377823
0.1207096204161644
0.11547142267227173
0.12782490253448486
0.13712196052074432
0.11342386901378632
0.1423317790031433
0.1330999732017517
0.11975615471601486
0.11678571254014969
0.11644525080919266
0.11116012185811996
0.102946937084198
0.10586467385292053
0.11254914849996567
0.12984831631183624
0.11749561131000519
0.12235000729560852
0.13883140683174133
0.12128262221813202
0.11652988940477371
0.11494795233011246
0.13389796018600464
0.1137285903096199
0.11012721806764603
0.10709884017705917
0.12163076549768448
0.11688468605279922
0.12032794952392578
0.11400618404150009
0.14616866409778595
0.11213312298059464
0.11065684258937836
0.12088106572628021
0.11460766196250916
0.11575637012720108
0.12374911457300186
0.14084483683109283
0.10990642011165619
0.12060041725635529
0.12054399400949478
0.10709892213344574
0.12022749334573746
0.1061599850654602
0.11697811633348465
0.10572212189435959
0.1055448055267334
0.10532402992248535
0.1012616828083992
0.09909241646528244
0.10037936270236969
0.11180991679430008
0.12266680598258972
0.10256766527891159
0.11508523672819138
0.09742587059736252
0.12222038209438324
0.09358377754688263
0.13424518704414368
0.10990399867296219
0.10900940746068954
0.10091184079647064
0.12841297686100006
0.09933160245418549
0.11227156966924667
0.09606733918190002
0.11004088819026947
0.11626720428466797
0.11080700904130936
0.11305435001850128
0.11821205914020538
0.10595869272947311
0.11350847035646439
0.11182662844657898
0.11752045154571533
0.10744313150644302
0.12103237956762314
0.10920285433530807
0.11906120926141739
0.11273143440485
0.10718254745006561
0.11471336334943771
0.11062384396791458
0.11636212468147278
0.10477469861507416
0.1034025028347969
0.10885363072156906
0.1098010465502739
0.11735344678163528
0.10216733813285828
0.104999840259552
0.11055903136730194
0.12221015989780426
0.10121522098779678
0.11793060600757599
0.1105685606598854
0.09786994755268097
0.10544001311063766
0.11325719952583313
0.10974269360303879
0.12052872031927109
0.10169371962547302
0.10456113517284393
0.11892370134592056
0.09773468971252441
0.11579982936382294
0.112846739590168
0.0931340754032135
0.12434946000576019
0.11861972510814667
0.09322486817836761
0.11014483124017715
0.09650657325983047
0.12319449335336685
0.11369513720273972
0.09751617908477783
0.10330404341220856
0.12461797147989273
0.10271342098712921
0.10270946472883224
0.09562896937131882
0.10450099408626556
0.10430526733398438
0.10607016831636429
0.10401865094900131
0.1047482118010521
0.10685456544160843
0.11279832571744919
0.09869664907455444
0.10182227939367294
0.11968027800321579
0.1206195130944252
0.10317616164684296
0.10070521384477615
0.13129203021526337
0.08832073211669922
0.08213599771261215
0.09364262968301773
0.08612757176160812
0.11731763929128647
0.1229884997010231
0.10425584018230438
0.10696772485971451
0.09827668964862823
0.10050179064273834
0.09740927815437317
0.11123866587877274
0.09334031492471695
0.09566900879144669
0.10885927826166153
0.09177925437688828
0.11848032474517822
0.09501034766435623
0.11325614154338837
0.10912664979696274
0.10955040156841278
0.12316913902759552
0.11264050006866455
0.11348388344049454
0.09893102198839188
0.11758320778608322
0.10440317541360855
0.09395266324281693
0.11006258428096771
0.09402649104595184
0.10780660063028336
0.0856519415974617
0.11108683794736862
0.11133893579244614
0.10215401649475098
0.11080199480056763
0.10622547566890717
0.10236530005931854
0.10221559554338455
0.08730955421924591
0.09665469825267792
0.10448627918958664
0.10431161522865295
0.09806260466575623
0.09155303984880447
0.1029232069849968
0.11918964236974716
0.10454335063695908
0.08970228582620621
0.11758019775152206
0.10743523389101028
0.1127876564860344
0.0983443558216095
0.11026717722415924
0.09083232283592224
0.10036921501159668
0.10467806458473206
0.11620159447193146
0.10292870551347733
0.10914698243141174
0.08609488606452942
0.1162978932261467
0.10767997056245804
0.10910080373287201
0.09418131411075592
0.09065604954957962
0.10523422062397003
0.08419240266084671
0.10192449390888214
0.1049218475818634
0.11164721846580505
0.09627536684274673
0.09878411889076233
0.09874565154314041
0.08507540822029114
0.12780500948429108
0.08830922842025757
0.09316877275705338
0.10612908750772476
0.09577832370996475
0.1059853732585907
0.1078329086303711
0.08918467164039612
0.11601555347442627
0.10403992235660553
0.1021561324596405
0.10638313740491867
0.09341508150100708
0.10330712050199509
0.10070201009511948
0.08771467208862305
0.10767512023448944
0.09500229358673096
0.09427891671657562
0.0830492302775383
0.09849346429109573
0.09297863394021988
0.09164688736200333
0.11174097657203674
0.0903182253241539
0.11297836899757385
0.08049310743808746
0.12485779821872711
0.09395009279251099
0.11497219651937485
0.09477499127388
0.09107227623462677
0.09684689342975616
0.08866742253303528
0.07754568755626678
0.11347704380750656
0.08594514429569244
0.09358422458171844
0.09553240984678268
0.10382825136184692
0.08465542644262314
0.09401950985193253
0.09048213809728622
0.09097687900066376
0.09172045439481735
0.09774083644151688
0.09039055556058884
0.09186837077140808
0.11136391013860703
0.10886169970035553
0.10007317364215851
0.09331094473600388
0.07410100102424622
0.10428959131240845
0.08817075192928314
0.09449532628059387
0.09981095790863037
0.10088212788105011
0.09388326853513718
0.0821027159690857
0.10507120192050934
0.09998622536659241
0.09929628670215607
0.11708298325538635
0.09521189332008362
0.08546817302703857
0.10168828070163727
0.09068197011947632
0.09942977130413055
0.12772737443447113
0.11238639056682587
0.0964144617319107
0.08902516961097717
0.09171561151742935
0.10292981564998627
0.10707200318574905
0.10282350331544876
0.10149407386779785
0.09532962739467621
0.09202612191438675
0.09192446619272232
0.10222521424293518
0.0858817994594574
0.10466860234737396
0.0857209861278534
0.08686449378728867
0.08628933876752853
0.09993727505207062
0.09027015417814255
0.09477801620960236
0.10084556043148041
0.08906614780426025
0.09414736181497574
0.09283512085676193
0.09070074558258057
0.09000533074140549
0.08044552803039551
0.09787000715732574
0.08711123466491699
0.08994414657354355
0.09721517562866211
0.08827408403158188
0.09257142245769501
0.0934290960431099
0.09764568507671356
0.09235584735870361
0.10174161195755005
0.0956813395023346
0.10051000863313675
0.08746814727783203
0.11047786474227905
0.09693789482116699
0.11011961102485657
0.09314187616109848
0.09774792939424515
0.0921538770198822
0.09153206646442413
0.10719037055969238
0.09850934892892838
0.09817497432231903
0.09599857777357101
0.09089630097150803
0.10426215082406998
0.09818325936794281
0.07620654255151749
0.10496662557125092
0.08622734248638153
0.09235341101884842
0.0888637974858284
0.09029177576303482
0.09284606575965881
