0.712340772151947
0.5623466372489929
0.5731241106987
0.5110287070274353
0.4723265469074249
0.43849220871925354
0.4542619585990906
0.4225662648677826
0.4373971223831177
0.4020839333534241
0.4043753147125244
0.3994123637676239
0.3835281431674957
0.4012364149093628
0.3800916373729706
0.37792348861694336
0.3818400502204895
0.37450075149536133
0.3756415545940399
0.3339192867279053
0.3487745523452759
0.3550095856189728
0.364670991897583
0.349135160446167
0.32249540090560913
0.3340681791305542
0.31484413146972656
0.3478034734725952
0.31755542755126953
0.3413143754005432
0.3284755349159241
0.302238792181015
0.3009551763534546
0.2980376183986664
0.31943437457084656
0.309529572725296
0.31159359216690063
0.3010210394859314
0.2778637111186981
0.314708948135376
0.28173646330833435
0.28812897205352783
0.2955764830112457
0.30569571256637573
0.296726256608963
0.30090510845184326
0.3006054162979126
0.292854368686676
0.2665671706199646
0.27412641048431396
0.27545663714408875
0.2736363410949707
0.26037031412124634
0.2686885595321655
0.255546897649765
0.2607223093509674
0.2616448402404785
0.24351605772972107
0.24368949234485626
0.2552715539932251
0.2507088780403137
0.26195043325424194
0.23477788269519806
0.2355937957763672
0.25402939319610596
0.24665230512619019
0.2397671937942505
0.2521757185459137
0.24077914655208588
0.22045055031776428
0.22813643515110016
0.22926509380340576
0.23113922774791718
0.23492787778377533
0.23486095666885376
0.23210714757442474
0.22472895681858063
0.2161700278520584
0.22862152755260468
0.20222745835781097
0.250570148229599
0.2558622360229492
0.22840669751167297
0.2581497132778168
0.2105698585510254
0.2217893749475479
0.23915119469165802
0.20817190408706665
0.22740358114242554
0.2371419221162796
0.21904395520687103
0.22414115071296692
0.2099066525697708
0.21446318924427032
0.19168084859848022
0.20167118310928345
0.21238157153129578
0.2218436300754547
0.1911487579345703
0.1956949681043625
0.20659922063350677
0.18605096638202667
0.231145441532135
0.23978324234485626
0.21912792325019836
0.2378300279378891
0.21992623805999756
0.20446202158927917
0.20271745324134827
0.19295650720596313
0.19218985736370087
0.19796307384967804
0.19709035754203796
0.18750226497650146
0.17767931520938873
0.18619732558727264
0.1619776487350464
0.1720035821199417
0.17179732024669647
0.1721123307943344
0.17808622121810913
0.19433684647083282
0.16685529053211212
0.1698208600282669
0.15092135965824127
0.16547147929668427
0.1684296429157257
0.15233924984931946
0.16389475762844086
0.174114391207695
0.17120100557804108
0.17819270491600037
0.151260107755661
0.16777047514915466
0.1694166660308838
0.16769960522651672
0.1719706803560257
0.14646409451961517
0.16030874848365784
0.13065429031848907
0.14586730301380157
0.15004988014698029
0.14915809035301208
0.13393066823482513
0.13758601248264313
0.13090935349464417
0.1476934552192688
0.1506572663784027
0.13462577760219574
0.13924989104270935
0.151747927069664
0.14803142845630646
0.15327174961566925
0.16153880953788757
0.14201462268829346
0.15310440957546234
0.14771737158298492
0.15432845056056976
0.13833732903003693
0.1522132158279419
0.1392900049686432
0.14544428884983063
0.1508340984582901
0.1411862075328827
0.14615340530872345
0.13865047693252563
0.13389952480793
0.13101372122764587
0.14073063433170319
0.14230114221572876
0.1440204232931137
0.13510873913764954
0.14211507141590118
0.13384149968624115
0.1581418812274933
0.11454139649868011
0.12478923052549362
0.12966442108154297
0.11094769090414047
0.1118551716208458
0.12603439390659332
0.12695100903511047
0.12672141194343567
0.11795125901699066
0.13200445473194122
0.1211434155702591
0.12118746340274811
0.14203882217407227
0.16033877432346344
0.13578106462955475
0.13922929763793945
0.13849669694900513
0.12420224398374557
0.11452394723892212
0.1252863109111786
0.13527031242847443
0.12283049523830414
0.11163369566202164
0.12982311844825745
0.1378127783536911
0.10747303813695908
0.11924991011619568
0.12895551323890686
0.11608096212148666
0.1302681416273117
0.11392831057310104
0.11760451644659042
0.10428959131240845
0.11894062161445618
0.11298088729381561
0.11459679901599884
0.12357117235660553
0.10146626830101013
0.12524710595607758
0.11285040527582169
0.1216387078166008
0.11309229582548141
0.09234869480133057
0.11863099038600922
0.11045956611633301
0.11595816910266876
0.12159083783626556
0.10878411680459976
0.11690545082092285
0.10919003188610077
0.13155335187911987
0.12176789343357086
0.11783730238676071
0.11856749653816223
0.13786530494689941
0.10071108490228653
0.1386604607105255
0.10287953168153763
0.1218036413192749
0.11427871882915497
0.12306690961122513
0.10746753215789795
0.11150280386209488
0.12246230989694595
0.1050872653722763
0.12469106912612915
0.12405510991811752
0.11236266791820526
0.13422828912734985
0.11639825254678726
0.10083840787410736
0.1085866168141365
0.09699194878339767
0.10927422344684601
0.10933293402194977
0.11691594123840332
0.1095510795712471
0.09969048202037811
0.09427453577518463
0.12301446497440338
0.10290542989969254
0.1179819107055664
0.10643176734447479
0.10104890912771225
0.09419284760951996
0.09581739455461502
0.12967228889465332
0.09881021827459335
0.09910604357719421
0.09363652765750885
0.10727369785308838
0.09251464903354645
0.10220726579427719
0.09097567200660706
0.09679437428712845
0.09748281538486481
0.10010470449924469
0.0861722081899643
0.10473694652318954
0.0921231061220169
0.10332311689853668
0.07777716964483261
0.1065073013305664
0.10068509727716446
0.11097655445337296
0.1031772568821907
0.12184898555278778
0.10429266840219498
0.10107927769422531
0.09478480368852615
0.07039473950862885
0.0927281603217125
0.08906245231628418
0.08102621138095856
0.1023326888680458
0.083877332508564
0.12177179008722305
0.11909514665603638
0.09758222848176956
0.08341731131076813
0.08638089895248413
0.08613364398479462
0.0848761573433876
0.10019935667514801
0.09089745581150055
0.10066576302051544
0.10781850665807724
0.09228866547346115
0.08261177688837051
0.08978680521249771
0.09682829678058624
0.07944422215223312
0.09134607017040253
0.09678588807582855
0.08170721679925919
0.10509536415338516
0.0802963599562645
0.09986334294080734
0.09261607378721237
0.0967908725142479
0.09434971213340759
0.0892917737364769
0.08008512109518051
0.0962134301662445
0.07843825966119766
0.06855420768260956
0.07385385036468506
0.09643729776144028
0.09824027866125107
0.08196873217821121
0.08742733299732208
0.07495991140604019
0.09740469604730606
0.11303944885730743
0.0976642370223999
0.08591175079345703
0.09673073142766953
0.08519623428583145
0.08423803746700287
0.0653304010629654
0.09141820669174194
0.09996753931045532
0.08115432411432266
0.08581423759460449
0.07767495512962341
0.09302378445863724
0.08063259720802307
0.08546970784664154
0.0981307253241539
0.0908614993095398
0.07876308262348175
0.0655411034822464
0.07047930359840393
0.07082068175077438
0.07138581573963165
0.0860762819647789
0.09222368150949478
0.07433786988258362
0.08844791352748871
0.09622276574373245
0.08564114570617676
0.07717712968587875
0.08484487980604172
0.084923654794693
0.08678223192691803
0.07578154653310776
0.07685092091560364
0.08551662415266037
0.08187777549028397
0.0769079327583313
0.08596097677946091
0.07894733548164368
0.07532375305891037
0.0671093687415123
0.07170411944389343
0.09859592467546463
0.08185365051031113
0.09049363434314728
0.06581737846136093
0.09249033033847809
0.07640033215284348
0.08027685433626175
0.0659487321972847
0.0879344791173935
0.07060320675373077
0.06856071949005127
0.07943898439407349
0.0713391825556755
0.06592167913913727
0.08802297711372375
0.06467009335756302
0.06227205693721771
0.07567591965198517
0.08134803920984268
0.06339418143033981
0.09101544320583344
0.08306556940078735
0.07379597425460815
0.06963097304105759
0.10276465117931366
0.07500189542770386
0.09089243412017822
0.07890403270721436
0.06283070892095566
0.07235495746135712
0.07953663170337677
0.07706020027399063
0.08897992968559265
0.06880383938550949
0.06021556258201599
0.10368015617132187
0.06997247040271759
0.08238369971513748
0.06655074656009674
0.07602185755968094
0.06418291479349136
0.09144444018602371
0.08236064016819
0.07070668786764145
0.07316150516271591
0.08625578135251999
0.08280931413173676
0.08915482461452484
0.07449563592672348
0.0767068862915039
0.06868190318346024
0.06773792952299118
0.07723428308963776
0.06833083182573318
0.0706789419054985
0.07606712728738785
0.06606927514076233
0.0754622370004654
0.08177090436220169
0.06931543350219727
0.1066540852189064
0.08486637473106384
0.08522011339664459
0.064187191426754
0.0884232297539711
0.07573117315769196
0.07829884439706802
0.09572845697402954
0.07972145080566406
0.07257726043462753
0.08363103121519089
0.08010103553533554
0.08225475996732712
0.07567297667264938
0.1038053035736084
0.05840793997049332
0.0843248963356018
0.09425128996372223
0.06989588588476181
0.06143764778971672
0.06646250933408737
0.06978551298379898
0.07343975454568863
0.060440730303525925
0.08821715414524078
0.07909441739320755
0.09047622233629227
0.07847997546195984
0.07755325734615326
0.06418188661336899
0.06862641870975494
0.0668325424194336
0.08422733098268509
0.07881204038858414
0.09342433512210846
0.06636115908622742
0.08266542106866837
0.08327791839838028
0.083432137966156
0.07148230820894241
0.0903981551527977
0.06510282307863235
0.06585881114006042
0.0567423552274704
0.07951515167951584
0.09439592808485031
0.07251638919115067
0.08556260913610458
0.07029899954795837
0.06561943888664246
0.08460962027311325
0.07730677723884583
0.06284522265195847
0.072150819003582
0.08016744256019592
0.07099983841180801
0.073948435485363
0.07650206238031387
0.07222579419612885
0.07050992548465729
0.06863465905189514
0.06625181436538696
0.06592334806919098
0.07478552311658859
0.07763049751520157
0.06920821964740753
0.09586063772439957
0.05946814641356468
0.07578746974468231
0.10066574066877365
0.08109655231237411
0.08892571181058884
0.07165297120809555
0.07544702291488647
0.07816442102193832
0.07487308979034424
0.057323724031448364
0.06302051246166229
0.07366803288459778
0.07925762981176376
0.0814458578824997
0.06484631448984146
0.0815921500325203
0.07651430368423462
0.07797939330339432
0.07881446927785873
0.07308895140886307
0.07252383232116699
0.06416960060596466
0.06929651647806168
0.08984963595867157
0.08030857145786285
0.07874275743961334
0.06237998977303505
0.06594856828451157
0.06400341540575027
0.0790744498372078
0.0701141357421875
0.06342978030443192
0.07754641026258469
0.08542972803115845
0.058598361909389496
0.08592603355646133
0.06877592206001282
0.06821726262569427
0.07826810330152512
0.06006612256169319
0.058835726231336594
0.09066612273454666
0.08781742304563522
0.08396753668785095
0.09216228127479553
0.07300543785095215
0.07727152854204178
0.0859108492732048
0.06398516148328781
0.08267054706811905
0.06394284963607788
0.07130787521600723
0.0569918192923069
0.059012677520513535
0.07031689584255219
0.07789037376642227
0.06152667477726936
0.07475482672452927
0.06794470548629761
0.06565731018781662
0.08011061698198318
0.06789655238389969
0.07422643154859543
0.07156727463006973
0.07207551598548889
0.07492189854383469
0.07463359832763672
0.05836189165711403
0.06455276906490326
0.07514852285385132
0.059219323098659515
0.08641839772462845
0.07698959112167358
0.06670776754617691
0.06136082112789154
0.06568507850170135
0.06717616319656372
0.05751790478825569
0.08999776840209961
0.06361372768878937
0.0765857845544815
0.0648568645119667
0.05376644805073738
0.09613298624753952
0.062310025095939636
0.06791078299283981
0.0532037727534771
0.07759465277194977
0.06475313752889633
0.06511048227548599
0.060740575194358826
0.0653538778424263
0.07501140236854553
0.07379980385303497
0.06357118487358093
0.08095232397317886
0.055035896599292755
0.06875339150428772
0.07743451744318008
0.0724506750702858
0.05989623814821243
0.06427516043186188
0.06365106254816055
0.06683602929115295
0.06626652926206589
0.06286278367042542
0.0612611398100853
0.05604060739278793
