0.43302181363105774
0.4813084006309509
0.4735202491283417
0.5093457698822021
0.5233644843101501
0.5436137318611145
0.5638629198074341
0.5716511011123657
0.6105918884277344
0.585669755935669
0.5778816342353821
0.6028037667274475
0.618380069732666
0.6370716691017151
0.6370716691017151
0.6401869058609009
0.6495327353477478
0.7118380069732666
0.6853582262992859
0.6869158744812012
0.6962617039680481
0.6947040557861328
0.7289719581604004
0.6978192925453186
0.718068540096283
0.7492212057113647
0.732087254524231
0.7289719581604004
0.7305296063423157
0.777258574962616
0.7570093274116516
0.763239860534668
0.7757009267807007
0.7741432785987854
0.7788162231445312
0.8052959442138672
0.7912772297859192
0.8037382960319519
0.7943925261497498
0.8084112405776978
0.7943925261497498
0.7866043448448181
0.7990654110908508
0.7990654110908508
0.8006230592727661
0.8021807074546814
0.8021807074546814
0.8239875435829163
0.8193146586418152
0.8255451917648315
0.8177570104598999
0.8317757248878479
0.8395638465881348
0.8489096760749817
0.8317757248878479
0.8504672646522522
0.8395638465881348
0.8193146586418152
0.8395638465881348
0.8317757248878479
0.8302180767059326
0.8426791429519653
0.84112149477005
0.8442367315292358
0.8442367315292358
0.8457943797111511
0.8489096760749817
0.8489096760749817
0.8520249128341675
0.8613707423210144
0.8426791429519653
0.8535825610160828
0.8473520278930664
0.8598130941390991
0.855140209197998
0.8676012754440308
0.8535825610160828
0.8582554459571838
0.8598130941390991
0.8676012754440308
0.8613707423210144
0.8629283308982849
0.8644859790802002
0.8582554459571838
0.8691588640213013
0.8613707423210144
0.8660436272621155
0.8473520278930664
0.8644859790802002
0.8598130941390991
0.84112149477005
0.8629283308982849
0.8660436272621155
0.8691588640213013
0.8660436272621155
0.8707165122032166
0.8769470453262329
0.8660436272621155
0.8660436272621155
0.8613707423210144
0.8535825610160828
0.855140209197998
0.8644859790802002
0.8676012754440308
0.8722741603851318
0.855140209197998
0.8644859790802002
0.8520249128341675
0.8489096760749817
0.8691588640213013
0.8629283308982849
0.8769470453262329
0.8582554459571838
0.8722741603851318
0.8691588640213013
0.8676012754440308
0.8676012754440308
0.8707165122032166
0.8535825610160828
0.8676012754440308
0.8738317489624023
0.8676012754440308
0.8738317489624023
0.8676012754440308
0.8676012754440308
0.8722741603851318
0.8785046935081482
0.8598130941390991
0.8457943797111511
0.8707165122032166
0.8644859790802002
0.8722741603851318
0.881619930267334
0.8613707423210144
0.8613707423210144
0.8722741603851318
0.8738317489624023
0.8598130941390991
0.8769470453262329
0.8722741603851318
0.8489096760749817
0.8676012754440308
0.8800622820854187
0.8691588640213013
0.8738317489624023
0.8660436272621155
0.8722741603851318
0.8691588640213013
0.8676012754440308
0.8691588640213013
0.8785046935081482
0.8769470453262329
0.8722741603851318
0.8847352266311646
0.8644859790802002
0.8785046935081482
0.881619930267334
0.8676012754440308
0.8847352266311646
0.8847352266311646
0.8707165122032166
0.8738317489624023
0.8831775784492493
0.8894081115722656
0.8707165122032166
0.8769470453262329
0.8707165122032166
0.8769470453262329
0.8800622820854187
0.8660436272621155
0.8769470453262329
0.8644859790802002
0.8738317489624023
0.881619930267334
0.8878504633903503
0.8847352266311646
0.8785046935081482
0.881619930267334
0.8847352266311646
0.8847352266311646
0.8769470453262329
0.8800622820854187
0.8769470453262329
0.8707165122032166
0.8660436272621155
0.8676012754440308
0.8598130941390991
0.8769470453262329
0.8707165122032166
0.881619930267334
0.8753893971443176
0.8738317489624023
0.8769470453262329
0.8847352266311646
0.895638644695282
0.8862928152084351
0.8847352266311646
0.8785046935081482
0.8785046935081482
0.8831775784492493
0.8971962332725525
0.8785046935081482
0.8738317489624023
0.8707165122032166
0.8738317489624023
0.8769470453262329
0.8738317489624023
0.8785046935081482
0.881619930267334
0.8878504633903503
0.8785046935081482
0.8800622820854187
0.8894081115722656
0.8909657597541809
0.8862928152084351
0.8800622820854187
0.8909657597541809
0.8894081115722656
0.8925233483314514
0.8878504633903503
0.8971962332725525
0.8831775784492493
0.881619930267334
0.8878504633903503
0.8831775784492493
0.8925233483314514
0.8831775784492493
0.8831775784492493
0.881619930267334
0.8831775784492493
0.8925233483314514
0.8894081115722656
0.8847352266311646
0.8925233483314514
0.8831775784492493
0.8847352266311646
0.8925233483314514
0.8785046935081482
0.8769470453262329
0.895638644695282
0.8862928152084351
0.8800622820854187
0.8987538814544678
0.8707165122032166
0.8909657597541809
0.8847352266311646
0.8940809965133667
0.9018691778182983
0.8847352266311646
0.8878504633903503
0.8878504633903503
0.8925233483314514
0.881619930267334
0.8940809965133667
0.8753893971443176
0.881619930267334
0.8862928152084351
0.881619930267334
0.8909657597541809
0.8862928152084351
0.8940809965133667
0.8925233483314514
0.8862928152084351
0.8831775784492493
0.8987538814544678
0.8878504633903503
0.8894081115722656
0.8800622820854187
0.8847352266311646
0.8987538814544678
0.8847352266311646
0.8909657597541809
0.8878504633903503
0.8925233483314514
0.8878504633903503
0.8971962332725525
0.8660436272621155
0.8894081115722656
0.8847352266311646
0.8925233483314514
0.8909657597541809
0.8971962332725525
0.8847352266311646
0.8894081115722656
0.8925233483314514
0.8878504633903503
0.8987538814544678
0.8894081115722656
0.8831775784492493
0.8940809965133667
0.895638644695282
0.8940809965133667
0.895638644695282
0.8894081115722656
0.9003115296363831
0.8862928152084351
0.8987538814544678
0.9003115296363831
0.8894081115722656
0.8940809965133667
0.8940809965133667
0.8847352266311646
0.881619930267334
0.8987538814544678
0.8785046935081482
0.8878504633903503
0.8925233483314514
0.8878504633903503
0.8785046935081482
0.8800622820854187
0.8831775784492493
0.8925233483314514
0.8909657597541809
0.8940809965133667
0.8894081115722656
0.8987538814544678
0.9034267663955688
0.8909657597541809
0.8894081115722656
0.8987538814544678
0.8940809965133667
0.8894081115722656
0.9112149477005005
0.9065420627593994
0.8909657597541809
0.8971962332725525
0.8987538814544678
0.8878504633903503
0.895638644695282
0.9003115296363831
0.895638644695282
0.8971962332725525
0.895638644695282
0.8971962332725525
0.895638644695282
0.9003115296363831
0.8878504633903503
0.8909657597541809
0.8971962332725525
0.8831775784492493
0.8862928152084351
0.8909657597541809
0.8878504633903503
0.895638644695282
0.8971962332725525
0.895638644695282
0.895638644695282
0.9003115296363831
0.881619930267334
0.895638644695282
0.8971962332725525
0.8862928152084351
0.9065420627593994
0.9065420627593994
0.8909657597541809
0.9034267663955688
0.8862928152084351
0.895638644695282
0.9034267663955688
0.895638644695282
0.8925233483314514
0.8940809965133667
0.895638644695282
0.9112149477005005
0.895638644695282
0.8987538814544678
0.8800622820854187
0.8878504633903503
0.9080997109413147
0.9034267663955688
0.8987538814544678
0.9003115296363831
0.8971962332725525
0.8862928152084351
0.8940809965133667
0.9034267663955688
0.9018691778182983
0.9003115296363831
0.8971962332725525
0.9065420627593994
0.8894081115722656
0.8862928152084351
0.8940809965133667
0.9080997109413147
0.8894081115722656
0.8847352266311646
0.8925233483314514
0.9018691778182983
0.895638644695282
0.8878504633903503
0.895638644695282
0.9112149477005005
0.9034267663955688
0.8847352266311646
0.8925233483314514
0.9003115296363831
0.9003115296363831
0.9112149477005005
0.8971962332725525
0.9018691778182983
0.8940809965133667
0.9112149477005005
0.9018691778182983
0.9003115296363831
0.9034267663955688
0.9049844145774841
0.8971962332725525
0.8987538814544678
0.8894081115722656
0.8971962332725525
0.9049844145774841
0.9018691778182983
0.9003115296363831
0.9003115296363831
0.9065420627593994
0.8971962332725525
0.895638644695282
0.8971962332725525
0.8971962332725525
0.9003115296363831
0.914330244064331
0.8909657597541809
0.8987538814544678
0.8987538814544678
0.9127725958824158
0.895638644695282
0.9034267663955688
0.895638644695282
0.8940809965133667
0.9003115296363831
0.8940809965133667
0.9018691778182983
0.895638644695282
0.8987538814544678
0.9003115296363831
0.895638644695282
0.8925233483314514
0.9065420627593994
0.8940809965133667
0.8940809965133667
0.9112149477005005
0.8909657597541809
0.8971962332725525
0.8940809965133667
0.8987538814544678
0.8940809965133667
0.8925233483314514
0.8987538814544678
0.9065420627593994
0.9018691778182983
0.9096572995185852
0.9065420627593994
0.8987538814544678
0.8925233483314514
0.8971962332725525
0.8987538814544678
0.9003115296363831
0.9049844145774841
0.8987538814544678
0.8785046935081482
0.9018691778182983
0.8925233483314514
0.9018691778182983
0.8909657597541809
0.8925233483314514
0.8971962332725525
0.9065420627593994
0.8925233483314514
0.9018691778182983
0.9018691778182983
0.9080997109413147
0.9112149477005005
0.914330244064331
0.8925233483314514
0.8940809965133667
0.9018691778182983
0.9003115296363831
0.9080997109413147
0.9065420627593994
0.8971962332725525
0.9127725958824158
0.9003115296363831
0.8987538814544678
0.9049844145774841
0.8925233483314514
0.9034267663955688
0.9112149477005005
0.8940809965133667
0.8971962332725525
0.8971962332725525
0.895638644695282
0.914330244064331
0.9003115296363831
0.895638644695282
0.9049844145774841
0.9049844145774841
0.8940809965133667
0.9003115296363831
0.8894081115722656
0.8940809965133667
0.8987538814544678
0.8940809965133667
0.8971962332725525
0.9174454808235168
0.8987538814544678
0.9003115296363831
0.8925233483314514
0.9158878326416016
0.8940809965133667
0.9018691778182983
0.9080997109413147
0.9003115296363831
0.9018691778182983
0.9003115296363831
0.9034267663955688
0.8987538814544678
0.9003115296363831
0.8878504633903503
0.9003115296363831
0.895638644695282
0.8940809965133667
0.9049844145774841
0.895638644695282
0.9221183657646179
0.9049844145774841
0.8925233483314514
0.8987538814544678
0.9049844145774841
0.8940809965133667
0.8894081115722656
0.9003115296363831
0.914330244064331
0.895638644695282
0.895638644695282
0.8971962332725525
0.895638644695282
0.9065420627593994
0.9049844145774841
0.8971962332725525
0.9018691778182983
0.9018691778182983
0.9018691778182983
0.9003115296363831
0.8894081115722656
0.9065420627593994
0.8940809965133667
0.9096572995185852
0.9096572995185852
0.9080997109413147
0.9065420627593994
0.9049844145774841
0.8971962332725525
0.8909657597541809
0.895638644695282
0.9003115296363831
0.9080997109413147
0.8971962332725525
0.8987538814544678
0.9080997109413147
0.9112149477005005
0.914330244064331
0.895638644695282
0.9080997109413147
0.9034267663955688
0.9049844145774841
0.8987538814544678
0.9049844145774841
0.9034267663955688
0.9158878326416016
0.9065420627593994
0.9018691778182983
0.9034267663955688
0.9080997109413147
0.9049844145774841
0.9003115296363831
0.9049844145774841
0.8894081115722656
0.9065420627593994
0.9003115296363831
0.8987538814544678
0.914330244064331
0.8987538814544678
0.8847352266311646
0.8987538814544678
0.9034267663955688
0.8987538814544678
0.9065420627593994
0.9096572995185852
0.8971962332725525
0.9018691778182983
0.9065420627593994
0.8925233483314514
0.8987538814544678
0.9003115296363831
0.9003115296363831
0.9049844145774841
0.9190031290054321
0.895638644695282
0.9034267663955688
0.9127725958824158
0.8894081115722656
0.8909657597541809
0.9080997109413147
0.8909657597541809
0.9080997109413147
0.9096572995185852
0.9003115296363831
0.8987538814544678
0.8925233483314514
0.8940809965133667
0.8971962332725525
0.9034267663955688
0.8971962332725525
0.9018691778182983
0.8987538814544678
