0.77012038230896
0.7104278802871704
0.6807712316513062
0.6613172888755798
0.6490049958229065
0.6382808685302734
0.5978344678878784
0.5923486948013306
0.5846351981163025
0.5495952367782593
0.6011935472488403
0.5792313814163208
0.5396151542663574
0.5510860085487366
0.518133282661438
0.5201481580734253
0.5034131407737732
0.5287957191467285
0.4932625889778137
0.4880572557449341
0.5167810320854187
0.5118069052696228
0.5111862421035767
0.47442832589149475
0.4542126953601837
0.4834737479686737
0.49696484208106995
0.46278083324432373
0.4881267249584198
0.4632251262664795
0.45816293358802795
0.4422031342983246
0.48560672998428345
0.45553603768348694
0.45540639758110046
0.46839359402656555
0.41997236013412476
0.45888644456863403
0.4442178010940552
0.4436150789260864
0.4597771167755127
0.43635982275009155
0.43531593680381775
0.3994169235229492
0.4033580422401428
0.41493600606918335
0.421099990606308
0.41400960087776184
0.39159590005874634
0.39001908898353577
0.3804462254047394
0.4006141722202301
0.39621976017951965
0.390752375125885
0.38187164068222046
0.40449365973472595
0.3960846960544586
0.3845677971839905
0.3960481584072113
0.36072611808776855
0.374488890171051
0.3384612500667572
0.3625774085521698
0.3493190407752991
0.339646577835083
0.32093581557273865
0.3559761643409729
0.3574816584587097
0.3633895218372345
0.3761660158634186
0.3717232942581177
0.36277252435684204
0.3607403337955475
0.35123103857040405
0.3396488428115845
0.3262772858142853
0.3526708781719208
0.34384453296661377
0.34929078817367554
0.34652772545814514
0.33224907517433167
0.3400413393974304
0.3278501629829407
0.355828195810318
0.34389573335647583
0.36549675464630127
0.34784674644470215
0.3317602872848511
0.3121206760406494
0.35485875606536865
0.3329557180404663
0.3400600552558899
0.32793688774108887
0.3300313651561737
0.3107655942440033
0.29761478304862976
0.30661553144454956
0.3200770616531372
0.2938820719718933
0.3143129348754883
0.34662532806396484
0.3180108666419983
0.3195762634277344
0.2984582185745239
0.2871045768260956
0.29784920811653137
0.30287787318229675
0.3222799301147461
0.31871095299720764
0.2983366549015045
0.30825647711753845
0.2919929623603821
0.2918114960193634
0.3021237552165985
0.2951376736164093
0.2938674986362457
0.32557228207588196
0.29740333557128906
0.30053481459617615
0.28156861662864685
0.2977769672870636
0.31104812026023865
0.2919176518917084
0.2706691324710846
0.304047167301178
0.2982044517993927
0.30219751596450806
0.2906336486339569
0.29604482650756836
0.2874346673488617
0.3026047646999359
0.2892976999282837
0.27688270807266235
0.2818816602230072
0.29213544726371765
0.3105938732624054
0.3001689016819
0.270418643951416
0.27853912115097046
0.28118473291397095
0.2798984944820404
0.2742989659309387
0.2651500403881073
0.2826010584831238
0.27052047848701477
0.2574841380119324
0.26627713441848755
0.2781292498111725
0.27427780628204346
0.2768895626068115
0.2612752318382263
0.2505689561367035
0.2829148471355438
0.25938424468040466
0.24330663681030273
0.26719287037849426
0.272600382566452
0.2714848816394806
0.27671733498573303
0.25631779432296753
0.2565106749534607
0.26619890332221985
0.2663387656211853
0.26696985960006714
0.2522984743118286
0.24784618616104126
0.26364609599113464
0.2610456645488739
0.2572646141052246
0.2750895023345947
0.2560883164405823
0.24468623101711273
0.2795456647872925
0.2662491500377655
0.2548142671585083
0.24736954271793365
0.250588059425354
0.23843452334403992
0.2579095661640167
0.2552846074104309
0.24756890535354614
0.23792311549186707
0.2380954623222351
0.24859726428985596
0.22119906544685364
0.2613410949707031
0.24551023542881012
0.23256193101406097
0.24177294969558716
0.24163134396076202
0.24895919859409332
0.24389009177684784
0.2592526376247406
0.2424784153699875
0.2251071333885193
0.24025018513202667
0.23771807551383972
0.23773948848247528
0.2514321208000183
0.23823583126068115
0.24390411376953125
0.24800941348075867
0.23186540603637695
0.24200651049613953
0.2329493761062622
0.23918184638023376
0.23126481473445892
0.23492111265659332
0.22205324470996857
0.23785685002803802
0.22442834079265594
0.2342826873064041
0.23738189041614532
0.23622579872608185
0.24272622168064117
0.24547767639160156
0.2473386973142624
0.2374553233385086
0.21728380024433136
0.2592914402484894
0.23281511664390564
0.2302711457014084
0.2277919203042984
0.22322209179401398
0.22279506921768188
0.2320195436477661
0.23154877126216888
0.20591112971305847
0.21182934939861298
0.2273041009902954
0.23092558979988098
0.2322707176208496
0.20573915541172028
0.21993416547775269
0.20676778256893158
0.22158461809158325
0.22107121348381042
0.22407443821430206
0.2164996862411499
0.2047737091779709
0.22717703878879547
0.22192397713661194
0.20411846041679382
0.21356146037578583
0.21515248715877533
0.2123931646347046
0.21671433746814728
0.22197124361991882
0.20283541083335876
0.20716609060764313
0.20971189439296722
0.2315232753753662
0.2299283742904663
0.20915518701076508
0.19377538561820984
0.1973201185464859
0.2105441689491272
0.21173083782196045
0.2110614776611328
0.20528560876846313
0.21219919621944427
0.20122632384300232
0.19990354776382446
0.1935717910528183
0.19971974194049835
0.2029007524251938
0.18319076299667358
0.2051835060119629
0.2060895562171936
0.20375396311283112
0.2068234235048294
0.21473391354084015
0.2171119898557663
0.1987125277519226
0.20253513753414154
0.19834673404693604
0.1814466118812561
0.19501693546772003
0.2145860195159912
0.19774313271045685
0.19759753346443176
0.1932259202003479
0.19646073877811432
0.20133356750011444
0.20861907303333282
0.20131564140319824
0.2016124576330185
0.19027845561504364
0.20653918385505676
0.2151549905538559
0.21201328933238983
0.1960078775882721
0.18823882937431335
0.19249875843524933
0.20943881571292877
0.18998996913433075
0.1873357594013214
0.194427490234375
0.19422723352909088
0.19651678204536438
0.19816294312477112
0.1960531622171402
0.21193809807300568
0.19452305138111115
0.1912117451429367
0.18567682802677155
0.23809947073459625
0.20461897552013397
0.18950040638446808
0.1855105608701706
0.17769213020801544
0.2003008872270584
0.1894250214099884
0.18987159430980682
0.19179831445217133
0.1813582181930542
0.19212661683559418
0.1707935482263565
0.19569675624370575
0.18848809599876404
0.19135117530822754
0.19206364452838898
0.1869412362575531
0.19850295782089233
0.1786309778690338
0.19624795019626617
0.19335001707077026
0.19011451303958893
0.1917695850133896
0.18690036237239838
0.19394846260547638
0.1887163519859314
0.19971786439418793
0.17658215761184692
0.20091837644577026
0.19727663695812225
0.1851552426815033
0.17897409200668335
0.18583595752716064
0.19372425973415375
0.19687658548355103
0.20990808308124542
0.19988250732421875
0.1726042926311493
0.1891716867685318
0.18897713720798492
0.17638729512691498
0.18729135394096375
0.18451648950576782
0.172066330909729
0.17131783068180084
0.17022953927516937
0.18179194629192352
0.1779620200395584
0.18690986931324005
0.17681679129600525
0.18690411746501923
0.18276135623455048
0.18968616425991058
0.17197108268737793
0.1860235631465912
0.1733260154724121
0.17539364099502563
0.17129196226596832
0.1549699306488037
0.16522695124149323
0.17695263028144836
0.1777525246143341
0.16039162874221802
0.1642630249261856
0.16520753502845764
0.16389821469783783
0.1818668246269226
0.18472221493721008
0.17071139812469482
0.18696309626102448
0.1878937929868698
0.16960248351097107
0.16737423837184906
0.19470474123954773
0.18901444971561432
0.16544845700263977
0.18056067824363708
0.1753016859292984
0.18273955583572388
0.17112767696380615
0.17288590967655182
0.1879136711359024
0.18257150053977966
0.17908458411693573
0.16662384569644928
0.19363617897033691
0.15718650817871094
0.16419340670108795
0.17641499638557434
0.1549788862466812
0.18899868428707123
0.18192575871944427
0.16873282194137573
0.16825182735919952
0.1789596974849701
0.19291901588439941
0.18254530429840088
0.1752214878797531
0.15572026371955872
0.17517788708209991
0.16350233554840088
0.18124914169311523
0.17127418518066406
0.16369149088859558
0.1812995821237564
0.1869755983352661
0.17558450996875763
0.1660967618227005
0.17158246040344238
0.16706030070781708
0.17355413734912872
0.1777365654706955
0.1590326428413391
0.17028504610061646
0.17266486585140228
0.16454210877418518
0.15767796337604523
0.16769470274448395
0.19677835702896118
0.16411228477954865
0.16328327357769012
0.1849842518568039
0.16742484271526337
0.17155174911022186
0.18076740205287933
0.17146655917167664
0.1773764044046402
0.17506380379199982
0.17305445671081543
0.17993591725826263
0.1667729914188385
0.1583441197872162
0.15608428418636322
0.15676991641521454
0.17081834375858307
0.17481768131256104
0.16144035756587982
0.17300793528556824
0.16360975801944733
0.17730198800563812
0.16660916805267334
0.16142752766609192
0.17854860424995422
0.16810454428195953
0.17023822665214539
0.1757131814956665
0.1731405407190323
0.18072360754013062
0.15299223363399506
0.16893471777439117
0.1763315498828888
0.1594608724117279
0.15952615439891815
0.2034723162651062
0.18053865432739258
0.16765134036540985
0.16666439175605774
0.171300008893013
0.1775815188884735
0.18124137818813324
0.1645132452249527
0.1637658327817917
0.16713525354862213
0.15953540802001953
0.1788163185119629
0.17501360177993774
0.15696711838245392
0.15246334671974182
0.17178408801555634
0.16654141247272491
0.17824287712574005
0.16651946306228638
0.1685914248228073
0.17186057567596436
0.1540294587612152
0.1595904529094696
0.16810853779315948
0.1581239551305771
0.16044539213180542
0.16377656161785126
0.16720855236053467
0.15657581388950348
0.17028123140335083
0.1743083894252777
0.15679678320884705
0.14793922007083893
0.1556064337491989
0.1543809324502945
0.15525022149085999
0.1664949506521225
0.1621178835630417
0.16890284419059753
0.166511669754982
0.16241057217121124
0.14881496131420135
0.16415110230445862
0.17057892680168152
0.16507478058338165
0.15415993332862854
0.15691497921943665
0.16618818044662476
0.18441860377788544
0.17251433432102203
0.15638653934001923
0.17746637761592865
0.1577189862728119
0.16280749440193176
0.1683904528617859
0.1595591902732849
0.15737903118133545
0.1666121929883957
0.18023359775543213
0.15324841439723969
0.16089072823524475
0.15990854799747467
0.17435891926288605
0.17617939412593842
0.16405102610588074
0.17641672492027283
0.17799071967601776
0.1745629757642746
0.1680000126361847
0.15470600128173828
0.16919273138046265
0.15838202834129333
0.16047562658786774
0.1842898726463318
0.16130129992961884
0.1752866804599762
0.16752095520496368
0.16343341767787933
0.18424278497695923
0.1605006754398346
0.1486310064792633
0.16045129299163818
0.15791656076908112
0.16858403384685516
0.15351079404354095
0.1646212339401245
0.15326128900051117
0.15432555973529816
0.16320347785949707
0.16078335046768188
0.15289975702762604
0.16907262802124023
0.1681818664073944
0.16686475276947021
0.17096488177776337
0.16449810564517975
0.1838884800672531
0.15519042313098907
0.15713715553283691
0.1643417626619339
0.16353459656238556
0.15241913497447968
0.17863638699054718
0.15319979190826416
0.15630047023296356
0.17591162025928497
0.17298680543899536
0.1869654655456543
0.1653168499469757
0.16148097813129425
0.17800189554691315
0.1675909459590912
0.16010205447673798
0.17677350342273712
0.15047040581703186
0.1661403328180313
0.17216549813747406
0.16745056211948395
0.16299191117286682
0.15172386169433594
0.16607949137687683
0.15442468225955963
0.16996386647224426
0.1583293080329895
0.15421812236309052
0.16365575790405273
0.14906799793243408
0.16717927157878876
0.15733873844146729
0.16582870483398438
0.14797694981098175
0.16340258717536926
0.14974983036518097
0.15849646925926208
0.15712837874889374
0.18369176983833313
0.1542089730501175
0.15373896062374115
0.14586284756660461
0.1741771250963211
0.16005510091781616
0.16042472422122955
0.16433769464492798
0.1613396853208542
0.15620748698711395
0.1635102480649948
0.15444013476371765
0.1629360467195511
0.15458844602108002
0.18136098980903625
0.16705231368541718
0.16965968906879425
0.16904675960540771
0.16540198028087616
0.15578052401542664
0.15898440778255463
0.17460672557353973
0.1625625491142273
0.15135817229747772
0.1645977646112442
0.16137778759002686
0.17137408256530762
0.154537633061409
0.151405930519104
0.15031617879867554
0.16503404080867767
0.16328495740890503
