0.782198965549469
0.5935398936271667
0.5243969559669495
0.5048731565475464
0.5143544673919678
0.4722147285938263
0.4549187421798706
0.44490307569503784
0.4135689437389374
0.4276626408100128
0.4189326763153076
0.4106200933456421
0.40332141518592834
0.3999222218990326
0.37047651410102844
0.38228458166122437
0.3875574767589569
0.3892475664615631
0.3375958204269409
0.355134516954422
0.34151166677474976
0.348124235868454
0.32768747210502625
0.35013359785079956
0.34911826252937317
0.3458448350429535
0.33246198296546936
0.3263022005558014
0.31756070256233215
0.3467043936252594
0.32556387782096863
0.33845627307891846
0.31121179461479187
0.3263764977455139
0.319458931684494
0.31864678859710693
0.3245919644832611
0.3143157660961151
0.30802276730537415
0.3055914640426636
0.2948685884475708
0.2870904207229614
0.3027304410934448
0.30291029810905457
0.286182165145874
0.28813716769218445
0.2937103509902954
0.28496772050857544
0.2881253659725189
0.2771044671535492
0.27141618728637695
0.27386537194252014
0.268481969833374
0.28576090931892395
0.271568238735199
0.25034627318382263
0.2824510633945465
0.2486790418624878
0.2748511731624603
0.27138447761535645
0.27046918869018555
0.2652900516986847
0.2578946650028229
0.25430774688720703
0.26572734117507935
0.2548828423023224
0.2491501420736313
0.2585707902908325
0.2560529112815857
0.24898013472557068
0.2465011328458786
0.2668513059616089
0.24816767871379852
0.2482737898826599
0.2444755882024765
0.23584027588367462
0.23771940171718597
0.2491532862186432
0.23546092212200165
0.24703021347522736
0.23122037947177887
0.24319757521152496
0.24282261729240417
0.2563876509666443
0.2262616753578186
0.21828536689281464
0.23588594794273376
0.21427617967128754
0.2243340015411377
0.20844876766204834
0.2331278920173645
0.2336931973695755
0.2247128188610077
0.21491952240467072
0.21503080427646637
0.21653735637664795
0.22943533957004547
0.20755596458911896
0.19382764399051666
0.19243808090686798
0.20491807162761688
0.20245960354804993
0.19609008729457855
0.2103167623281479
0.20716913044452667
0.19648423790931702
0.20354114472866058
0.19907589256763458
0.20902003347873688
0.19188199937343597
0.1861751526594162
0.17155709862709045
0.1872754842042923
0.17841599881649017
0.21179959177970886
0.18040145933628082
0.16891247034072876
0.20185667276382446
0.19024598598480225
0.1969989687204361
0.19745011627674103
0.16124865412712097
0.17919190227985382
0.20222102105617523
0.1962302178144455
0.1936759054660797
0.19300977885723114
0.200868621468544
0.1917666345834732
0.20151714980602264
0.18243522942066193
0.17760440707206726
0.1921250820159912
0.1806616485118866
0.17768065631389618
0.18576563894748688
0.18497852981090546
0.17576876282691956
0.19215038418769836
0.17725679278373718
0.17257186770439148
0.18130464851856232
0.17455850541591644
0.17222772538661957
0.16603702306747437
0.17586003243923187
0.16998286545276642
0.16233494877815247
0.16113582253456116
0.17546966671943665
0.18314573168754578
0.16862167418003082
0.16257433593273163
0.1925835758447647
0.16484078764915466
0.17501169443130493
0.16044701635837555
0.1730194389820099
0.16489648818969727
0.16407820582389832
0.15690328180789948
0.16353029012680054
0.1649508774280548
0.16634008288383484
0.16711962223052979
0.1688326895236969
0.16059426963329315
0.16092373430728912
0.1473037153482437
0.16313086450099945
0.15569905936717987
0.15626943111419678
0.176903635263443
0.16282744705677032
0.1655787229537964
0.1652998924255371
0.1764039844274521
0.16901618242263794
0.15578153729438782
0.17148560285568237
0.1540328711271286
0.1800379753112793
0.1518445760011673
0.16308535635471344
0.16282515227794647
0.1541706621646881
0.14732670783996582
0.15565688908100128
0.14651237428188324
0.15984264016151428
0.16399192810058594
0.15473318099975586
0.14199234545230865
0.149469256401062
0.14366798102855682
0.1492825448513031
0.14917875826358795
0.12832856178283691
0.16273777186870575
0.14130111038684845
0.14144770801067352
0.14571118354797363
0.15963178873062134
0.15252624452114105
0.16075485944747925
0.135940819978714
0.13733114302158356
0.1476060003042221
0.1437758356332779
0.15037347376346588
0.14741435647010803
0.14419598877429962
0.14823494851589203
0.12591850757598877
0.1408061385154724
0.14719343185424805
0.14222854375839233
0.14413166046142578
0.12642331421375275
0.13577806949615479
0.1468609869480133
0.14199456572532654
0.13630105555057526
0.12038818746805191
0.12119600921869278
0.14127947390079498
0.13525588810443878
0.14887112379074097
0.12843917310237885
0.13364189863204956
0.1317203789949417
0.1526155322790146
0.11955408751964569
0.1113385260105133
0.1356135606765747
0.14216290414333344
0.13845346868038177
0.12050898373126984
0.12243463099002838
0.14254020154476166
0.12618398666381836
0.13891343772411346
0.1491287797689438
0.11910904943943024
0.11317100375890732
0.1338663250207901
0.1316538006067276
0.11083409190177917
0.13091705739498138
0.13111862540245056
0.13419635593891144
0.13017545640468597
0.13598012924194336
0.12182335555553436
0.12817563116550446
0.1306934952735901
0.1427200585603714
0.1366702765226364
0.13403350114822388
0.12808147072792053
0.13560812175273895
0.11990286409854889
0.13458935916423798
0.12231481820344925
0.12514446675777435
0.11493385583162308
0.12646786868572235
0.11288421601057053
0.12062737345695496
0.11897701025009155
0.11967923492193222
0.12265384197235107
0.13101492822170258
0.12878179550170898
0.1437596082687378
0.13076122105121613
0.1062021255493164
0.12257020175457001
0.11149964481592178
0.12298955023288727
0.12746474146842957
0.11860716342926025
0.1243184506893158
0.12330737709999084
0.11579197645187378
0.11972754448652267
0.12342651188373566
0.11541933566331863
0.11727791279554367
0.12823133170604706
0.1260872185230255
0.12049493938684464
0.12041305750608444
0.11694611608982086
0.11935926228761673
0.10936557501554489
0.12869033217430115
0.1225876733660698
0.1161305233836174
0.12287072092294693
0.1264313906431198
0.1260756254196167
0.11674415320158005
0.1183382198214531
0.12196867167949677
0.11719482392072678
0.10476978123188019
0.1356540024280548
0.12230367213487625
0.10807302594184875
0.10752632468938828
0.10827852785587311
0.11545754969120026
0.11443374305963516
0.11878861486911774
0.10340847820043564
0.11594492197036743
0.11403477936983109
0.11132251471281052
0.11359051614999771
0.10885515809059143
0.11606859415769577
0.11367867887020111
0.12599889934062958
0.13431106507778168
0.11445815116167068
0.11362257599830627
0.11714080721139908
0.11776801198720932
0.11292026937007904
0.13849042356014252
0.10547935962677002
0.11843584477901459
0.11043664813041687
0.10139986872673035
0.11716237664222717
0.10516033321619034
0.10422191768884659
0.10050669312477112
0.11430288851261139
0.09878643602132797
0.09959784895181656
0.1124931052327156
0.10837754607200623
0.12280141562223434
0.11838550865650177
0.10687361657619476
0.11660970747470856
0.11534116417169571
0.11899401247501373
0.09979400038719177
0.10428675264120102
0.11106554418802261
0.09875378012657166
0.10090615600347519
0.12018176168203354
0.09785410761833191
0.11924310773611069
0.11475708335638046
0.1081477627158165
0.10260385274887085
0.11668607592582703
0.09838275611400604
0.11141478270292282
0.11439575999975204
0.10694278031587601
0.09773334860801697
0.10982206463813782
0.1019313633441925
0.09498538821935654
0.09848349541425705
0.1259974241256714
0.10963436216115952
0.1077069342136383
0.10333481431007385
0.11008566617965698
0.09181034564971924
0.12710292637348175
0.09738700091838837
0.09711924940347672
0.11793114244937897
0.11397819966077805
0.11898170411586761
0.10857770591974258
0.09991689026355743
0.1111602634191513
0.10667853057384491
0.09994537383317947
0.09885597229003906
0.1035514771938324
0.09603273123502731
0.09939834475517273
0.10548342764377594
0.12453754246234894
0.09805554896593094
0.1008637547492981
0.10638818889856339
0.11013013124465942
0.09744415432214737
0.10110755264759064
0.12105174362659454
0.11508260667324066
0.11519818753004074
0.10737590491771698
0.11648280173540115
0.11831095814704895
0.10904371738433838
0.10347752273082733
0.11404351145029068
0.11488961428403854
0.11060824245214462
0.11775512993335724
0.10310963541269302
0.09901648014783859
0.10219831019639969
0.11789437383413315
0.10128650814294815
0.11849993467330933
0.11847800761461258
0.10888388752937317
0.11393000930547714
0.10450185835361481
0.10342439264059067
0.09988731145858765
0.09618563950061798
0.11178796738386154
0.11432795226573944
0.1084364503622055
0.12309741973876953
0.10245022177696228
0.10154062509536743
0.11139543354511261
0.12133089452981949
0.09557260572910309
0.10386060923337936
0.10399001091718674
0.09168953448534012
0.1013580784201622
0.09856250882148743
0.10962233692407608
0.1046709194779396
0.1027611568570137
0.10561087727546692
0.10029580444097519
0.10969413071870804
0.10603336989879608
0.10129018127918243
0.09998978674411774
0.11719083786010742
0.09744444489479065
0.09673172980546951
0.11649183183908463
0.09120374917984009
0.09744346141815186
0.11210528016090393
0.09600038081407547
0.09930723905563354
0.10270680487155914
0.11301132291555405
0.09819458425045013
0.1002972349524498
0.09273135662078857
0.11738067120313644
0.09247943013906479
0.10610664635896683
0.09125661104917526
0.10995331406593323
0.11406432092189789
0.10599440336227417
0.10606462508440018
0.09113616496324539
0.09954626858234406
0.09051074087619781
0.10431313514709473
0.09489603340625763
0.10247385501861572
0.09605405479669571
0.09782665967941284
0.0907922014594078
0.09186534583568573
0.1044827550649643
0.11287996917963028
0.09570297598838806
0.10902420431375504
0.10956858843564987
0.09781333059072495
0.10204676538705826
0.10290256142616272
0.10245038568973541
0.11185407638549805
0.10948766767978668
0.11250471323728561
0.08875730633735657
0.09689273685216904
0.10909930616617203
0.12318642437458038
0.11164165288209915
0.08813706785440445
0.09701254218816757
0.09818607568740845
0.10862819850444794
0.10017582774162292
0.1076563149690628
0.09291976690292358
0.09512985497713089
0.09975416958332062
0.11004041135311127
0.11335045844316483
0.09406930208206177
0.1163870170712471
0.09167831391096115
0.10601852834224701
0.11277660727500916
0.08198417723178864
0.10583905130624771
0.09701082110404968
0.09617463499307632
0.09292688220739365
0.08955533802509308
0.08782884478569031
0.11571059376001358
0.09142554551362991
0.0962962806224823
0.10551446676254272
0.08775780349969864
0.09195266664028168
0.10364973545074463
0.09537551552057266
0.10835646092891693
0.10512235015630722
0.10221449285745621
0.08767607808113098
0.11842717975378036
0.10355986654758453
0.0911378562450409
0.1090606227517128
0.10867723077535629
0.10106305778026581
0.09630706161260605
0.10577285289764404
0.09782898426055908
0.1082809641957283
0.09819250553846359
0.09850732982158661
0.09616989642381668
0.10276816785335541
0.0904650092124939
0.09013747423887253
0.09904349595308304
0.08753085136413574
0.11600298434495926
0.09915729612112045
0.08672988414764404
0.10358688235282898
0.09246258437633514
0.10043960064649582
0.08142204582691193
0.08799759298563004
0.1006842777132988
0.10998343676328659
0.088717021048069
0.08719160407781601
0.11483163386583328
0.10609463602304459
0.09783188253641129
0.09556113928556442
0.09663756191730499
0.09759659320116043
0.10186278820037842
0.08890987932682037
0.09037832170724869
0.10032276064157486
0.08217582106590271
0.09021330624818802
0.10641954839229584
0.09460488706827164
0.10141133517026901
0.10525217652320862
0.10321401804685593
0.09243369847536087
0.0892546996474266
0.10801542550325394
0.1203983798623085
0.0965997651219368
0.10346691310405731
0.09987206757068634
0.1020607054233551
0.11341812461614609
0.09800515323877335
0.10085392743349075
0.09991151839494705
0.11510519683361053
0.11396298557519913
0.09567461907863617
0.10145933926105499
0.09543879330158234
0.10427027195692062
0.10157190263271332
0.09202715009450912
0.10646026581525803
0.0944017544388771
0.0866297036409378
0.09172370284795761
0.11324053257703781
0.09871124476194382
