0.7025956511497498
0.6381022334098816
0.598925769329071
0.5475218296051025
0.5323502421379089
0.4951961934566498
0.5059290528297424
0.47475531697273254
0.4505104124546051
0.45837825536727905
0.44974467158317566
0.41643625497817993
0.4472596347332001
0.4237656593322754
0.4167436361312866
0.40858426690101624
0.4141492545604706
0.39059096574783325
0.3999496400356293
0.4070253074169159
0.3806551992893219
0.36450642347335815
0.3835054039955139
0.36722373962402344
0.3629426956176758
0.34792158007621765
0.3620413839817047
0.36283934116363525
0.350564181804657
0.34827741980552673
0.33111903071403503
0.3462187647819519
0.3416061997413635
0.34517690539360046
0.3327672779560089
0.3384566605091095
0.33012911677360535
0.319128155708313
0.3239528238773346
0.32347285747528076
0.33109089732170105
0.32983696460723877
0.31683239340782166
0.3123336136341095
0.3244512975215912
0.3161524832248688
0.3287012279033661
0.29245126247406006
0.30777740478515625
0.3235417902469635
0.2892583906650543
0.30115795135498047
0.3019644618034363
0.30225053429603577
0.2910548448562622
0.2925943434238434
0.28259649872779846
0.31011080741882324
0.30763640999794006
0.29361778497695923
0.276177316904068
0.2912810146808624
0.28956541419029236
0.28603067994117737
0.273863285779953
0.2697172462940216
0.274564266204834
0.265705943107605
0.2784440815448761
0.2721005380153656
0.27513325214385986
0.2820245325565338
0.27551335096359253
0.2471783310174942
0.254027783870697
0.27829208970069885
0.2563505172729492
0.2792811989784241
0.2542460262775421
0.2548180818557739
0.26697880029678345
0.26525092124938965
0.2642815113067627
0.24925480782985687
0.2599039673805237
0.2602206766605377
0.2619219422340393
0.2600712180137634
0.2633506655693054
0.24225883185863495
0.2500101625919342
0.2555716931819916
0.25053995847702026
0.2541738450527191
0.2701875865459442
0.2307450771331787
0.24416795372962952
0.2607976198196411
0.2330275923013687
0.24381978809833527
0.234508216381073
0.26026368141174316
0.23351667821407318
0.24658505618572235
0.2186376005411148
0.2395765334367752
0.2262774556875229
0.22592657804489136
0.2319169044494629
0.22542531788349152
0.22094811499118805
0.2443413883447647
0.2096518576145172
0.20996342599391937
0.24949805438518524
0.23122186958789825
0.21445046365261078
0.22614267468452454
0.20959188044071198
0.21662722527980804
0.23572877049446106
0.21996615827083588
0.21991778910160065
0.24334602057933807
0.21146425604820251
0.22499895095825195
0.2228093147277832
0.220738485455513
0.22626623511314392
0.2096569985151291
0.22765450179576874
0.20158089697360992
0.2158988118171692
0.2113553136587143
0.20249724388122559
0.19956853985786438
0.20542077720165253
0.20524929463863373
0.21151331067085266
0.21657313406467438
0.21323806047439575
0.19564777612686157
0.20394952595233917
0.19258113205432892
0.1960638463497162
0.19391538202762604
0.19260726869106293
0.2001226246356964
0.1962411254644394
0.21437664330005646
0.21668510138988495
0.19541135430335999
0.20204797387123108
0.18282942473888397
0.19814474880695343
0.19595219194889069
0.19569294154644012
0.18920543789863586
0.19334401190280914
0.19814862310886383
0.17315582931041718
0.18258324265480042
0.19107738137245178
0.18684589862823486
0.17707891762256622
0.18392035365104675
0.1868361532688141
0.169307678937912
0.1775265485048294
0.1779017448425293
0.18246714770793915
0.1676100194454193
0.1775149405002594
0.19501911103725433
0.1591458022594452
0.17413872480392456
0.18558020889759064
0.19468072056770325
0.16890326142311096
0.1808442622423172
0.18442268669605255
0.17504508793354034
0.18686743080615997
0.17635729908943176
0.1959395855665207
0.18278609216213226
0.1824638694524765
0.19866280257701874
0.18711762130260468
0.18496106564998627
0.187018483877182
0.18143178522586823
0.1834203451871872
0.17586785554885864
0.1748536378145218
0.17508110404014587
0.18217401206493378
0.17161814868450165
0.17296455800533295
0.16156795620918274
0.1711348593235016
0.18854524195194244
0.1665015071630478
0.1744563728570938
0.1659729927778244
0.17091456055641174
0.15339945256710052
0.17548424005508423
0.1530301868915558
0.16321836411952972
0.17535406351089478
0.15083721280097961
0.16859275102615356
0.15928393602371216
0.16495198011398315
0.1676662415266037
0.15352904796600342
0.16518531739711761
0.16270917654037476
0.16126345098018646
0.1684485822916031
0.17100206017494202
0.14335237443447113
0.17581921815872192
0.15399374067783356
0.1749451607465744
0.17359113693237305
0.1596052497625351
0.16312648355960846
0.16795463860034943
0.1500331312417984
0.16940858960151672
0.15843643248081207
0.15950383245944977
0.1605885773897171
0.16120536625385284
0.171065554022789
0.1709749549627304
0.17048130929470062
0.17055223882198334
0.15824103355407715
0.1623114049434662
0.1401674747467041
0.15162116289138794
0.14631536602973938
0.1590695083141327
0.1625005006790161
0.16863355040550232
0.15226787328720093
0.16270068287849426
0.1557133048772812
0.14374461770057678
0.14332953095436096
0.14932559430599213
0.15913048386573792
0.14733140170574188
0.15080247819423676
0.17315365374088287
0.16355584561824799
0.16482102870941162
0.15228158235549927
0.17233718931674957
0.15215368568897247
0.14395177364349365
0.1540505588054657
0.14798660576343536
0.15346752107143402
0.15582096576690674
0.15203239023685455
0.1546345204114914
0.15016460418701172
0.141241192817688
0.15211403369903564
0.1424746960401535
0.15172579884529114
0.154109925031662
0.1536317616701126
0.1563425213098526
0.1540762484073639
0.152728870511055
0.1556980162858963
0.14385095238685608
0.16177845001220703
0.13823552429676056
0.14674891531467438
0.14227242767810822
0.16660457849502563
0.15214677155017853
0.15812641382217407
0.14123786985874176
0.1395004689693451
0.15058735013008118
0.15295857191085815
0.15201859176158905
0.15765710175037384
0.15384741127490997
0.14498433470726013
0.1490229368209839
0.13831473886966705
0.14006218314170837
0.13021506369113922
0.13809137046337128
0.14131790399551392
0.13913114368915558
0.1626279652118683
0.1661119908094406
0.14962314069271088
0.16549527645111084
0.14650440216064453
0.14502067863941193
0.15603280067443848
0.13263298571109772
0.14431048929691315
0.14392833411693573
0.1495445817708969
0.16119611263275146
0.15091682970523834
0.14465919137001038
0.13937734067440033
0.1592818945646286
0.13779473304748535
0.1466660052537918
0.14312858879566193
0.14360959827899933
0.1593402922153473
0.12299514561891556
0.1471661627292633
0.1456734836101532
0.1442137509584427
0.14876823127269745
0.14017103612422943
0.13494688272476196
0.150182843208313
0.14799560606479645
0.1434711366891861
0.14647436141967773
0.14137513935565948
0.13695001602172852
0.1608268767595291
0.12359625101089478
0.14217039942741394
0.15682587027549744
0.15331482887268066
0.13812875747680664
0.13298553228378296
0.14162150025367737
0.13919661939144135
0.14639315009117126
0.14170897006988525
0.1313425898551941
0.14596670866012573
0.12981769442558289
0.1533307284116745
0.12877704203128815
0.1497180163860321
0.12405797094106674
0.1455499231815338
0.12567195296287537
0.1342117041349411
0.14625640213489532
0.14118804037570953
0.1438581347465515
0.14432288706302643
0.14644072949886322
0.14574195444583893
0.14280663430690765
0.13401123881340027
0.14111162722110748
0.11602092534303665
0.12221713364124298
0.14038272202014923
0.1295091211795807
0.12409951537847519
0.13287253677845
0.1356848180294037
0.13376180827617645
0.12611837685108185
0.13074088096618652
0.1489528864622116
0.13489535450935364
0.13394390046596527
0.13061563670635223
0.14064458012580872
0.14686761796474457
0.13158659636974335
0.14265243709087372
0.13306798040866852
0.11056813597679138
0.13627390563488007
0.13372819125652313
0.143406942486763
0.13156037032604218
0.13841509819030762
0.15639087557792664
0.13233345746994019
0.13291950523853302
0.1321045160293579
0.13725636899471283
0.13552753627300262
0.13704632222652435
0.11975103616714478
0.13971494138240814
0.11721178889274597
0.13602383434772491
0.13358303904533386
0.14186252653598785
0.13498786091804504
0.13445749878883362
0.13045157492160797
0.14869965612888336
0.1282305270433426
0.12358526885509491
0.1362348049879074
0.11395144462585449
0.13572970032691956
0.12206893414258957
0.13644000887870789
0.1367371678352356
0.12119773030281067
0.12103600800037384
0.12286818027496338
0.1154676303267479
0.12265271693468094
0.13901588320732117
0.11949340999126434
0.1300591677427292
0.12294245511293411
0.13097213208675385
0.12992101907730103
0.12516330182552338
0.1388753205537796
0.12553660571575165
0.12875881791114807
0.1228838786482811
0.13563129305839539
0.1275716871023178
0.13420283794403076
0.12768611311912537
0.12164504081010818
0.14710889756679535
0.1258116215467453
0.12752893567085266
0.11765877902507782
0.13515698909759521
0.11618205159902573
0.1372850239276886
0.1270352154970169
0.13427570462226868
0.13787293434143066
0.14287510514259338
0.11569294333457947
0.12722671031951904
0.12480878829956055
0.12874676287174225
0.13463632762432098
0.13000287115573883
0.1210775077342987
0.1297769546508789
0.1276666820049286
0.1154211163520813
0.12243111431598663
0.14127805829048157
0.11769529432058334
0.14271920919418335
0.12191011756658554
0.12343451380729675
0.13263654708862305
0.13659553229808807
0.1297290176153183
0.1396019458770752
0.12660737335681915
0.12227582931518555
0.13099096715450287
0.12984466552734375
0.13353541493415833
0.13669054210186005
0.12498144805431366
0.13130509853363037
0.13906273245811462
0.12757454812526703
0.12753033638000488
0.13693392276763916
0.12759631872177124
0.13402122259140015
0.10952816158533096
0.13955605030059814
0.1276131272315979
0.1346060186624527
0.11492802202701569
0.13689619302749634
0.12191323190927505
0.12161742150783539
0.12985989451408386
0.12291446328163147
0.13150741159915924
0.13387267291545868
0.1359485685825348
0.12423264980316162
0.1271742433309555
0.14033859968185425
0.137157142162323
0.13133244216442108
0.11715518683195114
0.13674364984035492
0.11015535145998001
0.13088896870613098
0.12149093300104141
0.1307745724916458
0.12115217000246048
0.110130675137043
0.1226339116692543
0.12544377148151398
0.13801825046539307
0.12401057779788971
0.12070335447788239
0.11156609654426575
0.1011277288198471
0.11540066450834274
0.11730717867612839
0.13370169699192047
0.12156665325164795
0.12235326319932938
0.09889357537031174
0.11973825842142105
0.1224905252456665
0.12709803879261017
0.13771000504493713
0.12150160223245621
0.1392478346824646
0.11681713163852692
0.12621183693408966
0.11987613886594772
0.12450425326824188
0.13016918301582336
0.1174519881606102
0.13164444267749786
0.12545587122440338
0.11967414617538452
0.13035206496715546
0.13148288428783417
0.10721360892057419
0.12173645943403244
0.13548970222473145
0.11692751944065094
0.13316959142684937
0.13436077535152435
0.12521259486675262
0.12225717306137085
0.12226280570030212
0.11591682583093643
0.11736095696687698
0.13260793685913086
0.13864023983478546
0.1296881139278412
0.12850427627563477
0.11531449854373932
0.11608241498470306
0.11370428651571274
0.13730131089687347
0.1308029592037201
0.12167524546384811
0.123006172478199
0.12324318289756775
0.13646307587623596
0.12333311140537262
0.1265125274658203
0.12493159621953964
0.11640071123838425
0.13304392993450165
0.12261738628149033
0.11583758145570755
0.126479372382164
0.11126109212636948
0.12964607775211334
0.10552971065044403
0.12343835085630417
0.13253995776176453
0.12911483645439148
0.1062876507639885
0.1364835649728775
0.11028006672859192
0.12366173416376114
0.11661334335803986
0.136155903339386
0.14107118546962738
0.13177615404129028
0.12149573117494583
0.11480297893285751
0.125799298286438
0.12333527207374573
0.10664491355419159
0.12648773193359375
0.12536314129829407
0.1185138002038002
0.12467097491025925
0.1358443945646286
0.10851456224918365
0.1386757642030716
0.12957856059074402
0.12860913574695587
0.11588545143604279
