0.7370115518569946
0.6266447901725769
0.5653807520866394
0.5219051837921143
0.4919487237930298
0.4586943984031677
0.42717882990837097
0.40893644094467163
0.405146986246109
0.4009021520614624
0.4020172357559204
0.37326446175575256
0.36629799008369446
0.3727869391441345
0.36351510882377625
0.3511005640029907
0.3515474498271942
0.3449766933917999
0.3569486141204834
0.34853318333625793
0.34031054377555847
0.3331249952316284
0.3561329245567322
0.3452879786491394
0.35160142183303833
0.3313717544078827
0.3278448283672333
0.3245883285999298
0.3169230818748474
0.313464879989624
0.31527307629585266
0.3187776505947113
0.3193989098072052
0.3220231533050537
0.31824663281440735
0.30996859073638916
0.3223336637020111
0.3190312683582306
0.31386932730674744
0.30686041712760925
0.31860780715942383
0.31156307458877563
0.31586867570877075
0.31500038504600525
0.31007543206214905
0.30988961458206177
0.3041321337223053
0.30280032753944397
0.3067109286785126
0.30364349484443665
0.29850900173187256
0.30122271180152893
0.2993505001068115
0.3003982603549957
0.2983071208000183
0.2861866056919098
0.29669469594955444
0.28961774706840515
0.29263052344322205
0.294746994972229
0.28655800223350525
0.2948489189147949
0.2831840217113495
0.28224503993988037
0.28156790137290955
0.29047539830207825
0.27822598814964294
0.2832081615924835
0.29113808274269104
0.2851436734199524
0.279828816652298
0.2831226587295532
0.2813665270805359
0.28024402260780334
0.2879284918308258
0.2729160487651825
0.2792723476886749
0.2746036946773529
0.27842578291893005
0.27752482891082764
0.27281394600868225
0.2758409380912781
0.256350040435791
0.2717767059803009
0.25785475969314575
0.2730487585067749
0.2667114734649658
0.27334627509117126
0.2578985095024109
0.2847360670566559
0.27978456020355225
0.2750307619571686
0.26011839509010315
0.2730502486228943
0.2720363140106201
0.2609823942184448
0.27180010080337524
0.2602313160896301
0.25405752658843994
0.26239266991615295
0.25812482833862305
0.2551913857460022
0.2629852890968323
0.25532054901123047
0.26595768332481384
0.2512233257293701
0.26117268204689026
0.2565537095069885
0.2615438997745514
0.2571236193180084
0.2592471241950989
0.24823787808418274
0.2578202188014984
0.25337815284729004
0.2535707950592041
0.23756767809391022
0.25348961353302
0.24624286592006683
0.24525387585163116
0.2569959759712219
0.24524030089378357
0.23615995049476624
0.2387966811656952
0.24579066038131714
0.24582403898239136
0.2514185607433319
0.24388065934181213
0.23629827797412872
0.2479197233915329
0.23599837720394135
0.24151402711868286
0.24646423757076263
0.2411893755197525
0.24500054121017456
0.24731609225273132
0.23192700743675232
0.24442799389362335
0.24185365438461304
0.23387788236141205
0.2391108125448227
0.23508022725582123
0.24098609387874603
0.23705506324768066
0.23299656808376312
0.2266683131456375
0.23456089198589325
0.22889690101146698
0.24197834730148315
0.22510555386543274
0.2341037094593048
0.2352634072303772
0.22948867082595825
0.23252420127391815
0.2230834662914276
0.22542041540145874
0.2289682775735855
0.2238498032093048
0.22880563139915466
0.2284025102853775
0.22481106221675873
0.22636915743350983
0.22938433289527893
0.23529395461082458
0.22867488861083984
0.2227955460548401
0.22444133460521698
0.21234126389026642
0.2192644476890564
0.2254539281129837
0.2170666605234146
0.22531519830226898
0.21105386316776276
0.22152402997016907
0.21956942975521088
0.21168960630893707
0.22457222640514374
0.2204066663980484
0.2128288745880127
0.21651071310043335
0.21409867703914642
0.2092958688735962
0.2256520390510559
0.2159520387649536
0.2150089144706726
0.21743258833885193
0.21755094826221466
0.2273631989955902
0.21441861987113953
0.21586260199546814
0.21461598575115204
0.22977451980113983
0.2234468013048172
0.2255348414182663
0.20572857558727264
0.21249955892562866
0.20761217176914215
0.2126048505306244
0.21028317511081696
0.22473911941051483
0.21386806666851044
0.21187779307365417
0.20464928448200226
0.20194795727729797
0.22090759873390198
0.22036007046699524
0.2131042778491974
0.20543967187404633
0.20857587456703186
0.20248465240001678
0.2054162472486496
0.20847351849079132
0.20887507498264313
0.20873884856700897
0.21845608949661255
0.19884851574897766
0.21350696682929993
0.20281191170215607
0.2077881097793579
0.21381326019763947
0.20639082789421082
0.19765202701091766
0.20362670719623566
0.20536504685878754
0.20477822422981262
0.19775927066802979
0.1999134123325348
0.20002523064613342
0.1970459520816803
0.1913968175649643
0.19952304661273956
0.20192715525627136
0.19827820360660553
0.2033868283033371
0.20955757796764374
0.1948758363723755
0.2088148444890976
0.20314492285251617
0.20442691445350647
0.20794977247714996
0.2147200107574463
0.20142720639705658
0.19681338965892792
0.19714632630348206
0.19681207835674286
0.2093537449836731
0.20560704171657562
0.19833119213581085
0.20771373808383942
0.19758200645446777
0.1977023482322693
0.20477622747421265
0.19832485914230347
0.19984516501426697
0.21303622424602509
0.197813019156456
0.20283591747283936
0.20017239451408386
0.19987499713897705
0.19103004038333893
0.20056411623954773
0.20913153886795044
0.19971318542957306
0.19394561648368835
0.1973547637462616
0.1870349496603012
0.19998183846473694
0.1981002241373062
0.1917547732591629
0.20780642330646515
0.1908321976661682
0.19615669548511505
0.1917743682861328
0.17981989681720734
0.1888744980096817
0.18259140849113464
0.1871393769979477
0.18484382331371307
0.19045202434062958
0.19386020302772522
0.19079524278640747
0.19504693150520325
0.19856978952884674
0.19964687526226044
0.18842007219791412
0.19963161647319794
0.19108730554580688
0.19625240564346313
0.2008257508277893
0.18398506939411163
0.1876899003982544
0.19212529063224792
0.18212281167507172
0.19436033070087433
0.184841126203537
0.19347339868545532
0.1983293890953064
0.19144214689731598
0.19594499468803406
0.19118426740169525
0.20257756114006042
0.1865050345659256
0.1957201063632965
0.19585339725017548
0.19541029632091522
0.1798066645860672
0.19033606350421906
0.18466168642044067
0.19549942016601562
0.1887812614440918
0.19508326053619385
0.18973837792873383
0.184856578707695
0.1908588409423828
0.1864318698644638
0.18763133883476257
0.18398047983646393
0.19505423307418823
0.19000554084777832
0.1942381113767624
0.19536647200584412
0.18469272553920746
0.1781613975763321
0.1901073455810547
0.17723789811134338
0.17990297079086304
0.200003981590271
0.1835833340883255
0.1859801858663559
0.1904708296060562
0.18510092794895172
0.18757323920726776
0.18859349191188812
0.1948007047176361
0.19847600162029266
0.19391314685344696
0.17649568617343903
0.18673470616340637
0.19027692079544067
0.1921413391828537
0.1795140504837036
0.1829792559146881
0.17782291769981384
0.19395047426223755
0.1863865703344345
0.18470259010791779
0.19091248512268066
0.1760321855545044
0.19047126173973083
0.18954981863498688
0.19462189078330994
0.1817774921655655
0.17990389466285706
0.18801376223564148
0.17659267783164978
0.19202058017253876
0.1794874668121338
0.18296095728874207
0.1807323545217514
0.17979076504707336
0.1810423582792282
0.18324339389801025
0.1809028685092926
0.18532054126262665
0.18290767073631287
0.18637461960315704
0.19143396615982056
0.17498652637004852
0.18551106750965118
0.17720389366149902
0.1968483030796051
0.18664705753326416
0.18496201932430267
0.18018017709255219
0.17969532310962677
0.17880207300186157
0.18657922744750977
0.19002656638622284
0.17336727678775787
0.1774398535490036
0.1889454573392868
0.18014897406101227
0.1819618046283722
0.1763141006231308
0.1783715933561325
0.19081218540668488
0.18216527998447418
0.1789141595363617
0.1982114613056183
0.18091370165348053
0.18741990625858307
0.17756077647209167
0.1850164532661438
0.17147709429264069
0.18055979907512665
0.17978225648403168
0.1789640635251999
0.18160250782966614
0.1832042634487152
0.18373286724090576
0.19815587997436523
0.19030112028121948
0.18074490129947662
0.1860409379005432
0.17554593086242676
0.18333673477172852
0.17959454655647278
0.1775907278060913
0.1776542216539383
0.18174958229064941
0.17289189994335175
0.1897100955247879
0.18104057013988495
0.1764088273048401
0.18979822099208832
0.1791972517967224
0.18226255476474762
0.1766982078552246
0.16979163885116577
0.18950685858726501
0.18084901571273804
0.19133703410625458
0.17734408378601074
0.17831605672836304
0.18219520151615143
0.18772421777248383
0.1729697734117508
0.16961799561977386
0.17787402868270874
0.18275223672389984
0.17198441922664642
0.1837601363658905
0.18474839627742767
0.18192939460277557
0.18552766740322113
0.18733444809913635
0.1891542226076126
0.18441176414489746
0.17616012692451477
0.18075929582118988
0.18605631589889526
0.16957059502601624
0.17436331510543823
0.17714454233646393
0.1801474690437317
0.18612462282180786
0.17597588896751404
0.1756676584482193
0.17092560231685638
0.17376618087291718
0.1801627278327942
0.17648698389530182
0.17430630326271057
0.18308430910110474
0.17198629677295685
0.1746254414319992
0.18563376367092133
0.1655752807855606
0.1734873354434967
0.17877039313316345
0.18441446125507355
0.17336054146289825
0.18755099177360535
0.17792096734046936
0.18349005281925201
0.1739688515663147
0.18233175575733185
0.17174120247364044
0.182107612490654
0.1730150729417801
0.18505698442459106
0.1815095841884613
0.1760784238576889
0.18157969415187836
0.18348880112171173
0.18729162216186523
0.18984240293502808
0.1789068728685379
0.1763858199119568
0.18623675405979156
0.16710913181304932
0.1689586639404297
0.18290503323078156
0.17991356551647186
0.17971765995025635
0.18298876285552979
0.17210373282432556
0.16568559408187866
0.17046333849430084
0.18029120564460754
0.17791321873664856
0.17065399885177612
0.17941011488437653
0.17193913459777832
0.18137450516223907
0.1793665736913681
0.16761896014213562
0.1804962456226349
0.18149639666080475
0.17050519585609436
0.18996207416057587
0.1732388138771057
0.182142436504364
0.17328986525535583
0.17573508620262146
0.1814461648464203
0.179948091506958
0.1785186380147934
0.17235632240772247
0.17546436190605164
0.18462762236595154
0.1844596415758133
0.1745583415031433
0.17201697826385498
0.1789742410182953
0.17847323417663574
0.18063628673553467
0.1749783754348755
0.1881663054227829
0.17581385374069214
0.18432453274726868
0.17845019698143005
0.16902902722358704
0.1756671667098999
0.1742350459098816
0.17600369453430176
0.1778046190738678
0.1673862487077713
0.16877375543117523
0.1708638221025467
0.17502976953983307
0.1644800454378128
0.18408317863941193
0.17537955939769745
0.1734216809272766
0.16983424127101898
0.16498269140720367
0.17286525666713715
0.16352100670337677
0.1695912927389145
0.17976927757263184
0.16501088440418243
0.17855416238307953
0.1771772801876068
0.17814455926418304
0.17605547606945038
0.16164225339889526
0.16942958533763885
0.17366430163383484
0.17813606560230255
0.17628557980060577
0.17201238870620728
0.16657641530036926
0.17487885057926178
0.17418968677520752
0.17431877553462982
0.17318499088287354
0.17025883495807648
0.1660902053117752
0.17496713995933533
0.17183436453342438
0.1738761067390442
0.17145870625972748
0.16812776029109955
0.1749873012304306
0.1811036318540573
0.17639319598674774
0.18781810998916626
0.1660444140434265
0.18092969059944153
0.1723708212375641
0.16706715524196625
0.17280253767967224
0.16406668722629547
0.16828496754169464
0.17711763083934784
0.16824355721473694
0.17587655782699585
0.17787858843803406
0.17685915529727936
0.17457878589630127
0.17157107591629028
0.17813271284103394
0.16825735569000244
0.1708955615758896
0.17350760102272034
0.17599864304065704
0.1770966500043869
0.17725934088230133
0.1782071888446808
0.16915421187877655
0.17175567150115967
0.17748741805553436
0.16417257487773895
0.16013012826442719
0.18091577291488647
0.17819246649742126
0.17756304144859314
0.17868714034557343
0.16850243508815765
0.1723862886428833
0.1733815222978592
0.168960839509964
0.17860467731952667
0.1817966252565384
0.17593562602996826
0.17736507952213287
0.1670767217874527
0.17607110738754272
