0.7667834162712097
0.6800685524940491
0.6461656093597412
0.6147454977035522
0.5881950259208679
0.5674402713775635
0.5701358914375305
0.5357111096382141
0.5364546179771423
0.5172617435455322
0.5115615725517273
0.519035816192627
0.5201376080513
0.5147814154624939
0.5037213563919067
0.4764261245727539
0.4838365316390991
0.5078961849212646
0.4555755853652954
0.4806458055973053
0.47014352679252625
0.49740394949913025
0.4860629737377167
0.4798133373260498
0.44520968198776245
0.45043402910232544
0.43370166420936584
0.46683433651924133
0.43708065152168274
0.4528697729110718
0.4504559338092804
0.44759318232536316
0.44790491461753845
0.4368675947189331
0.4342144727706909
0.4555680751800537
0.4417136013507843
0.4078916609287262
0.45389270782470703
0.4340072572231293
0.41651779413223267
0.4124950170516968
0.4148523807525635
0.425327330827713
0.4586506187915802
0.42357149720191956
0.4188489019870758
0.4232211410999298
0.4199932813644409
0.4304189682006836
0.4161509573459625
0.41639748215675354
0.43063923716545105
0.4084986448287964
0.40369337797164917
0.39987486600875854
0.3877343535423279
0.40586933493614197
0.39742544293403625
0.3896677494049072
0.40731778740882874
0.39850670099258423
0.3993089497089386
0.38090765476226807
0.3722979426383972
0.39731383323669434
0.3985012471675873
0.3890456557273865
0.37871837615966797
0.37041911482810974
0.3753214180469513
0.3801601827144623
0.3736613094806671
0.3718911409378052
0.3740167021751404
0.39044010639190674
0.3870590925216675
0.3712713122367859
0.37403514981269836
0.36689049005508423
0.36617547273635864
0.3724953234195709
0.3745410144329071
0.3724885880947113
0.3703311085700989
0.3839664161205292
0.38528260588645935
0.3633914291858673
0.38374045491218567
0.3825138211250305
0.359886109828949
0.3788284957408905
0.36362990736961365
0.359877347946167
0.38016483187675476
0.36300456523895264
0.3715941607952118
0.3617223799228668
0.3704802691936493
0.35925695300102234
0.3710607588291168
0.3758816421031952
0.3565821051597595
0.34978681802749634
0.3637573719024658
0.34197455644607544
0.35377851128578186
0.36050811409950256
0.3603537380695343
0.36333388090133667
0.3408079743385315
0.33829423785209656
0.33944958448410034
0.3375348150730133
0.3369288444519043
0.3621816337108612
0.3468007445335388
0.33487123250961304
0.3346467912197113
0.35963407158851624
0.33874261379241943
0.32512155175209045
0.31939175724983215
0.3436252772808075
0.32899731397628784
0.3429759740829468
0.35766667127609253
0.312947154045105
0.33389124274253845
0.3370547592639923
0.33119940757751465
0.3049110770225525
0.3434988856315613
0.3377203941345215
0.31731104850769043
0.3167538344860077
0.326162725687027
0.3082578182220459
0.3164437413215637
0.30095672607421875
0.3225516378879547
0.3454938530921936
0.3002760410308838
0.30970555543899536
0.34266650676727295
0.302575021982193
0.30889931321144104
0.3225918710231781
0.32194197177886963
0.29705819487571716
0.3162554204463959
0.31172260642051697
0.30026504397392273
0.2995598614215851
0.29814592003822327
0.314768522977829
0.3217373490333557
0.3208329677581787
0.2999067008495331
0.3300761580467224
0.3074936866760254
0.2953023910522461
0.30831992626190186
0.3130529224872589
0.3164536654949188
0.314812570810318
0.2906435430049896
0.2887481153011322
0.31819188594818115
0.3046879470348358
0.28366467356681824
0.2839137315750122
0.28904181718826294
0.2800986170768738
0.2936289310455322
0.31079816818237305
0.3073235750198364
0.3207791745662689
0.2901843190193176
0.3039534389972687
0.29823973774909973
0.28670185804367065
0.2969686686992645
0.28933313488960266
0.3063066303730011
0.2966163754463196
0.28487446904182434
0.3040817081928253
0.28590911626815796
0.2924457788467407
0.30348333716392517
0.2965456545352936
0.28239214420318604
0.28405460715293884
0.30449140071868896
0.2789909243583679
0.2944590151309967
0.3026620149612427
0.2875068485736847
0.2653951942920685
0.29525503516197205
0.28800299763679504
0.2754260003566742
0.29926127195358276
0.29356110095977783
0.30256399512290955
0.27652594447135925
0.2773841321468353
0.2949179708957672
0.29368215799331665
0.26416006684303284
0.28841546177864075
0.3033551275730133
0.26570600271224976
0.2766489088535309
0.29273077845573425
0.27056556940078735
0.2840079069137573
0.2850709557533264
0.274122029542923
0.27884572744369507
0.26468411087989807
0.29139479994773865
0.29276949167251587
0.284088671207428
0.2797280251979828
0.27583250403404236
0.2825108468532562
0.2893419563770294
0.285460889339447
0.267727255821228
0.27352389693260193
0.28772374987602234
0.2842615246772766
0.2772415578365326
0.2719314694404602
0.27122962474823
0.28415942192077637
0.28554269671440125
0.2941756248474121
0.277313768863678
0.277762234210968
0.2743724286556244
0.2587745785713196
0.2688671350479126
0.2788393795490265
0.28156578540802
0.2799721956253052
0.2715754210948944
0.2797902524471283
0.2667899429798126
0.28833991289138794
0.2769533395767212
0.26558718085289
0.26524990797042847
0.26817208528518677
0.2729361057281494
0.28029075264930725
0.2950286865234375
0.26303476095199585
0.2715948820114136
0.2588959336280823
0.28027501702308655
0.2871519923210144
0.28578701615333557
0.26281604170799255
0.2835569381713867
0.2761937081813812
0.24950815737247467
0.24974898993968964
0.2732278108596802
0.2696811854839325
0.2901703715324402
0.2920684516429901
0.2636674642562866
0.27207431197166443
0.2566995620727539
0.2630051076412201
0.2737741768360138
0.2703399658203125
0.24816270172595978
0.26996666193008423
0.28736546635627747
0.270996630191803
0.2812947928905487
0.26736149191856384
0.27735602855682373
0.2751321494579315
0.26064634323120117
0.24998395144939423
0.2500026524066925
0.26437970995903015
0.28209975361824036
0.2607975900173187
0.2757730185985565
0.26044681668281555
0.2740882933139801
0.2648788392543793
0.26829591393470764
0.273714542388916
0.26786094903945923
0.283122181892395
0.289858341217041
0.25755971670150757
0.2569950819015503
0.26519855856895447
0.26103469729423523
0.28261104226112366
0.2716097831726074
0.24117973446846008
0.2747143805027008
0.26993975043296814
0.2596151530742645
0.26413148641586304
0.26785093545913696
0.25164422392845154
0.2655051052570343
0.2673635184764862
0.2667807638645172
0.2573622167110443
0.2575615644454956
0.27091673016548157
0.266243040561676
0.2793182134628296
0.2659603953361511
0.23940704762935638
0.2541429400444031
0.25587207078933716
0.2594653367996216
0.26483583450317383
0.2558252811431885
0.2658236622810364
0.2582107484340668
0.26639553904533386
0.27126941084861755
0.2418544739484787
0.2580927610397339
0.2660849392414093
0.26281628012657166
0.27285298705101013
0.282157838344574
0.2589681148529053
0.2661421298980713
0.2603166401386261
0.24530816078186035
0.2691059410572052
0.25172844529151917
0.2652286887168884
0.2767399251461029
0.2683040201663971
0.2568163275718689
0.2530156075954437
0.2520877718925476
0.2480914145708084
0.267498642206192
0.2540760338306427
0.2438112050294876
0.25786319375038147
0.25763648748397827
0.2761339545249939
0.2637935280799866
0.26282504200935364
0.2611919343471527
0.26424044370651245
0.2628869414329529
0.27291080355644226
0.23144091665744781
0.2605288624763489
0.28449302911758423
0.24499890208244324
0.24967733025550842
0.23575787246227264
0.262312650680542
0.25724053382873535
0.26306429505348206
0.2693325877189636
0.26693376898765564
0.2690891623497009
0.24906574189662933
0.25625717639923096
0.2561618983745575
0.2263699620962143
0.24666674435138702
0.27091166377067566
0.24555402994155884
0.24209271371364594
0.23952828347682953
0.2459709644317627
0.25969839096069336
0.2611748278141022
0.23213210701942444
0.2501813471317291
0.2491174340248108
0.24144065380096436
0.2502952814102173
0.24679729342460632
0.24165834486484528
0.27065330743789673
0.2544267177581787
0.24133077263832092
0.24527688324451447
0.24419452250003815
0.2665300667285919
0.2364635020494461
0.2366006225347519
0.24020297825336456
0.2625129222869873
0.2535621225833893
0.23924043774604797
0.23389168083667755
0.26615914702415466
0.25537997484207153
0.24020616710186005
0.2483799308538437
0.25436931848526
0.24855002760887146
0.2451457530260086
0.24652841687202454
0.27015358209609985
0.23511089384555817
0.26086267828941345
0.2571483850479126
0.24750278890132904
0.2548409700393677
0.25412043929100037
0.2576597332954407
0.23681548237800598
0.2772081792354584
0.2520664930343628
0.25883549451828003
0.260100781917572
0.24128247797489166
0.2604285180568695
0.24284036457538605
0.25205063819885254
0.258273720741272
0.23661519587039948
0.2508057951927185
0.2624203562736511
0.23789618909358978
0.2522055208683014
0.24331116676330566
0.23389394581317902
0.25643283128738403
0.25606569647789
0.25516995787620544
0.2591182291507721
0.23986013233661652
0.24529922008514404
0.2603672444820404
0.2616155743598938
0.2587205469608307
0.23202386498451233
0.2608257532119751
0.24754205346107483
0.24990393221378326
0.25040650367736816
0.23666560649871826
0.2610556483268738
0.25858598947525024
0.24965107440948486
0.24557974934577942
0.23944517970085144
0.2311352640390396
0.26005640625953674
0.27027076482772827
0.24469749629497528
0.25002676248550415
0.2514176070690155
0.26415809988975525
0.23427078127861023
0.2284349650144577
0.2339363396167755
0.25253456830978394
0.2593040466308594
0.25375398993492126
0.2672586441040039
0.24774225056171417
0.25019481778144836
0.2408103346824646
0.2516508102416992
0.24740467965602875
0.2623053193092346
0.2625991106033325
0.2545110881328583
0.2329515814781189
0.2348499298095703
0.2505077123641968
0.23801454901695251
0.2511998414993286
0.2498762458562851
0.2492612600326538
0.23690016567707062
0.23352283239364624
0.25147584080696106
0.24637706577777863
0.2448342889547348
0.23288869857788086
0.2588556110858917
0.25607728958129883
0.25106707215309143
0.2535673677921295
0.2613959014415741
0.24769195914268494
0.25624287128448486
0.2554505467414856
0.24505087733268738
0.24336427450180054
0.25622034072875977
0.26284441351890564
0.25201156735420227
0.25138744711875916
0.24814888834953308
0.25225743651390076
0.24296995997428894
0.23061750829219818
0.2493687868118286
0.2626383602619171
0.24786174297332764
0.24980822205543518
0.25533008575439453
0.25362855195999146
0.24959233403205872
0.24683867394924164
0.2518537938594818
0.22236226499080658
0.2363191395998001
0.25183576345443726
0.26370760798454285
0.259522020816803
0.23986026644706726
0.23670005798339844
0.25002580881118774
0.2519771158695221
0.23721210658550262
0.24366803467273712
0.23849442601203918
0.23976314067840576
0.24570712447166443
0.2462683916091919
0.24020880460739136
0.23742859065532684
0.2537990212440491
0.2426844835281372
0.24483022093772888
0.2321740686893463
0.24257759749889374
0.23952339589595795
0.2411043643951416
0.24666179716587067
0.2760526239871979
0.2518266439437866
0.23977437615394592
0.23739495873451233
0.24268409609794617
0.2307615727186203
0.24159081280231476
0.25102880597114563
0.2464180886745453
0.23494257032871246
0.24210074543952942
0.24529339373111725
0.2326962947845459
0.2348511666059494
0.23427876830101013
0.23517751693725586
0.24051405489444733
0.24388322234153748
0.24845387041568756
0.239516481757164
0.2545095980167389
0.2606201767921448
0.2501392662525177
0.2521910071372986
0.23490451276302338
0.23593926429748535
0.2436372935771942
0.22754761576652527
0.2564302384853363
0.24710139632225037
0.2603435516357422
0.2631493806838989
0.24283695220947266
0.2529584467411041
0.2411893606185913
0.2275097817182541
0.24848999083042145
0.2398758828639984
0.2269541621208191
0.24405977129936218
0.24531503021717072
0.2472095638513565
0.24394817650318146
0.25517168641090393
0.25423479080200195
0.22244557738304138
0.24066616594791412
0.2356654554605484
0.2387707233428955
0.2505825459957123
0.26143181324005127
0.24025186896324158
0.2423868179321289
0.24747630953788757
0.23715369403362274
0.24182425439357758
0.2431384176015854
0.23852156102657318
0.2575898766517639
0.250669926404953
0.24212394654750824
0.24871894717216492
0.22905951738357544
0.24487392604351044
0.24556700885295868
0.23496633768081665
0.24853822588920593
0.23824557662010193
0.23500864207744598
0.2652660012245178
0.23920488357543945
