0.49221184849739075
0.545171320438385
0.545171320438385
0.5280373692512512
0.5576323866844177
0.6105918884277344
0.5950155854225159
0.585669755935669
0.6214953064918518
0.6292834877967834
0.6292834877967834
0.6261682510375977
0.663551390171051
0.6604361534118652
0.7102803587913513
0.6651090383529663
0.6869158744812012
0.6962617039680481
0.6666666865348816
0.6962617039680481
0.718068540096283
0.6931464076042175
0.7242990732192993
0.7196261882781982
0.7258567214012146
0.7165108919143677
0.7476635575294495
0.736760139465332
0.7601246237754822
0.7554517388343811
0.7554517388343811
0.7647975087165833
0.7461059093475342
0.7601246237754822
0.7694703936576843
0.767912745475769
0.777258574962616
0.7725856900215149
0.7741432785987854
0.767912745475769
0.795950174331665
0.7788162231445312
0.7897196412086487
0.781931459903717
0.7694703936576843
0.7694703936576843
0.7741432785987854
0.7928348779678345
0.795950174331665
0.7741432785987854
0.8084112405776978
0.795950174331665
0.7912772297859192
0.7928348779678345
0.7990654110908508
0.7975077629089355
0.7990654110908508
0.8177570104598999
0.8006230592727661
0.8161993622779846
0.8006230592727661
0.822429895401001
0.8052959442138672
0.8161993622779846
0.836448609828949
0.8239875435829163
0.8239875435829163
0.8239875435829163
0.8130841255187988
0.8239875435829163
0.827102780342102
0.8193146586418152
0.8255451917648315
0.8286604285240173
0.84112149477005
0.822429895401001
0.822429895401001
0.8380062580108643
0.836448609828949
0.8302180767059326
0.8302180767059326
0.8504672646522522
0.8457943797111511
0.8302180767059326
0.8442367315292358
0.8489096760749817
0.8348909616470337
0.84112149477005
0.8348909616470337
0.84112149477005
0.8504672646522522
0.8489096760749817
0.8473520278930664
0.8442367315292358
0.8457943797111511
0.8395638465881348
0.8317757248878479
0.84112149477005
0.8504672646522522
0.8457943797111511
0.8380062580108643
0.84112149477005
0.8473520278930664
0.8489096760749817
0.8535825610160828
0.8582554459571838
0.8489096760749817
0.8504672646522522
0.8457943797111511
0.8598130941390991
0.8520249128341675
0.8629283308982849
0.8442367315292358
0.8520249128341675
0.8582554459571838
0.8598130941390991
0.8535825610160828
0.8629283308982849
0.8489096760749817
0.8442367315292358
0.8613707423210144
0.8644859790802002
0.8644859790802002
0.8442367315292358
0.8660436272621155
0.8598130941390991
0.8582554459571838
0.8691588640213013
0.8566977977752686
0.855140209197998
0.8566977977752686
0.8644859790802002
0.8582554459571838
0.8442367315292358
0.8473520278930664
0.8598130941390991
0.8520249128341675
0.8629283308982849
0.8722741603851318
0.8753893971443176
0.8660436272621155
0.8629283308982849
0.8707165122032166
0.8598130941390991
0.8535825610160828
0.8691588640213013
0.8676012754440308
0.8676012754440308
0.8582554459571838
0.8582554459571838
0.8644859790802002
0.8582554459571838
0.8629283308982849
0.8582554459571838
0.8785046935081482
0.8785046935081482
0.8691588640213013
0.8691588640213013
0.8613707423210144
0.8691588640213013
0.8660436272621155
0.8753893971443176
0.8738317489624023
0.8769470453262329
0.8753893971443176
0.881619930267334
0.8769470453262329
0.8753893971443176
0.8785046935081482
0.8707165122032166
0.8613707423210144
0.8862928152084351
0.8769470453262329
0.8676012754440308
0.8894081115722656
0.8738317489624023
0.8847352266311646
0.8691588640213013
0.8738317489624023
0.8894081115722656
0.8847352266311646
0.8676012754440308
0.8847352266311646
0.8722741603851318
0.8940809965133667
0.8909657597541809
0.8707165122032166
0.8862928152084351
0.8909657597541809
0.8847352266311646
0.8878504633903503
0.8894081115722656
0.8769470453262329
0.881619930267334
0.8847352266311646
0.8847352266311646
0.8847352266311646
0.8769470453262329
0.8785046935081482
0.8940809965133667
0.8785046935081482
0.8909657597541809
0.8894081115722656
0.8847352266311646
0.8800622820854187
0.8940809965133667
0.8894081115722656
0.8800622820854187
0.8862928152084351
0.8831775784492493
0.8847352266311646
0.8894081115722656
0.8785046935081482
0.8785046935081482
0.8909657597541809
0.8925233483314514
0.8894081115722656
0.8925233483314514
0.8925233483314514
0.8878504633903503
0.881619930267334
0.8987538814544678
0.8878504633903503
0.9034267663955688
0.8925233483314514
0.8971962332725525
0.8987538814544678
0.8862928152084351
0.8971962332725525
0.9034267663955688
0.8940809965133667
0.9018691778182983
0.9003115296363831
0.8909657597541809
0.9049844145774841
0.8847352266311646
0.8971962332725525
0.881619930267334
0.9049844145774841
0.9018691778182983
0.8987538814544678
0.9003115296363831
0.8987538814544678
0.8831775784492493
0.8909657597541809
0.9049844145774841
0.895638644695282
0.8987538814544678
0.8940809965133667
0.8862928152084351
0.8940809965133667
0.9080997109413147
0.8894081115722656
0.895638644695282
0.8971962332725525
0.9034267663955688
0.8971962332725525
0.8878504633903503
0.9003115296363831
0.8971962332725525
0.8925233483314514
0.8894081115722656
0.9065420627593994
0.9065420627593994
0.8940809965133667
0.9018691778182983
0.8909657597541809
0.8925233483314514
0.9065420627593994
0.8987538814544678
0.895638644695282
0.914330244064331
0.8909657597541809
0.8894081115722656
0.8925233483314514
0.9018691778182983
0.9003115296363831
0.9034267663955688
0.8987538814544678
0.8894081115722656
0.9049844145774841
0.9018691778182983
0.9003115296363831
0.8925233483314514
0.9018691778182983
0.8925233483314514
0.8925233483314514
0.9049844145774841
0.9049844145774841
0.8940809965133667
0.8925233483314514
0.8987538814544678
0.9034267663955688
0.9049844145774841
0.9080997109413147
0.9003115296363831
0.9096572995185852
0.9080997109413147
0.9034267663955688
0.8940809965133667
0.8894081115722656
0.8987538814544678
0.9003115296363831
0.9049844145774841
0.895638644695282
0.9003115296363831
0.9096572995185852
0.9174454808235168
0.8987538814544678
0.9003115296363831
0.9034267663955688
0.9065420627593994
0.9034267663955688
0.9096572995185852
0.9096572995185852
0.9096572995185852
0.9112149477005005
0.9034267663955688
0.9049844145774841
0.9080997109413147
0.9096572995185852
0.8909657597541809
0.9034267663955688
0.9018691778182983
0.9080997109413147
0.9112149477005005
0.9049844145774841
0.9080997109413147
0.9034267663955688
0.9003115296363831
0.9034267663955688
0.9096572995185852
0.9112149477005005
0.9065420627593994
0.9080997109413147
0.9003115296363831
0.9096572995185852
0.9127725958824158
0.8971962332725525
0.9003115296363831
0.895638644695282
0.914330244064331
0.9112149477005005
0.9221183657646179
0.9096572995185852
0.9034267663955688
0.9174454808235168
0.9080997109413147
0.9034267663955688
0.9158878326416016
0.9096572995185852
0.9018691778182983
0.9127725958824158
0.914330244064331
0.9096572995185852
0.9065420627593994
0.9065420627593994
0.9221183657646179
0.9112149477005005
0.9049844145774841
0.9127725958824158
0.9127725958824158
0.9065420627593994
0.9112149477005005
0.9049844145774841
0.9065420627593994
0.9127725958824158
0.9080997109413147
0.9158878326416016
0.9003115296363831
0.9080997109413147
0.9065420627593994
0.9221183657646179
0.9174454808235168
0.9080997109413147
0.9127725958824158
0.9049844145774841
0.914330244064331
0.9127725958824158
0.9080997109413147
0.9018691778182983
0.9158878326416016
0.9049844145774841
0.9174454808235168
0.9096572995185852
0.9112149477005005
0.9236760139465332
0.9096572995185852
0.9205607771873474
0.9190031290054321
0.9190031290054321
0.914330244064331
0.9127725958824158
0.9158878326416016
0.9065420627593994
0.9065420627593994
0.9003115296363831
0.9112149477005005
0.9158878326416016
0.9221183657646179
0.9065420627593994
0.9096572995185852
0.914330244064331
0.926791250705719
0.926791250705719
0.9205607771873474
0.9158878326416016
0.9174454808235168
0.9205607771873474
0.914330244064331
0.926791250705719
0.9127725958824158
0.9190031290054321
0.9080997109413147
0.9205607771873474
0.9190031290054321
0.9127725958824158
0.9190031290054321
0.9034267663955688
0.9221183657646179
0.9299065470695496
0.9158878326416016
0.914330244064331
0.9065420627593994
0.9112149477005005
0.9034267663955688
0.9112149477005005
0.9158878326416016
0.9252336621284485
0.9080997109413147
0.9127725958824158
0.9065420627593994
0.914330244064331
0.9221183657646179
0.914330244064331
0.914330244064331
0.9158878326416016
0.914330244064331
0.9049844145774841
0.9158878326416016
0.9236760139465332
0.914330244064331
0.9049844145774841
0.914330244064331
0.914330244064331
0.9065420627593994
0.9080997109413147
0.9190031290054321
0.9190031290054321
0.9174454808235168
0.9158878326416016
0.9205607771873474
0.9205607771873474
0.914330244064331
0.9158878326416016
0.9127725958824158
0.9080997109413147
0.9127725958824158
0.914330244064331
0.9236760139465332
0.9096572995185852
0.9049844145774841
0.9221183657646179
0.9205607771873474
0.914330244064331
0.9080997109413147
0.9127725958824158
0.9205607771873474
0.9174454808235168
0.9190031290054321
0.9236760139465332
0.9205607771873474
0.9127725958824158
0.9205607771873474
0.914330244064331
0.9127725958824158
0.9205607771873474
0.9112149477005005
0.9174454808235168
0.9096572995185852
0.914330244064331
0.9034267663955688
0.9096572995185852
0.9190031290054321
0.9205607771873474
0.914330244064331
0.9049844145774841
0.9049844145774841
0.9236760139465332
0.9205607771873474
0.9314641952514648
0.914330244064331
0.9127725958824158
0.9221183657646179
0.9190031290054321
0.9096572995185852
0.9174454808235168
0.9112149477005005
0.9080997109413147
0.9299065470695496
0.9174454808235168
0.9158878326416016
0.9158878326416016
0.9158878326416016
0.9236760139465332
0.9096572995185852
0.9174454808235168
0.914330244064331
0.9065420627593994
0.9158878326416016
0.9236760139465332
0.9221183657646179
0.9096572995185852
0.9127725958824158
0.9127725958824158
0.9205607771873474
0.9221183657646179
0.9049844145774841
0.9205607771873474
0.9080997109413147
0.9236760139465332
0.9158878326416016
0.9158878326416016
0.9112149477005005
0.9049844145774841
0.9049844145774841
0.9190031290054321
0.9158878326416016
0.9190031290054321
0.9299065470695496
0.914330244064331
0.9221183657646179
0.9221183657646179
0.9096572995185852
0.9158878326416016
0.9065420627593994
0.9049844145774841
0.9236760139465332
0.9174454808235168
0.9174454808235168
0.9127725958824158
0.914330244064331
0.9158878326416016
0.9096572995185852
0.9112149477005005
0.914330244064331
0.9283488988876343
0.9034267663955688
0.9127725958824158
0.9205607771873474
0.914330244064331
0.9174454808235168
0.9158878326416016
0.9174454808235168
0.9158878326416016
0.9096572995185852
0.9158878326416016
0.9236760139465332
0.914330244064331
0.926791250705719
0.9127725958824158
0.9127725958824158
0.9112149477005005
0.9034267663955688
0.9112149477005005
0.9127725958824158
0.9158878326416016
0.914330244064331
0.9236760139465332
0.9252336621284485
0.926791250705719
0.9127725958824158
0.9158878326416016
0.9112149477005005
0.9158878326416016
0.9174454808235168
0.9190031290054321
0.914330244064331
0.9252336621284485
0.9112149477005005
0.9158878326416016
0.9158878326416016
0.9190031290054321
0.9127725958824158
0.9096572995185852
0.9236760139465332
0.9205607771873474
0.9236760139465332
0.9221183657646179
0.9174454808235168
0.9158878326416016
0.9221183657646179
0.914330244064331
0.9205607771873474
0.9127725958824158
0.9127725958824158
0.9283488988876343
0.9174454808235168
0.9236760139465332
0.9158878326416016
0.9330217838287354
0.9190031290054321
0.9174454808235168
0.9127725958824158
0.9221183657646179
0.9190031290054321
0.9190031290054321
0.9236760139465332
0.926791250705719
0.9112149477005005
0.9158878326416016
0.9205607771873474
0.9252336621284485
0.9127725958824158
0.9049844145774841
0.9221183657646179
0.9158878326416016
0.9190031290054321
0.9236760139465332
0.914330244064331
0.9127725958824158
0.9112149477005005
0.9003115296363831
0.9127725958824158
0.9236760139465332
0.9080997109413147
0.9174454808235168
0.914330244064331
0.9174454808235168
0.9252336621284485
0.9174454808235168
0.914330244064331
0.9205607771873474
0.9049844145774841
0.9127725958824158
0.9096572995185852
0.9112149477005005
0.9096572995185852
0.9190031290054321
0.9190031290054321
0.9205607771873474
0.9205607771873474
0.9174454808235168
0.9190031290054321
0.9158878326416016
0.9174454808235168
0.9158878326416016
0.9158878326416016
0.9283488988876343
0.9174454808235168
0.9252336621284485
0.9158878326416016
0.9236760139465332
0.9080997109413147
0.9190031290054321
0.9190031290054321
0.9174454808235168
0.9158878326416016
0.9252336621284485
0.9127725958824158
0.9205607771873474
0.9236760139465332
0.9190031290054321
0.9283488988876343
0.9112149477005005
0.9252336621284485
0.9190031290054321
0.9065420627593994
0.914330244064331
0.9221183657646179
0.9049844145774841
0.9252336621284485
0.9158878326416016
0.9236760139465332
0.9205607771873474
0.9221183657646179
0.9174454808235168
0.926791250705719
0.9127725958824158
0.9252336621284485
0.9190031290054321
0.9174454808235168
0.9236760139465332
0.9190031290054321
0.9112149477005005
0.9127725958824158
0.9190031290054321
0.9190031290054321
0.9221183657646179
0.9112149477005005
0.9221183657646179
0.9034267663955688
0.9190031290054321
0.9112149477005005
0.9158878326416016
0.9080997109413147
0.9205607771873474
0.9112149477005005
0.9158878326416016
0.926791250705719
0.9252336621284485
0.9127725958824158
0.914330244064331
0.9158878326416016
