0.7916726469993591
0.6199833750724792
0.5965614914894104
0.510581374168396
0.492268830537796
0.48103854060173035
0.46916621923446655
0.4451877176761627
0.4369315207004547
0.42347222566604614
0.4266383945941925
0.3988841474056244
0.4115924835205078
0.3830254077911377
0.37424203753471375
0.3832855820655823
0.3788369596004486
0.36373084783554077
0.3712417185306549
0.37653258442878723
0.3667266368865967
0.3676869869232178
0.3679812550544739
0.37013861536979675
0.35003432631492615
0.36957576870918274
0.3477034270763397
0.35298433899879456
0.34651824831962585
0.33772584795951843
0.3187701404094696
0.34239357709884644
0.3319179117679596
0.3272807002067566
0.3276801109313965
0.31167736649513245
0.32879331707954407
0.3094543218612671
0.31583142280578613
0.322883278131485
0.30750176310539246
0.3117172122001648
0.3193790912628174
0.3031393885612488
0.30705779790878296
0.300140917301178
0.29077595472335815
0.3031705617904663
0.3197231590747833
0.28559255599975586
0.28690052032470703
0.29457375407218933
0.29982343316078186
0.2834509313106537
0.29510509967803955
0.27203822135925293
0.29121604561805725
0.2823403477668762
0.28478094935417175
0.28814396262168884
0.28621041774749756
0.27466094493865967
0.27764803171157837
0.2603532671928406
0.2820262312889099
0.289515882730484
0.2670033574104309
0.28159695863723755
0.27057644724845886
0.26348793506622314
0.2669680714607239
0.2759631276130676
0.2663027048110962
0.2592467665672302
0.2633868157863617
0.2693716883659363
0.277976930141449
0.26559969782829285
0.27161091566085815
0.25382113456726074
0.2605245113372803
0.24009980261325836
0.2599622905254364
0.2466469705104828
0.25608453154563904
0.2519740164279938
0.2475467026233673
0.24605324864387512
0.24072961509227753
0.24947836995124817
0.25451335310935974
0.24572938680648804
0.2501677870750427
0.2501533329486847
0.24613577127456665
0.2546572983264923
0.23645086586475372
0.2399187833070755
0.24421560764312744
0.21876053512096405
0.23853394389152527
0.2287319153547287
0.21869105100631714
0.24348582327365875
0.2428591549396515
0.23511001467704773
0.23348760604858398
0.25329291820526123
0.2267172783613205
0.23224899172782898
0.22248855233192444
0.23174059391021729
0.241567000746727
0.2244700938463211
0.22797362506389618
0.23382309079170227
0.22186727821826935
0.23935051262378693
0.23669378459453583
0.22767718136310577
0.23994968831539154
0.2328813225030899
0.23339895904064178
0.22310465574264526
0.2049727588891983
0.21654854714870453
0.21201005578041077
0.2150823324918747
0.24076691269874573
0.2075381875038147
0.20958058536052704
0.23291443288326263
0.21604591608047485
0.2077614665031433
0.1985486000776291
0.19355683028697968
0.2016981840133667
0.20176249742507935
0.2139667570590973
0.2144632339477539
0.20508520305156708
0.20408853888511658
0.1966259479522705
0.19499754905700684
0.20045335590839386
0.2103348672389984
0.20625081658363342
0.1893756240606308
0.1880459189414978
0.21799121797084808
0.20155669748783112
0.1871379315853119
0.18023529648780823
0.19994062185287476
0.19999048113822937
0.19363358616828918
0.2026226967573166
0.20069873332977295
0.19600337743759155
0.19517570734024048
0.19786401093006134
0.20844019949436188
0.18711991608142853
0.19105872511863708
0.18836179375648499
0.2118915319442749
0.18764697015285492
0.18520252406597137
0.178611159324646
0.19998612999916077
0.18712273240089417
0.20364800095558167
0.18311868607997894
0.17772835493087769
0.19523145258426666
0.20547620952129364
0.18653598427772522
0.17993366718292236
0.2011246681213379
0.18458186089992523
0.1819116473197937
0.18535250425338745
0.19263936579227448
0.19030921161174774
0.1914670169353485
0.19902963936328888
0.19288648664951324
0.19740650057792664
0.18468636274337769
0.17724816501140594
0.1779232770204544
0.1873810738325119
0.17830631136894226
0.17886991798877716
0.1917468160390854
0.1770046204328537
0.19957688450813293
0.18148885667324066
0.17666682600975037
0.18029581010341644
0.1925925314426422
0.1867659091949463
0.19320350885391235
0.17915958166122437
0.1827264130115509
0.1808512657880783
0.18882805109024048
0.18522343039512634
0.18861088156700134
0.1920735090970993
0.19024819135665894
0.18922372162342072
0.1918715387582779
0.18412524461746216
0.176359161734581
0.17052000761032104
0.17317475378513336
0.1715661585330963
0.17373047769069672
0.17804966866970062
0.18405523896217346
0.19166076183319092
0.16403447091579437
0.17516131699085236
0.17480753362178802
0.1852477788925171
0.1599620282649994
0.1767331212759018
0.16931533813476562
0.17171262204647064
0.15916238725185394
0.16549080610275269
0.1800978034734726
0.1722676008939743
0.17077301442623138
0.15877118706703186
0.16893388330936432
0.17388084530830383
0.1585228592157364
0.15756753087043762
0.1789572834968567
0.16775549948215485
0.17177467048168182
0.1543683260679245
0.16019989550113678
0.16862545907497406
0.1631404310464859
0.17265552282333374
0.16366244852542877
0.15975086390972137
0.167687326669693
0.16502320766448975
0.16092227399349213
0.15799586474895477
0.15519970655441284
0.1599665880203247
0.1714637577533722
0.16462604701519012
0.14845134317874908
0.17075474560260773
0.15626148879528046
0.15880057215690613
0.16304807364940643
0.16211126744747162
0.16649354994297028
0.15401215851306915
0.15322501957416534
0.16697971522808075
0.14807306230068207
0.15347681939601898
0.16279336810112
0.16806553304195404
0.17768460512161255
0.16315676271915436
0.14736159145832062
0.15834955871105194
0.15967056155204773
0.15507283806800842
0.164158895611763
0.1641952246427536
0.15287549793720245
0.16228580474853516
0.1473681777715683
0.15175648033618927
0.15868034958839417
0.16547690331935883
0.13702347874641418
0.14322581887245178
0.15880751609802246
0.15225344896316528
0.15546607971191406
0.14285939931869507
0.1615658402442932
0.17095795273780823
0.15126921236515045
0.1509312391281128
0.1533779799938202
0.17403186857700348
0.15925724804401398
0.149614155292511
0.15408267080783844
0.15225006639957428
0.1575324833393097
0.16673463582992554
0.16083136200904846
0.14459238946437836
0.16043224930763245
0.16032488644123077
0.14621895551681519
0.15176673233509064
0.15660081803798676
0.14547137916088104
0.15364623069763184
0.13422442972660065
0.16321654617786407
0.1470402330160141
0.1661691963672638
0.14424774050712585
0.14087644219398499
0.1397593468427658
0.16276559233665466
0.14091265201568604
0.15070469677448273
0.14681370556354523
0.15420077741146088
0.16232387721538544
0.15891528129577637
0.14499589800834656
0.1519203633069992
0.1422336846590042
0.14627455174922943
0.15611357986927032
0.16773347556591034
0.13867124915122986
0.15048690140247345
0.1589229553937912
0.16207145154476166
0.15362153947353363
0.14142736792564392
0.16211776435375214
0.1547759473323822
0.1362074315547943
0.141021266579628
0.15679197013378143
0.15615184605121613
0.1554611772298813
0.15366391837596893
0.13503682613372803
0.1543976068496704
0.15909376740455627
0.15232376754283905
0.14538520574569702
0.1437879353761673
0.14258268475532532
0.15442927181720734
0.15153418481349945
0.1446613222360611
0.15217790007591248
0.14908315241336823
0.13807255029678345
0.14865805208683014
0.12601955235004425
0.15340487658977509
0.15096426010131836
0.14337791502475739
0.14788569509983063
0.14938899874687195
0.15475256741046906
0.1386149823665619
0.1461120843887329
0.1379013955593109
0.13969847559928894
0.14377668499946594
0.14852172136306763
0.1699266880750656
0.13606177270412445
0.14233237504959106
0.13726598024368286
0.13547836244106293
0.13788491487503052
0.15147079527378082
0.15007273852825165
0.15888921916484833
0.14428655803203583
0.13789010047912598
0.15344016253948212
0.1423252522945404
0.1562144011259079
0.13896438479423523
0.14761200547218323
0.14007633924484253
0.12673841416835785
0.13930322229862213
0.14006614685058594
0.13490080833435059
0.1340085119009018
0.1307118684053421
0.14989300072193146
0.1399962306022644
0.144160196185112
0.1484728902578354
0.13014435768127441
0.1506972461938858
0.14906656742095947
0.13932938873767853
0.14905348420143127
0.15439146757125854
0.15655656158924103
0.14793486893177032
0.16184642910957336
0.13751059770584106
0.1231834888458252
0.14483509957790375
0.14396430552005768
0.135261669754982
0.13677218556404114
0.13531723618507385
0.1430111527442932
0.139642596244812
0.14766925573349
0.1395736038684845
0.15282556414604187
0.15304844081401825
0.13787664473056793
0.13375896215438843
0.14087949693202972
0.12587320804595947
0.1410103142261505
0.1485205888748169
0.15809278190135956
0.15489907562732697
0.14254216849803925
0.1275896430015564
0.14874912798404694
0.16307352483272552
0.13764454424381256
0.12872904539108276
0.13451510667800903
0.12838859856128693
0.14630800485610962
0.1497417837381363
0.1285879760980606
0.13362905383110046
0.12541748583316803
0.1542329490184784
0.14238466322422028
0.1271117478609085
0.14355826377868652
0.12362998723983765
0.13507801294326782
0.1280825436115265
0.14271651208400726
0.1301511526107788
0.12519507110118866
0.1373608112335205
0.1497049480676651
0.14654503762722015
0.14440329372882843
0.13277603685855865
0.13634634017944336
0.1401188224554062
0.11592972278594971
0.15870702266693115
0.14550259709358215
0.14460180699825287
0.1354452669620514
0.14063268899917603
0.14236153662204742
0.15034808218479156
0.13958366215229034
0.14200431108474731
0.13642920553684235
0.1401173323392868
0.14664049446582794
0.13356103003025055
0.12440477311611176
0.1318041980266571
0.13484817743301392
0.141840398311615
0.12852853536605835
0.1303788125514984
0.1372738778591156
0.15578770637512207
0.1401592195034027
0.14573398232460022
0.14605781435966492
0.13707120716571808
0.14349862933158875
0.1434641033411026
0.14411933720111847
0.13652634620666504
0.14950227737426758
0.14118508994579315
0.13584229350090027
0.12471899390220642
0.12637360394001007
0.132391095161438
0.14435046911239624
0.129532590508461
0.12738431990146637
0.12621447443962097
0.13898257911205292
0.1342799961566925
0.13238416612148285
0.14098067581653595
0.1525615006685257
0.12585869431495667
0.15014952421188354
0.12736672163009644
0.14154450595378876
0.13942071795463562
0.14703403413295746
0.13989610970020294
0.13093233108520508
0.13479405641555786
0.14898836612701416
0.1347443163394928
0.13648004829883575
0.12805546820163727
0.12307175993919373
0.12682996690273285
0.14027610421180725
0.11486480385065079
0.13331443071365356
0.1383284032344818
0.14255531132221222
0.13121628761291504
0.13665111362934113
0.14892075955867767
0.15239368379116058
0.15168160200119019
0.13437919318675995
0.14612030982971191
0.13314561545848846
0.1470859944820404
0.13720737397670746
0.12748602032661438
0.12593571841716766
0.13755273818969727
0.15060074627399445
0.12772294878959656
0.12076158821582794
0.123940110206604
0.1413162648677826
0.1452757716178894
0.14578315615653992
0.12927880883216858
0.12505102157592773
0.1331479698419571
0.1439104676246643
0.1370954066514969
0.13984671235084534
0.15392659604549408
0.14081928133964539
0.13748307526111603
0.1298508644104004
0.13150130212306976
0.13862067461013794
0.12443037331104279
0.1273864507675171
0.13026665151119232
0.1440553367137909
0.14789019525051117
0.12568968534469604
0.14304731786251068
0.1515422761440277
0.1378227025270462
0.13642315566539764
0.13568365573883057
0.12126988172531128
0.13513930141925812
0.13145995140075684
0.14184387028217316
0.12998121976852417
0.13474349677562714
0.12412045896053314
0.131637841463089
0.14297807216644287
0.1448831409215927
0.11969110369682312
0.1192639097571373
0.12588903307914734
0.12303407490253448
0.1543937772512436
0.13788902759552002
0.15834374725818634
0.14165154099464417
0.13041602075099945
0.12436044961214066
0.13043095171451569
0.12936562299728394
0.12924720346927643
0.127966046333313
0.12616495788097382
0.1506638526916504
0.13313087821006775
0.14244712889194489
0.12496029585599899
0.13327498733997345
0.13411661982536316
0.13860370218753815
0.13570868968963623
0.11292584240436554
0.12897764146327972
0.144672691822052
0.1313222050666809
0.1253601312637329
0.13065896928310394
0.13617457449436188
