0.4735202491283417
0.46417444944381714
0.4828660488128662
0.49221184849739075
0.49376946687698364
0.5373831987380981
0.5109034180641174
0.5186915993690491
0.5373831987380981
0.545171320438385
0.5560747385025024
0.5545171499252319
0.5700934529304504
0.573208749294281
0.5996884703636169
0.6557632684707642
0.6152647733688354
0.6495327353477478
0.644859790802002
0.672897219657898
0.6760124564170837
0.677570104598999
0.6962617039680481
0.7009345889091492
0.7071651220321655
0.7211837768554688
0.6978192925453186
0.7196261882781982
0.7242990732192993
0.7196261882781982
0.7570093274116516
0.7352024912834167
0.7507787942886353
0.7461059093475342
0.7554517388343811
0.763239860534668
0.7710280418395996
0.7616822719573975
0.7803738117218018
0.7741432785987854
0.7866043448448181
0.7866043448448181
0.777258574962616
0.7881619930267334
0.781931459903717
0.7975077629089355
0.8115264773368835
0.7803738117218018
0.7943925261497498
0.7881619930267334
0.7788162231445312
0.7866043448448181
0.795950174331665
0.8084112405776978
0.7975077629089355
0.8006230592727661
0.7990654110908508
0.8208722472190857
0.8193146586418152
0.8021807074546814
0.8084112405776978
0.8177570104598999
0.8006230592727661
0.822429895401001
0.8208722472190857
0.8302180767059326
0.8380062580108643
0.8177570104598999
0.822429895401001
0.827102780342102
0.8239875435829163
0.827102780342102
0.8286604285240173
0.84112149477005
0.8302180767059326
0.8286604285240173
0.8286604285240173
0.8177570104598999
0.822429895401001
0.8380062580108643
0.827102780342102
0.8302180767059326
0.84112149477005
0.8489096760749817
0.8380062580108643
0.827102780342102
0.8333333134651184
0.8348909616470337
0.8317757248878479
0.8317757248878479
0.8302180767059326
0.84112149477005
0.8333333134651184
0.8457943797111511
0.8473520278930664
0.8317757248878479
0.84112149477005
0.8504672646522522
0.8582554459571838
0.8457943797111511
0.8442367315292358
0.8380062580108643
0.8489096760749817
0.8535825610160828
0.8535825610160828
0.8598130941390991
0.8395638465881348
0.8333333134651184
0.836448609828949
0.8520249128341675
0.8442367315292358
0.8457943797111511
0.84112149477005
0.8442367315292358
0.8457943797111511
0.84112149477005
0.8676012754440308
0.8395638465881348
0.8473520278930664
0.8348909616470337
0.8504672646522522
0.8426791429519653
0.8457943797111511
0.836448609828949
0.8457943797111511
0.8395638465881348
0.8582554459571838
0.8395638465881348
0.8426791429519653
0.855140209197998
0.8457943797111511
0.8489096760749817
0.8395638465881348
0.8582554459571838
0.8566977977752686
0.8457943797111511
0.8442367315292358
0.8520249128341675
0.8582554459571838
0.8504672646522522
0.8457943797111511
0.836448609828949
0.855140209197998
0.855140209197998
0.8613707423210144
0.8535825610160828
0.855140209197998
0.8473520278930664
0.855140209197998
0.8489096760749817
0.8489096760749817
0.8426791429519653
0.8442367315292358
0.8457943797111511
0.8395638465881348
0.8520249128341675
0.8582554459571838
0.8504672646522522
0.8489096760749817
0.8613707423210144
0.8566977977752686
0.8442367315292358
0.8426791429519653
0.8613707423210144
0.8582554459571838
0.8457943797111511
0.8535825610160828
0.8613707423210144
0.8489096760749817
0.855140209197998
0.8676012754440308
0.855140209197998
0.8566977977752686
0.8566977977752686
0.8644859790802002
0.8566977977752686
0.8582554459571838
0.8473520278930664
0.8598130941390991
0.8613707423210144
0.8582554459571838
0.8598130941390991
0.8535825610160828
0.855140209197998
0.8582554459571838
0.8660436272621155
0.8660436272621155
0.8613707423210144
0.8613707423210144
0.8613707423210144
0.8613707423210144
0.8566977977752686
0.8660436272621155
0.8535825610160828
0.8582554459571838
0.8582554459571838
0.8566977977752686
0.8504672646522522
0.8676012754440308
0.8504672646522522
0.8613707423210144
0.8457943797111511
0.8582554459571838
0.8598130941390991
0.8457943797111511
0.8629283308982849
0.8582554459571838
0.8660436272621155
0.8629283308982849
0.8566977977752686
0.8707165122032166
0.8535825610160828
0.8504672646522522
0.8660436272621155
0.8520249128341675
0.8691588640213013
0.8613707423210144
0.8566977977752686
0.8676012754440308
0.8660436272621155
0.8676012754440308
0.8535825610160828
0.8566977977752686
0.8566977977752686
0.8504672646522522
0.8520249128341675
0.8644859790802002
0.8660436272621155
0.8535825610160828
0.8489096760749817
0.8598130941390991
0.8676012754440308
0.8582554459571838
0.8644859790802002
0.8582554459571838
0.855140209197998
0.8753893971443176
0.8644859790802002
0.8644859790802002
0.8644859790802002
0.8489096760749817
0.8753893971443176
0.8582554459571838
0.8707165122032166
0.8566977977752686
0.8598130941390991
0.8582554459571838
0.8582554459571838
0.8613707423210144
0.8535825610160828
0.855140209197998
0.8691588640213013
0.8566977977752686
0.8613707423210144
0.8535825610160828
0.8535825610160828
0.8582554459571838
0.8598130941390991
0.855140209197998
0.8598130941390991
0.855140209197998
0.8691588640213013
0.8582554459571838
0.8582554459571838
0.8738317489624023
0.855140209197998
0.8535825610160828
0.8629283308982849
0.8566977977752686
0.8598130941390991
0.8520249128341675
0.8722741603851318
0.8535825610160828
0.8504672646522522
0.8598130941390991
0.8676012754440308
0.855140209197998
0.8566977977752686
0.8629283308982849
0.8691588640213013
0.8707165122032166
0.8535825610160828
0.8691588640213013
0.8691588640213013
0.855140209197998
0.8676012754440308
0.8629283308982849
0.8707165122032166
0.8598130941390991
0.8598130941390991
0.8644859790802002
0.8738317489624023
0.8535825610160828
0.8613707423210144
0.8691588640213013
0.8629283308982849
0.8629283308982849
0.8582554459571838
0.8613707423210144
0.8582554459571838
0.8613707423210144
0.8566977977752686
0.8660436272621155
0.8504672646522522
0.8738317489624023
0.8582554459571838
0.8707165122032166
0.8691588640213013
0.8566977977752686
0.8598130941390991
0.8691588640213013
0.8660436272621155
0.8691588640213013
0.855140209197998
0.8566977977752686
0.8644859790802002
0.8629283308982849
0.8691588640213013
0.8582554459571838
0.8566977977752686
0.8504672646522522
0.8598130941390991
0.8598130941390991
0.855140209197998
0.8691588640213013
0.8613707423210144
0.8535825610160828
0.8520249128341675
0.8722741603851318
0.8629283308982849
0.8691588640213013
0.8738317489624023
0.8660436272621155
0.8769470453262329
0.8691588640213013
0.8582554459571838
0.8613707423210144
0.8644859790802002
0.8613707423210144
0.8598130941390991
0.8629283308982849
0.8660436272621155
0.8629283308982849
0.8598130941390991
0.8613707423210144
0.8691588640213013
0.8598130941390991
0.8582554459571838
0.8660436272621155
0.8738317489624023
0.8582554459571838
0.8722741603851318
0.8535825610160828
0.8753893971443176
0.8691588640213013
0.8676012754440308
0.8707165122032166
0.8629283308982849
0.855140209197998
0.8520249128341675
0.8738317489624023
0.8613707423210144
0.8676012754440308
0.8660436272621155
0.8707165122032166
0.8629283308982849
0.8676012754440308
0.8691588640213013
0.8629283308982849
0.8644859790802002
0.8660436272621155
0.8676012754440308
0.8629283308982849
0.8629283308982849
0.8535825610160828
0.8582554459571838
0.8738317489624023
0.8629283308982849
0.8707165122032166
0.8598130941390991
0.8582554459571838
0.8707165122032166
0.8722741603851318
0.8691588640213013
0.8613707423210144
0.8738317489624023
0.8785046935081482
0.8691588640213013
0.8753893971443176
0.8629283308982849
0.8582554459571838
0.8769470453262329
0.8582554459571838
0.8691588640213013
0.8566977977752686
0.8644859790802002
0.8722741603851318
0.8629283308982849
0.8660436272621155
0.8582554459571838
0.8676012754440308
0.8738317489624023
0.8738317489624023
0.8644859790802002
0.8598130941390991
0.8660436272621155
0.8660436272621155
0.8738317489624023
0.8722741603851318
0.8738317489624023
0.8738317489624023
0.8629283308982849
0.8660436272621155
0.8707165122032166
0.8691588640213013
0.8753893971443176
0.8753893971443176
0.8676012754440308
0.8660436272621155
0.8676012754440308
0.8598130941390991
0.8707165122032166
0.8707165122032166
0.8598130941390991
0.8785046935081482
0.8753893971443176
0.8566977977752686
0.8707165122032166
0.8676012754440308
0.8738317489624023
0.8691588640213013
0.8691588640213013
0.8691588640213013
0.8785046935081482
0.8691588640213013
0.8644859790802002
0.8676012754440308
0.8660436272621155
0.8722741603851318
0.8769470453262329
0.8722741603851318
0.8676012754440308
0.8738317489624023
0.8644859790802002
0.8769470453262329
0.8738317489624023
0.8676012754440308
0.8785046935081482
0.8644859790802002
0.8769470453262329
0.8707165122032166
0.8785046935081482
0.8722741603851318
0.8613707423210144
0.8738317489624023
0.8753893971443176
0.8722741603851318
0.8660436272621155
0.8691588640213013
0.8769470453262329
0.8691588640213013
0.8613707423210144
0.8676012754440308
0.8582554459571838
0.8722741603851318
0.8644859790802002
0.8598130941390991
0.8707165122032166
0.8644859790802002
0.8691588640213013
0.8769470453262329
0.8691588640213013
0.8613707423210144
0.8691588640213013
0.8676012754440308
0.8644859790802002
0.8707165122032166
0.8660436272621155
0.8644859790802002
0.8676012754440308
0.8722741603851318
0.8613707423210144
0.8691588640213013
0.8707165122032166
0.8769470453262329
0.8769470453262329
0.8676012754440308
0.8753893971443176
0.8613707423210144
0.8660436272621155
0.8629283308982849
0.8722741603851318
0.8660436272621155
0.8691588640213013
0.8644859790802002
0.8691588640213013
0.8769470453262329
0.8722741603851318
0.8644859790802002
0.8707165122032166
0.8629283308982849
0.8707165122032166
0.8753893971443176
0.8535825610160828
0.8769470453262329
0.8691588640213013
0.8676012754440308
0.8722741603851318
0.8738317489624023
0.881619930267334
0.8785046935081482
0.8707165122032166
0.8753893971443176
0.8676012754440308
0.8707165122032166
0.8785046935081482
0.8676012754440308
0.8598130941390991
0.8707165122032166
0.8753893971443176
0.8691588640213013
0.8769470453262329
0.8738317489624023
0.8738317489624023
0.8753893971443176
0.8644859790802002
0.8738317489624023
0.8753893971443176
0.8707165122032166
0.8676012754440308
0.8785046935081482
0.8629283308982849
0.8644859790802002
0.8769470453262329
0.8769470453262329
0.8722741603851318
0.8753893971443176
0.8738317489624023
0.8707165122032166
0.8629283308982849
0.8676012754440308
0.8660436272621155
0.8691588640213013
0.8691588640213013
0.8660436272621155
0.8660436272621155
0.8676012754440308
0.8722741603851318
0.8769470453262329
0.8707165122032166
0.8691588640213013
0.8629283308982849
0.8769470453262329
0.8707165122032166
0.8676012754440308
0.8629283308982849
0.8691588640213013
0.8629283308982849
0.8785046935081482
0.8800622820854187
0.8769470453262329
0.8722741603851318
0.8644859790802002
0.8862928152084351
0.8660436272621155
0.8738317489624023
0.8722741603851318
0.8831775784492493
0.8785046935081482
0.8769470453262329
0.8707165122032166
0.8738317489624023
0.8660436272621155
0.8566977977752686
0.8691588640213013
0.8722741603851318
0.8753893971443176
0.8722741603851318
0.8691588640213013
0.8722741603851318
0.8738317489624023
0.8660436272621155
0.8691588640213013
0.8691588640213013
0.8629283308982849
0.8691588640213013
0.8644859790802002
0.8613707423210144
0.8785046935081482
0.8800622820854187
0.8753893971443176
0.8753893971443176
0.8738317489624023
0.8629283308982849
0.8785046935081482
0.8707165122032166
0.8629283308982849
0.8707165122032166
0.8629283308982849
0.8691588640213013
0.8660436272621155
0.8691588640213013
0.8691588640213013
0.8831775784492493
0.8707165122032166
0.8613707423210144
0.8753893971443176
0.8738317489624023
0.8660436272621155
0.8769470453262329
0.8676012754440308
0.8598130941390991
0.8598130941390991
0.8722741603851318
0.8707165122032166
0.8753893971443176
0.8738317489624023
0.8676012754440308
0.8769470453262329
0.8660436272621155
0.8707165122032166
0.8769470453262329
0.8707165122032166
0.8722741603851318
0.8613707423210144
0.8660436272621155
0.8629283308982849
0.8629283308982849
0.8738317489624023
0.8753893971443176
0.8753893971443176
0.8722741603851318
0.8707165122032166
0.881619930267334
0.8769470453262329
0.8831775784492493
0.8676012754440308
0.8660436272621155
0.8613707423210144
0.8644859790802002
0.881619930267334
0.8707165122032166
0.8676012754440308
0.8769470453262329
0.8753893971443176
0.8738317489624023
0.8691588640213013
0.8800622820854187
0.8676012754440308
