0.7600329518318176
0.6451613306999207
0.5708757042884827
0.5374112725257874
0.4904216527938843
0.46763691306114197
0.4419317841529846
0.42033499479293823
0.42467233538627625
0.4076063632965088
0.3971005380153656
0.38928088545799255
0.40655964612960815
0.3621937930583954
0.38747087121009827
0.37351754307746887
0.3479310870170593
0.36846014857292175
0.3638598918914795
0.3558416962623596
0.35509440302848816
0.3530506193637848
0.3637707531452179
0.3427501618862152
0.3675784170627594
0.3597617745399475
0.3557233512401581
0.3262213468551636
0.3471333384513855
0.33228278160095215
0.33784258365631104
0.34371131658554077
0.32615333795547485
0.31871849298477173
0.33005642890930176
0.3117779791355133
0.31684327125549316
0.308716356754303
0.3210224509239197
0.3194214701652527
0.32109180092811584
0.30491527915000916
0.321889728307724
0.29640719294548035
0.3089863061904907
0.29771536588668823
0.30259814858436584
0.30600449442863464
0.3105912506580353
0.2899427115917206
0.28247135877609253
0.2825297713279724
0.3000886142253876
0.2870450019836426
0.28354474902153015
0.2860978841781616
0.28697970509529114
0.28364625573158264
0.2862889766693115
0.28844237327575684
0.2814684808254242
0.27284035086631775
0.27163776755332947
0.27133363485336304
0.2698224186897278
0.26786038279533386
0.2676377296447754
0.2547225058078766
0.2677982747554779
0.26402097940444946
0.2597491443157196
0.2634453773498535
0.25251516699790955
0.26794812083244324
0.2556385397911072
0.2522170841693878
0.2546887993812561
0.2504236698150635
0.27323296666145325
0.25043267011642456
0.23565706610679626
0.23964975774288177
0.24710491299629211
0.25306016206741333
0.2443176507949829
0.2501569092273712
0.2428411841392517
0.23648028075695038
0.22728636860847473
0.24494104087352753
0.2454550862312317
0.2561981976032257
0.2431403398513794
0.23388440907001495
0.22785426676273346
0.2395111471414566
0.21669434010982513
0.24319636821746826
0.23856677114963531
0.23176947236061096
0.22810858488082886
0.236960768699646
0.2398122102022171
0.215860977768898
0.21777531504631042
0.22954794764518738
0.2186705619096756
0.21222659945487976
0.22627265751361847
0.22605197131633759
0.21812430024147034
0.2187982201576233
0.2221023440361023
0.20575930178165436
0.21371187269687653
0.22896592319011688
0.231210395693779
0.2149145007133484
0.21527047455310822
0.21943356096744537
0.21349753439426422
0.21624575555324554
0.21001626551151276
0.20879364013671875
0.20675502717494965
0.19919900596141815
0.20873351395130157
0.19737854599952698
0.18871894478797913
0.19657771289348602
0.18755501508712769
0.18298710882663727
0.1892816424369812
0.17611461877822876
0.1852646768093109
0.18856805562973022
0.20031258463859558
0.19894030690193176
0.20268332958221436
0.20294828712940216
0.19818808138370514
0.20561014115810394
0.1893492490053177
0.1884641796350479
0.19789955019950867
0.1951819509267807
0.19863763451576233
0.19775451719760895
0.19696643948554993
0.17642588913440704
0.1855596899986267
0.19071178138256073
0.18861879408359528
0.18927538394927979
0.1762612760066986
0.170787513256073
0.1756911277770996
0.17167069017887115
0.17198733985424042
0.1725327968597412
0.17364159226417542
0.1646440029144287
0.1753709316253662
0.17307810485363007
0.1800065040588379
0.16498136520385742
0.17322559654712677
0.17920614778995514
0.17204667627811432
0.1641847789287567
0.17621448636054993
0.1791432648897171
0.16976642608642578
0.16829581558704376
0.16286319494247437
0.17834006249904633
0.1595594882965088
0.17860150337219238
0.17081236839294434
0.1557292938232422
0.17248576879501343
0.1714891493320465
0.16437801718711853
0.16423694789409637
0.16656120121479034
0.16712668538093567
0.15963169932365417
0.1581159085035324
0.15557460486888885
0.14940504729747772
0.16941753029823303
0.15568503737449646
0.16946843266487122
0.16232097148895264
0.16666655242443085
0.15093551576137543
0.1676778942346573
0.1669485867023468
0.15388581156730652
0.14569182693958282
0.153078094124794
0.148198202252388
0.1612502783536911
0.15353983640670776
0.16638930141925812
0.16343934834003448
0.15534886717796326
0.14922550320625305
0.15103916823863983
0.1620057374238968
0.1529971957206726
0.1489691585302353
0.14911438524723053
0.15154322981834412
0.14165712893009186
0.15663009881973267
0.1408403515815735
0.15064112842082977
0.15828567743301392
0.15205980837345123
0.15532149374485016
0.15449535846710205
0.1488540917634964
0.14068421721458435
0.1572941243648529
0.14505000412464142
0.152175173163414
0.15919210016727448
0.14300782978534698
0.1371617466211319
0.13804291188716888
0.15392248332500458
0.14191767573356628
0.15250107645988464
0.13712041079998016
0.1590126007795334
0.15790092945098877
0.16512349247932434
0.17117933928966522
0.15500161051750183
0.14068694412708282
0.14333148300647736
0.14324548840522766
0.14659731090068817
0.14397409558296204
0.14166899025440216
0.1451176553964615
0.14693129062652588
0.15756919980049133
0.14705491065979004
0.1381404846906662
0.1332618147134781
0.13584285974502563
0.15160049498081207
0.13506513833999634
0.1381763517856598
0.12858769297599792
0.1495816707611084
0.138178288936615
0.14863614737987518
0.1287032961845398
0.14260749518871307
0.13442212343215942
0.1429038792848587
0.12430071085691452
0.1430635303258896
0.13855679333209991
0.13073275983333588
0.1382615715265274
0.14634492993354797
0.1478629857301712
0.1284685730934143
0.15049168467521667
0.12516799569129944
0.13359221816062927
0.12495362013578415
0.13634951412677765
0.13377046585083008
0.1340399533510208
0.14270660281181335
0.12223144620656967
0.14991191029548645
0.12744124233722687
0.14346861839294434
0.13223251700401306
0.15094530582427979
0.12771199643611908
0.13238663971424103
0.1385893076658249
0.13913001120090485
0.13731800019741058
0.14198176562786102
0.13435746729373932
0.1260225623846054
0.1392614096403122
0.1480790674686432
0.13101179897785187
0.14872097969055176
0.14419758319854736
0.13477352261543274
0.13971778750419617
0.13072922825813293
0.12204952538013458
0.12794335186481476
0.13810081779956818
0.12766596674919128
0.1347232311964035
0.13150012493133545
0.1251087784767151
0.13429993391036987
0.12925471365451813
0.13367316126823425
0.12876537442207336
0.14183533191680908
0.13202494382858276
0.12338506430387497
0.13411667943000793
0.12288729846477509
0.12153339385986328
0.12568211555480957
0.13456620275974274
0.10989554226398468
0.13322250545024872
0.14584411680698395
0.1312975287437439
0.12932188808918
0.12696990370750427
0.12810586392879486
0.12421347945928574
0.12075941264629364
0.13145114481449127
0.12614260613918304
0.1183115616440773
0.12187030911445618
0.12962710857391357
0.12766145169734955
0.12089558690786362
0.12452945858240128
0.1216524988412857
0.14848840236663818
0.11349635571241379
0.12358309328556061
0.12916797399520874
0.13031548261642456
0.13476313650608063
0.11315067112445831
0.11797868460416794
0.12819960713386536
0.1307639181613922
0.12787353992462158
0.11488484591245651
0.14391173422336578
0.12511581182479858
0.1179773211479187
0.12241651117801666
0.1256052553653717
0.11734030395746231
0.12964051961898804
0.13163498044013977
0.12654688954353333
0.135125070810318
0.11799350380897522
0.1275377869606018
0.12878762185573578
0.1084429919719696
0.11344368010759354
0.11718546599149704
0.13057006895542145
0.12945669889450073
0.13492177426815033
0.12358396500349045
0.13943089544773102
0.11117537319660187
0.11987730115652084
0.11901349574327469
0.12857404351234436
0.12721824645996094
0.10811914503574371
0.10541045665740967
0.11094595491886139
0.12370233982801437
0.12768472731113434
0.1218254342675209
0.11975609511137009
0.12985190749168396
0.11977064609527588
0.12033908069133759
0.10810702294111252
0.1337490677833557
0.13926997780799866
0.11790324747562408
0.11634884774684906
0.1310652494430542
0.1131361722946167
0.11541234701871872
0.12592659890651703
0.1140102818608284
0.12373775988817215
0.1236230880022049
0.1265900731086731
0.11230454593896866
0.10989659279584885
0.12028049677610397
0.12154392898082733
0.11295489966869354
0.10549230128526688
0.11938528716564178
0.11756674945354462
0.11870824545621872
0.12100741267204285
0.10859380662441254
0.13447271287441254
0.11545959860086441
0.11478268355131149
0.11496442556381226
0.10662262886762619
0.13244536519050598
0.11641331017017365
0.13394220173358917
0.12396787852048874
0.13011203706264496
0.11485090851783752
0.11778786778450012
0.1308152973651886
0.13189733028411865
0.11964544653892517
0.10584340989589691
0.1010562852025032
0.1215413436293602
0.12208595126867294
0.11576657742261887
0.11635041981935501
0.1243206039071083
0.11860974878072739
0.11055692285299301
0.11691713333129883
0.1293906271457672
0.1187266856431961
0.1261400729417801
0.12445750832557678
0.12682674825191498
0.12267278879880905
0.1364922821521759
0.11418507248163223
0.12543773651123047
0.11265984922647476
0.11267241835594177
0.14471043646335602
0.11350689828395844
0.11287155747413635
0.12665803730487823
0.11602449417114258
0.1260385662317276
0.12763246893882751
0.11058542132377625
0.11149948090314865
0.11497645080089569
0.12066103518009186
0.13419295847415924
0.11593228578567505
0.11850874871015549
0.1224168911576271
0.12251082062721252
0.11020132899284363
0.11633577942848206
0.10316353291273117
0.11220404505729675
0.12000133097171783
0.1199386790394783
0.11770892143249512
0.1101551204919815
0.1276877075433731
0.11352545022964478
0.12746627628803253
0.10462076961994171
0.11173967272043228
0.12763501703739166
0.11579479277133942
0.11417727917432785
0.11334222555160522
0.12953031063079834
0.12076560407876968
0.11828359216451645
0.1246061623096466
0.12366040796041489
0.11593525856733322
0.11948167532682419
0.11642853170633316
0.10968145728111267
0.1156611368060112
0.10280237346887589
0.11649492383003235
0.11374091356992722
0.11720753461122513
0.11406529694795609
0.12800955772399902
0.11841093748807907
0.12250632047653198
0.10990268737077713
0.12723995745182037
0.12459192425012589
0.11847607046365738
0.11202190071344376
0.12043598294258118
0.1073046624660492
0.11281799525022507
0.12281152606010437
0.12803462147712708
0.11888090521097183
0.11164624243974686
0.10962540656328201
0.11651147902011871
0.1095714271068573
0.11550749093294144
0.11530382186174393
0.09858816862106323
0.11869240552186966
0.10035140812397003
0.12618279457092285
0.1187012791633606
0.10553590208292007
0.10352525115013123
0.13416723906993866
0.11245214194059372
0.12169118225574493
0.12692534923553467
0.09385629743337631
0.119436115026474
0.11358720064163208
0.10883709043264389
0.1334061324596405
0.10950649529695511
0.12137220054864883
0.0998559296131134
0.10284170508384705
0.11425033956766129
0.10592477023601532
0.11635109782218933
0.1041763424873352
0.1212371289730072
0.12069801986217499
0.11153208464384079
0.12129482626914978
0.11747879534959793
0.12150002270936966
0.10588071495294571
0.09632649272680283
0.11659348756074905
0.093544602394104
0.12830689549446106
0.12118041515350342
0.10281591862440109
0.11374380439519882
0.12025657296180725
0.10847587138414383
0.10671907663345337
0.11188510805368423
0.1326235979795456
0.10916516929864883
0.13703681528568268
0.11747743934392929
0.10625775903463364
0.11732634902000427
0.11909162998199463
0.11414878070354462
0.11226838082075119
0.10198349505662918
0.1150769516825676
0.1080164834856987
0.13108894228935242
0.11794272810220718
0.10333653539419174
0.10823101550340652
0.12628884613513947
0.1217469796538353
0.10598107427358627
0.1306265890598297
0.11631633341312408
0.12059630453586578
0.10453340411186218
0.11620207130908966
0.11247994750738144
0.10838104039430618
0.13343435525894165
0.11957645416259766
0.12485306710004807
0.10810135304927826
0.10929291695356369
0.12515726685523987
0.1029394268989563
0.1102447509765625
0.1052318587899208
0.11749523133039474
0.11075148731470108
0.1088513433933258
0.11450448632240295
0.11460253596305847
0.09708505868911743
0.11773515492677689
0.10749422013759613
0.09683885425329208
