0.8101406097412109
0.745989978313446
0.7127125263214111
0.6976357102394104
0.651770293712616
0.6589128375053406
0.6292584538459778
0.609393835067749
0.5980361104011536
0.5960069894790649
0.5684412717819214
0.5494692325592041
0.5432459115982056
0.5382131338119507
0.529376745223999
0.5322859883308411
0.5181988477706909
0.4939596652984619
0.4773205518722534
0.48978397250175476
0.4970155656337738
0.47981375455856323
0.4837914705276489
0.452543705701828
0.4598817527294159
0.4628838896751404
0.45135411620140076
0.44920387864112854
0.4507328271865845
0.4398989677429199
0.432647168636322
0.43566063046455383
0.4289228022098541
0.42728763818740845
0.43082186579704285
0.41377905011177063
0.4155476987361908
0.43262583017349243
0.4092424213886261
0.40484189987182617
0.4110538065433502
0.41343793272972107
0.4060389995574951
0.40809062123298645
0.4018755257129669
0.39913755655288696
0.39035674929618835
0.3907657265663147
0.3843080401420593
0.3930513560771942
0.3974895179271698
0.39901429414749146
0.3895130455493927
0.3933557868003845
0.38683101534843445
0.3906559348106384
0.38253894448280334
0.39674079418182373
0.3818488121032715
0.3820202648639679
0.3725961148738861
0.37461206316947937
0.3878287672996521
0.3852277994155884
0.3764142394065857
0.38549068570137024
0.37503328919410706
0.3893399238586426
0.37451809644699097
0.37211814522743225
0.37607213854789734
0.36750727891921997
0.3752775192260742
0.3679824769496918
0.3757825195789337
0.3780646324157715
0.35860899090766907
0.36428940296173096
0.3804645836353302
0.3739418387413025
0.37248924374580383
0.3623107373714447
0.35597944259643555
0.36483922600746155
0.3604997992515564
0.36445653438568115
0.362149178981781
0.3545697331428528
0.36482861638069153
0.3597325384616852
0.35868945717811584
0.35346877574920654
0.3681946396827698
0.35061702132225037
0.3529057800769806
0.35996773838996887
0.3553256094455719
0.34746792912483215
0.36103570461273193
0.35303065180778503
0.3625894784927368
0.35830745100975037
0.3522689938545227
0.3427591621875763
0.3417039215564728
0.35057416558265686
0.346466988325119
0.34620401263237
0.342758446931839
0.34362247586250305
0.3391936421394348
0.3455739915370941
0.33267295360565186
0.3371306359767914
0.3486846685409546
0.351001113653183
0.3509281873703003
0.3471786379814148
0.3530888557434082
0.3433465361595154
0.3480099141597748
0.3485071659088135
0.349180668592453
0.3343634605407715
0.3575720489025116
0.33793196082115173
0.35122448205947876
0.34617480635643005
0.352266788482666
0.3358851969242096
0.3420330584049225
0.3387857675552368
0.3390067517757416
0.34090521931648254
0.33381929993629456
0.33402618765830994
0.3407452404499054
0.33916711807250977
0.34285107254981995
0.32895538210868835
0.33427125215530396
0.33840468525886536
0.33359038829803467
0.3324611485004425
0.3330323100090027
0.3441183269023895
0.3378681540489197
0.3417077958583832
0.3387635052204132
0.33885493874549866
0.32158756256103516
0.3267669677734375
0.3343299627304077
0.32750260829925537
0.33260414004325867
0.3229205310344696
0.3271508514881134
0.32049989700317383
0.3273354470729828
0.31644925475120544
0.32439282536506653
0.3241526782512665
0.3282032608985901
0.33055204153060913
0.32529762387275696
0.3144165873527527
0.3227185308933258
0.3266742527484894
0.3263600766658783
0.31622371077537537
0.32499638199806213
0.3217858374118805
0.3253695070743561
0.32501012086868286
0.31333398818969727
0.3145119547843933
0.3393646776676178
0.32352814078330994
0.3276616334915161
0.3213570713996887
0.3185209631919861
0.3189816474914551
0.3210141062736511
0.3218831717967987
0.31417492032051086
0.3166707754135132
0.3205902576446533
0.3198894262313843
0.31293535232543945
0.3161730468273163
0.32180795073509216
0.31747567653656006
0.3253118395805359
0.30827128887176514
0.31560030579566956
0.30492183566093445
0.313911497592926
0.31027305126190186
0.30197063088417053
0.308821439743042
0.31258058547973633
0.316392719745636
0.3107997179031372
0.31579867005348206
0.31654268503189087
0.3226635754108429
0.31102317571640015
0.31276869773864746
0.31927490234375
0.31451326608657837
0.32140564918518066
0.31709226965904236
0.3174436390399933
0.3145716190338135
0.3171224892139435
0.30708155035972595
0.30871838331222534
0.3187143802642822
0.31089088320732117
0.31749624013900757
0.3101538419723511
0.31281203031539917
0.3043637275695801
0.30631497502326965
0.31455931067466736
0.3051699101924896
0.3080257177352905
0.29218626022338867
0.3104756772518158
0.29277917742729187
0.3112697899341583
0.31509578227996826
0.3025793135166168
0.3006596565246582
0.3039858639240265
0.3073689043521881
0.31066152453422546
0.30922314524650574
0.30603012442588806
0.3105451464653015
0.3046461343765259
0.31222862005233765
0.2984137237071991
0.30663302540779114
0.3060007691383362
0.30510908365249634
0.29031243920326233
0.30451396107673645
0.30470216274261475
0.29601508378982544
0.2878250181674957
0.3092878460884094
0.2909456193447113
0.3041381537914276
0.293388307094574
0.3002814054489136
0.3050268590450287
0.30411019921302795
0.299834668636322
0.30265846848487854
0.2990328371524811
0.30071932077407837
0.30482903122901917
0.2938278913497925
0.29255425930023193
0.29389405250549316
0.28897732496261597
0.30123722553253174
0.2980066239833832
0.2867216169834137
0.2882559895515442
0.2918075621128082
0.30761101841926575
0.29259392619132996
0.30402711033821106
0.304619163274765
0.2839108407497406
0.2968103885650635
0.2837776839733124
0.2920326292514801
0.29263994097709656
0.284221351146698
0.2853659391403198
0.29337435960769653
0.2876589000225067
0.288575142621994
0.2828005850315094
0.29258811473846436
0.2892100512981415
0.29444420337677
0.2907496988773346
0.2949584126472473
0.2985054552555084
0.2869943082332611
0.29610344767570496
0.28997135162353516
0.29227694869041443
0.28083866834640503
0.2860724925994873
0.28411799669265747
0.28892970085144043
0.28714683651924133
0.28360071778297424
0.28291118144989014
0.2766008675098419
0.2910517454147339
0.28313252329826355
0.2817029058933258
0.28767549991607666
0.29511359333992004
0.2916276752948761
0.2775973379611969
0.279941201210022
0.28173598647117615
0.2870258092880249
0.3007299304008484
0.2863251268863678
0.278246134519577
0.2882845997810364
0.2778244912624359
0.2936265468597412
0.28827372193336487
0.2870458662509918
0.28847193717956543
0.2775866985321045
0.27576392889022827
0.2900516092777252
0.278112530708313
0.27353987097740173
0.27814781665802
0.2849080562591553
0.2840750217437744
0.27893003821372986
0.28247010707855225
0.27791568636894226
0.2802148163318634
0.2810208201408386
0.27950727939605713
0.2795584201812744
0.28544268012046814
0.28077080845832825
0.27740052342414856
0.27617591619491577
0.28238633275032043
0.28466060757637024
0.2730010747909546
0.273372083902359
0.27461156249046326
0.27965763211250305
0.2785186767578125
0.28095245361328125
0.2779446244239807
0.2776373624801636
0.28255313634872437
0.27703288197517395
0.2694905400276184
0.2938283085823059
0.2788941264152527
0.2807082533836365
0.28002774715423584
0.27489331364631653
0.2840510904788971
0.2746649980545044
0.27921009063720703
0.2730894088745117
0.2829946279525757
0.2751898169517517
0.27771127223968506
0.2802678644657135
0.28427425026893616
0.28694823384284973
0.27221909165382385
0.2822040617465973
0.2724851667881012
0.28445541858673096
0.27002134919166565
0.27798429131507874
0.2772436738014221
0.2756802439689636
0.2782266139984131
0.2740592956542969
0.2754364013671875
0.27751973271369934
0.2792593240737915
0.2835444509983063
0.27744463086128235
0.27473437786102295
0.2642718255519867
0.2782615125179291
0.2791062593460083
0.2723400294780731
0.26715415716171265
0.28597187995910645
0.2771528363227844
0.2795441150665283
0.2778433561325073
0.2802887260913849
0.27515101432800293
0.2736063301563263
0.2770220935344696
0.2698083221912384
0.27077773213386536
0.2853516638278961
0.28079497814178467
0.2678004503250122
0.27619239687919617
0.2748155891895294
0.2762277126312256
0.2807938754558563
0.2724490761756897
0.2816113531589508
0.2802807688713074
0.2767650783061981
0.27707594633102417
0.2720869481563568
0.2718394100666046
0.28406623005867004
0.2803814113140106
0.270906001329422
0.27325087785720825
0.2788006067276001
0.27089181542396545
0.26291781663894653
0.27763816714286804
0.2773919403553009
0.2712346911430359
0.27913546562194824
0.27617403864860535
0.2755102515220642
0.27951011061668396
0.2730141580104828
0.26780110597610474
0.27857398986816406
0.27158433198928833
0.2654305696487427
0.27998849749565125
0.2725161910057068
0.2704690992832184
0.26909759640693665
0.27730217576026917
0.2714044153690338
0.2751014828681946
0.28281182050704956
0.26625314354896545
0.2658650279045105
0.2768210172653198
0.2764016091823578
0.27649199962615967
0.2693026661872864
0.2708554267883301
0.27336010336875916
0.2819802761077881
0.2725903391838074
0.2701047956943512
0.27439382672309875
0.2664068937301636
0.2733944058418274
0.26511138677597046
0.2723510265350342
0.2604420483112335
0.2682192921638489
0.263637900352478
0.27338162064552307
0.27000492811203003
0.2669755816459656
0.26843932271003723
0.26744896173477173
0.2709963023662567
0.2725764811038971
0.2653345465660095
0.26961851119995117
0.26869291067123413
0.276059091091156
0.27047836780548096
0.2643161118030548
0.25917795300483704
0.2742447853088379
0.26842445135116577
0.2705360949039459
0.26882144808769226
0.2672558128833771
0.2736662030220032
0.27072420716285706
0.2730622887611389
0.2598867118358612
0.27251753211021423
0.272694855928421
0.27447858452796936
0.2730829119682312
0.2720213830471039
0.2743474543094635
0.26484614610671997
0.26520323753356934
0.26501399278640747
0.2710180878639221
0.2709588408470154
0.2624393403530121
0.27346107363700867
0.2715517282485962
0.2632318139076233
0.26966458559036255
0.2658955454826355
0.2673666775226593
0.2552576959133148
0.2661806643009186
0.26344141364097595
0.2670692801475525
0.2645348310470581
0.2792680561542511
0.2725602984428406
0.26773542165756226
0.26384609937667847
0.2762666642665863
0.2696487605571747
0.26919808983802795
0.2629914879798889
0.26958632469177246
0.2624672055244446
0.27640435099601746
0.27202120423316956
0.2752407193183899
0.2674667239189148
0.26959291100502014
0.2706620991230011
0.2753845751285553
0.2686317563056946
0.27160921692848206
0.2594946026802063
0.2662082612514496
0.26555559039115906
0.27225354313850403
0.26818183064460754
0.2700943648815155
0.2644871771335602
0.27131929993629456
0.2719002962112427
0.2594810128211975
0.2591027617454529
0.2732621431350708
0.27102646231651306
0.2624853849411011
0.272301584482193
0.2769041061401367
0.26707300543785095
0.2693602442741394
0.25923192501068115
0.2650291621685028
0.267070472240448
0.25583383440971375
0.26686573028564453
0.27470821142196655
0.2679237127304077
0.265097975730896
0.26715150475502014
0.2808097302913666
0.26923713088035583
0.26743027567863464
0.26788899302482605
0.26362940669059753
0.2662729024887085
0.2610335648059845
0.2621982991695404
0.2686135470867157
0.262535035610199
0.26931944489479065
0.27131766080856323
0.2716314196586609
0.25829464197158813
0.27158454060554504
0.25922220945358276
0.2714538872241974
0.27145877480506897
0.2655511498451233
0.2649199962615967
0.2777712941169739
0.276143342256546
0.25988271832466125
0.27882853150367737
0.2686351537704468
0.2680559456348419
0.26486271619796753
0.26796048879623413
0.27244195342063904
0.27269986271858215
0.25996264815330505
0.26591721177101135
0.2726088762283325
0.2650110721588135
0.26803985238075256
0.2651130259037018
0.2720164656639099
0.2723515033721924
0.2709406018257141
0.26356807351112366
0.25436413288116455
0.27071499824523926
0.27089405059814453
0.26926562190055847
0.2724289298057556
0.27716168761253357
0.25348836183547974
0.26599523425102234
0.269991010427475
0.2667006850242615
0.26347631216049194
0.2507873773574829
0.2669268548488617
0.26058700680732727
0.259024053812027
0.2657969892024994
0.2745419442653656
0.27427732944488525
0.2668919563293457
0.25785040855407715
0.26944464445114136
0.26476234197616577
0.27124130725860596
0.2590847909450531
0.257437139749527
0.2707328498363495
0.2768159806728363
0.26972368359565735
0.2555961608886719
0.27259546518325806
0.2569918632507324
0.27017998695373535
0.2607198655605316
0.26252448558807373
0.26806530356407166
0.2665039300918579
0.27043354511260986
0.25714266300201416
0.2701786756515503
0.2661893963813782
0.26992616057395935
0.26666611433029175
0.2592230439186096
0.2677442133426666
0.26481708884239197
0.27207788825035095
0.269906610250473
0.25714951753616333
0.2590610682964325
0.27124619483947754
0.26331308484077454
0.26736146211624146
0.2660526633262634
0.2631951570510864
0.26545676589012146
0.26628103852272034
0.2672733962535858
0.2663940489292145
0.2645002007484436
0.25713518261909485
0.2656185030937195
0.27108535170555115
0.27696552872657776
0.26250898838043213
0.26922720670700073
0.2713473439216614
0.26498842239379883
0.26247453689575195
0.26564696431159973
0.2715510427951813
0.26921990513801575
0.269665002822876
0.27044689655303955
0.26168292760849
0.27518779039382935
0.27033764123916626
0.27031800150871277
0.26590314507484436
0.26410385966300964
0.26596611738204956
0.2658241391181946
0.2632491886615753
0.2626945972442627
0.2644771337509155
0.26682522892951965
0.2683492600917816
0.26579269766807556
0.2714390754699707
0.26982375979423523
0.2699435353279114
0.26774922013282776
0.2568904757499695
0.2594086229801178
0.2718728482723236
0.27243518829345703
0.2708777189254761
0.2657293677330017
0.2712650001049042
0.25594812631607056
0.26946336030960083
0.26908379793167114
0.2568233609199524
0.2654876410961151
0.2675122022628784
0.25592613220214844
0.272884726524353
0.2557632029056549
0.2677465081214905
0.27130037546157837
0.27157726883888245
0.26865509152412415
0.27225813269615173
0.26814568042755127
0.2681616246700287
0.2680203318595886
0.2778390049934387
0.26108959317207336
0.26656001806259155
0.25583726167678833
0.25901684165000916
0.26107057929039
