0.7648361921310425
0.5484021902084351
0.49502450227737427
0.46117421984672546
0.43855080008506775
0.4208354651927948
0.39058786630630493
0.379467248916626
0.3809191882610321
0.36307695508003235
0.35918256640434265
0.3740430176258087
0.33764445781707764
0.3526272773742676
0.3432639539241791
0.33794915676116943
0.3262555003166199
0.313565731048584
0.31508705019950867
0.3156885504722595
0.3228752017021179
0.32619738578796387
0.306583970785141
0.30516067147254944
0.2934204638004303
0.28424933552742004
0.28953343629837036
0.29468637704849243
0.2925818860530853
0.2939247190952301
0.27670198678970337
0.27506276965141296
0.286770761013031
0.2905769348144531
0.2779361307621002
0.2725517749786377
0.27597135305404663
0.2699788212776184
0.2739737331867218
0.26340436935424805
0.2708204686641693
0.259529709815979
0.2632902264595032
0.2520880103111267
0.25781160593032837
0.2421184778213501
0.2575708329677582
0.24971863627433777
0.24544213712215424
0.24135518074035645
0.2523258626461029
0.24259017407894135
0.2511955201625824
0.23855264484882355
0.24528734385967255
0.23028476536273956
0.2380048781633377
0.24483375251293182
0.23643578588962555
0.22162584960460663
0.23425328731536865
0.2236698418855667
0.22913116216659546
0.2253832072019577
0.2092471420764923
0.2177359014749527
0.2262006551027298
0.21379327774047852
0.2109351009130478
0.22743010520935059
0.23547467589378357
0.22969602048397064
0.22561079263687134
0.2015436291694641
0.2247007191181183
0.23093561828136444
0.219452902674675
0.20064927637577057
0.20392394065856934
0.20371924340724945
0.19990603625774384
0.1945803016424179
0.19903811812400818
0.19714662432670593
0.19679011404514313
0.20191353559494019
0.19285158812999725
0.17712000012397766
0.18506775796413422
0.19297002255916595
0.1961185485124588
0.17247523367404938
0.18499372899532318
0.18020471930503845
0.1778687983751297
0.1866503655910492
0.18375857174396515
0.1753569096326828
0.17865341901779175
0.2040538191795349
0.17818406224250793
0.187289759516716
0.1727762222290039
0.17001067101955414
0.1676889955997467
0.18096458911895752
0.16132138669490814
0.17422252893447876
0.1565181165933609
0.18818701803684235
0.1838998943567276
0.16309754550457
0.16655772924423218
0.1656419038772583
0.16358844935894012
0.16520005464553833
0.1521131694316864
0.16578792035579681
0.1531403660774231
0.1530323624610901
0.16480745375156403
0.14573797583580017
0.15540571510791779
0.16456042230129242
0.14544309675693512
0.1613234281539917
0.14036892354488373
0.14273425936698914
0.14181862771511078
0.16028578579425812
0.1654437631368637
0.15312404930591583
0.15124081075191498
0.160292848944664
0.15427391231060028
0.1527862250804901
0.14855755865573883
0.15688036382198334
0.13716568052768707
0.14569023251533508
0.1424189805984497
0.1351504623889923
0.13688510656356812
0.12961453199386597
0.13264255225658417
0.14202210307121277
0.13348014652729034
0.14246034622192383
0.1418674737215042
0.13625086843967438
0.1416315883398056
0.13017474114894867
0.12779855728149414
0.1395980566740036
0.13626478612422943
0.13454557955265045
0.13063757121562958
0.14561523497104645
0.1441822201013565
0.12965747714042664
0.13875368237495422
0.1255398392677307
0.14312425255775452
0.12282753735780716
0.1260855495929718
0.13343684375286102
0.12800009548664093
0.12591741979122162
0.135093554854393
0.11821185052394867
0.13071174919605255
0.12871837615966797
0.12598346173763275
0.13552671670913696
0.11158890277147293
0.12969931960105896
0.13007581233978271
0.13388469815254211
0.1265466809272766
0.12630651891231537
0.1253282129764557
0.12565116584300995
0.13364577293395996
0.11514242738485336
0.12425405532121658
0.11951451003551483
0.1305813491344452
0.12337181717157364
0.11580603569746017
0.1255837380886078
0.11996491998434067
0.1352633833885193
0.1124817356467247
0.13380491733551025
0.10300981253385544
0.12098181992769241
0.10803411900997162
0.10765165090560913
0.12660130858421326
0.1180642768740654
0.1201329231262207
0.12076409161090851
0.11069026589393616
0.11090285331010818
0.12419208139181137
0.1193205714225769
0.12233518809080124
0.11398567259311676
0.11354626715183258
0.12334785610437393
0.1065952479839325
0.11203837394714355
0.10708170384168625
0.10294391959905624
0.1183326318860054
0.11198077350854874
0.11115334182977676
0.13010166585445404
0.10869826376438141
0.11553052812814713
0.10032545775175095
0.11923392117023468
0.10861764848232269
0.12314481288194656
0.11738074570894241
0.1114744246006012
0.10466926544904709
0.10476670414209366
0.11271625757217407
0.10789775848388672
0.10331999510526657
0.12054838985204697
0.1206866204738617
0.10344774276018143
0.10856396704912186
0.1191830262541771
0.10592830926179886
0.10808931291103363
0.09785500913858414
0.11507585644721985
0.09462054073810577
0.11402725428342819
0.10173708200454712
0.10064319521188736
0.10894805192947388
0.09474949538707733
0.11219149082899094
0.10573535412549973
0.09084711968898773
0.0960935428738594
0.09810088574886322
0.09754300117492676
0.09865325689315796
0.10322953760623932
0.1203855350613594
0.09515316039323807
0.09413169324398041
0.11435795575380325
0.11302748322486877
0.0967225432395935
0.10348480939865112
0.08597524464130402
0.10731443017721176
0.09290379285812378
0.0872463658452034
0.08711768686771393
0.10847166180610657
0.09700821340084076
0.10057225078344345
0.10063856840133667
0.0812401995062828
0.09087780117988586
0.0926850438117981
0.10013613849878311
0.10809145867824554
0.09571820497512817
0.09498096257448196
0.09289998561143875
0.09413211792707443
0.09643708914518356
0.09975069761276245
0.09755752980709076
0.09930289536714554
0.09826113283634186
0.09225945919752121
0.08506034314632416
0.09325992316007614
0.09708511829376221
0.0910419300198555
0.09960569441318512
0.09599415212869644
0.08759218454360962
0.10014704614877701
0.09698458760976791
0.1024327501654625
0.09290464222431183
0.091423898935318
0.08942659199237823
0.09894722700119019
0.09021599590778351
0.09261886775493622
0.09389191120862961
0.10931643843650818
0.0949256420135498
0.09387478232383728
0.09332270920276642
0.08452976495027542
0.09072695672512054
0.09419005364179611
0.0946492850780487
0.08223646879196167
0.11686145514249802
0.0988805890083313
0.07951507717370987
0.08365587145090103
0.1034371480345726
0.09816144406795502
0.08994992822408676
0.09242048114538193
0.09423356503248215
0.08495058119297028
0.08306633681058884
0.09673592448234558
0.09125986695289612
0.08374734967947006
0.08747673779726028
0.09858955442905426
0.09076368063688278
0.07943229377269745
0.09607298672199249
0.09210103750228882
0.08261855691671371
0.09422418475151062
0.08217320591211319
0.08918496966362
0.09366636723279953
0.08376284688711166
0.09022627025842667
0.0862513929605484
0.09648644179105759
0.0908944234251976
0.08313019573688507
0.0818386822938919
0.0846698060631752
0.07316545397043228
0.08173361420631409
0.10203184932470322
0.09932296723127365
0.09280256181955338
0.07374213635921478
0.08363141119480133
0.08103178441524506
0.08478027582168579
0.07809829711914062
0.0752200335264206
0.08425018936395645
0.08411075174808502
0.07551609724760056
0.07643354684114456
0.07942270487546921
0.08446493744850159
0.08137279003858566
0.0861092358827591
0.09016638249158859
0.08392367511987686
0.08522702008485794
0.08913981169462204
0.08137543499469757
0.0869264006614685
0.08373842388391495
0.0810481607913971
0.09711601585149765
0.07650934159755707
0.08446773886680603
0.07310997694730759
0.08175613731145859
0.08099789917469025
0.08524870127439499
0.08485596626996994
0.07216453552246094
0.0705685019493103
0.08085452020168304
0.08922940492630005
0.08922648429870605
0.08306319266557693
0.08344444632530212
0.08570197224617004
0.09079967439174652
0.0806378424167633
0.07774412631988525
0.08385471254587173
0.0689108818769455
0.08345580846071243
0.06765761226415634
0.0683906301856041
0.08542701601982117
0.06899325549602509
0.09389393776655197
0.07118826359510422
0.08786161988973618
0.0754706859588623
0.08580737560987473
0.08807958662509918
0.07281827181577682
0.0826113373041153
0.08209332078695297
0.09079253673553467
0.07708907872438431
0.08014553040266037
0.07567547261714935
0.08623388409614563
0.09167256206274033
0.08209620416164398
0.07966379076242447
0.0766560360789299
0.07786203175783157
0.09601262956857681
0.07747821509838104
0.06863417476415634
0.07384603470563889
0.10209190100431442
0.08081622421741486
0.07275711745023727
0.07731730490922928
0.07475895434617996
0.06802847981452942
0.06893002986907959
0.07515368610620499
0.07276468724012375
0.09147121757268906
0.08302251249551773
0.09208586812019348
0.07495970278978348
0.07900293916463852
0.07048798352479935
0.06604800373315811
0.08938425034284592
0.07698172330856323
0.08702265471220016
0.06704933196306229
0.0685349777340889
0.08287937194108963
0.06792336702346802
0.09496405720710754
0.07292594015598297
0.08229152113199234
0.07685809582471848
0.07489494234323502
0.07819405943155289
0.0684758871793747
0.06966248899698257
0.08254954218864441
0.08553283661603928
0.07578440755605698
0.06781690567731857
0.07157942652702332
0.07453697174787521
0.08768399804830551
0.08030317723751068
0.07713004946708679
0.07141297310590744
0.07538457214832306
0.06675349175930023
0.08304464817047119
0.08203963935375214
0.08588830381631851
0.07666468620300293
0.07720857858657837
0.07387830317020416
0.08604466170072556
0.08092714101076126
0.08313949406147003
0.07920365780591965
0.07085030525922775
0.07705850899219513
0.08281218260526657
0.071317657828331
0.0710497722029686
0.07632482796907425
0.07437281310558319
0.08622673153877258
0.07631045579910278
0.07960247993469238
0.08117745071649551
0.0835462361574173
0.07525607943534851
0.09176622331142426
0.07458209991455078
0.07310254871845245
0.07958140224218369
0.07313598692417145
0.0879564881324768
0.08259063214063644
0.06803756952285767
0.07997693121433258
0.0690355896949768
0.06966360658407211
0.06692808121442795
0.07698449492454529
0.08215025812387466
0.07612720131874084
0.07307416945695877
0.07889913767576218
0.0730234757065773
0.08471991121768951
0.07490826398134232
0.07323658466339111
0.08758146315813065
0.07384569197893143
0.07576574385166168
0.08251611143350601
0.07623999565839767
0.08886392414569855
0.07097947597503662
0.09137306362390518
0.07058107107877731
0.07220626622438431
0.07443992793560028
0.07728898525238037
0.06934073567390442
0.07512438297271729
0.07268630713224411
0.07978135347366333
0.06922087073326111
0.07481750100851059
0.07146681100130081
0.07306598126888275
0.06547611206769943
0.08282002806663513
0.07569687068462372
0.0761023461818695
0.05953048914670944
0.08132483810186386
0.0611114501953125
0.07216610759496689
0.07499226182699203
0.06918983906507492
0.08206204324960709
0.07868963479995728
0.08168705552816391
0.0758860856294632
0.07126279920339584
0.06624199450016022
0.07436319440603256
0.08209165930747986
0.08124050498008728
0.07959850877523422
0.062412653118371964
0.07848932594060898
0.07399504631757736
0.08251068741083145
0.07388501614332199
0.07039180397987366
0.06851968169212341
0.07349786162376404
0.07496955245733261
0.07351185381412506
0.06897444278001785
0.08432100713253021
0.06885500997304916
0.07452816516160965
0.0810476765036583
0.0876452624797821
0.0740022361278534
0.06767193973064423
0.06690748780965805
0.06887872517108917
0.06799261271953583
0.08262042701244354
0.07335072755813599
0.062641441822052
0.06586521863937378
0.06948872655630112
0.06542866677045822
0.07675114274024963
0.08326021581888199
0.06932617723941803
0.07583394646644592
0.08183686435222626
0.06530807912349701
0.05518351122736931
0.058763545006513596
0.07183179259300232
0.06661462038755417
0.07998951524496078
0.07772154361009598
0.07446004450321198
0.07954347133636475
0.06996247172355652
0.07405131310224533
0.0674014613032341
0.07862706482410431
0.07246919721364975
0.06685798615217209
0.08810288459062576
0.06805119663476944
0.0757291242480278
0.07513933628797531
0.07085458189249039
0.08213252574205399
0.07779920846223831
