0.5498442649841309
0.5264797210693359
0.5155763030052185
0.49221184849739075
0.5482866168022156
0.514018714427948
0.5654205679893494
0.5809968709945679
0.5794392228126526
0.573208749294281
0.5700934529304504
0.6105918884277344
0.5794392228126526
0.6246106028556824
0.6526479721069336
0.6308411359786987
0.6152647733688354
0.6697819232940674
0.6682242751121521
0.6853582262992859
0.7056074738502502
0.704049825668335
0.7165108919143677
0.7258567214012146
0.7336448431015015
0.767912745475769
0.7507787942886353
0.7601246237754822
0.7710280418395996
0.7554517388343811
0.7601246237754822
0.7741432785987854
0.7507787942886353
0.795950174331665
0.7866043448448181
0.795950174331665
0.7912772297859192
0.8084112405776978
0.781931459903717
0.8130841255187988
0.7975077629089355
0.8146417737007141
0.8052959442138672
0.8037382960319519
0.836448609828949
0.8442367315292358
0.8426791429519653
0.8302180767059326
0.8146417737007141
0.8426791429519653
0.8333333134651184
0.8504672646522522
0.8302180767059326
0.836448609828949
0.8286604285240173
0.8317757248878479
0.8489096760749817
0.8457943797111511
0.836448609828949
0.8489096760749817
0.8582554459571838
0.8535825610160828
0.8504672646522522
0.8520249128341675
0.8473520278930664
0.855140209197998
0.8426791429519653
0.8582554459571838
0.8504672646522522
0.8598130941390991
0.8504672646522522
0.8504672646522522
0.855140209197998
0.8473520278930664
0.8520249128341675
0.8582554459571838
0.8520249128341675
0.8520249128341675
0.8613707423210144
0.8566977977752686
0.8426791429519653
0.8722741603851318
0.8566977977752686
0.8426791429519653
0.8613707423210144
0.8473520278930664
0.855140209197998
0.8644859790802002
0.8582554459571838
0.8566977977752686
0.8598130941390991
0.8566977977752686
0.855140209197998
0.8598130941390991
0.8535825610160828
0.8769470453262329
0.8613707423210144
0.8722741603851318
0.8629283308982849
0.8566977977752686
0.8629283308982849
0.8738317489624023
0.8691588640213013
0.8629283308982849
0.8644859790802002
0.8753893971443176
0.8707165122032166
0.8660436272621155
0.8629283308982849
0.8691588640213013
0.8473520278930664
0.8613707423210144
0.8535825610160828
0.8738317489624023
0.8598130941390991
0.8707165122032166
0.8738317489624023
0.8847352266311646
0.8738317489624023
0.8769470453262329
0.8582554459571838
0.8707165122032166
0.8707165122032166
0.8691588640213013
0.8722741603851318
0.8722741603851318
0.8582554459571838
0.881619930267334
0.8598130941390991
0.8831775784492493
0.8800622820854187
0.8676012754440308
0.8644859790802002
0.8753893971443176
0.881619930267334
0.881619930267334
0.8738317489624023
0.8722741603851318
0.8831775784492493
0.8722741603851318
0.8722741603851318
0.881619930267334
0.8800622820854187
0.8707165122032166
0.8800622820854187
0.8676012754440308
0.8707165122032166
0.881619930267334
0.8722741603851318
0.881619930267334
0.8925233483314514
0.8753893971443176
0.881619930267334
0.8598130941390991
0.8707165122032166
0.8769470453262329
0.8691588640213013
0.8707165122032166
0.8676012754440308
0.8676012754440308
0.8785046935081482
0.8738317489624023
0.8785046935081482
0.8909657597541809
0.8800622820854187
0.8847352266311646
0.8847352266311646
0.8847352266311646
0.8738317489624023
0.8847352266311646
0.8862928152084351
0.8707165122032166
0.8800622820854187
0.8769470453262329
0.8691588640213013
0.8800622820854187
0.8785046935081482
0.8800622820854187
0.881619930267334
0.8691588640213013
0.8940809965133667
0.8909657597541809
0.8862928152084351
0.8691588640213013
0.8785046935081482
0.8800622820854187
0.8753893971443176
0.8738317489624023
0.8769470453262329
0.8800622820854187
0.881619930267334
0.8909657597541809
0.8831775784492493
0.8909657597541809
0.8753893971443176
0.8785046935081482
0.8831775784492493
0.8925233483314514
0.8909657597541809
0.8753893971443176
0.8862928152084351
0.8909657597541809
0.8862928152084351
0.8644859790802002
0.8785046935081482
0.8691588640213013
0.881619930267334
0.895638644695282
0.8925233483314514
0.8847352266311646
0.8940809965133667
0.8831775784492493
0.8878504633903503
0.895638644695282
0.8878504633903503
0.881619930267334
0.8925233483314514
0.8894081115722656
0.8909657597541809
0.8940809965133667
0.8909657597541809
0.895638644695282
0.8862928152084351
0.8909657597541809
0.8909657597541809
0.8971962332725525
0.8940809965133667
0.8800622820854187
0.8769470453262329
0.895638644695282
0.8878504633903503
0.8925233483314514
0.8862928152084351
0.895638644695282
0.8847352266311646
0.881619930267334
0.9003115296363831
0.8987538814544678
0.8894081115722656
0.895638644695282
0.8940809965133667
0.8971962332725525
0.8878504633903503
0.9018691778182983
0.8862928152084351
0.8909657597541809
0.895638644695282
0.8894081115722656
0.895638644695282
0.9065420627593994
0.895638644695282
0.8878504633903503
0.9018691778182983
0.8971962332725525
0.9080997109413147
0.8925233483314514
0.8862928152084351
0.8847352266311646
0.8940809965133667
0.8894081115722656
0.8909657597541809
0.8894081115722656
0.895638644695282
0.8878504633903503
0.8909657597541809
0.8878504633903503
0.895638644695282
0.8909657597541809
0.8909657597541809
0.8894081115722656
0.8909657597541809
0.8987538814544678
0.8909657597541809
0.8894081115722656
0.8940809965133667
0.895638644695282
0.8940809965133667
0.8894081115722656
0.8940809965133667
0.9034267663955688
0.9034267663955688
0.8925233483314514
0.9034267663955688
0.9096572995185852
0.8862928152084351
0.9003115296363831
0.8909657597541809
0.9003115296363831
0.9003115296363831
0.9003115296363831
0.9018691778182983
0.8940809965133667
0.9127725958824158
0.8940809965133667
0.8878504633903503
0.8909657597541809
0.9034267663955688
0.8940809965133667
0.9065420627593994
0.8909657597541809
0.8769470453262329
0.8971962332725525
0.895638644695282
0.8987538814544678
0.8987538814544678
0.9018691778182983
0.895638644695282
0.8878504633903503
0.895638644695282
0.895638644695282
0.8971962332725525
0.914330244064331
0.8862928152084351
0.8971962332725525
0.9049844145774841
0.8925233483314514
0.8940809965133667
0.8971962332725525
0.8847352266311646
0.8971962332725525
0.8971962332725525
0.9049844145774841
0.8847352266311646
0.9049844145774841
0.9003115296363831
0.8925233483314514
0.9034267663955688
0.9049844145774841
0.9065420627593994
0.914330244064331
0.9034267663955688
0.9034267663955688
0.9049844145774841
0.8940809965133667
0.9080997109413147
0.9003115296363831
0.9080997109413147
0.9096572995185852
0.8894081115722656
0.8894081115722656
0.9018691778182983
0.9112149477005005
0.8894081115722656
0.8847352266311646
0.9018691778182983
0.9034267663955688
0.9018691778182983
0.8878504633903503
0.8894081115722656
0.8971962332725525
0.8925233483314514
0.8925233483314514
0.9096572995185852
0.9003115296363831
0.9018691778182983
0.8940809965133667
0.895638644695282
0.9127725958824158
0.9049844145774841
0.9049844145774841
0.9112149477005005
0.895638644695282
0.895638644695282
0.9127725958824158
0.8878504633903503
0.8987538814544678
0.8831775784492493
0.9003115296363831
0.8940809965133667
0.8894081115722656
0.9049844145774841
0.9080997109413147
0.9096572995185852
0.9034267663955688
0.8971962332725525
0.8987538814544678
0.8847352266311646
0.8909657597541809
0.9065420627593994
0.9065420627593994
0.9003115296363831
0.9112149477005005
0.9127725958824158
0.9065420627593994
0.9034267663955688
0.8909657597541809
0.9096572995185852
0.8971962332725525
0.895638644695282
0.9034267663955688
0.9018691778182983
0.9003115296363831
0.9096572995185852
0.9018691778182983
0.9096572995185852
0.8878504633903503
0.9049844145774841
0.9096572995185852
0.8987538814544678
0.9034267663955688
0.8987538814544678
0.9127725958824158
0.9112149477005005
0.8894081115722656
0.9034267663955688
0.895638644695282
0.914330244064331
0.9034267663955688
0.9065420627593994
0.895638644695282
0.9049844145774841
0.9003115296363831
0.9018691778182983
0.9003115296363831
0.9065420627593994
0.9096572995185852
0.9003115296363831
0.9127725958824158
0.9065420627593994
0.9018691778182983
0.9080997109413147
0.9127725958824158
0.9049844145774841
0.9158878326416016
0.9018691778182983
0.8894081115722656
0.9112149477005005
0.895638644695282
0.9080997109413147
0.8831775784492493
0.9049844145774841
0.9065420627593994
0.9034267663955688
0.9018691778182983
0.9018691778182983
0.8971962332725525
0.9034267663955688
0.9018691778182983
0.9003115296363831
0.9080997109413147
0.9034267663955688
0.9127725958824158
0.9018691778182983
0.9018691778182983
0.9034267663955688
0.9127725958824158
0.9080997109413147
0.9049844145774841
0.9080997109413147
0.9080997109413147
0.9127725958824158
0.8909657597541809
0.9049844145774841
0.9003115296363831
0.9127725958824158
0.8987538814544678
0.9049844145774841
0.9049844145774841
0.9127725958824158
0.9080997109413147
0.8925233483314514
0.9018691778182983
0.9112149477005005
0.9065420627593994
0.8971962332725525
0.9034267663955688
0.9065420627593994
0.9049844145774841
0.9080997109413147
0.8894081115722656
0.9018691778182983
0.9049844145774841
0.9080997109413147
0.8971962332725525
0.8971962332725525
0.9034267663955688
0.8925233483314514
0.914330244064331
0.9112149477005005
0.9003115296363831
0.8909657597541809
0.9003115296363831
0.8940809965133667
0.9034267663955688
0.8909657597541809
0.9003115296363831
0.9127725958824158
0.9018691778182983
0.9065420627593994
0.9158878326416016
0.9096572995185852
0.9003115296363831
0.8987538814544678
0.8987538814544678
0.9127725958824158
0.9018691778182983
0.9049844145774841
0.9003115296363831
0.9049844145774841
0.9112149477005005
0.8878504633903503
0.9096572995185852
0.9049844145774841
0.9049844145774841
0.914330244064331
0.8971962332725525
0.9049844145774841
0.9174454808235168
0.9065420627593994
0.9049844145774841
0.9065420627593994
0.9080997109413147
0.8971962332725525
0.9018691778182983
0.9112149477005005
0.9127725958824158
0.9049844145774841
0.9158878326416016
0.9080997109413147
0.8987538814544678
0.9034267663955688
0.9252336621284485
0.8940809965133667
0.9049844145774841
0.9096572995185852
0.9018691778182983
0.8894081115722656
0.9112149477005005
0.914330244064331
0.8987538814544678
0.9003115296363831
0.895638644695282
0.9080997109413147
0.9080997109413147
0.9096572995185852
0.895638644695282
0.9080997109413147
0.9112149477005005
0.9049844145774841
0.895638644695282
0.9158878326416016
0.8987538814544678
0.9127725958824158
0.9174454808235168
0.9080997109413147
0.9158878326416016
0.895638644695282
0.914330244064331
0.9018691778182983
0.9034267663955688
0.9018691778182983
0.9065420627593994
0.9065420627593994
0.9018691778182983
0.9112149477005005
0.9065420627593994
0.9034267663955688
0.9112149477005005
0.914330244064331
0.9018691778182983
0.9049844145774841
0.9127725958824158
0.9049844145774841
0.9158878326416016
0.9127725958824158
0.9127725958824158
0.9190031290054321
0.895638644695282
0.9080997109413147
0.8971962332725525
0.9034267663955688
0.9096572995185852
0.9127725958824158
0.9158878326416016
0.9080997109413147
0.9252336621284485
0.9049844145774841
0.9158878326416016
0.9127725958824158
0.9112149477005005
0.9065420627593994
0.9065420627593994
0.9080997109413147
0.8940809965133667
0.9034267663955688
0.9065420627593994
0.9018691778182983
0.9049844145774841
0.9112149477005005
0.9049844145774841
0.9127725958824158
0.8987538814544678
0.9080997109413147
0.9158878326416016
0.9049844145774841
0.9127725958824158
0.9127725958824158
0.8971962332725525
0.914330244064331
0.9049844145774841
0.8987538814544678
0.9049844145774841
0.8847352266311646
0.895638644695282
0.9003115296363831
0.9080997109413147
0.9065420627593994
0.914330244064331
0.9003115296363831
0.9080997109413147
0.9127725958824158
0.9127725958824158
0.9049844145774841
0.9190031290054321
0.9003115296363831
0.9096572995185852
0.9049844145774841
0.9018691778182983
0.9034267663955688
0.9112149477005005
