0.8165417909622192
0.7094926834106445
0.6786094903945923
0.6630728244781494
0.6323384046554565
0.6213518977165222
0.6085054874420166
0.5657875537872314
0.5807408690452576
0.5662910342216492
0.5404025316238403
0.5135181546211243
0.48832032084465027
0.4753826856613159
0.46155989170074463
0.5264783501625061
0.47924676537513733
0.47687509655952454
0.46150949597358704
0.4427972137928009
0.4374872148036957
0.4365069568157196
0.4592032730579376
0.4446115493774414
0.430168092250824
0.4270903170108795
0.4316818416118622
0.42427143454551697
0.4062249958515167
0.439327210187912
0.40632835030555725
0.4090938866138458
0.4259747564792633
0.41152745485305786
0.4001833200454712
0.4112425744533539
0.3960173726081848
0.4178394079208374
0.39678844809532166
0.4100538194179535
0.38929685950279236
0.3604268431663513
0.39617908000946045
0.3777424097061157
0.38438090682029724
0.3912374675273895
0.38081982731819153
0.38442546129226685
0.3730185329914093
0.38901644945144653
0.3564155697822571
0.3735671639442444
0.3453220725059509
0.3424499034881592
0.36990806460380554
0.38331177830696106
0.35754334926605225
0.3674507141113281
0.34433242678642273
0.36819159984588623
0.35503697395324707
0.3501626253128052
0.3391808271408081
0.35555535554885864
0.33903875946998596
0.36586427688598633
0.32930058240890503
0.3271779716014862
0.34433794021606445
0.33820638060569763
0.3392221927642822
0.35398852825164795
0.3458849787712097
0.3551027476787567
0.3245861828327179
0.345390260219574
0.31941843032836914
0.32604655623435974
0.33609098196029663
0.33617499470710754
0.31529682874679565
0.3253522217273712
0.34656307101249695
0.33301329612731934
0.3276602029800415
0.33816003799438477
0.3354845941066742
0.34277260303497314
0.3109177350997925
0.3100805878639221
0.3119553327560425
0.3193615972995758
0.3105544447898865
0.3168345093727112
0.328861266374588
0.30952125787734985
0.3120060861110687
0.3186933994293213
0.31979236006736755
0.31628191471099854
0.3127405643463135
0.31309351325035095
0.32297182083129883
0.31515324115753174
0.3044082820415497
0.30443572998046875
0.3153539001941681
0.31099310517311096
0.3157122731208801
0.3260708749294281
0.30242908000946045
0.3054012656211853
0.30271777510643005
0.29115647077560425
0.31229013204574585
0.2990732491016388
0.3044319748878479
0.290317177772522
0.2764270603656769
0.3030119836330414
0.30170613527297974
0.2917427122592926
0.2950717806816101
0.2924847900867462
0.297523558139801
0.31688907742500305
0.2950259745121002
0.29108521342277527
0.2847374379634857
0.283479243516922
0.2931707203388214
0.2903142273426056
0.2898767590522766
0.27798786759376526
0.2714773714542389
0.3022610545158386
0.27318084239959717
0.2697114050388336
0.2947598993778229
0.2985902428627014
0.27405470609664917
0.29759150743484497
0.2999844551086426
0.27235811948776245
0.26280081272125244
0.2627051770687103
0.28753671050071716
0.2824469208717346
0.25417420268058777
0.2689683735370636
0.27872776985168457
0.26058146357536316
0.3011747896671295
0.26807668805122375
0.262864351272583
0.27135077118873596
0.25929054617881775
0.2698132395744324
0.2891139090061188
0.2689286172389984
0.2812664806842804
0.2704322338104248
0.27784550189971924
0.2609045207500458
0.24495640397071838
0.2535158693790436
0.2659453749656677
0.26009300351142883
0.2629229724407196
0.2745491564273834
0.25810936093330383
0.2566307485103607
0.28555116057395935
0.2725544273853302
0.24709776043891907
0.25670406222343445
0.2506274878978729
0.2700575292110443
0.27116116881370544
0.2688489258289337
0.2570417821407318
0.25943219661712646
0.2572731077671051
0.27802762389183044
0.2683660686016083
0.2500097155570984
0.265851229429245
0.2513650357723236
0.24721091985702515
0.27260565757751465
0.27026596665382385
0.26132988929748535
0.2704130709171295
0.26751938462257385
0.25555914640426636
0.2649707496166229
0.2620666027069092
0.27454209327697754
0.24303317070007324
0.24062871932983398
0.2476022094488144
0.2566249370574951
0.26205238699913025
0.25917336344718933
0.26730984449386597
0.2749783396720886
0.2582946717739105
0.2701498866081238
0.2575570344924927
0.27530041337013245
0.2500934302806854
0.2546856701374054
0.2481839656829834
0.27305737137794495
0.2520047426223755
0.2444075644016266
0.25507745146751404
0.25862884521484375
0.246864914894104
0.25939205288887024
0.25462865829467773
0.2534773051738739
0.24000787734985352
0.258614182472229
0.27095890045166016
0.24129030108451843
0.2666204571723938
0.23139293491840363
0.2482174038887024
0.25223231315612793
0.2546828091144562
0.26727452874183655
0.26270395517349243
0.2550583779811859
0.25043007731437683
0.2640690207481384
0.2593599557876587
0.25260239839553833
0.2410287857055664
0.2686075270175934
0.24913015961647034
0.25800657272338867
0.24977687001228333
0.22770236432552338
0.23096135258674622
0.243005633354187
0.24584606289863586
0.2514510452747345
0.2568219304084778
0.246928870677948
0.2565010190010071
0.24321432411670685
0.2251969277858734
0.24407081305980682
0.2437305897474289
0.2344421148300171
0.23320478200912476
0.2595500349998474
0.25373756885528564
0.24344782531261444
0.24902141094207764
0.24437089264392853
0.25287753343582153
0.2354811131954193
0.243416428565979
0.24197135865688324
0.22658802568912506
0.24950017035007477
0.2335336059331894
0.24907125532627106
0.24530839920043945
0.24194730818271637
0.25864672660827637
0.23330391943454742
0.2556009590625763
0.2501404285430908
0.24318863451480865
0.2750558853149414
0.23726601898670197
0.23743006587028503
0.2321905940771103
0.23965154588222504
0.22199133038520813
0.2349299043416977
0.22202835977077484
0.23534923791885376
0.24010536074638367
0.25083106756210327
0.24988998472690582
0.2579557001590729
0.24797961115837097
0.24812589585781097
0.2392592430114746
0.2203812599182129
0.22897949814796448
0.2452511191368103
0.22501106560230255
0.237565279006958
0.2340189814567566
0.2295541912317276
0.2276485413312912
0.22967645525932312
0.2471892237663269
0.23331503570079803
0.24605783820152283
0.2249021977186203
0.22962912917137146
0.2552507221698761
0.23006898164749146
0.23401542007923126
0.2392980456352234
0.239538311958313
0.23386985063552856
0.2515517771244049
0.24955958127975464
0.22849798202514648
0.23428641259670258
0.23405708372592926
0.2146611213684082
0.25284910202026367
0.23068130016326904
0.2244434952735901
0.23637351393699646
0.24574139714241028
0.23412199318408966
0.22570134699344635
0.2441147416830063
0.24181362986564636
0.23432566225528717
0.22280584275722504
0.22852258384227753
0.23879370093345642
0.24302294850349426
0.22830155491828918
0.23539993166923523
0.2615995407104492
0.25089138746261597
0.24664874374866486
0.22875796258449554
0.23647628724575043
0.23110035061836243
0.24094338715076447
0.2460617572069168
0.21597757935523987
0.23462162911891937
0.2501956522464752
0.22242651879787445
0.2249317169189453
0.2409576028585434
0.24643215537071228
0.21373893320560455
0.23096929490566254
0.22779187560081482
0.22134718298912048
0.22822602093219757
0.22298794984817505
0.2524118423461914
0.23746222257614136
0.2352752387523651
0.23681284487247467
0.23076774179935455
0.2227686643600464
0.23404309153556824
0.22483305633068085
0.22756749391555786
0.23563016951084137
0.21676723659038544
0.23076529800891876
0.24403098225593567
0.2362682819366455
0.2233085036277771
0.23277845978736877
0.2277887463569641
0.25106579065322876
0.21977825462818146
0.21177014708518982
0.2326786071062088
0.23690035939216614
0.2215588092803955
0.2256251722574234
0.22909773886203766
0.22672595083713531
0.23293261229991913
0.2166578620672226
0.22989317774772644
0.22775623202323914
0.212506964802742
0.2255881428718567
0.2300308346748352
0.23720429837703705
0.20922091603279114
0.22118186950683594
0.24160481989383698
0.22063519060611725
0.22063305974006653
0.21651726961135864
0.22380581498146057
0.2734711170196533
0.2297099232673645
0.23654578626155853
0.2366519272327423
0.255646288394928
0.23432032763957977
0.22858397662639618
0.2453533411026001
0.21741712093353271
0.23141811788082123
0.23011364042758942
0.21942123770713806
0.23209775984287262
0.20777536928653717
0.22317266464233398
0.22542016208171844
0.2266840934753418
0.2141132801771164
0.21731635928153992
0.22826875746250153
0.2287481129169464
0.22769664227962494
0.20421673357486725
0.23282039165496826
0.22874902188777924
0.20561638474464417
0.2263779193162918
0.22301551699638367
0.22268062829971313
0.20960275828838348
0.25943344831466675
0.22305984795093536
0.223393514752388
0.24004344642162323
0.231276273727417
0.24965420365333557
0.22565503418445587
0.2501099109649658
0.22808852791786194
0.20972901582717896
0.2196170687675476
0.23401932418346405
0.23006406426429749
0.2389170378446579
0.22513335943222046
0.21539123356342316
0.2541285455226898
0.2308012843132019
0.21905948221683502
0.2314053624868393
0.2366158813238144
0.21674297749996185
0.21872998774051666
0.23093333840370178
0.2123510241508484
0.20810392498970032
0.23153601586818695
0.23149053752422333
0.21614313125610352
0.22920353710651398
0.2419610172510147
0.22666548192501068
0.24043981730937958
0.23044826090335846
0.23042963445186615
0.23657892644405365
0.23450015485286713
0.21452072262763977
0.21603281795978546
0.21621623635292053
0.23571544885635376
0.2214602380990982
0.23408187925815582
0.22446660697460175
0.2220420241355896
0.21539314091205597
0.24623017013072968
0.21429139375686646
0.22746732831001282
0.21084590256214142
0.22653605043888092
0.24071693420410156
0.2460697740316391
0.2293405532836914
0.21923725306987762
0.2235993891954422
0.24176034331321716
0.22750937938690186
0.2248280793428421
0.21966999769210815
0.23225946724414825
0.21324606239795685
0.21616941690444946
0.22891151905059814
0.21761198341846466
0.24144020676612854
0.22464704513549805
0.24408270418643951
0.21922485530376434
0.21727819740772247
0.23821353912353516
0.23004388809204102
0.2229030579328537
0.23058339953422546
0.20049205422401428
0.2326710969209671
0.2209782600402832
0.21075458824634552
0.23947873711585999
0.23058933019638062
0.23529016971588135
0.21825376152992249
0.23999395966529846
0.2092198133468628
0.21495787799358368
0.22407826781272888
0.19862039387226105
0.21675081551074982
0.22413687407970428
0.22031749784946442
0.2265806645154953
0.22744536399841309
0.2351282387971878
0.23199611902236938
0.20995855331420898
0.2345135658979416
0.22499631345272064
0.21669329702854156
0.20929358899593353
0.22234952449798584
0.22066745162010193
0.21339404582977295
0.22775843739509583
0.2283938229084015
0.20612558722496033
0.21589644253253937
0.2210330367088318
0.21550339460372925
0.2391570657491684
0.211558997631073
0.22323939204216003
0.22682997584342957
0.20070408284664154
0.22189316153526306
0.2113419771194458
0.22587266564369202
0.21460255980491638
0.2287726253271103
0.22262005507946014
0.23258060216903687
0.215749129652977
0.21551825106143951
0.22070719301700592
0.21940939128398895
0.21917879581451416
0.21786591410636902
0.24171674251556396
0.22401124238967896
0.22282113134860992
0.2106325626373291
0.22023485600948334
0.2219819873571396
0.2264404296875
0.22482523322105408
0.22914014756679535
0.21095407009124756
0.22140087187290192
0.2200830578804016
0.2313235104084015
0.22032061219215393
0.227314293384552
0.2189633846282959
0.2274688482284546
0.23016345500946045
0.20698854327201843
0.23032279312610626
0.20749779045581818
0.2327750325202942
0.22883591055870056
0.2227170169353485
0.22490057349205017
0.22546878457069397
0.2181481271982193
0.2278725653886795
0.22936531901359558
0.21944986283779144
0.22985585033893585
0.2053326815366745
0.2234959602355957
0.22176715731620789
0.23665140569210052
0.21590296924114227
0.21312378346920013
0.2247454673051834
0.21602845191955566
0.21208521723747253
0.22194108366966248
0.2188161462545395
0.23092755675315857
0.22174926102161407
0.21743008494377136
0.2365180253982544
0.22780653834342957
0.21333010494709015
0.224204421043396
0.2400853931903839
0.2106614112854004
0.21736888587474823
0.23492680490016937
0.22266747057437897
0.20775437355041504
