0.6318905353546143
0.5387210249900818
0.4520670175552368
0.49825531244277954
0.4631410539150238
0.4671739339828491
0.42999467253685
0.3902905583381653
0.39418619871139526
0.3776105046272278
0.3828260898590088
0.39455103874206543
0.3602113723754883
0.35385194420814514
0.37229034304618835
0.39225059747695923
0.37401655316352844
0.3578471541404724
0.3429535925388336
0.33147522807121277
0.3331177234649658
0.3231770694255829
0.32095301151275635
0.3400003910064697
0.329986572265625
0.33603736758232117
0.303922563791275
0.3059808015823364
0.28212544322013855
0.30631396174430847
0.3099791407585144
0.2987852096557617
0.29362279176712036
0.2773740887641907
0.2713527977466583
0.27773407101631165
0.29532331228256226
0.2858651578426361
0.2688523232936859
0.28335386514663696
0.29365798830986023
0.26393449306488037
0.2729546129703522
0.2675568461418152
0.2711162269115448
0.25166410207748413
0.25751543045043945
0.2773143947124481
0.26743558049201965
0.252078652381897
0.26965585350990295
0.2319815307855606
0.2460193783044815
0.24606074392795563
0.2629788815975189
0.23499996960163116
0.24967508018016815
0.2312217503786087
0.23934589326381683
0.20998449623584747
0.23544278740882874
0.2238481044769287
0.22896292805671692
0.22817374765872955
0.23962634801864624
0.20163771510124207
0.23137415945529938
0.19059571623802185
0.21299439668655396
0.22335611283779144
0.21451999247074127
0.20263643562793732
0.22121907770633698
0.23031257092952728
0.22145172953605652
0.22043007612228394
0.22217638790607452
0.19763942062854767
0.20455002784729004
0.19390259683132172
0.1927620768547058
0.18342085182666779
0.2092144638299942
0.18252545595169067
0.17836526036262512
0.17764943838119507
0.17057527601718903
0.1559893935918808
0.1600896418094635
0.16495846211910248
0.16295091807842255
0.17234505712985992
0.1764334738254547
0.1659395843744278
0.15819783508777618
0.16656067967414856
0.1736726462841034
0.14743450284004211
0.16912245750427246
0.16388186812400818
0.15089747309684753
0.16147606074810028
0.15712319314479828
0.1637268215417862
0.15146930515766144
0.1589878648519516
0.14924928545951843
0.1421753317117691
0.1696825623512268
0.16619841754436493
0.15375328063964844
0.1389487236738205
0.15745089948177338
0.13171154260635376
0.1628846973180771
0.14901842176914215
0.1334199458360672
0.1388513743877411
0.12552328407764435
0.12703490257263184
0.15522903203964233
0.12988300621509552
0.1347583830356598
0.11337287724018097
0.13474486768245697
0.12439583986997604
0.1343914419412613
0.10582173615694046
0.10200376063585281
0.10544581711292267
0.09854725003242493
0.10188666731119156
0.11134666204452515
0.11068618297576904
0.12220108509063721
0.10444459319114685
0.10741590708494186
0.11776060611009598
0.11225249618291855
0.12502117455005646
0.10624692589044571
0.11461663991212845
0.1170492172241211
0.09756875783205032
0.111003577709198
0.1125652864575386
0.0882517546415329
0.10267197340726852
0.11741440743207932
0.11588407307863235
0.08865203708410263
0.10728989541530609
0.09480378031730652
0.11137184500694275
0.10244118422269821
0.09282383322715759
0.09095925837755203
0.09634562581777573
0.09567184001207352
0.09055427461862564
0.08546999096870422
0.10606454312801361
0.08464561402797699
0.09335330873727798
0.1099393367767334
0.09707973897457123
0.08245968818664551
0.09483128041028976
0.07430150359869003
0.08759863674640656
0.08441073447465897
0.08406427502632141
0.09551141411066055
0.08702920377254486
0.08178674429655075
0.08599903434515
0.07276072353124619
0.07414491474628448
0.09556510299444199
0.08837468922138214
0.08058379590511322
0.08344316482543945
0.09084465354681015
0.11182299256324768
0.11880221217870712
0.09037937968969345
0.09653779119253159
0.07618547230958939
0.08034203946590424
0.07716356962919235
0.09051103889942169
0.0882507860660553
0.08162893354892731
0.10330667346715927
0.09179744124412537
0.10510783642530441
0.09274797886610031
0.08040500432252884
0.07851181924343109
0.05996396392583847
0.07895814627408981
0.08627703785896301
0.06204904615879059
0.07983727753162384
0.09226420521736145
0.06957332789897919
0.06871561706066132
0.0891149491071701
0.09924022108316422
0.08031919598579407
0.08221880346536636
0.09902589023113251
0.06692130863666534
0.07186511158943176
0.07513326406478882
0.08171562105417252
0.08642761409282684
0.0949385017156601
0.08615808933973312
0.07654014974832535
0.06452899426221848
0.07258107513189316
0.09204096347093582
0.07201229780912399
0.09454839676618576
0.07871876657009125
0.06050868704915047
0.06720711290836334
0.06255374103784561
0.07281632721424103
0.07577935606241226
0.0807163417339325
0.07941051572561264
0.06020132824778557
0.05552315711975098
0.06832519918680191
0.059763167053461075
0.05566314235329628
0.08071557432413101
0.06935254484415054
0.07730710506439209
0.050405461341142654
0.04910359904170036
0.06586040556430817
0.07861582934856415
0.06073562055826187
0.10347890108823776
0.07617690414190292
0.056555695831775665
0.0629453957080841
0.06476470828056335
0.0567699559032917
0.06679615378379822
0.06662197411060333
0.06486677378416061
0.061276793479919434
0.05856660008430481
0.06816945225000381
0.0569075308740139
0.05935708060860634
0.07523420453071594
0.05951979383826256
0.06202739477157593
0.07102134078741074
0.05553041025996208
0.04888353496789932
0.0625433474779129
0.04433736577630043
0.056406281888484955
0.05103481933474541
0.06396226584911346
0.04901524633169174
0.046807773411273956
0.06959781795740128
0.04779963567852974
0.04543963819742203
0.06875068694353104
0.0741649866104126
0.05372680351138115
0.05422644317150116
0.06996247172355652
0.07599426060914993
0.0686236321926117
0.05021971836686134
0.06940068304538727
0.05213101580739021
0.055503927171230316
0.0542338527739048
0.07505904883146286
0.05122321844100952
0.05996650457382202
0.0721135064959526
0.043992314487695694
0.07663761079311371
0.060633376240730286
0.051456522196531296
0.05627233535051346
0.07180928438901901
0.07768034189939499
0.07687881588935852
0.06701494008302689
0.04811793938279152
0.06405175477266312
0.04348853975534439
0.07176684588193893
0.05467388778924942
0.06345498561859131
0.060028526932001114
0.0568665936589241
0.0515533946454525
0.05543545261025429
0.06165703386068344
0.07416239380836487
0.06756346672773361
0.05426866188645363
0.0616505928337574
0.09209509193897247
0.06268670409917831
0.05957222729921341
0.05797429010272026
0.05019386485219002
0.052266258746385574
0.08150943368673325
0.04504615440964699
0.0472477488219738
0.05294118821620941
0.06061728671193123
0.05639132112264633
0.04482109099626541
0.062289271503686905
0.06014391779899597
0.058479391038417816
0.046008042991161346
0.04105459898710251
0.06243762746453285
0.05172315984964371
0.040797747671604156
0.05462346971035004
0.04717865213751793
0.04766591265797615
0.06003560498356819
0.05024844780564308
0.05365236848592758
0.04414161667227745
0.04939448460936546
0.06404407322406769
0.06597021967172623
0.053784921765327454
0.04648057743906975
0.05096309632062912
0.05299731716513634
0.04516225308179855
0.05255616083741188
0.06782069057226181
0.0576150119304657
0.05214841663837433
0.06222568824887276
0.07176806032657623
0.049728333950042725
0.06553475558757782
0.043518539518117905
0.04161405190825462
0.04041669890284538
0.055753156542778015
0.04766111448407173
0.05787431076169014
0.05789417400956154
0.05355507507920265
0.053759779781103134
0.06167134270071983
0.053624287247657776
0.044012174010276794
0.04569688066840172
0.05663323402404785
0.05537882074713707
0.03201830014586449
0.0400775671005249
0.037443697452545166
0.04000883176922798
0.047188643366098404
0.04941670969128609
0.039964403957128525
0.0592503659427166
0.052749067544937134
0.033085476607084274
0.07190942764282227
0.03745495155453682
0.047385264188051224
0.061023954302072525
0.0485365055501461
0.04265856370329857
0.04175825044512749
0.04841867461800575
0.05505354329943657
0.050910528749227524
0.04713577404618263
0.04825285077095032
0.04443914070725441
0.027149125933647156
0.05006800964474678
0.04504853114485741
0.045946672558784485
0.05000435188412666
0.039719704538583755
0.03245621919631958
0.051039353013038635
0.04636991396546364
0.05242379754781723
0.04477568715810776
0.03355158120393753
0.04938693717122078
0.038528136909008026
0.042805738747119904
0.04072647914290428
0.03619927912950516
0.048347435891628265
0.07107750326395035
0.047074947506189346
0.04969776049256325
0.04406134411692619
0.05822647362947464
0.053067054599523544
0.046454451978206635
0.0514829121530056
0.03674261271953583
0.048258475959300995
0.053929027169942856
0.05875290930271149
0.05297024920582771
0.036346036940813065
0.04905731603503227
0.05781733989715576
0.04472295939922333
0.03963425010442734
0.03878407925367355
0.034218303859233856
0.05065859854221344
0.06792277842760086
0.043621327728033066
0.04649888724088669
0.05079608038067818
0.04970785602927208
0.04870334640145302
0.03906245902180672
0.03832412138581276
0.03975518047809601
0.05550767108798027
0.038137368857860565
0.045367028564214706
0.03666779771447182
0.04480964317917824
0.04048190265893936
0.04115230590105057
0.048201784491539
0.043215520679950714
0.045453622937202454
0.04370373114943504
0.04231000319123268
0.05505986511707306
0.057757094502449036
0.04405931383371353
0.04020414128899574
0.058187901973724365
0.03431904688477516
0.04801727831363678
0.04298052564263344
0.05032007396221161
0.04086805507540703
0.04869174584746361
0.03646755591034889
0.046008411794900894
0.0326048769056797
0.0626181811094284
0.048295196145772934
0.042623452842235565
0.06365776062011719
0.04325854405760765
0.05054270848631859
0.038534052670001984
0.06492196023464203
0.038879167288541794
0.04522514343261719
0.041344884783029556
0.04099510982632637
0.05303141474723816
0.04295070469379425
0.042181599885225296
0.04135731980204582
0.03333444148302078
0.04912815988063812
0.04696494713425636
0.03295731171965599
0.04354390129446983
0.03214744105935097
0.03818177431821823
0.033670589327812195
0.029425565153360367
0.037474945187568665
0.0495646633207798
0.0465867817401886
0.030752956867218018
0.04086049646139145
0.05476251617074013
0.037977639585733414
0.04927307367324829
0.045523446053266525
0.03841761499643326
0.05056047812104225
0.03209942579269409
0.03638017550110817
0.05842767283320427
0.05968138948082924
0.04470103606581688
0.03864442929625511
0.06072167307138443
0.04193158820271492
0.03932895138859749
0.044473737478256226
0.05864656716585159
0.04187247157096863
0.05358253791928291
0.04562101140618324
0.037971723824739456
0.037081893533468246
0.056086234748363495
0.04554206505417824
0.039963655173778534
0.05619528144598007
0.028646279126405716
0.040204089134931564
0.04427468776702881
0.041429802775382996
0.05687021464109421
0.02892107143998146
0.03483559191226959
0.04335246607661247
0.0302779208868742
0.04430133476853371
0.03923909738659859
0.05267911031842232
0.0480053685605526
0.04163399338722229
0.0399005152285099
0.03619382157921791
0.04618094488978386
0.0371883325278759
0.04426528885960579
0.04306783527135849
0.03925812616944313
0.04878874495625496
0.03888050839304924
0.05982666835188866
0.03746354579925537
0.039015188813209534
0.04255777969956398
0.03499796614050865
0.03450766205787659
0.04384269565343857
0.041609715670347214
0.04191596060991287
0.05160320922732353
0.04584836959838867
0.05505744740366936
0.03860177844762802
0.033044807612895966
0.0469120554625988
0.03821209818124771
0.050550978630781174
0.027896400541067123
0.03916739299893379
0.05318542942404747
0.042833343148231506
0.039678141474723816
0.040771979838609695
0.04909772425889969
0.03276437520980835
0.04262785241007805
0.041581641882658005
0.03609699010848999
0.036246731877326965
0.03508025035262108
0.040547292679548264
0.0366455502808094
0.0272852573543787
0.023241311311721802
0.03643094003200531
0.04523318633437157
0.0326053723692894
0.024589065462350845
0.03542312607169151
0.03441445901989937
0.04738474264740944
0.03292291238903999
0.048380229622125626
0.036919523030519485
0.04079397767782211
0.03599359467625618
0.036124736070632935
0.039033159613609314
0.05720480903983116
0.05886008217930794
