0.7723764181137085
0.7635011076927185
0.7386738061904907
0.7248159050941467
0.7181850075721741
0.7075523734092712
0.6977588534355164
0.6970720887184143
0.6810702085494995
0.6807702779769897
0.669574499130249
0.6631680130958557
0.6602110862731934
0.6558200120925903
0.6508673429489136
0.634906530380249
0.6354802250862122
0.62732994556427
0.6126653552055359
0.6145613789558411
0.5985568761825562
0.5928532481193542
0.5927819013595581
0.582327127456665
0.5780526399612427
0.5689573287963867
0.5609073638916016
0.5500301122665405
0.5393845438957214
0.5408154726028442
0.532140851020813
0.5237370729446411
0.5249173045158386
0.5295170545578003
0.5104237794876099
0.5182468295097351
0.504041850566864
0.49047037959098816
0.5057152509689331
0.49495479464530945
0.4820341169834137
0.47886139154434204
0.48702916502952576
0.4724681079387665
0.47185462713241577
0.46229419112205505
0.46235090494155884
0.46195751428604126
0.44689619541168213
0.471700519323349
0.44414830207824707
0.4546395242214203
0.44229063391685486
0.4410046339035034
0.43970197439193726
0.43096229434013367
0.42271751165390015
0.4235774576663971
0.4247854948043823
0.41046884655952454
0.4304497241973877
0.4122105836868286
0.3997868299484253
0.4007831811904907
0.3964897096157074
0.4057856798171997
0.41997310519218445
0.4083263874053955
0.386872261762619
0.4081658124923706
0.40552955865859985
0.4035038948059082
0.38118305802345276
0.4026945233345032
0.395914763212204
0.3817116916179657
0.39624229073524475
0.38146287202835083
0.3871082365512848
0.3808186948299408
0.3864661753177643
0.40131470561027527
0.3824162483215332
0.375582754611969
0.3897789418697357
0.37127378582954407
0.3922562301158905
0.381428986787796
0.39201802015304565
0.37580856680870056
0.3807368874549866
0.37247809767723083
0.3601015508174896
0.36697131395339966
0.35982418060302734
0.3722968101501465
0.3632007837295532
0.36583518981933594
0.37649014592170715
0.35915330052375793
0.3786073327064514
0.36559978127479553
0.36802226305007935
0.37795814871788025
0.36574476957321167
0.37139707803726196
0.3600921928882599
0.3721699118614197
0.351978600025177
0.3571728765964508
0.36183562874794006
0.36308619379997253
0.3669706881046295
0.36108049750328064
0.3636264204978943
0.3691236674785614
0.35473039746284485
0.36975476145744324
0.3641918897628784
0.357061505317688
0.35130414366722107
0.35638973116874695
0.3578649163246155
0.3394562005996704
0.3536255359649658
0.3489525020122528
0.35866644978523254
0.3503381013870239
0.3465634286403656
0.3533255159854889
0.3489592969417572
0.35848376154899597
0.3534317910671234
0.35268571972846985
0.34274813532829285
0.35244718194007874
0.339558869600296
0.35448846220970154
0.3491116464138031
0.34550976753234863
0.3518347442150116
0.3513982892036438
0.3593601584434509
0.352479487657547
0.33760932087898254
0.34206587076187134
0.3545903265476227
0.34474000334739685
0.3436404764652252
0.34998559951782227
0.3503836393356323
0.339858740568161
0.34712308645248413
0.35258594155311584
0.35632118582725525
0.3598783016204834
0.3424879312515259
0.3416495621204376
0.34474846720695496
0.33539238572120667
0.3411959707736969
0.34261539578437805
0.36086034774780273
0.3472021222114563
0.336808979511261
0.3464893698692322
0.3507293164730072
0.3338388502597809
0.3245461583137512
0.3387880027294159
0.3298056125640869
0.35271772742271423
0.33642324805259705
0.36391976475715637
0.3439289331436157
0.33855751156806946
0.32727503776550293
0.3366067111492157
0.3499062657356262
0.33542948961257935
0.34052661061286926
0.3343067467212677
0.33743390440940857
0.3405412435531616
0.33840522170066833
0.33763858675956726
0.33243319392204285
0.33990979194641113
0.3416697084903717
0.3243357837200165
0.33990707993507385
0.33809348940849304
0.3399198651313782
0.3300230801105499
0.33013781905174255
0.3337611258029938
0.33513143658638
0.3430047333240509
0.3189471364021301
0.3404266834259033
0.33666327595710754
0.33408841490745544
0.3356757164001465
0.3377995193004608
0.3335690498352051
0.3314725458621979
0.3254666328430176
0.3197709918022156
0.3272281885147095
0.3312615156173706
0.3191564083099365
0.31490176916122437
0.33691486716270447
0.33883896470069885
0.31977784633636475
0.32569587230682373
0.3190497159957886
0.33223289251327515
0.31916099786758423
0.3161516785621643
0.3234478831291199
0.32478201389312744
0.33828213810920715
0.33040153980255127
0.3305166959762573
0.3297574818134308
0.3341063857078552
0.3261270523071289
0.3292579650878906
0.3390137553215027
0.3201655149459839
0.3275028467178345
0.33168962597846985
0.3271099925041199
0.3281206488609314
0.3240383267402649
0.3237956762313843
0.3353322446346283
0.3422999680042267
0.33612704277038574
0.3161587715148926
0.3347214460372925
0.33095473051071167
0.31922245025634766
0.329935759305954
0.3215104937553406
0.3255084156990051
0.3264918625354767
0.3226850926876068
0.32956719398498535
0.32325491309165955
0.31635117530822754
0.32787686586380005
0.3282471299171448
0.33592772483825684
0.32281383872032166
0.33580923080444336
0.3254374861717224
0.3280995786190033
0.33164384961128235
0.3208654820919037
0.3205588757991791
0.32613685727119446
0.32644549012184143
0.32162120938301086
0.3238549530506134
0.317610502243042
0.3076591193675995
0.309057354927063
0.3174070119857788
0.3356298804283142
0.31604984402656555
0.3234783113002777
0.31567898392677307
0.3061116635799408
0.3177186846733093
0.307929128408432
0.31657353043556213
0.33485376834869385
0.3255271911621094
0.31782713532447815
0.3197411894798279
0.3274962604045868
0.3191937208175659
0.32428494095802307
0.33095043897628784
0.32834532856941223
0.32500192523002625
0.3189404010772705
0.32507723569869995
0.31619447469711304
0.31826844811439514
0.31580260396003723
0.314383864402771
0.31200793385505676
0.3141152262687683
0.3188917934894562
0.330272912979126
0.32333630323410034
0.31771329045295715
0.3277786374092102
0.30813100934028625
0.30821049213409424
0.30991530418395996
0.3306020200252533
0.3334544897079468
0.31932345032691956
0.31653591990470886
0.30865851044654846
0.31094881892204285
0.3233371675014496
0.3147851824760437
0.32137414813041687
0.3259911835193634
0.3083668053150177
0.30732467770576477
0.3108713626861572
0.3116438686847687
0.3024958372116089
0.2997662127017975
0.31699952483177185
0.3202877342700958
0.3273921608924866
0.31297165155410767
0.31451281905174255
0.3144734799861908
0.3162204921245575
0.31946122646331787
0.3161066770553589
0.3028506934642792
0.31014370918273926
0.32547661662101746
0.31687912344932556
0.31581947207450867
0.32688117027282715
0.3214452564716339
0.3129824697971344
0.32105356454849243
0.3113883435726166
0.321933388710022
0.3111410140991211
0.3103363811969757
0.30890005826950073
0.3026508390903473
0.3019258975982666
0.3110731840133667
0.29461944103240967
0.31538668274879456
0.31915029883384705
0.32149145007133484
0.32098495960235596
0.308307409286499
0.3145797848701477
0.3084675073623657
0.31186217069625854
0.3119528591632843
0.31223979592323303
0.3210941553115845
0.3278276026248932
0.3361510634422302
0.3152526319026947
0.3238774538040161
0.3069448173046112
0.3096347749233246
0.3295176327228546
0.3117293417453766
0.3235235810279846
0.3186935782432556
0.3159668743610382
0.31017783284187317
0.3137899935245514
0.31070399284362793
0.3100878596305847
0.3126252591609955
0.3144502341747284
0.31101149320602417
0.3008079528808594
0.3118405342102051
0.31062930822372437
0.3205938935279846
0.3136454224586487
0.31500178575515747
0.310345858335495
0.31924986839294434
0.3098485767841339
0.31401345133781433
0.3201695382595062
0.3198723793029785
0.31968405842781067
0.31317630410194397
0.30998682975769043
0.2965826690196991
0.3229409456253052
0.3097016215324402
0.3135855495929718
0.3064380884170532
0.3117554485797882
0.30713000893592834
0.31222301721572876
0.31740400195121765
0.3075934052467346
0.30414634943008423
0.30927571654319763
0.3141512870788574
0.31831562519073486
0.31807926297187805
0.3131009340286255
0.3073813021183014
0.31508582830429077
0.3113125264644623
0.31378859281539917
0.29967543482780457
0.3076225221157074
0.3144311308860779
0.31743279099464417
0.32124537229537964
0.31305980682373047
0.3147430717945099
0.3047507107257843
0.3108840584754944
0.29919150471687317
0.3204161524772644
0.30348634719848633
0.31690338253974915
0.30990973114967346
0.31733301281929016
0.32944777607917786
0.3089691698551178
0.3120071291923523
0.30778831243515015
0.3081347346305847
0.3093397319316864
0.31572046875953674
0.3075177073478699
0.30592140555381775
0.32223859429359436
0.3037148714065552
0.3138475716114044
0.3192421793937683
0.3130040466785431
0.3203267753124237
0.31464871764183044
0.3072637915611267
0.30797818303108215
0.30674102902412415
0.3101516366004944
0.29916560649871826
0.31822070479393005
0.30783236026763916
0.31025880575180054
0.318712055683136
0.28948652744293213
0.30799663066864014
0.3213694095611572
0.3030437231063843
0.3193052411079407
0.32252374291419983
0.32595711946487427
0.3039615750312805
0.31024691462516785
0.3168213367462158
0.3089042603969574
0.3044489920139313
0.30560946464538574
0.2942447364330292
0.3026588559150696
0.31647786498069763
0.3090600371360779
0.30286905169487
0.3062058091163635
0.2970505356788635
0.3149900436401367
0.31205815076828003
0.30109742283821106
0.2984180450439453
0.31178033351898193
0.3039964437484741
0.3075442314147949
0.3009387254714966
0.3035552501678467
0.30531835556030273
0.30226606130599976
0.3066607117652893
0.29991334676742554
0.30703458189964294
0.29632800817489624
0.3100030720233917
0.3097587525844574
0.311575710773468
0.3060401976108551
0.3022659420967102
0.31122148036956787
0.311777800321579
0.3124353885650635
0.31409963965415955
0.3127038776874542
0.3085155487060547
0.3033486604690552
0.3022046983242035
0.30753815174102783
0.3095572292804718
0.30265921354293823
0.3148428499698639
0.3089422881603241
0.30747321248054504
0.31764379143714905
0.3123724162578583
0.31029704213142395
0.3023419976234436
0.3204459846019745
0.3029650151729584
0.3007240295410156
0.31365251541137695
0.2945261001586914
0.2998571991920471
0.32273370027542114
0.29976433515548706
0.30393460392951965
0.30825671553611755
0.3041799068450928
0.31558796763420105
0.3072040379047394
0.3222614824771881
0.31198760867118835
0.3040768802165985
0.3109618127346039
0.32269051671028137
0.3149060904979706
0.3111982047557831
0.31470930576324463
0.3135235607624054
0.3027673661708832
0.30736228823661804
0.31491318345069885
0.30047813057899475
0.3003651797771454
0.3085172772407532
0.31459227204322815
0.3125453293323517
0.30931800603866577
0.3149956464767456
0.3039051294326782
0.30439993739128113
0.310057133436203
0.3167245388031006
0.3050587773323059
0.30154141783714294
0.2988763749599457
0.31301379203796387
0.30337050557136536
0.3086674213409424
0.3021230399608612
0.3054673969745636
0.3061145544052124
0.3060924708843231
0.2932436764240265
0.3025011420249939
0.31228116154670715
0.31390050053596497
0.29867181181907654
0.2891816794872284
0.3061264753341675
0.30956387519836426
0.305070698261261
0.3103465437889099
0.3087599277496338
0.30067867040634155
0.3172672688961029
0.30214089155197144
0.3038520812988281
0.31290197372436523
0.30240756273269653
0.3091939687728882
0.2973020672798157
0.30923008918762207
0.2927931249141693
0.30653777718544006
0.3099924623966217
0.3080906271934509
0.30437424778938293
0.3000035583972931
0.325522243976593
0.30731573700904846
0.31207039952278137
0.30075201392173767
0.30815553665161133
0.3038816750049591
0.30644339323043823
0.3027045428752899
0.304541677236557
0.2995597720146179
0.3051646947860718
0.3171878457069397
0.3102254569530487
0.31355980038642883
0.3031363785266876
0.30151185393333435
0.30760225653648376
0.3114994764328003
0.30046209692955017
0.3083718717098236
0.30703404545783997
0.31991511583328247
0.31392812728881836
0.3143388032913208
0.31348565220832825
0.30405429005622864
0.31998565793037415
0.29949498176574707
0.3169458508491516
0.3144141137599945
0.30311813950538635
0.30776527523994446
0.3052687346935272
0.2992860972881317
0.3205043375492096
0.3159805238246918
0.31670114398002625
0.297894686460495
0.31483548879623413
0.3090363144874573
0.3235279321670532
0.2960643768310547
0.32087352871894836
0.30535033345222473
0.30240803956985474
0.30139461159706116
0.3121388554573059
0.3013758659362793
0.3175963759422302
0.3110358715057373
0.30749189853668213
0.3066118359565735
0.28769874572753906
0.2964317202568054
0.31859204173088074
0.31042420864105225
0.3126618564128876
0.29711538553237915
0.3100423514842987
0.3017657399177551
0.31970006227493286
0.3179972171783447
0.30258315801620483
0.2913743853569031
0.3162558674812317
0.3090135455131531
0.3129667341709137
0.30558642745018005
0.3086983859539032
0.300147145986557
0.30658966302871704
0.3068680167198181
0.3085482120513916
0.2998514771461487
0.302997887134552
0.303123414516449
0.3027138411998749
0.30603694915771484
0.3067217469215393
0.30540961027145386
0.2949163019657135
