0.5930390357971191
0.49983054399490356
0.46454918384552
0.4294276833534241
0.42928624153137207
0.4053781032562256
0.38214942812919617
0.38432732224464417
0.3689271807670593
0.380810409784317
0.3656374216079712
0.3533409833908081
0.3646148145198822
0.3488209843635559
0.3445194661617279
0.3409475088119507
0.32266101241111755
0.3193194568157196
0.32473674416542053
0.3254970908164978
0.3272050619125366
0.31056898832321167
0.31091803312301636
0.3028687834739685
0.324404239654541
0.3185947835445404
0.29380857944488525
0.2897826135158539
0.29940545558929443
0.2914780080318451
0.28424856066703796
0.2947678565979004
0.3071823716163635
0.27136558294296265
0.27333053946495056
0.2633531391620636
0.2875240743160248
0.2755095660686493
0.27782952785491943
0.2578481137752533
0.2605774700641632
0.2513432800769806
0.2709351181983948
0.26590782403945923
0.24384787678718567
0.23862381279468536
0.24349567294120789
0.24324190616607666
0.2634364068508148
0.2645420730113983
0.25211596488952637
0.23590372502803802
0.23747661709785461
0.23524758219718933
0.23479288816452026
0.22785571217536926
0.23372749984264374
0.23135614395141602
0.23643098771572113
0.21401143074035645
0.23849175870418549
0.22658947110176086
0.23163029551506042
0.21580132842063904
0.2260066419839859
0.2189529538154602
0.21380718052387238
0.21982650458812714
0.20373842120170593
0.21078898012638092
0.21136465668678284
0.21506735682487488
0.2012525200843811
0.1973138153553009
0.20003682374954224
0.19830897450447083
0.19504836201667786
0.20361416041851044
0.1929876208305359
0.18559448421001434
0.18100124597549438
0.19156083464622498
0.1898994743824005
0.17696581780910492
0.190698504447937
0.20996683835983276
0.20647874474525452
0.20304743945598602
0.1887485831975937
0.18251310288906097
0.1867835372686386
0.17725513875484467
0.1723928153514862
0.16757671535015106
0.19205747544765472
0.17346316576004028
0.17684736847877502
0.16949638724327087
0.1732594519853592
0.17011791467666626
0.16640792787075043
0.18629349768161774
0.1592043936252594
0.1804833859205246
0.1539420783519745
0.16960616409778595
0.1474969983100891
0.15465620160102844
0.15412482619285583
0.16154293715953827
0.17223159968852997
0.1616652011871338
0.161707803606987
0.15802526473999023
0.1483561098575592
0.1476329267024994
0.14551390707492828
0.1395045816898346
0.13615702092647552
0.1607574224472046
0.13320651650428772
0.15767626464366913
0.15117685496807098
0.1580517292022705
0.1435772031545639
0.14101137220859528
0.15138253569602966
0.13228055834770203
0.1312369406223297
0.1335177719593048
0.12101200968027115
0.12956340610980988
0.13360737264156342
0.13073807954788208
0.124083511531353
0.1371331363916397
0.14308665692806244
0.1287609189748764
0.12798893451690674
0.11722348630428314
0.13693320751190186
0.1392643004655838
0.13657644391059875
0.11034347116947174
0.1322748363018036
0.1240556538105011
0.12109922617673874
0.13293136656284332
0.11920389533042908
0.13013100624084473
0.12455547600984573
0.10871250182390213
0.12816163897514343
0.10413071513175964
0.10928778350353241
0.10835999250411987
0.11019396781921387
0.11341013014316559
0.1195705235004425
0.13305573165416718
0.10752874612808228
0.12089279294013977
0.12363012880086899
0.1363099068403244
0.10419054329395294
0.117703378200531
0.1114259734749794
0.11567945778369904
0.11601586639881134
0.11009626090526581
0.11296682804822922
0.10903774946928024
0.09461511671543121
0.09587089717388153
0.10816223174333572
0.12104059010744095
0.10179295390844345
0.11506986618041992
0.10285358130931854
0.11198890209197998
0.10301745682954788
0.10634124279022217
0.09422802925109863
0.11905041337013245
0.11090125888586044
0.09397295117378235
0.09514890611171722
0.115253746509552
0.08491981029510498
0.10819633305072784
0.10852765291929245
0.09664568305015564
0.10815118253231049
0.09585189074277878
0.11170985549688339
0.08234979212284088
0.10539798438549042
0.0913117304444313
0.10024181753396988
0.09695939719676971
0.09852489829063416
0.10100285708904266
0.09714595228433609
0.11231032013893127
0.08102630823850632
0.08740942180156708
0.1050255075097084
0.10442737489938736
0.12696321308612823
0.09624839574098587
0.11290480941534042
0.1061176285147667
0.0996294841170311
0.1057979166507721
0.09905996173620224
0.1132785752415657
0.1062261164188385
0.11373388022184372
0.09293277561664581
0.08620059490203857
0.09501653164625168
0.09919608384370804
0.08812861889600754
0.07492882758378983
0.08351456373929977
0.0991741493344307
0.0878148078918457
0.08263090997934341
0.08660794049501419
0.09363465756177902
0.09004311263561249
0.08198199421167374
0.07954149693250656
0.08894726634025574
0.08289043605327606
0.08222886919975281
0.08375599980354309
0.075807586312294
0.09063542634248734
0.07090334594249725
0.0923185646533966
0.08835312724113464
0.09928286820650101
0.08559730648994446
0.07851181924343109
0.07912389934062958
0.09049347788095474
0.07097557187080383
0.08320643752813339
0.07392766326665878
0.09003417938947678
0.08325562626123428
0.07331112027168274
0.07974693179130554
0.08418804407119751
0.0897875428199768
0.06761549413204193
0.08017788827419281
0.08788703382015228
0.0841749981045723
0.07516748458147049
0.08198980987071991
0.07435759156942368
0.06194695085287094
0.07297341525554657
0.08974231034517288
0.08569241315126419
0.06675219535827637
0.08962127566337585
0.07596933096647263
0.07445331662893295
0.07509773224592209
0.09286361187696457
0.07140441983938217
0.0677122250199318
0.09230105578899384
0.07370098680257797
0.0807003453373909
0.08035163581371307
0.05992242321372032
0.06335780769586563
0.07751978933811188
0.07024595141410828
0.06589291989803314
0.07327165454626083
0.06268031895160675
0.0766739547252655
0.06995762139558792
0.0828225240111351
0.06241559609770775
0.07134715467691422
0.06978030502796173
0.08406643569469452
0.07348953932523727
0.10472674667835236
0.08910214900970459
0.07402411103248596
0.06941250711679459
0.07490202784538269
0.06647063046693802
0.07954009622335434
0.07331546396017075
0.06929300725460052
0.060412969440221786
0.07144071906805038
0.08322541415691376
0.0879269540309906
0.06515470147132874
0.07510506361722946
0.07400496304035187
0.06476481258869171
0.0782904252409935
0.08463741838932037
0.08203458040952682
0.07663704454898834
0.0746382549405098
0.06218888238072395
0.08479439467191696
0.07991038262844086
0.0703316405415535
0.09015737473964691
0.052333660423755646
0.07375632226467133
0.06766179203987122
0.05542100965976715
0.05471734702587128
0.06437364965677261
0.06698692589998245
0.06720612198114395
0.05502864718437195
0.06522482633590698
0.08042721450328827
0.08041694015264511
0.07565826922655106
0.06803224235773087
0.06421610713005066
0.059978023171424866
0.056352995336055756
0.08290223032236099
0.07666613161563873
0.070632703602314
0.06841040402650833
0.09683745354413986
0.06642775982618332
0.06558085232973099
0.06553194671869278
0.06429935246706009
0.08304544538259506
0.07516086101531982
0.08444691449403763
0.0668368861079216
0.056126512587070465
0.06357831507921219
0.059413373470306396
0.07124875485897064
0.06676232814788818
0.05934503674507141
0.08066442608833313
0.05175185203552246
0.06788384914398193
0.08083216100931168
0.0826287642121315
0.05533572658896446
0.06399857997894287
0.0728321447968483
0.06286194175481796
0.06785745173692703
0.06680844724178314
0.08098550885915756
0.05470432713627815
0.06506598740816116
0.048344869166612625
0.0625373125076294
0.06273356825113297
0.0634901151061058
0.0821543037891388
0.06646794080734253
0.06639783084392548
0.051888659596443176
0.05276115611195564
0.06740261614322662
0.06036801263689995
0.051477640867233276
0.06634895503520966
0.05513870343565941
0.0880202203989029
0.06959064304828644
0.052284058183431625
0.07030018419027328
0.05468223616480827
0.055652640759944916
0.0615546815097332
0.06781855970621109
0.08121927082538605
0.055773161351680756
0.07132284343242645
0.06016630679368973
0.06326829642057419
0.07612842321395874
0.06037028878927231
0.0649612620472908
0.062091100960969925
0.0655367374420166
0.06747760623693466
0.05486301705241203
0.07550274580717087
0.06832773238420486
0.07861661911010742
0.06256750226020813
0.06747616827487946
0.07531219720840454
0.07000839710235596
0.07587715983390808
0.06341607868671417
0.055325623601675034
0.09367988258600235
0.06622911244630814
0.056002192199230194
0.060042377561330795
0.06742018461227417
0.0516686886548996
0.048326581716537476
0.06333976238965988
0.06539083272218704
0.0654190257191658
0.071442149579525
0.06830048561096191
0.05850695073604584
0.08519760519266129
0.0608590804040432
0.06010863184928894
0.054710716009140015
0.07849553227424622
0.06063208729028702
0.06128600612282753
0.05669066682457924
0.06097545847296715
0.06057758256793022
0.05150207504630089
0.056627411395311356
0.06864933669567108
0.072820745408535
0.06538400053977966
0.04731578007340431
0.06860100477933884
0.054195765405893326
0.08672604709863663
0.058014657348394394
0.06025517359375954
0.06003355607390404
0.057672154158353806
0.062499769032001495
0.06598880141973495
0.06642550230026245
0.057739704847335815
0.053576625883579254
0.05209684371948242
0.05647120997309685
0.04982912540435791
0.053682588040828705
0.05620644986629486
0.054102860391139984
0.0769093707203865
0.056242480874061584
0.04537365958094597
0.07633160054683685
0.059464409947395325
0.05847332999110222
0.06626497209072113
0.051539577543735504
0.05648384243249893
0.06889696419239044
0.05878354609012604
0.053491491824388504
0.05943208560347557
0.04975182190537453
0.06709779053926468
0.056040678173303604
0.05222023278474808
0.05270182713866234
0.07354471832513809
0.05188361555337906
0.06033185124397278
0.04763757809996605
0.047172077000141144
0.07497595250606537
0.057153452187776566
0.07301566749811172
0.05381990596652031
0.0525798574090004
0.06686299294233322
0.046919021755456924
0.05926670506596565
0.06334447115659714
0.05333371087908745
0.04121793061494827
0.0636802539229393
0.05099610239267349
0.04840074107050896
0.04803451523184776
0.06484013050794601
0.07234524190425873
0.06123549863696098
0.06282792240381241
0.055734626948833466
0.06362102180719376
0.05152406916022301
0.06011949107050896
0.056975167244672775
0.06121630221605301
0.0432862862944603
0.057691045105457306
0.05364437773823738
0.05279161408543587
0.061383798718452454
0.04865120351314545
0.05527985841035843
0.07592062652111053
0.05474523827433586
0.06410479545593262
0.04910801351070404
0.05515226349234581
0.08045907318592072
0.0534164160490036
0.04499160870909691
0.05543135479092598
0.07152869552373886
0.060857273638248444
0.05159687623381615
0.06427507847547531
0.06965594738721848
0.05919773876667023
0.05769457295536995
0.05319802090525627
0.05117660015821457
0.04987344145774841
0.05815943330526352
0.05068974941968918
0.05480295792222023
0.044638700783252716
0.03829747438430786
0.05762960761785507
0.07483470439910889
0.06238168478012085
0.0514630451798439
0.056721970438957214
0.06086135655641556
0.06761618703603745
0.06463416665792465
0.058883704245090485
0.061598774045705795
0.0410308763384819
0.05641154199838638
0.05515376105904579
0.045870933681726456
0.04721490293741226
0.03999166190624237
0.05394362658262253
0.07043129950761795
0.05208013579249382
0.0614159069955349
0.06256970763206482
0.06469578295946121
0.04697629064321518
0.05015506222844124
0.049634311348199844
0.04530024901032448
0.060785312205553055
0.07644423842430115
0.062207866460084915
0.05085394158959389
0.05730637162923813
0.052339084446430206
0.06534837931394577
0.04316601902246475
0.05089893564581871
0.055619075894355774
0.05280892923474312
0.05276322737336159
0.06585366278886795
0.05239701643586159
0.07172194868326187
0.05611848086118698
0.06153833866119385
0.060411591082811356
0.05383007228374481
0.05551624670624733
0.06270301342010498
0.0559818334877491
0.05391247943043709
0.06352505832910538
0.060396794229745865
0.052502404898405075
0.07955709844827652
0.06565813720226288
0.05445665866136551
0.07430577278137207
0.06176657974720001
0.046056147664785385
0.057160064578056335
0.06117396056652069
0.06596028059720993
0.06477821618318558
0.07018624246120453
0.06670647859573364
0.05959508568048477
0.05813658609986305
0.0406959131360054
0.05654014274477959
0.05188914015889168
0.07088889181613922
0.05094258487224579
