4.043246269226074
4.374744415283203
3.3271639347076416
3.3633511066436768
2.7854623794555664
2.3519742488861084
2.087427854537964
2.1822328567504883
1.9028581380844116
1.4464564323425293
1.8178081512451172
1.356322169303894
1.4846903085708618
1.5106947422027588
1.3345718383789062
1.3055707216262817
1.4288345575332642
1.2272942066192627
1.0798135995864868
1.0316181182861328
1.0080746412277222
1.0825916528701782
0.9372832179069519
0.9615955948829651
0.9062897562980652
0.900435209274292
0.8826758861541748
0.8708654642105103
0.9608519077301025
0.895858883857727
0.8951698541641235
0.8280316591262817
0.7469435334205627
0.7924557328224182
0.8669365048408508
0.7826756834983826
0.8326506614685059
0.7641191482543945
0.7197651863098145
0.7855542898178101
0.7757649421691895
0.7430515289306641
0.7682021856307983
0.742032527923584
0.7733860015869141
0.7454051375389099
0.728844940662384
0.8022572994232178
0.7210338115692139
0.7446912527084351
0.7160114645957947
0.7615770697593689
0.7506498694419861
0.7392805218696594
0.7403606176376343
0.7096688151359558
0.7115214467048645
0.6945264339447021
0.6875110864639282
0.7129834890365601
0.7366002202033997
0.6777313947677612
0.6956911087036133
0.6845452189445496
0.7038901448249817
0.718643307685852
0.7041972279548645
0.681888222694397
0.678327202796936
0.6627728939056396
0.6594551801681519
0.6803929209709167
0.6867803931236267
0.6853655576705933
0.6740851998329163
0.6756666898727417
0.6692988872528076
0.6757433414459229
0.6658295392990112
0.6677824854850769
0.6744299530982971
0.6633346676826477
0.6828457117080688
0.6852463483810425
0.6642348766326904
0.6710960268974304
0.6706863641738892
0.687656044960022
0.643220067024231
0.6495134830474854
0.6343683004379272
0.6579872965812683
0.6577032208442688
0.6662031412124634
0.6454251408576965
0.6487632393836975
0.6494001150131226
0.6683205962181091
0.6548537611961365
0.6665308475494385
0.6509848237037659
0.6754486560821533
0.659400224685669
0.6380532383918762
0.6621134877204895
0.6694949865341187
0.650892972946167
0.6553024053573608
0.6484717130661011
0.6496482491493225
0.6371649503707886
0.6374182105064392
0.6506574749946594
0.647948682308197
0.6387408971786499
0.6498062610626221
0.6466582417488098
0.6448240876197815
0.643724262714386
0.6616010665893555
0.6269969344139099
0.6562864184379578
0.6433674097061157
0.6507697701454163
0.659248411655426
0.6548750996589661
0.6445717811584473
0.6252652406692505
0.637026846408844
0.6363738775253296
0.6356747150421143
0.6453076601028442
0.6416482329368591
0.6335217952728271
0.6736516952514648
0.6454484462738037
0.6574914455413818
0.6386663317680359
0.6226406693458557
0.6595619916915894
0.6573839783668518
0.6530444025993347
0.6455152034759521
0.6287411451339722
0.6357385516166687
0.6450590491294861
0.6296578645706177
0.6473012566566467
0.6429970264434814
0.629951536655426
0.6522650122642517
0.6310099363327026
0.6583008170127869
0.640358567237854
0.6412009000778198
0.6199656128883362
0.6354586482048035
0.6255342960357666
0.6332512497901917
0.6422721743583679
0.6458235383033752
0.6119516491889954
0.6367409825325012
0.6338238716125488
0.6148508787155151
0.6259765028953552
0.632168710231781
0.624990701675415
0.630751371383667
0.636367917060852
0.6236461997032166
0.6232901811599731
0.6204386949539185
0.6422893404960632
0.6297579407691956
0.6445168256759644
0.6329217553138733
0.6258806586265564
0.6220376491546631
0.6198777556419373
0.616266667842865
0.6236373782157898
0.6430322527885437
0.6275896430015564
0.6379593014717102
0.6117423176765442
0.6308985352516174
0.6100658178329468
0.6103695034980774
0.6357312202453613
0.6344408392906189
0.6214388608932495
0.6188890337944031
0.6199759840965271
0.6247990131378174
0.597370445728302
0.6187227368354797
0.6063069105148315
0.6344553828239441
0.6201398968696594
0.6418746709823608
0.6144677400588989
0.6062477827072144
0.6021527647972107
0.6110873222351074
0.6255559325218201
0.6328228116035461
0.6160975694656372
0.6580480933189392
0.6187006235122681
0.6182805895805359
0.599982500076294
0.622109055519104
0.6180500984191895
0.6134433746337891
0.6100872159004211
0.6049649119377136
0.5901361107826233
0.6021667718887329
0.6220780611038208
0.6023800373077393
0.5895307064056396
0.6154292225837708
0.6044921278953552
0.6241331696510315
0.6218615174293518
0.583741307258606
0.6064389944076538
0.603884756565094
0.6223134994506836
0.6254556775093079
0.596304178237915
0.609093189239502
0.6231689453125
0.5904034376144409
0.6125859022140503
0.6212326288223267
0.6113465428352356
0.6181061863899231
0.6096222996711731
0.5984745025634766
0.6096219420433044
0.5849197506904602
0.5875266790390015
0.588036298751831
0.5886765122413635
0.5797955989837646
0.5957853198051453
0.5871903300285339
0.5763586163520813
0.6015317440032959
0.5929163694381714
0.6038462519645691
0.5959210395812988
0.5852661728858948
0.5904659628868103
0.5987915992736816
0.5792547464370728
0.5901947617530823
0.6188176870346069
0.6096760630607605
0.5967746376991272
0.5938698649406433
0.5665206909179688
0.5746470093727112
0.5863625407218933
0.5763857960700989
0.6370397806167603
0.5836748480796814
0.5754698514938354
0.6023010015487671
0.5885045528411865
0.5682860612869263
0.5682065486907959
0.5609180927276611
0.5903224945068359
0.5925171971321106
0.6078339219093323
0.6001177430152893
0.5943794846534729
0.5608932971954346
0.5938121676445007
0.5833108425140381
0.6025426983833313
0.560066819190979
0.5816495418548584
0.5988926291465759
0.5894103050231934
0.5938372015953064
0.5599517226219177
0.5653973817825317
0.5727428197860718
0.5744656920433044
0.6054726243019104
0.5631473660469055
0.5691995620727539
0.556983470916748
0.5634006261825562
0.5556808710098267
0.584958016872406
0.5513067841529846
0.5504814386367798
0.5740006566047668
0.5507993698120117
0.5378238558769226
0.5426298975944519
0.561473548412323
0.5424048900604248
0.5581163167953491
0.5620401501655579
0.5627231597900391
0.5658676028251648
0.5518442988395691
0.5479493141174316
0.566198468208313
0.5509896874427795
0.5821231603622437
0.5680732727050781
0.5542534589767456
0.5486313700675964
0.5559464693069458
0.5330371260643005
0.5580565929412842
0.5688586235046387
0.5591281056404114
0.5597023367881775
0.5495849251747131
0.5471760034561157
0.5755212306976318
0.5570942163467407
0.5632286071777344
0.5413171648979187
0.5901605486869812
0.5559571385383606
0.5638263821601868
0.5788648128509521
0.5503686666488647
0.5690227746963501
0.5377308130264282
0.5713596343994141
0.5611249208450317
0.5630109310150146
0.5677721500396729
0.5424976944923401
0.5587307810783386
0.540599524974823
0.5485287308692932
0.5699189901351929
0.5459092855453491
0.5401702523231506
0.5823167562484741
0.572934627532959
0.5503484010696411
0.5624313354492188
0.5240994095802307
0.573440432548523
0.5512325167655945
0.5432191491127014
0.5219886302947998
0.5439479947090149
0.5517551302909851
0.5434341430664062
0.5509777069091797
0.5446644425392151
0.5377467274665833
0.559626042842865
0.5672000646591187
0.5580264329910278
0.5241574048995972
0.533272385597229
0.5405139327049255
0.5487706661224365
0.5779320001602173
0.554307222366333
0.5231012105941772
0.5277342200279236
0.5453745722770691
0.5092256665229797
0.5357059836387634
0.5306801199913025
0.5537286996841431
0.5316875576972961
0.5226728916168213
0.5440871119499207
0.5572839975357056
0.5416855812072754
0.5528399348258972
0.5346682667732239
0.534396231174469
0.5358460545539856
0.5266048908233643
0.5547469854354858
0.5497322678565979
0.5345244407653809
0.5133560299873352
0.5424458384513855
0.5273099541664124
0.5492711067199707
0.5413903594017029
0.5386937856674194
0.5734552145004272
0.5161494016647339
0.5636109709739685
0.5398430824279785
0.5251780152320862
0.5006483793258667
0.5191372632980347
0.5532159805297852
0.5455150008201599
0.5465631484985352
0.5229213237762451
0.5477908253669739
0.50934898853302
0.5316353440284729
0.5184367299079895
0.5466863512992859
0.5182249546051025
0.5091308355331421
0.5484028458595276
0.5209696888923645
0.5014253854751587
0.5240605473518372
0.5201229453086853
0.5166761875152588
0.5178383588790894
0.5180495381355286
0.5379934310913086
0.5341436266899109
0.5339931845664978
0.5229904651641846
0.5220754146575928
0.5026911497116089
0.5210892558097839
0.49775928258895874
0.5221633911132812
0.5085740685462952
0.5094587802886963
0.5084924697875977
0.5098568201065063
0.5238178372383118
0.5433869361877441
0.49998435378074646
0.5156880617141724
0.5128885507583618
0.49808067083358765
0.5190545916557312
0.5514064431190491
0.5219758749008179
0.507612407207489
0.503231942653656
0.4936103820800781
0.5060750246047974
0.5148890018463135
0.5284959673881531
0.5152754187583923
0.5358641147613525
0.5092827081680298
0.5046644806861877
0.5255544185638428
0.505862295627594
0.5193434953689575
0.5327438116073608
0.5038855671882629
0.5518112182617188
0.5347463488578796
0.47960832715034485
0.5077671408653259
0.5427760481834412
0.5282305479049683
0.547283411026001
0.49230271577835083
0.5173603296279907
0.5294071435928345
0.5078819394111633
0.49476301670074463
0.5548113584518433
0.5433590412139893
0.5079308748245239
0.5152689814567566
0.49746227264404297
0.529731273651123
0.512761116027832
0.5113303661346436
0.5450699329376221
0.5185173749923706
0.49707040190696716
0.5023565292358398
0.5308830142021179
0.49473947286605835
0.5257418155670166
0.5043240189552307
0.5124906301498413
0.506830632686615
0.503803551197052
0.5004599690437317
0.4864535331726074
0.52963787317276
0.5281081199645996
0.5118621587753296
0.5532159209251404
0.5143427848815918
0.5085995197296143
0.5092718005180359
0.4770471155643463
0.5376337766647339
0.4832500219345093
0.5096201300621033
0.4935358464717865
0.5195065140724182
0.4957467019557953
0.5361382365226746
0.5072835683822632
0.5010586380958557
0.5242581963539124
0.49204912781715393
0.4974870979785919
0.49351373314857483
0.5089982748031616
0.5111873745918274
0.5290420651435852
0.5102866888046265
0.5193566083908081
0.5352798700332642
0.48721399903297424
0.49294811487197876
0.485282301902771
0.5089630484580994
0.5210795402526855
0.4910252094268799
0.5291049480438232
0.518592119216919
0.4748738706111908
0.5156722664833069
0.5225299596786499
0.49431756138801575
0.48074597120285034
0.49483415484428406
0.5037462711334229
0.5496978163719177
0.49373677372932434
0.5087490081787109
0.48660939931869507
0.48933568596839905
0.5214473009109497
0.5029029250144958
0.49224743247032166
0.535027027130127
0.49639973044395447
0.4762840270996094
0.5073064565658569
0.49644070863723755
0.515547513961792
0.5007568001747131
0.4887863099575043
0.5232805609703064
0.5186327695846558
0.4774118661880493
0.5143591165542603
0.4630798101425171
0.5270532965660095
0.48459139466285706
0.49410298466682434
0.5194780230522156
0.5146400928497314
0.4966782033443451
0.49198979139328003
0.47663310170173645
0.4876616299152374
0.4866334795951843
0.5005509257316589
0.49741828441619873
0.4698288142681122
0.4711625874042511
0.4977857768535614
0.47341015934944153
0.48017194867134094
0.5114119648933411
0.5198408961296082
0.5136353373527527
0.5040580034255981
0.4938868284225464
0.5172720551490784
0.5035565495491028
0.49073758721351624
0.5086123943328857
0.4772350788116455
0.4730831980705261
0.480108380317688
0.49032482504844666
0.49258169531822205
0.4912339448928833
0.4844004213809967
0.48019903898239136
0.4954879581928253
0.45891574025154114
0.5034589171409607
0.5144237875938416
0.49328190088272095
0.4660654366016388
0.46464258432388306
0.4761201739311218
0.5156562328338623
0.48857852816581726
0.475624144077301
0.472627729177475
0.509924054145813
0.49452295899391174
0.47029000520706177
0.4673532247543335
0.480419784784317
0.4864310920238495
0.4849863052368164
0.47948458790779114
0.47170811891555786
0.5036962628364563
0.5035114288330078
0.49062368273735046
0.48502281308174133
0.4568583071231842
0.4991205632686615
0.4614064693450928
0.47567301988601685
0.46296796202659607
0.4846595823764801
0.5046195387840271
0.49358466267585754
0.4972563683986664
0.46132951974868774
0.4896027147769928
0.4681054353713989
0.5045496821403503
0.4779781401157379
0.4852902293205261
0.4606523811817169
0.48999470472335815
0.4580027163028717
0.46587711572647095
0.46822530031204224
0.4974869191646576
0.4537496268749237
0.4841997027397156
0.49282893538475037
0.4664146900177002
0.45974141359329224
0.46445563435554504
0.45535701513290405
0.4452798068523407
0.47750720381736755
0.4537656307220459
0.48657944798469543
0.4609120786190033
0.4525620937347412
0.47107595205307007
0.45006510615348816
0.45163577795028687
0.4473639726638794
0.45989349484443665
0.469533771276474
0.45702487230300903
0.47418349981307983
0.46069201827049255
0.4526115357875824
0.449404239654541
0.48471853137016296
0.4549955129623413
0.4605896472930908
0.4495197534561157
0.4639517664909363
0.44807058572769165
0.4739845395088196
0.48802024126052856
0.48027414083480835
0.4431177079677582
0.48346441984176636
0.44787460565567017
0.47813695669174194
0.45519325137138367
0.4705308675765991
0.45178118348121643
0.48440560698509216
0.47947806119918823
0.47918614745140076
0.4487820565700531
0.4610944092273712
0.4926927983760834
0.4402737617492676
0.4469314515590668
0.47118157148361206
0.45342084765434265
0.4578440189361572
0.4561757743358612
0.4642895460128784
0.45015648007392883
0.4523482322692871
0.44381803274154663
0.4404253661632538
0.44794154167175293
0.43795347213745117
0.46133604645729065
0.42997175455093384
0.4715329110622406
0.4661155641078949
0.45200014114379883
0.4406711161136627
0.4528547525405884
0.4292967617511749
0.4482033848762512
0.4470539093017578
0.41745585203170776
0.4402536153793335
0.4760809540748596
0.4501659870147705
0.4293798506259918
0.46660444140434265
0.4197029769420624
0.4376571476459503
0.465334415435791
0.44777435064315796
0.4685169458389282
0.45154285430908203
0.4732931852340698
0.47187164425849915
0.46162205934524536
0.4570554494857788
0.4724072515964508
0.45201700925827026
0.44004836678504944
0.4648754894733429
0.45922011137008667
0.4564518928527832
0.45341068506240845
0.43724891543388367
0.4199199378490448
0.45480042695999146
0.4273364245891571
0.436568021774292
0.4530869722366333
0.4306059777736664
0.44321906566619873
0.4693821668624878
0.44549626111984253
0.42409151792526245
0.4320284128189087
0.43652814626693726
0.44146376848220825
0.4358716905117035
0.4559926986694336
0.43358710408210754
0.4595819413661957
0.444315642118454
0.45252758264541626
0.4469483196735382
0.4572218656539917
0.43770113587379456
0.42613932490348816
0.45591655373573303
0.41660529375076294
0.458335816860199
0.46445396542549133
0.4373440742492676
0.45682623982429504
0.46480292081832886
0.46794864535331726
0.4229840934276581
0.4289248585700989
0.4484046697616577
0.45964011549949646
0.4730370044708252
0.4504390358924866
0.4115840494632721
0.4238622188568115
0.4549669027328491
0.44170230627059937
0.4439067542552948
0.4377192258834839
0.4191191494464874
0.47108060121536255
0.441342830657959
0.4231531620025635
0.4290856122970581
0.4442605972290039
0.44204530119895935
0.41904979944229126
0.4194459915161133
0.4159461259841919
0.4603309631347656
0.4271332323551178
0.45827168226242065
0.4502491354942322
0.4289657175540924
0.4394233226776123
0.4360131025314331
0.4596858024597168
0.43441373109817505
0.4208545982837677
0.4605254530906677
0.4247247874736786
0.41732126474380493
0.4439188241958618
0.4586331248283386
0.4404272139072418
0.4180983901023865
0.4379093647003174
0.40066251158714294
0.42621734738349915
0.42318838834762573
0.4206905663013458
0.4462202787399292
0.41965267062187195
0.44867876172065735
0.4449414014816284
0.4622899293899536
0.43267175555229187
0.45305749773979187
0.44558852910995483
0.42714816331863403
0.46480605006217957
0.427103728055954
0.42128804326057434
0.4440281093120575
0.43431276082992554
0.4593167006969452
0.4441312551498413
0.4347466230392456
0.45828545093536377
0.41163402795791626
0.43345165252685547
0.4632394015789032
0.42679470777511597
0.4122350513935089
0.4269765615463257
0.4494297504425049
0.424503356218338
0.45996126532554626
0.44055309891700745
0.40237241983413696
0.46346351504325867
0.443778395652771
0.430216521024704
0.44768694043159485
0.40764597058296204
0.42525947093963623
0.43218496441841125
0.44472748041152954
0.4118901491165161
0.4314161241054535
0.4284816384315491
0.452119380235672
0.4380500912666321
0.41969045996665955
0.40533584356307983
0.42321696877479553
0.4131385087966919
0.415351927280426
0.4486406743526459
0.4604298174381256
0.44430020451545715
0.42232415080070496
0.4480196237564087
0.42721691727638245
0.40864691138267517
0.41358837485313416
0.40601736307144165
0.43577465415000916
0.44547346234321594
0.4226394593715668
0.4340797960758209
0.45069971680641174
0.40941256284713745
0.4239955544471741
0.386672705411911
0.4265829920768738
0.4495280086994171
0.42620107531547546
0.41305550932884216
0.4526527523994446
0.439036101102829
0.41355961561203003
0.4293118715286255
0.4286459684371948
0.39498090744018555
0.42650797963142395
0.42128172516822815
0.43680641055107117
0.40366509556770325
0.44402530789375305
0.40524086356163025
0.43582582473754883
0.43768662214279175
0.40129607915878296
0.40647825598716736
0.4266117513179779
0.4405001401901245
0.4259226322174072
0.43316903710365295
0.4394576847553253
0.4138082265853882
0.45601531863212585
0.427467405796051
0.4161074161529541
0.4425726532936096
0.41373884677886963
0.4047413170337677
0.4173635244369507
0.4300980567932129
0.42030102014541626
0.42979368567466736
0.42592954635620117
0.4039957523345947
0.43935126066207886
0.41299140453338623
0.42516443133354187
0.40182191133499146
0.4301658868789673
0.44760245084762573
0.41805845499038696
0.41543298959732056
0.41458800435066223
0.42443153262138367
0.4157235324382782
0.4444611966609955
0.42118996381759644
0.44664785265922546
0.4277185797691345
0.43157824873924255
0.39295634627342224
0.40712863206863403
0.44169846177101135
0.4095749855041504
0.4001789391040802
0.4199914336204529
0.43795207142829895
0.39012855291366577
0.42482635378837585
0.3969569802284241
0.4084097146987915
0.40872249007225037
0.40956437587738037
0.4143970012664795
0.4407668113708496
0.45238858461380005
0.41086798906326294
0.40641674399375916
0.4206133782863617
0.435290664434433
0.45423731207847595
0.41461998224258423
0.44887369871139526
0.3988338112831116
0.4290713369846344
0.4246070384979248
0.40856999158859253
0.4181656539440155
0.4435402452945709
0.45236387848854065
0.4176488518714905
0.4418129622936249
0.4080818295478821
0.3981936573982239
0.4116302728652954
0.4030725657939911
0.39340776205062866
0.4185069501399994
0.39875295758247375
0.39904555678367615
0.4007871150970459
0.43732839822769165
0.4330924451351166
0.444317489862442
0.408709317445755
0.42089226841926575
0.38821789622306824
0.42434555292129517
0.4299975335597992
0.42278701066970825
0.4422409236431122
0.4170704185962677
0.42600229382514954
0.41596856713294983
0.4047219753265381
0.4307889938354492
0.39821740984916687
0.4113950729370117
0.4058404266834259
0.3840538263320923
0.4494769275188446
0.4541481137275696
0.4581187665462494
0.42837467789649963
0.41911956667900085
0.4431670904159546
0.3995334804058075
0.4715055227279663
0.42338284850120544
0.4262409508228302
0.4185503423213959
0.43149930238723755
0.4062541723251343
0.4129381477832794
0.4326576292514801
0.40605297684669495
0.4217666685581207
0.43543240427970886
0.41075411438941956
0.4039953947067261
0.4122931957244873
0.42271631956100464
0.4353905916213989
0.41997650265693665
0.43901199102401733
0.44292527437210083
0.43612679839134216
0.45048555731773376
0.40750017762184143
0.4378615617752075
0.4117478132247925
0.4183722138404846
0.4493902921676636
0.44228872656822205
0.43736907839775085
0.4239542484283447
0.42059189081192017
0.4286850392818451
0.42069879174232483
0.39303115010261536
0.4131881296634674
0.416568785905838
0.405232310295105
0.4185781478881836
0.41785380244255066
0.3965919613838196
0.4219094514846802
0.40694472193717957
0.40681880712509155
0.4405849874019623
0.4157734215259552
0.4335477352142334
0.4073830842971802
0.4177013635635376
0.44382983446121216
0.41165122389793396
0.40633124113082886
0.3959888517856598
0.4060841500759125
0.42473652958869934
0.4242357313632965
0.43932077288627625
0.41432157158851624
0.4185810387134552
0.39356133341789246
0.41003304719924927
0.4135661721229553
0.42752522230148315
0.4044424295425415
0.39772310853004456
0.4153655767440796
0.4095315933227539
0.42998620867729187
0.4037891924381256
0.4293709993362427
0.4162934124469757
0.4042512774467468
0.41206094622612
0.43409425020217896
0.41046959161758423
0.3980977237224579
0.41383272409439087
0.3897475004196167
0.41474029421806335
0.42294663190841675
0.4346143901348114
0.44121187925338745
0.40347185730934143
0.4034806489944458
0.42222362756729126
0.3840555250644684
0.4076347351074219
0.4215809106826782
0.42639654874801636
0.41274914145469666
0.4054233133792877
0.40255922079086304
0.45308244228363037
0.4338957965373993
0.40478286147117615
