1.0101985931396484
0.6171727776527405
0.5445875525474548
0.5224115252494812
0.5314635634422302
0.4628978371620178
0.45178815722465515
0.42332202196121216
0.40105971693992615
0.40557125210762024
0.3882489800453186
0.3750748634338379
0.38246139883995056
0.3688204884529114
0.3736830949783325
0.36658400297164917
0.3293910622596741
0.351529061794281
0.3404455780982971
0.33625271916389465
0.3314296305179596
0.3608035445213318
0.3365503251552582
0.33115264773368835
0.3225381076335907
0.31448617577552795
0.3055952191352844
0.3292849659919739
0.3174586296081543
0.30045467615127563
0.3046637177467346
0.2814456820487976
0.305182546377182
0.31336119771003723
0.2865176200866699
0.288442462682724
0.2761974334716797
0.27548328042030334
0.3013232946395874
0.2539807856082916
0.2891540229320526
0.2807978093624115
0.2897896468639374
0.2801927924156189
0.2879527807235718
0.2828109562397003
0.27664506435394287
0.2748048007488251
0.2802254855632782
0.2702413499355316
0.25735658407211304
0.26364752650260925
0.25563475489616394
0.24274136126041412
0.2548123896121979
0.24304160475730896
0.2547723352909088
0.21920281648635864
0.21733161807060242
0.2572302520275116
0.21256522834300995
0.2410782426595688
0.21851955354213715
0.2195139080286026
0.20284438133239746
0.2156028151512146
0.22961434721946716
0.21322013437747955
0.21095743775367737
0.19786687195301056
0.21302703022956848
0.1988978385925293
0.1903897523880005
0.1914897859096527
0.1914636194705963
0.18044447898864746
0.22639153897762299
0.18982261419296265
0.17491304874420166
0.19418537616729736
0.16146796941757202
0.16851083934307098
0.18581977486610413
0.20984047651290894
0.19317781925201416
0.19200213253498077
0.19231919944286346
0.19757792353630066
0.16577112674713135
0.16586124897003174
0.18720798194408417
0.16637881100177765
0.17456889152526855
0.1736062616109848
0.1315133273601532
0.18728044629096985
0.14522597193717957
0.1619929075241089
0.18761923909187317
0.1476171314716339
0.13673119246959686
0.1646900773048401
0.16863101720809937
0.14903807640075684
0.15150512754917145
0.16889718174934387
0.1343117356300354
0.17797860503196716
0.14630277454853058
0.1447257101535797
0.13437025249004364
0.13626320660114288
0.1523706614971161
0.11989667266607285
0.12012477964162827
0.1295960545539856
0.12077843397855759
0.12878917157649994
0.13514474034309387
0.12252069264650345
0.11072500795125961
0.1245092824101448
0.1133468821644783
0.0893702432513237
0.12879228591918945
0.10972925275564194
0.11511550098657608
0.11106417328119278
0.1249028891324997
0.11779095977544785
0.09599830955266953
0.09711799770593643
0.10480145364999771
0.11344758421182632
0.10888468474149704
0.10318770259618759
0.08640341460704803
0.08516908437013626
0.09038529545068741
0.09468249976634979
0.09491971880197525
0.09636742621660233
0.08859972655773163
0.10697802901268005
0.08926989883184433
0.0874926820397377
0.08601521700620651
0.110984668135643
0.11811135709285736
0.0980643481016159
0.08318069577217102
0.10774702578783035
0.08623550832271576
0.09622422605752945
0.07901471108198166
0.09121903032064438
0.11856094747781754
0.10393416881561279
0.08588612824678421
0.08713574707508087
0.08788231760263443
0.08646771311759949
0.08500009775161743
0.0986158549785614
0.08786235004663467
0.09885020554065704
0.09599501639604568
0.07907091081142426
0.08338426798582077
0.07736574113368988
0.0833364725112915
0.0741853266954422
0.08222055435180664
0.06806327402591705
0.07093366980552673
0.07699082046747208
0.069246307015419
0.08324994891881943
0.08759164065122604
0.06648945808410645
0.06746459007263184
0.07045524567365646
0.0738883838057518
0.08432485908269882
0.0735199823975563
0.08993230760097504
0.06463269144296646
0.0949385017156601
0.06869852542877197
0.08341238647699356
0.08138935267925262
0.05682271346449852
0.07272347062826157
0.05823732540011406
0.07605963200330734
0.07361162453889847
0.08148597925901413
0.0793515294790268
0.07357832044363022
0.09231915324926376
0.06486181914806366
0.059722352772951126
0.0769469290971756
0.09171698987483978
0.08336277306079865
0.09120434522628784
0.058958809822797775
0.08079843968153
0.07224133610725403
0.07144498080015182
0.07226790487766266
0.08652689307928085
0.04622801020741463
0.07511835545301437
0.05446101725101471
0.07751056551933289
0.07839696854352951
0.0721229687333107
0.0670662522315979
0.06345924735069275
0.05908839404582977
0.06090250238776207
0.055162787437438965
0.056385770440101624
0.07155846804380417
0.07878892868757248
0.06318140774965286
0.0649653971195221
0.0707770586013794
0.08024570345878601
0.0881929099559784
0.07732947915792465
0.061209116131067276
0.07550015300512314
0.05443741753697395
0.05598736181855202
0.04517030715942383
0.05951736867427826
0.05332561209797859
0.07195205986499786
0.07902288436889648
0.062053751200437546
0.04886280372738838
0.08145469427108765
0.04501690715551376
0.053070198744535446
0.06220800429582596
0.07423442602157593
0.05680111050605774
0.08511512726545334
0.0711752250790596
0.08402413874864578
0.06105498969554901
0.051112450659275055
0.062226131558418274
0.04957147315144539
0.06308776140213013
0.05397210642695427
0.056712813675403595
0.057988643646240234
0.05385543406009674
0.06530056148767471
0.05660122260451317
0.050017643719911575
0.04294639825820923
0.04716464877128601
0.06776294857263565
0.0546201728284359
0.0552271269261837
0.07277528196573257
0.06505419313907623
0.054061491042375565
0.049618061631917953
0.0740521252155304
0.06208784505724907
0.05447143316268921
0.061571840196847916
0.052093423902988434
0.05122711881995201
0.050388745963573456
0.047748588025569916
0.053968802094459534
0.04604440927505493
0.05579771474003792
0.048208270221948624
0.04924312233924866
0.05622612312436104
0.036611221730709076
0.06271877139806747
0.05040929839015007
0.0445876307785511
0.05526209995150566
0.049814194440841675
0.05546479672193527
0.03510686755180359
0.06347573548555374
0.055296044796705246
0.045744508504867554
0.0478321872651577
0.057254061102867126
0.05247274041175842
0.07566682994365692
0.03907887637615204
0.0446959063410759
0.03998246416449547
0.03982533887028694
0.0634080320596695
0.04959042742848396
0.04510757327079773
0.048557348549366
0.049568790942430496
0.05608901381492615
0.0695890262722969
0.052421391010284424
0.05418263375759125
0.054053183645009995
0.04361887648701668
0.05463479459285736
0.05349911004304886
0.05046173557639122
0.04540296643972397
0.046107396483421326
0.044529788196086884
0.0538085401058197
0.04143846780061722
0.03472781181335449
0.04880087077617645
0.058276548981666565
0.03906656429171562
0.05703084543347359
0.05036930367350578
0.046531159430742264
0.04235599935054779
0.05287632718682289
0.032255835831165314
0.03567221015691757
0.054314520210027695
0.036079373210668564
0.053580865263938904
0.054692965000867844
0.03619513660669327
0.04892262443900108
0.0463414341211319
0.04993122071027756
0.04328586533665657
0.032697975635528564
0.04602755233645439
0.031570591032505035
0.03612639755010605
0.040503405034542084
0.042934849858284
0.04718336835503578
0.03690408542752266
0.04514190927147865
0.020514845848083496
0.048478927463293076
0.03337406739592552
0.04730458930134773
0.0421593114733696
0.03556395694613457
0.05387543886899948
0.032098300755023956
0.05741753801703453
0.044238921254873276
0.03629814833402634
0.03405436873435974
0.036745585501194
0.05009530112147331
0.03994245454668999
0.03672495856881142
0.04247787222266197
0.031902868300676346
0.04550813511013985
0.07175926864147186
0.05293072387576103
0.03613072261214256
0.032518330961465836
0.0576760470867157
0.041469037532806396
0.05215069651603699
0.031064607203006744
0.04433951899409294
0.03652386739850044
0.037549443542957306
0.043938104063272476
0.03916163370013237
0.04916844144463539
0.03319348767399788
0.03874728083610535
0.04905883967876434
0.04901508241891861
0.04234115406870842
0.031211666762828827
0.050451479852199554
0.027192935347557068
0.05104007199406624
0.05078252777457237
0.03805689513683319
0.042359523475170135
0.04754316806793213
0.038296736776828766
0.0328507274389267
0.03505496308207512
0.041306037455797195
0.04403233900666237
0.04085106775164604
0.0421346016228199
0.03260095790028572
0.05134580284357071
0.045371074229478836
0.05186788737773895
0.058438632637262344
0.05823036655783653
0.05842968821525574
0.02489435486495495
0.040497828274965286
0.05124901980161667
0.03271821141242981
0.05031159147620201
0.04064292088150978
0.0378989651799202
0.04947831109166145
0.05288746953010559
0.030842360109090805
0.026003463193774223
0.022276436910033226
0.048445042222738266
0.038258399814367294
0.04968315735459328
0.04750609025359154
0.041674189269542694
0.04509558156132698
0.04816991463303566
0.03798225149512291
0.03091767057776451
0.031599268317222595
0.031363192945718765
0.04652697592973709
0.04505243897438049
0.035838671028614044
0.04731842502951622
0.0426475964486599
0.03031807392835617
0.03368142247200012
0.025695672258734703
0.026719853281974792
0.04606584459543228
0.05435124784708023
0.0368817038834095
0.045042574405670166
0.04099695384502411
0.031758274883031845
0.0498676598072052
0.028509708121418953
0.03594297915697098
0.04069633036851883
0.03888262063264847
0.04279177263379097
0.041249994188547134
0.054100703448057175
0.04126463457942009
0.041366659104824066
0.030328569933772087
0.03107142262160778
0.02902623638510704
0.06680809706449509
0.06829269975423813
0.0393737331032753
0.05059215426445007
0.037097297608852386
0.01657634973526001
0.06179902330040932
0.03423524275422096
0.0329061858355999
0.03933882340788841
0.06341424584388733
0.044707655906677246
0.06604351103305817
0.07205242663621902
0.05541444197297096
0.0260454248636961
0.030043501406908035
0.030143912881612778
0.08657649904489517
0.038035716861486435
0.0206721443682909
0.03566582128405571
0.02577444538474083
0.02880730666220188
0.0333545058965683
0.04402705654501915
0.04779840633273125
0.03067854978144169
0.041976604610681534
0.030302226543426514
0.04897225275635719
0.04093940928578377
0.030264221131801605
0.0604943186044693
0.038730915635824203
0.03379819542169571
0.04357794299721718
0.05186273902654648
0.03486926853656769
0.051747146993875504
0.038337670266628265
0.027964027598500252
0.04304755479097366
0.05618146061897278
0.042808469384908676
0.033097460865974426
0.0323672816157341
0.02023443952202797
0.03174290806055069
0.03710448741912842
0.04162317514419556
0.04141699895262718
0.049726564437150955
0.022342562675476074
0.03848232701420784
0.04079695791006088
0.0377153679728508
0.049534108489751816
0.046738866716623306
0.03727678582072258
0.022891031578183174
0.04580891504883766
0.028460821136832237
0.047042932361364365
0.02626514993607998
0.022004077211022377
0.0409395731985569
0.038791581988334656
0.025652969256043434
0.041169311851263046
0.05227654054760933
0.04672061651945114
0.03392916917800903
0.02734016627073288
0.027362270280718803
0.03863611817359924
0.04239373654127121
0.027624068781733513
0.030841898173093796
0.06376529484987259
0.052767857909202576
0.024065176025032997
0.03356509283185005
0.045566052198410034
0.044005390256643295
0.03351229429244995
0.041145894676446915
0.05310167372226715
0.039790406823158264
0.029875745996832848
0.032167501747608185
0.034402165561914444
0.03106270544230938
0.042665813118219376
0.03525189310312271
0.03658232465386391
0.03438470512628555
0.04501057416200638
0.04611758142709732
0.03282909467816353
0.03004537522792816
0.04295002296566963
0.04879789799451828
0.04225916787981987
0.029606129974126816
0.03025902807712555
0.026216361671686172
0.04606790468096733
0.039982523769140244
0.028918011114001274
0.05084947496652603
0.03679213672876358
0.028301799669861794
0.05992850288748741
0.036783378571271896
0.06108498573303223
0.0450114831328392
0.03207244724035263
0.06459759920835495
0.03872813284397125
0.03152206912636757
0.02782372198998928
0.02661105804145336
0.04209145903587341
0.028863633051514626
0.03485691174864769
0.038883596658706665
0.02486737072467804
0.06100025400519371
0.03524503856897354
0.027434464544057846
0.03092837706208229
0.028122352436184883
0.06640634685754776
0.026685090735554695
0.048497408628463745
