0.7668552994728088
0.6385602951049805
0.5523141622543335
0.49238720536231995
0.46307435631752014
0.4422767758369446
0.4183724522590637
0.41246551275253296
0.39508354663848877
0.3954264223575592
0.39327752590179443
0.37469592690467834
0.3583217263221741
0.36202380061149597
0.356960654258728
0.34697645902633667
0.3279310166835785
0.34058427810668945
0.3342989981174469
0.3328247368335724
0.323731005191803
0.33588889241218567
0.3215418756008148
0.31966981291770935
0.3100869655609131
0.31625667214393616
0.3131968677043915
0.3180444538593292
0.3134685158729553
0.30205270648002625
0.29603931307792664
0.2970787286758423
0.2957358658313751
0.29634568095207214
0.2891860604286194
0.303573876619339
0.28722086548805237
0.2961997985839844
0.2919324040412903
0.28168734908103943
0.2923932671546936
0.2814297080039978
0.2897377610206604
0.2843815088272095
0.2893024682998657
0.27186155319213867
0.27764612436294556
0.27518561482429504
0.2867079973220825
0.277934193611145
0.28463512659072876
0.27424174547195435
0.28034108877182007
0.27739840745925903
0.27598837018013
0.2696762681007385
0.2650287449359894
0.27398064732551575
0.2689627707004547
0.2632521986961365
0.26366254687309265
0.26680514216423035
0.26882970333099365
0.26619115471839905
0.2634653151035309
0.24955393373966217
0.25140443444252014
0.265890896320343
0.25364020466804504
0.26023539900779724
0.25915029644966125
0.25224682688713074
0.25966107845306396
0.24419569969177246
0.24747087061405182
0.24364756047725677
0.24287399649620056
0.24889309704303741
0.2515912652015686
0.2521720826625824
0.24943891167640686
0.2365119904279709
0.25056639313697815
0.23724326491355896
0.2488449364900589
0.2487076371908188
0.24981974065303802
0.23978732526302338
0.24089697003364563
0.2336816042661667
0.24487453699111938
0.23474660515785217
0.23612603545188904
0.22805501520633698
0.23172160983085632
0.22604013979434967
0.23885872960090637
0.2265474498271942
0.22800055146217346
0.22679361701011658
0.22480489313602448
0.22878022491931915
0.21877503395080566
0.22392375767230988
0.22777418792247772
0.2132384330034256
0.2318909764289856
0.22497767210006714
0.22896815836429596
0.22246578335762024
0.21257537603378296
0.2234010100364685
0.22719424962997437
0.21653267741203308
0.20877443253993988
0.21394875645637512
0.2206377387046814
0.20755021274089813
0.21598704159259796
0.21278254687786102
0.2151406854391098
0.2098381370306015
0.20145519077777863
0.2129303216934204
0.20863713324069977
0.21229767799377441
0.22237728536128998
0.19776593148708344
0.19819258153438568
0.21208825707435608
0.20137548446655273
0.19638216495513916
0.1981808841228485
0.20740361511707306
0.20519447326660156
0.19944095611572266
0.20558206737041473
0.21566475927829742
0.19604197144508362
0.19670440256595612
0.1960025429725647
0.19660629332065582
0.19975604116916656
0.20035420358181
0.19385668635368347
0.1935112029314041
0.19591844081878662
0.18593282997608185
0.1894293874502182
0.1962379515171051
0.18577389419078827
0.18691155314445496
0.19477136433124542
0.19236265122890472
0.1918420046567917
0.1965925693511963
0.19560202956199646
0.19079922139644623
0.19308999180793762
0.19932347536087036
0.20729948580265045
0.1864401251077652
0.19016724824905396
0.1934284269809723
0.19367150962352753
0.19634325802326202
0.18745839595794678
0.17451849579811096
0.18391595780849457
0.18679895997047424
0.18767663836479187
0.17901559174060822
0.18510198593139648
0.1819084733724594
0.17307771742343903
0.19293464720249176
0.1829048991203308
0.17208050191402435
0.17402032017707825
0.18870311975479126
0.1771334707736969
0.18486765027046204
0.1832326203584671
0.18155284225940704
0.1832423210144043
0.18180784583091736
0.1830604523420334
0.17716750502586365
0.18855780363082886
0.17841173708438873
0.18302898108959198
0.18239448964595795
0.18084171414375305
0.18108119070529938
0.18484905362129211
0.1806783378124237
0.17177732288837433
0.17572937905788422
0.18310566246509552
0.16682319343090057
0.1816391497850418
0.17342819273471832
0.17767317593097687
0.17849038541316986
0.18004104495048523
0.18590693175792694
0.18290184438228607
0.17542068660259247
0.1810111105442047
0.17116639018058777
0.16637644171714783
0.1770421266555786
0.17219193279743195
0.17888571321964264
0.17160451412200928
0.17269834876060486
0.18655970692634583
0.16965606808662415
0.1736382693052292
0.17876406013965607
0.170190691947937
0.17273679375648499
0.16773174703121185
0.16929545998573303
0.17328697443008423
0.17627115547657013
0.17373214662075043
0.1571635603904724
0.17313829064369202
0.17281022667884827
0.17264324426651
0.17725124955177307
0.16990545392036438
0.16080957651138306
0.16900013387203217
0.16839191317558289
0.1674252301454544
0.17999503016471863
0.17448580265045166
0.16679225862026215
0.1600760966539383
0.1663500815629959
0.16647784411907196
0.1596911996603012
0.16603608429431915
0.16544103622436523
0.17302829027175903
0.16042616963386536
0.18016107380390167
0.16156016290187836
0.15470051765441895
0.16780267655849457
0.16947416961193085
0.17547069489955902
0.17058001458644867
0.1595444679260254
0.16649609804153442
0.16460411250591278
0.17061524093151093
0.16365569829940796
0.16561493277549744
0.1574956476688385
0.15979577600955963
0.16555285453796387
0.15983061492443085
0.16890160739421844
0.15481534600257874
0.1631564497947693
0.1601657271385193
0.15905247628688812
0.16595837473869324
0.16146719455718994
0.1666407436132431
0.17090190947055817
0.14683635532855988
0.16493567824363708
0.16856883466243744
0.1585710644721985
0.15033918619155884
0.1579178124666214
0.16671323776245117
0.17481960356235504
0.15962068736553192
0.164788156747818
0.15562210977077484
0.1626380831003189
0.15922707319259644
0.15744680166244507
0.15835623443126678
0.15710566937923431
0.16726191341876984
0.154496967792511
0.1553625762462616
0.14715878665447235
0.16262191534042358
0.1637185513973236
0.16843441128730774
0.1569715440273285
0.14787757396697998
0.1547185182571411
0.15478546917438507
0.16190668940544128
0.16889747977256775
0.16725534200668335
0.14973095059394836
0.1458427757024765
0.1614943891763687
0.164152130484581
0.15581409633159637
0.15102040767669678
0.15610335767269135
0.1524496078491211
0.155379980802536
0.15457886457443237
0.15098804235458374
0.15845079720020294
0.15132108330726624
0.15635153651237488
0.1598929911851883
0.16240355372428894
0.16662850975990295
0.1563064306974411
0.15411435067653656
0.15151232481002808
0.15353864431381226
0.15104730427265167
0.1619175672531128
0.15283338725566864
0.1556345522403717
0.158198744058609
0.1609777957201004
0.15397240221500397
0.1591169238090515
0.15912562608718872
0.15435120463371277
0.1557842195034027
0.15101097524166107
0.15703538060188293
0.15239930152893066
0.1586507111787796
0.1515866219997406
0.14629007875919342
0.15396153926849365
0.15966899693012238
0.14832650125026703
0.15353518724441528
0.16252699494361877
0.15732060372829437
0.1486206352710724
0.15332984924316406
0.15744724869728088
0.14932425320148468
0.15234415233135223
0.15425430238246918
0.15681526064872742
0.1459943652153015
0.15607397258281708
0.15570083260536194
0.15902842581272125
0.152243509888649
0.15090973675251007
0.1414346843957901
0.13966567814350128
0.1489548683166504
0.15566405653953552
0.15532030165195465
0.15752825140953064
0.14777261018753052
0.1538943648338318
0.1434626579284668
0.1616617739200592
0.15519076585769653
0.14614978432655334
0.1483946293592453
0.15464629232883453
0.15897709131240845
0.1547943651676178
0.14802433550357819
0.15294887125492096
0.14740164577960968
0.16324922442436218
0.13923053443431854
0.14111222326755524
0.1502939760684967
0.15274222195148468
0.14935751259326935
0.13969753682613373
0.15058010816574097
0.15496580302715302
0.1513632833957672
0.1594802737236023
0.15028983354568481
0.1446126252412796
0.1529630571603775
0.14513546228408813
0.1509733647108078
0.14541231095790863
0.16106854379177094
0.14661794900894165
0.15104271471500397
0.1556335687637329
0.15565769374370575
0.14300182461738586
0.14882351458072662
0.14886677265167236
0.14320790767669678
0.14843805134296417
0.14624062180519104
0.14563150703907013
0.15459586679935455
0.15620730817317963
0.1534462571144104
0.1475917249917984
0.1452561318874359
0.15103372931480408
0.14234599471092224
0.14556226134300232
0.15275247395038605
0.15169624984264374
0.14614348113536835
0.13856998085975647
0.14689446985721588
0.14882145822048187
0.15171165764331818
0.14376300573349
0.14855149388313293
0.15043038129806519
0.15548284351825714
0.1474841684103012
0.1545010507106781
0.14852936565876007
0.14053241908550262
0.13995791971683502
0.1432463675737381
0.14923851191997528
0.14788779616355896
0.1489904671907425
0.14552991092205048
0.14620733261108398
0.1438377946615219
0.15141254663467407
0.1451265960931778
0.15195532143115997
0.15260817110538483
0.152274489402771
0.1519899219274521
0.15126574039459229
0.15718582272529602
0.1427941471338272
0.14889253675937653
0.14732716977596283
0.1426103562116623
0.14875109493732452
0.1421072632074356
0.14467212557792664
0.1532553732395172
0.1398516446352005
0.15174219012260437
0.14754021167755127
0.15219564735889435
0.15468725562095642
0.14753803610801697
0.1379740685224533
0.15087346732616425
0.13333390653133392
0.14711126685142517
0.146234929561615
0.15392161905765533
0.1460122913122177
0.14888206124305725
0.14254197478294373
0.15590828657150269
0.1433035284280777
0.14011003077030182
0.14750520884990692
0.1485014408826828
0.14938193559646606
0.14077511429786682
0.1439438909292221
0.14392691850662231
0.14638657867908478
0.1490747481584549
0.1450871080160141
0.1435781717300415
0.14518365263938904
0.1364206224679947
0.1434861272573471
0.1477019190788269
0.13460811972618103
0.14445273578166962
0.13744263350963593
0.14779362082481384
0.1458076387643814
0.14735552668571472
0.14000095427036285
0.1466541439294815
0.13874037563800812
0.14564435184001923
0.1487663835287094
0.14560259878635406
0.1447407305240631
0.13828088343143463
0.13526082038879395
0.1438412070274353
0.13639040291309357
0.141181081533432
0.1462090164422989
0.14469103515148163
0.15010342001914978
0.1372898817062378
0.13905620574951172
0.14295686781406403
0.14564478397369385
0.14716839790344238
0.14189527928829193
0.1394505351781845
0.1395915299654007
0.14862491190433502
0.1512058675289154
0.15591663122177124
0.14698746800422668
0.14430297911167145
0.14211757481098175
0.14796121418476105
0.15418879687786102
0.13214080035686493
0.13469620048999786
0.1481684446334839
0.14334668219089508
0.14228428900241852
0.14347614347934723
0.14468339085578918
0.14619503915309906
0.14335019886493683
0.14768119156360626
0.1475946307182312
0.14132773876190186
0.14247624576091766
0.13645264506340027
0.1588689088821411
0.14813807606697083
0.14611883461475372
0.14739617705345154
0.13731801509857178
0.14791339635849
0.1443646401166916
0.14301948249340057
0.1531866192817688
0.13744567334651947
0.1506710648536682
0.1396394968032837
0.1368890106678009
0.1477886438369751
0.14376674592494965
0.1374269425868988
0.13374599814414978
0.14771099388599396
0.13455161452293396
0.13382232189178467
0.14482560753822327
0.1490255743265152
0.14516371488571167
0.14234738051891327
0.14376018941402435
0.14772488176822662
0.14271937310695648
0.1408562809228897
0.14422142505645752
0.14871788024902344
0.14011014997959137
0.13803960382938385
0.13861452043056488
0.1469946950674057
0.1450366973876953
0.1413276642560959
0.14343605935573578
0.1366516500711441
0.13687539100646973
0.14913824200630188
0.14611831307411194
0.14754582941532135
0.13564139604568481
0.13547196984291077
0.14479485154151917
0.14955388009548187
0.1365440934896469
0.14040274918079376
0.14573097229003906
0.15498709678649902
0.13689440488815308
0.13959357142448425
0.1479404717683792
0.13785973191261292
0.14270037412643433
0.14397366344928741
0.15280605852603912
0.15600623190402985
0.14106903970241547
0.1510172188282013
0.13372160494327545
0.14671176671981812
0.1390545517206192
0.14484244585037231
0.148792564868927
0.146999791264534
0.14709509909152985
0.14254021644592285
