1.0132560729980469
0.8178498148918152
0.7185171246528625
0.650073230266571
0.6402377486228943
0.6092196702957153
0.5401337742805481
0.539240300655365
0.5250506401062012
0.5026448369026184
0.49200567603111267
0.4905199706554413
0.4822183847427368
0.4866739511489868
0.49268805980682373
0.44494205713272095
0.4588880240917206
0.45316487550735474
0.4391007125377655
0.4549308121204376
0.43784478306770325
0.4094260036945343
0.42530861496925354
0.41766756772994995
0.41310927271842957
0.4062986671924591
0.40295496582984924
0.392415851354599
0.401641309261322
0.3924115002155304
0.39440542459487915
0.3894224166870117
0.4144816994667053
0.38919156789779663
0.3824576139450073
0.3662712574005127
0.3570899963378906
0.37165340781211853
0.38719266653060913
0.3759877383708954
0.36519747972488403
0.3817210793495178
0.3681301772594452
0.35105374455451965
0.36501118540763855
0.35404402017593384
0.37989553809165955
0.3668058514595032
0.35425102710723877
0.3430338203907013
0.35018011927604675
0.34257829189300537
0.348464697599411
0.35077059268951416
0.35143163800239563
0.3479057252407074
0.3479394316673279
0.3499307930469513
0.34806352853775024
0.32721394300460815
0.3437136709690094
0.3266310691833496
0.32717451453208923
0.3381425738334656
0.31781139969825745
0.32683953642845154
0.32554134726524353
0.33484432101249695
0.32317835092544556
0.3093789219856262
0.3154257535934448
0.32114189863204956
0.32819664478302
0.31431078910827637
0.30293434858322144
0.3295002281665802
0.32106611132621765
0.3217161297798157
0.3146657347679138
0.29750296473503113
0.32306188344955444
0.31982728838920593
0.30833402276039124
0.32283997535705566
0.31186553835868835
0.3088834881782532
0.3066369295120239
0.2976793348789215
0.30458277463912964
0.30402088165283203
0.3097105622291565
0.31072184443473816
0.31220024824142456
0.31078040599823
0.30789026618003845
0.30260002613067627
0.3002013564109802
0.30560222268104553
0.30951637029647827
0.28591522574424744
0.2969396710395813
0.3053581118583679
0.29496845602989197
0.29699739813804626
0.2854224443435669
0.3192163109779358
0.3123704195022583
0.30402475595474243
0.3026280403137207
0.2787185311317444
0.28455615043640137
0.2854655385017395
0.27811264991760254
0.2877201735973358
0.2927401661872864
0.2776670753955841
0.28871795535087585
0.27892744541168213
0.2775860130786896
0.28342530131340027
0.2836526334285736
0.27412149310112
0.28218555450439453
0.2835676372051239
0.29094135761260986
0.28153136372566223
0.2734980285167694
0.27177634835243225
0.2834629416465759
0.2863714396953583
0.28879275918006897
0.2754719853401184
0.27722081542015076
0.2694076895713806
0.27256205677986145
0.2643461525440216
0.2673966884613037
0.2826550602912903
0.280476450920105
0.28108644485473633
0.27050939202308655
0.2859680652618408
0.27437493205070496
0.2762070298194885
0.2676561176776886
0.28599461913108826
0.25787729024887085
0.26343026757240295
0.28006434440612793
0.25941145420074463
0.2635127604007721
0.2614096999168396
0.25893232226371765
0.26556825637817383
0.27262017130851746
0.27329450845718384
0.2653484046459198
0.2694660425186157
0.2611774206161499
0.25857841968536377
0.26514512300491333
0.2766290307044983
0.26198360323905945
0.2745833992958069
0.27451571822166443
0.24918632209300995
0.2715425491333008
0.26578423380851746
0.25072792172431946
0.2587680518627167
0.26655396819114685
0.2562817633152008
0.25214684009552
0.2611614763736725
0.24841032922267914
0.25020691752433777
0.2563725709915161
0.27206921577453613
0.24809134006500244
0.24015656113624573
0.2488308548927307
0.25635606050491333
0.25839582085609436
0.2506275773048401
0.24922232329845428
0.2525330185890198
0.2638094425201416
0.26295769214630127
0.25766855478286743
0.24741895496845245
0.24305997788906097
0.25043603777885437
0.23709267377853394
0.250907838344574
0.25185444951057434
0.25504767894744873
0.2457795888185501
0.23924370110034943
0.23617586493492126
0.22608551383018494
0.22550350427627563
0.2455189824104309
0.25747889280319214
0.25784191489219666
0.25046172738075256
0.24999448657035828
0.2469150424003601
0.24090176820755005
0.25206702947616577
0.23545165359973907
0.24187728762626648
0.2457789182662964
0.23596034944057465
0.2326047122478485
0.23876366019248962
0.24667194485664368
0.2273760586977005
0.23692089319229126
0.2369256466627121
0.23227231204509735
0.23715852200984955
0.23042041063308716
0.2359042763710022
0.23365728557109833
0.23711135983467102
0.23533183336257935
0.23185761272907257
0.23381109535694122
0.22984197735786438
0.23872879147529602
0.2247517704963684
0.2453279346227646
0.23927345871925354
0.2311151623725891
0.22883577644824982
0.23783954977989197
0.23073218762874603
0.22982291877269745
0.23514525592327118
0.23996798694133759
0.23179937899112701
0.22242364287376404
0.23431481420993805
0.22822827100753784
0.22654792666435242
0.23350296914577484
0.2061072438955307
0.22925224900245667
0.231489896774292
0.22580412030220032
0.23550255596637726
0.2342546433210373
0.22245129942893982
0.24275663495063782
0.22029638290405273
0.23215636610984802
0.24817177653312683
0.2272089719772339
0.23555579781532288
0.22184345126152039
0.23315051198005676
0.22344426810741425
0.22780048847198486
0.2228374034166336
0.22497399151325226
0.23093809187412262
0.23287555575370789
0.21948380768299103
0.21476797759532928
0.2266140580177307
0.2261267453432083
0.23114337027072906
0.2235948145389557
0.2277345061302185
0.22115294635295868
0.22164717316627502
0.21780650317668915
0.22773155570030212
0.2125071883201599
0.22204917669296265
0.22757254540920258
0.21723781526088715
0.2223537117242813
0.23806314170360565
0.23270882666110992
0.22124448418617249
0.23305028676986694
0.21567977964878082
0.21398259699344635
0.22154654562473297
0.23486556112766266
0.2411065697669983
0.23330992460250854
0.22472789883613586
0.2375584840774536
0.232156440615654
0.2246229648590088
0.22048142552375793
0.20976240932941437
0.22430510818958282
0.2227177768945694
0.22243064641952515
0.22059771418571472
0.22506718337535858
0.22924081981182098
0.23065556585788727
0.22353790700435638
0.23842228949069977
0.21920596063137054
0.22084929049015045
0.21798406541347504
0.2076294869184494
0.2279706746339798
0.22624154388904572
0.21292442083358765
0.22534072399139404
0.20643648505210876
0.22540703415870667
0.21726012229919434
0.2136991024017334
0.2207043617963791
0.2227236032485962
0.23245611786842346
0.22420333325862885
0.2099703997373581
0.1959735006093979
0.20707087218761444
0.22270257771015167
0.2249615341424942
0.2146361917257309
0.22394457459449768
0.21376293897628784
0.20914416015148163
0.2182905226945877
0.2257644087076187
0.21022769808769226
0.21645402908325195
0.19597120583057404
0.21103428304195404
0.213638573884964
0.21178403496742249
0.218661367893219
0.20690806210041046
0.2226904034614563
0.22621774673461914
0.23485198616981506
0.20542001724243164
0.21521003544330597
0.21711599826812744
0.21488505601882935
0.2115604728460312
0.21448592841625214
0.21542806923389435
0.2246963232755661
0.22469662129878998
0.22134250402450562
0.21628861129283905
0.21973198652267456
0.2179728001356125
0.22652684152126312
0.20954246819019318
0.2129552960395813
0.20903797447681427
0.21149218082427979
0.20900902152061462
0.21336109936237335
0.21169880032539368
0.19736993312835693
0.22290730476379395
0.2155725061893463
0.2267257124185562
0.1993218958377838
0.2047715187072754
0.2072654813528061
0.21285143494606018
0.2173946499824524
0.20944669842720032
0.21952971816062927
0.19531868398189545
0.2013368159532547
0.21148914098739624
0.20372548699378967
0.19937436282634735
0.20955339074134827
0.19235965609550476
0.22878029942512512
0.2213643193244934
0.21066351234912872
0.21030235290527344
0.19718068838119507
0.20871011912822723
0.19767004251480103
0.20699374377727509
0.2073078602552414
0.21042761206626892
0.19455449283123016
0.2048480361700058
0.1988035887479782
0.20791295170783997
0.22974847257137299
0.20351365208625793
0.22132693231105804
0.2214527279138565
0.2156660407781601
0.20273062586784363
0.21700961887836456
0.21361178159713745
0.20576812326908112
0.20274697244167328
0.19833864271640778
0.22647514939308167
0.19502951204776764
0.2004525512456894
0.20161917805671692
0.20166043937206268
0.202243834733963
0.1939699947834015
0.22423061728477478
0.2009216696023941
0.1952757090330124
0.21347489953041077
0.22293882071971893
0.22063617408275604
0.20318730175495148
0.20996145904064178
0.2284393608570099
0.21030786633491516
0.21251630783081055
0.22492797672748566
0.20009779930114746
0.2123456746339798
0.19969028234481812
0.21914425492286682
0.1990252286195755
0.21501250565052032
0.2071790099143982
0.21383795142173767
0.18823480606079102
0.21532472968101501
0.2066258192062378
0.2074756771326065
0.21978898346424103
0.21321186423301697
0.20201750099658966
0.19230246543884277
0.22555166482925415
0.2174215167760849
0.194319948554039
0.20274728536605835
0.22154127061367035
0.21254557371139526
0.21785667538642883
0.2193998098373413
0.19299621880054474
0.20064441859722137
0.21477437019348145
0.21386024355888367
0.1913527399301529
0.2116955667734146
0.20571647584438324
0.2174883633852005
0.2045731544494629
0.2013898640871048
0.22461244463920593
0.2040214240550995
0.20835453271865845
0.20424671471118927
0.19790880382061005
0.19411969184875488
0.20500467717647552
0.1993255913257599
0.2054585963487625
0.18762966990470886
0.2124565839767456
0.2048308402299881
0.19891725480556488
0.20319297909736633
0.22069288790225983
0.20629891753196716
0.20234829187393188
0.21444974839687347
0.19905896484851837
0.2013002634048462
0.2039341926574707
0.20919029414653778
0.21895232796669006
0.2156391143798828
0.2047993242740631
0.2084915041923523
0.2055765986442566
0.19450868666172028
0.2003355473279953
0.1936090588569641
0.20372948050498962
0.18432718515396118
0.18727369606494904
0.19539874792099
0.20007920265197754
0.20079252123832703
0.19295011460781097
0.19722074270248413
0.18696369230747223
0.2197483330965042
0.21103321015834808
0.2166011929512024
0.19722914695739746
0.20326440036296844
0.20067457854747772
0.1978139728307724
0.19872638583183289
0.20369499921798706
0.2000940442085266
0.21124866604804993
0.19031891226768494
0.19770212471485138
0.20865467190742493
0.21465624868869781
0.20499317348003387
0.19902226328849792
0.18477264046669006
0.19581882655620575
0.2046763151884079
0.1963738650083542
0.19512371718883514
0.18002073466777802
0.19475966691970825
0.2225174903869629
0.19270122051239014
0.1843830645084381
0.20023274421691895
0.19195634126663208
0.20005454123020172
0.20434798300266266
0.2028372883796692
0.20246851444244385
0.1974438726902008
0.19921500980854034
0.201065331697464
0.19504578411579132
0.1934908926486969
0.19682522118091583
0.19016984105110168
0.195737823843956
0.21759724617004395
0.21337829530239105
0.19511330127716064
0.19671182334423065
0.20918993651866913
0.18817059695720673
0.1993561089038849
0.1806345283985138
0.1973295509815216
0.19587752223014832
0.2007281631231308
0.2047407478094101
0.20870676636695862
0.1943245828151703
0.18636001646518707
0.1886720210313797
0.2104828804731369
0.19498321413993835
0.21278364956378937
0.20139814913272858
0.19229501485824585
0.1854744255542755
0.2134748250246048
0.20390579104423523
0.19680508971214294
0.21031656861305237
0.20867612957954407
0.20846319198608398
0.21093906462192535
0.1971185803413391
0.218917116522789
0.19909033179283142
0.20436164736747742
0.21065668761730194
0.21697090566158295
0.19052554666996002
0.1801270991563797
0.19870029389858246
0.21087323129177094
0.19711005687713623
0.20026984810829163
0.1795717179775238
0.20746469497680664
0.19947072863578796
0.19832774996757507
0.1929471492767334
0.19412235915660858
0.20264862477779388
0.21634025871753693
0.20550301671028137
0.20709383487701416
0.1881730705499649
0.1912926286458969
0.18882684409618378
0.19391517341136932
0.19061210751533508
0.1901729255914688
0.1996738463640213
0.20080426335334778
0.19978755712509155
0.19892708957195282
0.21133571863174438
0.21041597425937653
0.19393913447856903
0.19696810841560364
0.21695876121520996
0.18162690103054047
0.21270591020584106
0.20845790207386017
0.19493554532527924
0.19383305311203003
0.1962624490261078
0.19575539231300354
0.18575052917003632
0.2111443281173706
