0.7525255680084229
0.6175814270973206
0.5813629031181335
0.5093474388122559
0.49673140048980713
0.47601231932640076
0.465504914522171
0.44224050641059875
0.45973196625709534
0.4330063462257385
0.427502304315567
0.40873023867607117
0.41496628522872925
0.39128294587135315
0.41044336557388306
0.3814203143119812
0.39309239387512207
0.385830819606781
0.3692144453525543
0.3900367319583893
0.36706238985061646
0.36965709924697876
0.3896862864494324
0.35556745529174805
0.3574666976928711
0.3893399238586426
0.37781822681427
0.33970606327056885
0.3387130796909332
0.33884766697883606
0.3322373628616333
0.3414226174354553
0.3535534739494324
0.3327951431274414
0.3312889039516449
0.3359236717224121
0.3143107295036316
0.32589268684387207
0.33524876832962036
0.3240116834640503
0.3338399827480316
0.33820581436157227
0.3353729844093323
0.31367892026901245
0.32894623279571533
0.3101363778114319
0.31775131821632385
0.32546544075012207
0.3222200870513916
0.3051210641860962
0.29952117800712585
0.3130341172218323
0.29296669363975525
0.29421383142471313
0.3060123324394226
0.28912806510925293
0.3094993531703949
0.30836862325668335
0.2947476804256439
0.2801652252674103
0.29840150475502014
0.27828553318977356
0.298435777425766
0.2921508252620697
0.2675689160823822
0.30002591013908386
0.3009060323238373
0.2802038788795471
0.28682971000671387
0.2857081890106201
0.28103697299957275
0.2858518362045288
0.26639339327812195
0.2693100571632385
0.26277413964271545
0.271844744682312
0.2660121023654938
0.2772771418094635
0.2688622772693634
0.2893768846988678
0.2683364152908325
0.26885074377059937
0.24045774340629578
0.27850016951560974
0.253772497177124
0.26910310983657837
0.25886422395706177
0.24396802484989166
0.261294960975647
0.2599577009677887
0.253571093082428
0.26958221197128296
0.2550164461135864
0.26603057980537415
0.25009840726852417
0.2528188228607178
0.2530501186847687
0.2622266411781311
0.26882076263427734
0.25678950548171997
0.26002931594848633
0.25702789425849915
0.23343314230442047
0.2409888505935669
0.25246602296829224
0.2307724952697754
0.2335091233253479
0.25725919008255005
0.25030237436294556
0.24990828335285187
0.24913959205150604
0.24967293441295624
0.2413564920425415
0.24835872650146484
0.24300064146518707
0.23920612037181854
0.24270233511924744
0.24229219555854797
0.2508072853088379
0.23572927713394165
0.25903934240341187
0.24303089082241058
0.22798165678977966
0.2493029236793518
0.23336045444011688
0.24006333947181702
0.22698330879211426
0.24660523235797882
0.2415977269411087
0.22603267431259155
0.21245171129703522
0.23703499138355255
0.22355975210666656
0.21676978468894958
0.21645250916481018
0.22674153745174408
0.2119465470314026
0.21732841432094574
0.21056294441223145
0.2140992283821106
0.1982886791229248
0.22723640501499176
0.2126472145318985
0.22360531985759735
0.22126354277133942
0.21157658100128174
0.2072751224040985
0.19227512180805206
0.22257760167121887
0.19994163513183594
0.2127181738615036
0.21502625942230225
0.20101073384284973
0.21455100178718567
0.19437623023986816
0.1887955665588379
0.1979183852672577
0.21511641144752502
0.18963618576526642
0.18794368207454681
0.1974668800830841
0.2004644274711609
0.2141348272562027
0.19612309336662292
0.19686518609523773
0.20212586224079132
0.20264199376106262
0.17912589013576508
0.19343264400959015
0.19220377504825592
0.19102533161640167
0.1799033284187317
0.19694431126117706
0.17745888233184814
0.17277710139751434
0.19102616608142853
0.1941603720188141
0.17307148873806
0.18654099106788635
0.1944502294063568
0.1951831579208374
0.19072343409061432
0.16390512883663177
0.18117734789848328
0.18308600783348083
0.17892028391361237
0.2040650099515915
0.18772408366203308
0.1746920347213745
0.1853386014699936
0.18505188822746277
0.16359226405620575
0.16732333600521088
0.17205244302749634
0.17847570776939392
0.19086195528507233
0.19269265234470367
0.19746145606040955
0.1642185002565384
0.1757880300283432
0.18017172813415527
0.20473012328147888
0.16518986225128174
0.1716056764125824
0.17249880731105804
0.181932270526886
0.17844346165657043
0.16857300698757172
0.18315187096595764
0.17041881382465363
0.16671030223369598
0.19040483236312866
0.18470321595668793
0.1617874801158905
0.15109024941921234
0.18194971978664398
0.1671949177980423
0.18121998012065887
0.16830408573150635
0.17911100387573242
0.18604834377765656
0.16365139186382294
0.17666786909103394
0.16538256406784058
0.17484526336193085
0.1681283563375473
0.16361959278583527
0.17369887232780457
0.15154500305652618
0.14713351428508759
0.15797872841358185
0.1613726019859314
0.15050271153450012
0.17915108799934387
0.1611478477716446
0.1480540633201599
0.15656499564647675
0.15350580215454102
0.16093964874744415
0.15057086944580078
0.16611041128635406
0.17602935433387756
0.16638092696666718
0.15541709959506989
0.15955038368701935
0.15689140558242798
0.15515756607055664
0.15765847265720367
0.17323064804077148
0.1480008065700531
0.16147974133491516
0.15863369405269623
0.15415294468402863
0.162034809589386
0.1705417037010193
0.16246552765369415
0.16066902875900269
0.15641506016254425
0.16604481637477875
0.16540436446666718
0.1682799905538559
0.16364972293376923
0.15635575354099274
0.1425873041152954
0.1661546677350998
0.16152891516685486
0.15177394449710846
0.15807925164699554
0.1402977854013443
0.14704130589962006
0.14421652257442474
0.1487884819507599
0.13988539576530457
0.13303790986537933
0.15422606468200684
0.14995859563350677
0.15608452260494232
0.14378316700458527
0.15000618994235992
0.15757988393306732
0.15621039271354675
0.1350860893726349
0.15122941136360168
0.15866179764270782
0.16346855461597443
0.15056198835372925
0.1560577154159546
0.1514308750629425
0.15565063059329987
0.14252722263336182
0.15753225982189178
0.15771862864494324
0.14139196276664734
0.14494256675243378
0.14655020833015442
0.13477244973182678
0.15310384333133698
0.13502351939678192
0.1570204794406891
0.1547877937555313
0.13571453094482422
0.14197175204753876
0.1476503312587738
0.1522911936044693
0.16200251877307892
0.13771530985832214
0.11902989447116852
0.15682367980480194
0.1381112039089203
0.15175795555114746
0.13977262377738953
0.1510808765888214
0.14952677488327026
0.13526056706905365
0.14331993460655212
0.1254367083311081
0.13689397275447845
0.14614413678646088
0.13145434856414795
0.134441539645195
0.12825068831443787
0.15049314498901367
0.14689680933952332
0.14637120068073273
0.1255570501089096
0.13104508817195892
0.14363372325897217
0.13683415949344635
0.13819755613803864
0.14322316646575928
0.1488133817911148
0.15462836623191833
0.14780382812023163
0.14796310663223267
0.1359175145626068
0.14526134729385376
0.13800828158855438
0.14160722494125366
0.1514604687690735
0.15042652189731598
0.1485741287469864
0.13687920570373535
0.14027786254882812
0.13493181765079498
0.14165493845939636
0.141460120677948
0.1425188034772873
0.14209938049316406
0.14878560602664948
0.14035654067993164
0.12679165601730347
0.1349809169769287
0.12683960795402527
0.138563871383667
0.1273353397846222
0.1253713220357895
0.13045907020568848
0.14778989553451538
0.1405634731054306
0.11830563098192215
0.12311156839132309
0.13616879284381866
0.1345309019088745
0.1277012825012207
0.14055252075195312
0.14774717390537262
0.13926072418689728
0.12379900366067886
0.12459130585193634
0.14132167398929596
0.11931975185871124
0.13182058930397034
0.13433688879013062
0.13817064464092255
0.13143101334571838
0.13510310649871826
0.12898272275924683
0.1327199786901474
0.12748795747756958
0.12667089700698853
0.1464308798313141
0.14260053634643555
0.13674518465995789
0.1257937103509903
0.1373642385005951
0.12939517199993134
0.1607063263654709
0.13001254200935364
0.13017474114894867
0.125603586435318
0.12142717093229294
0.14043636620044708
0.1351921558380127
0.1514691710472107
0.12949706614017487
0.1444091498851776
0.11529228836297989
0.1311880648136139
0.12186769396066666
0.1450299620628357
0.13745717704296112
0.1358535885810852
0.13299283385276794
0.13574443757534027
0.12222729623317719
0.12132514268159866
0.13245318830013275
0.13564486801624298
0.12788201868534088
0.1296462118625641
0.1340351402759552
0.13407312333583832
0.11842378228902817
0.118630550801754
0.1401575356721878
0.11708196997642517
0.1286497563123703
0.12949328124523163
0.12281352281570435
0.11635667085647583
0.12700067460536957
0.12215034663677216
0.13075962662696838
0.12115640193223953
0.12872663140296936
0.11530815809965134
0.1359582543373108
0.12223847955465317
0.12456448376178741
0.13341373205184937
0.13782574236392975
0.1224154382944107
0.12029649317264557
0.12900084257125854
0.13052329421043396
0.14401349425315857
0.12620915472507477
0.1283804029226303
0.13686616718769073
0.12281978875398636
0.1297137588262558
0.12151512503623962
0.11612206697463989
0.1329396665096283
0.11519704759120941
0.1294710785150528
0.1325884461402893
0.12379144132137299
0.12360548228025436
0.1487666666507721
0.1349082589149475
0.1256120800971985
0.12124186009168625
0.12038365751504898
0.12374591827392578
0.14019478857517242
0.12254080176353455
0.13245607912540436
0.1238764226436615
0.1302127093076706
0.12617546319961548
0.1297587901353836
0.13227275013923645
0.12726055085659027
0.14173980057239532
0.1381654441356659
0.13618700206279755
0.1306123286485672
0.12695278227329254
0.11576392501592636
0.13911893963813782
0.12250681966543198
0.12401552498340607
0.11979929357767105
0.12021241337060928
0.13448724150657654
0.12810713052749634
0.1259787380695343
0.11810438334941864
0.1166105791926384
0.12474629282951355
0.1206853985786438
0.12875600159168243
0.12428021430969238
0.13831578195095062
0.1181526929140091
0.13481110334396362
0.13507048785686493
0.14467185735702515
0.12921209633350372
0.11208292096853256
0.12874512374401093
0.12355133891105652
0.12333527952432632
0.12167256325483322
0.10627920925617218
0.12219841778278351
0.11671847105026245
0.13407489657402039
0.1342335194349289
0.12183226644992828
0.1375901848077774
0.11735232919454575
0.12256468832492828
0.12226878106594086
0.12698696553707123
0.11532659083604813
0.10727419704198837
0.11402276158332825
0.12451687455177307
0.11824806779623032
0.12158376723527908
0.13149046897888184
0.11480525135993958
0.12826521694660187
0.11649708449840546
0.11377674341201782
0.11802259832620621
0.12201802432537079
0.12833745777606964
0.12574860453605652
0.116584911942482
0.11794965714216232
0.11211742460727692
0.12070001661777496
0.13176649808883667
0.12441809475421906
0.11475300788879395
0.11175967007875443
0.12306562811136246
0.12696029245853424
0.13154199719429016
0.1156594455242157
0.11888062953948975
0.1251259744167328
0.1081041470170021
0.1350627988576889
0.11634083837270737
0.12308500707149506
0.13044992089271545
0.1288377344608307
0.11027657240629196
0.14799654483795166
0.12203937023878098
0.12557834386825562
0.11150310188531876
0.12625503540039062
0.12324026226997375
0.1182146668434143
0.12444005906581879
0.1176367700099945
0.12312699854373932
0.1343027800321579
0.12066029012203217
0.1261751800775528
0.11753841489553452
0.10748042911291122
0.10895878076553345
0.11079272627830505
0.11317461729049683
0.12370733916759491
0.11913110315799713
0.12378774583339691
0.12200908362865448
0.12225215882062912
0.12079175561666489
0.13291406631469727
0.1116325855255127
0.12871301174163818
0.1192655861377716
0.12427199631929398
0.11928654462099075
0.11390014737844467
0.12003592401742935
0.12942038476467133
0.11681188642978668
0.11343429982662201
0.10897840559482574
0.1188165694475174
0.11870375275611877
0.1142173483967781
0.11387838423252106
0.12205726653337479
0.13362295925617218
0.11936987191438675
0.11704996973276138
0.12853530049324036
0.12802283465862274
0.13880372047424316
0.13004997372627258
0.12853451073169708
0.11903363466262817
0.1269083470106125
0.1080743819475174
0.12428972870111465
0.1185448095202446
0.1196729838848114
0.11473924666643143
0.11350218206644058
0.11840726435184479
0.12993529438972473
