0.9753440618515015
0.916898250579834
0.8691402673721313
0.8290424346923828
0.7922818064689636
0.7572112083435059
0.7266497611999512
0.6990982890129089
0.6737297177314758
0.6509641408920288
0.6296276450157166
0.610788881778717
0.5917011499404907
0.5745709538459778
0.5567035675048828
0.5397598147392273
0.5231078863143921
0.5102399587631226
0.49781304597854614
0.4865630567073822
0.4769880771636963
0.46696752309799194
0.45719072222709656
0.4489167034626007
0.44065770506858826
0.4333999454975128
0.42700812220573425
0.4210723638534546
0.4156957268714905
0.4100220501422882
0.40568822622299194
0.40027791261672974
0.39369523525238037
0.3895660936832428
0.38526639342308044
0.3826829791069031
0.38115426898002625
0.3778129518032074
0.3748238682746887
0.37194758653640747
0.36970290541648865
0.36692726612091064
0.3638760447502136
0.36288365721702576
0.360722154378891
0.3591264486312866
0.35727086663246155
0.3556854724884033
0.3541411757469177
0.352694571018219
0.35158535838127136
0.35080912709236145
0.3500182330608368
0.3487444818019867
0.34766778349876404
0.3463211953639984
0.3455146849155426
0.3450283706188202
0.3437834680080414
0.34279122948646545
0.34174856543540955
0.34085580706596375
0.3399786353111267
0.3391675055027008
0.33867183327674866
0.3376036584377289
0.33696627616882324
0.3365035355091095
0.33571019768714905
0.33475935459136963
0.3338753581047058
0.33408793807029724
0.3334733843803406
0.33267223834991455
0.3315798342227936
0.33220505714416504
0.33160120248794556
0.3304940462112427
0.32987478375434875
0.3288401663303375
0.328069269657135
0.3278791606426239
0.32735446095466614
0.3268868625164032
0.3268705904483795
0.32731667160987854
0.32669776678085327
0.32536303997039795
0.3241378366947174
0.32348695397377014
0.3229205012321472
0.32229354977607727
0.32174381613731384
0.321200966835022
0.3202342689037323
0.31969213485717773
0.31965360045433044
0.31911301612854004
0.31891679763793945
0.31830519437789917
0.3178359270095825
0.3171077072620392
0.3163915276527405
0.3157601058483124
0.3154749274253845
0.31549376249313354
0.3151531517505646
0.314120888710022
0.31367629766464233
0.31406667828559875
0.31396177411079407
0.31331008672714233
0.312420129776001
0.31137698888778687
0.31061628460884094
0.31013354659080505
0.30909278988838196
0.30842819809913635
0.30782195925712585
0.3077049255371094
0.30721744894981384
0.306395947933197
0.3061719238758087
0.30578795075416565
0.3054344952106476
0.3048287630081177
0.30484628677368164
0.3047695457935333
0.3039882183074951
0.30348318815231323
0.30272117257118225
0.3022876977920532
0.30185800790786743
0.3012724816799164
0.3009280562400818
0.3003727197647095
0.30024582147598267
0.29999569058418274
0.29926925897598267
0.2987518012523651
0.29861897230148315
0.298099547624588
0.297378808259964
0.2967822253704071
0.2963874936103821
0.296073853969574
0.29547521471977234
0.2953187823295593
0.29553207755088806
0.29504936933517456
0.29487261176109314
0.2940903902053833
0.2936505973339081
0.2931864559650421
0.2923821806907654
0.29198166728019714
0.2918364107608795
0.2913696765899658
0.29102757573127747
0.2906140089035034
0.28977856040000916
0.29033997654914856
0.2896912395954132
0.2889299988746643
0.28860291838645935
0.2883235812187195
0.2879815101623535
0.2875154912471771
0.2872772216796875
0.28673866391181946
0.2871586084365845
0.2875593304634094
0.2869665324687958
0.2861509621143341
0.2855833172798157
0.2851721942424774
0.2845070958137512
0.2843294143676758
0.2839062809944153
0.2836417853832245
0.28361931443214417
0.28340578079223633
0.283149778842926
0.2828042507171631
0.28215524554252625
0.281607061624527
0.2813968360424042
0.2805935740470886
0.2806161940097809
0.2814304530620575
0.28098323941230774
0.2795840799808502
0.27881717681884766
0.2796807587146759
0.280087411403656
0.2795785069465637
0.2788984775543213
0.27729111909866333
0.2771086096763611
0.2770138084888458
0.2766272723674774
0.2762939929962158
0.2771803140640259
0.2762828469276428
0.2758767306804657
0.27477937936782837
0.2751760482788086
0.2747292220592499
0.27407726645469666
0.27456972002983093
0.2742641866207123
0.27325141429901123
0.2730105519294739
0.27271509170532227
0.2739413380622864
0.27235785126686096
0.2720091640949249
0.27142515778541565
0.27103957533836365
0.27063390612602234
0.27046409249305725
0.2703890800476074
0.27020198106765747
0.26960501074790955
0.2693428099155426
0.26889994740486145
0.2684958279132843
0.26812514662742615
0.26782849431037903
0.2679871618747711
0.2674235701560974
0.2671268880367279
0.26719820499420166
0.26705366373062134
0.26638391613960266
0.2667469382286072
0.26620805263519287
0.26593321561813354
0.2654602527618408
0.26515650749206543
0.26463931798934937
0.2646549344062805
0.2641327679157257
0.263729065656662
0.263681560754776
0.26446691155433655
0.2639910876750946
0.2631458640098572
0.26290544867515564
0.2628481984138489
0.2643919587135315
0.2649243175983429
0.2636374235153198
0.2626621723175049
0.26238828897476196
0.26266831159591675
0.2618887722492218
0.26086360216140747
0.2602842450141907
0.258617103099823
0.25956153869628906
0.2596956193447113
0.2589966058731079
0.25916409492492676
0.25905942916870117
0.2585442364215851
0.2577674984931946
0.2573527991771698
0.25677114725112915
0.2561129331588745
0.25632336735725403
0.2557225227355957
0.2555878162384033
0.25580883026123047
0.2559255361557007
0.2554674446582794
0.2552095353603363
0.2546364963054657
0.2539374530315399
0.2541457414627075
0.2540169358253479
0.2538830637931824
0.2537843883037567
0.2536490261554718
0.2534162402153015
0.25317466259002686
0.253152996301651
0.2530544102191925
0.2525383532047272
0.2526127099990845
0.25217726826667786
0.2525099515914917
0.2521612346172333
0.251993864774704
0.2517516314983368
0.25157859921455383
0.25149592757225037
0.25151124596595764
0.2512027621269226
0.2511500418186188
0.2509337365627289
0.25074833631515503
0.2505475580692291
0.25045424699783325
0.25032463669776917
0.25030624866485596
0.2501468062400818
0.2502124011516571
0.2499908208847046
0.2497795820236206
0.24966378509998322
0.2495797872543335
0.24942389130592346
0.2492598593235016
0.2492446005344391
0.24907170236110687
0.24893751740455627
0.24873746931552887
0.24880634248256683
0.2486390471458435
0.24848702549934387
0.24856558442115784
0.24823522567749023
0.24800856411457062
0.24787120521068573
0.247714102268219
0.24767617881298065
0.24768474698066711
0.24763572216033936
0.24708428978919983
0.2470177859067917
0.24696621298789978
0.24691711366176605
0.24670067429542542
0.24661926925182343
0.24658454954624176
0.24638934433460236
0.2462177872657776
0.24602337181568146
0.24605832993984222
0.24596314132213593
0.24573883414268494
0.24562419950962067
0.24569305777549744
0.24550072848796844
0.24515484273433685
0.24512243270874023
0.2451152205467224
0.24464812874794006
0.2448352575302124
0.24469365179538727
0.2444169670343399
0.2443324774503708
0.24417230486869812
0.2445405125617981
0.24424172937870026
0.2441813349723816
0.24452899396419525
0.24454349279403687
0.2439013123512268
0.24348825216293335
0.24328608810901642
0.24309147894382477
0.2427833080291748
0.24290114641189575
0.24255678057670593
0.24244309961795807
0.24230614304542542
0.24211300909519196
0.24203015863895416
0.24176743626594543
0.24174420535564423
0.24157266318798065
0.24150216579437256
0.24143509566783905
0.24134087562561035
0.2412652224302292
0.24124489724636078
0.24120546877384186
0.2410913109779358
0.240997314453125
0.24108096957206726
0.24104584753513336
0.24090576171875
0.24077309668064117
0.24076952040195465
0.24064768850803375
0.2407333254814148
0.24054637551307678
0.24054615199565887
0.24047912657260895
0.24053137004375458
0.24043820798397064
0.24100075662136078
0.24110667407512665
0.24074797332286835
0.24048683047294617
0.2403455525636673
0.24006667733192444
0.24006737768650055
0.24017833173274994
0.24004806578159332
0.2398194670677185
0.23969559371471405
0.2397480607032776
0.23960468173027039
0.2394605278968811
0.23949411511421204
0.2395533174276352
0.23944981396198273
0.239438995718956
0.23924970626831055
0.2392231523990631
0.23911318182945251
0.2392035722732544
0.239019975066185
0.23888832330703735
0.23906834423542023
0.23895563185214996
0.23900865018367767
0.2389449179172516
0.2388571798801422
0.23884287476539612
0.2387145608663559
0.23866483569145203
0.23843954503536224
0.23842917382717133
0.23829099535942078
0.23811501264572144
0.23807446658611298
0.2380782961845398
0.23801782727241516
0.23795802891254425
0.23781025409698486
0.23777423799037933
0.23770692944526672
0.23762305080890656
0.23757526278495789
0.23750457167625427
0.23761041462421417
0.23744404315948486
0.23733177781105042
0.23729656636714935
0.23722033202648163
0.23715758323669434
0.23714841902256012
0.23696397244930267
0.23700378835201263
0.23693133890628815
0.23691275715827942
0.23713085055351257
0.23714539408683777
0.2368796020746231
0.23695430159568787
0.23687130212783813
0.23666410148143768
0.2365931123495102
0.23655009269714355
0.23646697402000427
0.23641343414783478
0.2360469549894333
0.23622170090675354
0.2362598180770874
0.23644548654556274
0.23678500950336456
0.2367277294397354
0.23669162392616272
0.23659758269786835
0.23647983372211456
0.23650357127189636
0.23636002838611603
0.23616626858711243
0.2360026240348816
0.23588864505290985
0.23588202893733978
0.23579753935337067
0.23574745655059814
0.23568974435329437
0.23566840589046478
0.23562170565128326
0.23558922111988068
0.2355404943227768
0.2354918122291565
0.23546764254570007
0.23541799187660217
0.2353658527135849
0.2353510707616806
0.23527555167675018
0.23528113961219788
0.23524801433086395
0.2352433204650879
0.23520033061504364
0.23515048623085022
0.23513373732566833
0.23509511351585388
0.23505820333957672
0.23501789569854736
0.23498056828975677
0.23496130108833313
0.23491433262825012
0.2349342256784439
0.23493948578834534
0.23494045436382294
0.23481324315071106
0.234760582447052
0.23474211990833282
0.23471812903881073
0.23465923964977264
0.2346380352973938
0.23462285101413727
0.23456542193889618
0.23455658555030823
0.23452238738536835
0.2345373034477234
0.2344755083322525
0.23442117869853973
0.23440131545066833
0.23435111343860626
0.23435068130493164
0.2343386560678482
0.23440147936344147
0.23427997529506683
0.2342548370361328
0.23423124849796295
0.23420658707618713
0.23418499529361725
0.23424354195594788
0.23424598574638367
0.2341875284910202
0.23416058719158173
0.23414528369903564
0.23410436511039734
0.23408293724060059
0.23402008414268494
0.23397615551948547
0.23397178947925568
0.2339206039905548
0.23402564227581024
0.23390641808509827
0.23389126360416412
0.23381853103637695
0.2337929606437683
0.23375509679317474
0.23373840749263763
0.23369115591049194
0.23366957902908325
0.23377463221549988
0.2336217314004898
0.23360562324523926
0.23362858593463898
0.23358169198036194
0.2335371971130371
0.23351748287677765
0.23349550366401672
0.2334580272436142
0.2334350198507309
0.23348204791545868
0.23341308534145355
0.23337838053703308
0.23331870138645172
0.23331962525844574
0.23334479331970215
0.23330560326576233
0.23320631682872772
0.2332555055618286
0.23320458829402924
0.23319244384765625
0.233145073056221
0.23312051594257355
0.2331235408782959
0.23317362368106842
0.23313145339488983
0.23309031128883362
0.23304829001426697
0.23305147886276245
0.2330227643251419
0.2329961061477661
0.23297004401683807
0.23296239972114563
0.23295408487319946
0.2329089492559433
0.23291362822055817
0.23289784789085388
0.23289373517036438
0.2328837513923645
0.2328696846961975
0.23285327851772308
0.23282074928283691
0.23279918730258942
0.23279036581516266
0.23276880383491516
0.2327517867088318
0.23273307085037231
0.23270948231220245
0.23268359899520874
0.2326718419790268
0.23266485333442688
0.23263442516326904
0.2326313853263855
0.23260746896266937
0.23259949684143066
0.23258256912231445
0.23256368935108185
0.23254121840000153
0.23253370821475983
0.2325347512960434
0.23250862956047058
0.23249277472496033
0.23247244954109192
0.2324732095003128
0.23244521021842957
0.23244567215442657
0.23241141438484192
0.23243752121925354
0.23248039186000824
0.2323797345161438
0.23236176371574402
0.23235951364040375
0.23240113258361816
0.23240041732788086
0.23248262703418732
0.23246760666370392
0.23243804275989532
0.2324438840150833
0.2325412631034851
0.23251371085643768
0.23249249160289764
0.2324804812669754
0.2324533462524414
0.2324272245168686
0.23236176371574402
0.23233217000961304
0.23230962455272675
0.2322871834039688
0.23227591812610626
0.23228439688682556
0.23224171996116638
0.23221372067928314
0.23219044506549835
0.2321774661540985
0.23213806748390198
0.23211431503295898
0.23210638761520386
0.23211750388145447
0.2320881336927414
0.2320699542760849
0.23205094039440155
0.23203438520431519
0.23202329874038696
0.23202326893806458
0.23199865221977234
0.2319873571395874
0.23193678259849548
0.2319299280643463
0.2319132536649704
0.2319059818983078
0.23188577592372894
0.2318877875804901
0.23185622692108154
0.23184168338775635
0.2318299263715744
0.23181912302970886
0.23175455629825592
0.23180849850177765
0.2317735254764557
0.23173478245735168
0.2317158281803131
0.2317102700471878
0.23172451555728912
0.23169271647930145
0.23167607188224792
