0.7324377298355103
0.5678848028182983
0.4866696298122406
0.44575467705726624
0.4161330759525299
0.396380752325058
0.3908860683441162
0.3795963525772095
0.3738585412502289
0.3604007959365845
0.3592568635940552
0.3558584451675415
0.350303590297699
0.33564049005508423
0.3543485701084137
0.34543368220329285
0.3227371871471405
0.32134154438972473
0.31858769059181213
0.3280055820941925
0.3279581069946289
0.3303588926792145
0.31542107462882996
0.3091399371623993
0.3076637387275696
0.3090788722038269
0.29807621240615845
0.3031155467033386
0.29774609208106995
0.2957151532173157
0.2970406711101532
0.30117034912109375
0.2968042194843292
0.2947964668273926
0.28716325759887695
0.30070340633392334
0.29558873176574707
0.2969915270805359
0.2866388261318207
0.2927887737751007
0.27958744764328003
0.28362786769866943
0.2772940993309021
0.28116321563720703
0.2807506322860718
0.2736770808696747
0.27568766474723816
0.26815497875213623
0.2628292441368103
0.2669897675514221
0.2595050632953644
0.26311126351356506
0.2637676000595093
0.2622748613357544
0.2553388178348541
0.2706858515739441
0.26358625292778015
0.2657981812953949
0.2659662067890167
0.2520671486854553
0.2564755082130432
0.260103702545166
0.2572201192378998
0.258390873670578
0.25162431597709656
0.24330075085163116
0.24353839457035065
0.24617774784564972
0.25498998165130615
0.2519311308860779
0.2487817257642746
0.24951380491256714
0.24582232534885406
0.2367948293685913
0.24799981713294983
0.2454511523246765
0.24003756046295166
0.2307596653699875
0.22697189450263977
0.23776689171791077
0.23101897537708282
0.24185413122177124
0.22259129583835602
0.22911199927330017
0.23360779881477356
0.2322949767112732
0.22758205235004425
0.22752389311790466
0.22521816194057465
0.22409652173519135
0.22710150480270386
0.218393936753273
0.21447615325450897
0.2205658257007599
0.21657904982566833
0.2235197275876999
0.22000470757484436
0.21366779506206512
0.21938884258270264
0.2210225909948349
0.21304723620414734
0.2104099839925766
0.20880499482154846
0.20765629410743713
0.20988820493221283
0.20938678085803986
0.20303501188755035
0.209579199552536
0.20101386308670044
0.21302998065948486
0.21922174096107483
0.20455345511436462
0.2039600908756256
0.2066335529088974
0.21002428233623505
0.19924785196781158
0.2059766799211502
0.2011057585477829
0.19427889585494995
0.1968735009431839
0.19780822098255157
0.19398662447929382
0.19349581003189087
0.19948720932006836
0.18714457750320435
0.19234779477119446
0.18888700008392334
0.18917720019817352
0.1872928887605667
0.19327513873577118
0.2013159543275833
0.18777014315128326
0.18737013638019562
0.19202156364917755
0.18594738841056824
0.19269399344921112
0.1811024397611618
0.1896449625492096
0.17766116559505463
0.18781332671642303
0.19362573325634003
0.17783750593662262
0.18495425581932068
0.17804403603076935
0.17440705001354218
0.17962723970413208
0.16632407903671265
0.17482084035873413
0.1862417608499527
0.17652851343154907
0.1859990805387497
0.18315953016281128
0.1776130646467209
0.17149055004119873
0.1795128732919693
0.1758272796869278
0.17163996398448944
0.1716882735490799
0.18354423344135284
0.16897563636302948
0.1829981654882431
0.1789073795080185
0.17254437506198883
0.16977575421333313
0.1694864183664322
0.1695863902568817
0.17084763944149017
0.18189729750156403
0.16875050961971283
0.17198409140110016
0.17059913277626038
0.17235620319843292
0.17143286764621735
0.1641814112663269
0.16485175490379333
0.18109776079654694
0.1675340086221695
0.17032873630523682
0.16486242413520813
0.17112642526626587
0.1701469123363495
0.17076636850833893
0.167411208152771
0.1649257242679596
0.16125576198101044
0.172194704413414
0.16214419901371002
0.16572703421115875
0.16181032359600067
0.17229251563549042
0.16125990450382233
0.16595779359340668
0.1560276448726654
0.17428675293922424
0.1732736974954605
0.16545039415359497
0.15530183911323547
0.15940770506858826
0.16333210468292236
0.15792417526245117
0.15488429367542267
0.1591663956642151
0.15912237763404846
0.16157586872577667
0.16104207932949066
0.16535361111164093
0.1570616513490677
0.1542540192604065
0.16748222708702087
0.161357119679451
0.15658867359161377
0.16499802470207214
0.1575186848640442
0.15045638382434845
0.15098638832569122
0.1527767926454544
0.16227354109287262
0.16010558605194092
0.14862477779388428
0.1478339433670044
0.15828461945056915
0.15665100514888763
0.15909762680530548
0.1555129736661911
0.15175235271453857
0.1462378352880478
0.159967839717865
0.16020320355892181
0.1519225686788559
0.14680993556976318
0.15771517157554626
0.16345398128032684
0.15578749775886536
0.15569491684436798
0.14948545396327972
0.15397100150585175
0.15403695404529572
0.15827006101608276
0.15137378871440887
0.14594605565071106
0.14397913217544556
0.15703822672367096
0.14155487716197968
0.14616432785987854
0.15177005529403687
0.14853805303573608
0.1496845930814743
0.15235158801078796
0.15089602768421173
0.14328709244728088
0.14039479196071625
0.1523134708404541
0.1452413946390152
0.1472274512052536
0.14635881781578064
0.14893250167369843
0.15270857512950897
0.1473246067762375
0.1498941034078598
0.15196283161640167
0.147579625248909
0.14702948927879333
0.1475779265165329
0.146484375
0.14853070676326752
0.13830779492855072
0.14488886296749115
0.1461971551179886
0.14279387891292572
0.15094433724880219
0.14217399060726166
0.14027975499629974
0.13921760022640228
0.13788919150829315
0.1513587385416031
0.14618434011936188
0.14141593873500824
0.14250986278057098
0.13102689385414124
0.1444280743598938
0.1423966884613037
0.14650723338127136
0.13346071541309357
0.1446661800146103
0.13684296607971191
0.12878470122814178
0.1427709013223648
0.1468878835439682
0.1461247056722641
0.1304825246334076
0.1445866972208023
0.13672444224357605
0.1361198127269745
0.13642287254333496
0.14233310520648956
0.13749641180038452
0.14604346454143524
0.1285082995891571
0.13184502720832825
0.14103738963603973
0.13688011467456818
0.14025676250457764
0.14795318245887756
0.1397835612297058
0.1439889818429947
0.1381821632385254
0.1285041719675064
0.13514603674411774
0.13446414470672607
0.13663238286972046
0.13608767092227936
0.1371144950389862
0.14433997869491577
0.13207398355007172
0.1317998170852661
0.13770771026611328
0.143102765083313
0.13162818551063538
0.13754959404468536
0.13188186287879944
0.1363687664270401
0.1308150738477707
0.13610972464084625
0.136021226644516
0.13570508360862732
0.13363921642303467
0.13806471228599548
0.13053037226200104
0.1340717375278473
0.13676717877388
0.13136957585811615
0.12352822721004486
0.12592735886573792
0.12682874500751495
0.13012339174747467
0.13703006505966187
0.12331169098615646
0.1305736005306244
0.14165779948234558
0.13504546880722046
0.13965997099876404
0.1377885490655899
0.11860794574022293
0.13671526312828064
0.1370854526758194
0.13500337302684784
0.13004986941814423
0.1284719854593277
0.13358190655708313
0.13218960165977478
0.13654188811779022
0.1264292150735855
0.1312573403120041
0.1165359690785408
0.12705166637897491
0.1399001032114029
0.12431304901838303
0.12490802258253098
0.14153751730918884
0.13305681943893433
0.13479487597942352
0.1222895085811615
0.12421900033950806
0.12370110303163528
0.12683719396591187
0.1285196840763092
0.13134130835533142
0.13503991067409515
0.11420788615942001
0.1363070011138916
0.13904856145381927
0.1264837086200714
0.12669500708580017
0.12789452075958252
0.11647920310497284
0.1258171647787094
0.13164551556110382
0.13315056264400482
0.1339702308177948
0.12033519893884659
0.12270071357488632
0.12354297935962677
0.12573564052581787
0.13359536230564117
0.13599522411823273
0.13320723176002502
0.1289830207824707
0.14039935171604156
0.1214851438999176
0.12437712401151657
0.12491670995950699
0.12882569432258606
0.1308899074792862
0.126755490899086
0.13401585817337036
0.12170987576246262
0.11540842801332474
0.11920507997274399
0.11997048556804657
0.1294829398393631
0.12420159578323364
0.12917964160442352
0.13173596560955048
0.12875692546367645
0.13428616523742676
0.1286265254020691
0.12465915828943253
0.12622730433940887
0.13204123079776764
0.13065111637115479
0.11831728368997574
0.12331262975931168
0.12437956780195236
0.1200610026717186
0.13063885271549225
0.12867791950702667
0.12598004937171936
0.12014085799455643
0.12999293208122253
0.12429895251989365
0.13234420120716095
0.1163526177406311
0.12238335609436035
0.12808334827423096
0.1270170658826828
0.1300353854894638
0.12577210366725922
0.11615629494190216
0.12758111953735352
0.11453496664762497
0.1232733353972435
0.11485995352268219
0.1316043734550476
0.12879128754138947
0.13149075210094452
0.11917857825756073
0.12233038991689682
0.12742042541503906
0.13305573165416718
0.1265307068824768
0.11936262249946594
0.13379259407520294
0.11697515100240707
0.1246432214975357
0.11838292330503464
0.12547241151332855
0.12415873259305954
0.127847820520401
0.1204494833946228
0.12547922134399414
0.11633220314979553
0.12768404185771942
0.127435564994812
0.12899351119995117
0.12311608344316483
0.13635654747486115
0.1239229366183281
0.12257129698991776
0.12179137766361237
0.11837684363126755
0.12899862229824066
0.1270245611667633
0.1238010823726654
0.12224331498146057
0.12176647782325745
0.12897345423698425
0.12101438641548157
0.11671773344278336
0.12482638657093048
0.12326758354902267
0.12706106901168823
0.1251508742570877
0.12275289744138718
0.12106343358755112
0.1242014542222023
0.12469665706157684
0.11617407202720642
0.12704399228096008
0.12008576840162277
0.13028785586357117
0.11224467307329178
0.12844112515449524
0.12031644582748413
0.1175312027335167
0.12389413267374039
0.11821850389242172
0.11848527938127518
0.12002914398908615
0.11594168841838837
0.11139626801013947
0.12110702693462372
0.1364595592021942
0.11684094369411469
0.12251671403646469
0.11746998131275177
0.12131839990615845
0.11764807999134064
0.11721096187829971
0.12013742327690125
0.12335218489170074
0.1241067573428154
0.12161257117986679
0.1258297711610794
0.1273316890001297
0.12310212105512619
0.12628018856048584
0.12786869704723358
0.1257760375738144
0.12129055708646774
0.11038541048765182
0.11689151078462601
0.11432192474603653
0.1274561583995819
0.12005507946014404
0.12778475880622864
0.11992936581373215
0.11085222661495209
0.12193801999092102
0.1283976286649704
0.11952006071805954
0.13039420545101166
0.11661861091852188
0.11699265241622925
0.11918438971042633
0.10791207104921341
0.11206939071416855
0.12632255256175995
0.11792349070310593
0.1244015321135521
0.12932904064655304
0.11552359908819199
0.11670715361833572
0.1212570071220398
0.11294496059417725
0.12980256974697113
0.12609387934207916
0.1121746227145195
0.11365722864866257
0.12545688450336456
0.11927273869514465
0.12145078927278519
0.12070023268461227
0.1114167645573616
0.11603620648384094
0.11797568947076797
0.11409647762775421
0.12210763990879059
0.11832893639802933
0.12496709078550339
0.11548130959272385
0.11974819749593735
0.11819283664226532
0.11431419849395752
0.11964613944292068
0.12010897696018219
0.11611039936542511
0.11841531842947006
0.10507519543170929
0.11140258610248566
0.12972941994667053
0.12017131596803665
0.1291782408952713
0.12196703255176544
0.12579332292079926
0.12565213441848755
0.11401163041591644
0.12070952355861664
0.10712025314569473
0.1266377717256546
0.11896847933530807
0.12404630333185196
0.11705572158098221
0.11769511550664902
0.11941775679588318
0.12180070579051971
0.10903190076351166
0.11948176473379135
0.11942469328641891
0.12580880522727966
0.11247315257787704
0.11305190622806549
0.12050917744636536
0.12159740924835205
0.11973502486944199
0.1259952187538147
0.12487111985683441
0.11206220090389252
0.12086159735918045
0.11787588894367218
0.1274915635585785
0.11146483570337296
0.1244969367980957
0.12050013244152069
0.12125976383686066
0.11669217050075531
0.11505596339702606
0.11380346119403839
0.12602488696575165
0.1054743081331253
0.10810912400484085
0.12011401355266571
0.12939149141311646
0.1120564341545105
