3.1047919
2.3631387
1.423368
0.7970948
0.5997051
0.5423952
0.5183622
0.5037323
0.49267972
0.48056898
0.46554402
0.4517944
0.4398749
0.42993975
0.41799977
0.41041374
0.4017204
0.39358473
0.38816714
0.38600332
0.384933
0.3798478
0.375062
0.37262642
0.3709201
0.36900637
0.36756825
0.36609638
0.3649163
0.3634183
0.36230472
0.3612947
0.36047632
0.36030114
0.35954565
0.35827693
0.35726196
0.3561391
0.35561532
0.3561807
0.35572657
0.35408524
0.35275534
0.35435233
0.35360238
0.3519178
0.35091844
0.35136458
0.35203558
0.3504434
0.3497658
0.34909543
0.3486627
0.34764174
0.346415
0.34626848
0.34586373
0.3455487
0.34463376
0.34405345
0.34350306
0.34324542
0.34312606
0.34315374
0.3431222
0.3426266
0.34467378
0.3432791
0.34235886
0.34133044
0.34085143
0.34091946
0.34087953
0.3407135
0.34031367
0.34023216
0.34005785
0.33953178
0.3400831
0.33987218
0.3395692
0.33893168
0.3391406
0.3400918
0.34065485
0.34036034
0.33925894
0.339101
0.3393213
0.33978853
0.33959588
0.339296
0.33958983
0.33896258
0.33887374
0.33844572
0.33856493
0.33915395
0.33907813
0.33862278
0.33842894
0.33830416
0.33826095
0.33970252
0.33898064
0.33843595
0.3384644
0.33838356
0.3383826
0.33890468
0.33859304
0.33861974
0.33886907
0.33987322
0.34019905
0.33876792
0.33860657
0.3384578
0.33865947
0.3382066
0.33881748
0.33904466
0.34026954
0.33955565
0.33874953
0.33866233
0.3381575
0.33824217
0.33829495
0.33863938
0.33947954
0.34007564
0.34065342
0.33977535
0.33962315
0.33920407
0.3393055
0.3387798
0.3385024
0.3390414
0.3393124
0.33918646
0.3392141
0.3402334
0.3388161
0.33822814
0.33837974
0.33870578
0.33930454
0.33909395
0.33884543
0.33919832
0.33915034
0.3391162
0.33994007
0.33927932
0.33848044
0.33937204
0.33900446
0.33923247
0.33900976
0.3384325
0.33826858
0.3384804
0.33898255
0.33892894
0.33938006
0.33974087
0.33909985
0.3411866
0.3403093
0.33894518
0.33969977
0.3382581
0.3384424
0.33857447
0.33905226
0.3398122
0.33973363
0.33961433
0.33949664
0.33934018
0.3409532
0.34099144
0.3403841
0.34024656
0.34008557
0.3404088
0.34060836
0.339764
0.3404907
0.3398909
0.33874488
0.3382586
0.33887413
0.3398253
0.3383248
0.33813444
0.3385416
0.3389501
0.3389341
0.33869419
0.33832353
0.33875218
0.34002843
0.3413715
0.33896163
0.33860195
0.33881062
0.33864006
0.3386861
0.33866167
0.3385593
0.33867058
0.33919877
0.3388825
0.33894384
0.3389152
0.33885434
0.3404655
0.3411391
0.33939955
0.3385734
0.3386359
0.33868095
0.33960122
0.33864713
0.33857176
0.3387936
0.3390383
0.33867964
0.33939502
0.3404588
0.33945918
0.3382723
0.33873144
0.3395963
0.33905402
0.33830032
0.33832967
0.33835676
0.3386662
0.33878836
0.33890936
0.33932123
0.33944574
0.33920228
0.3418176
0.3406995
0.33973935
0.33945248
0.34024882
0.34273306
0.34179008
0.34134835
0.3409992
0.3397045
0.33959913
0.3405526
0.33984983
0.34060422
0.34270254
0.33969122
0.33862928
0.3390168
0.3394213
0.33862722
0.33846563
0.33844334
0.33884004
0.3383643
0.33882636
0.33878914
0.3385872
0.33854708
0.33834934
0.3386093
0.33839887
0.33903825
0.34030333
0.3398858
0.3400261
0.3402034
0.33973977
0.33868626
0.3398533
0.34097096
0.3391483
0.3385545
0.33902293
0.33831444
0.33889815
0.33881158
0.3388757
0.33888575
0.3386488
0.33924198
0.3390417
0.3385081
0.33865803
0.34055313
0.33918113
0.33987343
0.33845773
0.33863804
0.33985218
0.33914348
0.33931735
0.3390035
0.33875737
0.33863583
0.33831495
0.33959562
0.3390286
0.33859813
0.33867702
0.33879846
0.3394564
0.33937368
0.34074068
0.33961192
0.3388584
0.34015703
0.34178808
0.33952075
0.33892626
0.33876565
0.33910057
0.33945814
0.34081656
0.3405455
0.33889052
0.3389614
0.3394969
0.34017166
0.34073323
0.33946192
0.3391124
0.33920476
0.33943862
0.33899677
0.3391987
0.33983153
0.34024906
0.33977717
0.33847973
0.34068757
0.3406341
0.3399652
0.33934146
