0.93796664
0.72288364
0.5784109
0.4376732
0.40729752
0.3847218
0.36725768
0.3589662
0.35873702
0.3541287
0.35401464
0.3504147
0.36220586
0.34996372
0.34982058
0.34948027
0.34596863
0.3442966
0.34542927
0.3505824
0.34971184
0.34480885
0.345651
0.34149653
0.34025988
0.33986822
0.34250382
0.34207606
0.34222925
0.3416631
0.33751163
0.3372612
0.33678913
0.33741772
0.33522534
0.33437917
0.33537707
0.33481595
0.33353883
0.336161
0.3330541
0.33114442
0.33297434
0.34047583
0.3295721
0.33617806
0.3285356
0.33814687
0.33062598
0.32909375
0.33214065
0.32925174
0.3278786
0.3295691
0.32574305
0.3286394
0.32453865
0.3250705
0.3253498
0.32659677
0.32577989
0.32156807
0.32335275
0.3235691
0.32309437
0.31939575
0.3303594
0.322151
0.3183621
0.3172752
0.3205999
0.31619206
0.318106
0.31618437
0.31688786
0.31497517
0.31474084
0.31696394
0.31564727
0.3133288
0.31302533
0.31378868
0.31427893
0.32040414
0.32000363
0.3162478
0.31486887
0.3151968
0.31669098
0.31624264
0.31470042
0.31294775
0.31404567
0.31210795
0.3130534
0.3127992
0.31614146
0.3134649
0.3117498
0.31186002
0.31122237
0.31188425
0.31310955
0.32006592
0.31226844
0.31146812
0.3114899
0.3129059
0.31537554
0.31207418
0.31134418
0.31185418
0.3126124
0.31300378
0.31135756
0.3126559
0.3122142
0.31249756
0.31127012
0.30903435
0.31564343
0.30968052
0.31039128
0.31267577
0.3121548
0.310494
0.3135068
0.31068197
0.3106171
0.3101088
0.31097043
0.30922788
0.30881765
0.30858678
0.31621674
0.31148186
0.3142233
0.31063655
0.31414738
0.31015813
0.3098091
0.30879718
0.30775222
0.30765954
0.30901206
0.3078274
0.31097624
0.31074423
0.31895977
0.31696343
0.30991313
0.31204498
0.31156787
0.3094815
0.30900338
0.3085872
0.30901673
0.31524655
0.3111829
0.30628428
0.30370355
0.3047812
0.30531147
0.30637264
0.30636692
0.30706188
0.30608657
0.30426675
0.30335355
0.3043349
0.30565047
0.304518
0.3082122
0.30372226
0.30400312
0.30279326
0.30687094
0.3062262
0.30243137
0.30301344
0.30211446
0.30428326
0.3079461
0.30619636
