1.8081031
0.6500881
0.6059324
0.5356257
0.47731858
0.4385714
0.41514295
0.39787316
0.38572204
0.37762725
0.368306
0.3642767
0.36344826
0.36165485
0.35903695
0.36041167
0.3566646
0.35389087
0.3529045
0.35531387
0.3577605
0.3521409
0.35246548
0.3499711
0.3486823
0.34771922
0.34764922
0.3469439
0.34636265
0.34566036
0.34395918
0.3431713
0.34342963
0.34476614
0.34271786
0.3412561
0.3415383
0.3411101
0.34122565
0.34314758
0.34201297
0.33985156
0.34087554
0.34456378
0.33793348
0.3393694
0.33819488
0.34286925
0.33955207
0.33626932
0.33725265
0.33679572
0.3359115
0.3369789
0.3338518
0.3358255
0.3326326
0.3331359
0.3328679
0.33226722
0.33327967
0.33211848
0.332269
0.3319492
0.33219185
0.3309474
0.3403923
0.33162004
0.33129665
0.3306184
0.33231574
0.3291236
0.330954
0.32990217
0.32971352
0.32883283
0.328424
0.33019364
0.33002463
0.32810926
0.32822946
0.3276292
0.32884943
0.33833387
0.3308177
0.33153144
0.32975182
0.32839447
0.3291701
0.32828888
0.32861474
0.3271948
0.3282579
0.32617128
0.32798076
0.3251544
0.3263336
0.32503167
0.325384
0.32635656
0.32476074
0.3238075
0.3270469
0.33516988
0.3269064
0.3236939
0.32363945
0.3255165
0.3273846
0.32568067
0.32595688
0.3243583
0.32421467
0.32573983
0.32481048
0.3223553
0.32422855
0.3236924
0.32321253
0.32176355
0.32838374
0.32437903
0.32337472
0.3221891
0.32136056
0.3219648
0.32256824
0.31952518
0.32103753
0.3203731
0.3204428
0.32090038
0.32037577
0.31879398
0.31879
0.31986234
0.321663
0.31809154
0.32056612
0.31928018
0.31859085
0.31773296
0.3180095
0.3180954
0.31783062
0.317047
0.31754306
0.31803328
0.32417458
0.31967458
0.32241967
0.31802124
0.31620872
0.3157131
0.31878796
0.31616214
0.31565014
0.32014245
0.3194236
0.31905124
0.3140739
0.31320533
0.31494913
0.31591046
0.31523633
0.3159411
0.31744406
0.3140575
0.31331143
0.31335497
0.31423008
0.3139607
0.31372404
0.31144276
0.3120044
0.31192726
0.31256473
0.31457087
0.31166413
0.31177464
0.31183484
0.31135938
0.31241316
0.31274152
0.31266868
0.31242302
0.31090954
0.31046262
0.31122202
0.31239587
0.31322592
0.3103024
0.31009895
0.30893227
0.3120729
0.3104829
0.30877757
0.3080266
0.30759937
0.30886912
0.3072681
0.30780753
0.3072468
0.308626
0.31393504
0.3086275
0.30669925
0.30631527
0.31263635
0.30645755
0.31064492
0.30809388
0.3078047
0.3079789
0.30619612
0.30592912
0.307178
0.30558246
0.30534223
0.30992994
0.30713362
0.30613914
0.30602595
0.30614272
0.30561072
0.30628046
0.30769533
0.30499938
0.30451205
0.30578563
0.3062959
0.3085097
0.3066469
0.30286047
0.30327252
0.30380616
0.3041811
0.3023981
0.30372456
0.30576694
0.30348128
0.3024646
0.30154914
0.303949
0.305673
0.30222747
0.3023871
0.304976
0.30668247
0.30323425
0.3031018
0.30852956
0.30671412
0.3057998
0.30271512
0.30872324
0.30837688
0.3012756
0.30422193
0.3040543
0.30273497
0.30341202
0.30248094
0.30061427
0.30243498
0.3018133
0.2999872
0.2999808
0.3034192
0.30065107
0.3019231
