1.2404424
0.7096539
0.6416895
0.4998742
0.44182602
0.39779606
0.37489814
0.36485595
0.3624507
0.35784242
0.3582688
0.35543558
0.35736385
0.35596392
0.3531792
0.3515575
0.34943965
0.3475546
0.34709546
0.34889674
0.35386282
0.34800595
0.34665176
0.34333804
0.3436125
0.3422525
0.3429724
0.34487763
0.34384146
0.34440416
0.34015256
0.33986488
0.34089386
0.33954492
0.33778226
0.33767143
0.34056085
0.33836097
0.33645403
0.339078
0.33674645
0.33523974
0.3361806
0.3397692
0.3339795
0.3373415
0.33388487
0.3379582
0.33627027
0.33252248
0.33389458
0.33200082
0.33201823
0.33200765
0.3284411
0.33050033
0.32668182
0.32809848
0.32617167
0.3284696
0.32913348
0.32564262
0.3250838
0.32427
0.32531366
0.3231117
0.33184355
0.32385835
0.322699
0.32143965
0.3221952
0.3196093
0.32044902
0.3227267
0.32010734
0.32189277
0.3193079
0.32283303
0.3207401
0.31699148
0.31751865
0.31807452
0.31998378
0.3241097
0.32110655
0.3207033
0.3207997
0.31733385
0.3195151
0.3193701
0.31891525
0.31656706
0.3169063
0.31728354
0.33263505
0.31872186
0.31611496
0.31517032
0.31909433
0.31861258
0.31654257
0.31486672
0.3158423
0.31988305
0.31814623
0.31496963
0.31683445
0.31856328
0.31672776
0.31431863
0.31688893
0.31638914
0.31710744
0.3173976
0.3163661
0.316755
0.3143501
0.31387332
0.31474122
0.3191646
0.31301895
0.31335545
0.31927854
0.31697172
0.31484386
0.3155351
0.313445
0.3145995
0.3177732
0.3148187
0.31616345
0.3136025
0.31170234
0.31181008
0.31205368
0.31199458
0.31660625
0.3104101
0.31164658
0.311536
0.31170827
0.31006247
0.30892953
0.30973458
