0.5685358
0.5685358
0.5685358
0.5685358
0.56697816
0.6137071
0.7554517
0.80218065
0.8115265
0.81619936
0.8193146
0.8224299
0.8193146
0.8193146
0.8193146
0.8193146
0.8193146
0.8193146
0.8224299
0.817757
0.81308407
0.8193146
0.82554513
0.8286604
0.8333333
0.83489096
0.8380062
0.8333333
0.83489096
0.8380062
0.8380062
0.8380062
0.8380062
0.83489096
0.83489096
0.8380062
0.83956385
0.8426791
0.8426791
0.8411215
0.8411215
0.8411215
0.8411215
0.84423673
0.8426791
0.8457944
0.8457944
0.8426791
0.8426791
0.8426791
0.8411215
0.84423673
0.84423673
0.84423673
0.84423673
0.84423673
0.84423673
0.8426791
0.8426791
0.8411215
0.8411215
0.8411215
0.8411215
0.8411215
0.8457944
0.84423673
0.8426791
0.84423673
0.84423673
0.847352
0.84423673
0.83956385
0.8426791
0.8426791
0.8457944
0.8457944
0.8426791
0.84423673
0.8426791
0.8411215
0.8426791
0.8457944
0.847352
0.8535825
0.85046726
0.8489096
0.8489096
0.8489096
0.847352
0.8426791
0.8457944
0.847352
0.84423673
0.85046726
0.85046726
0.847352
0.8520249
0.85046726
0.8489096
0.85046726
0.8489096
0.85046726
0.8457944
0.847352
0.8457944
0.8457944
0.847352
0.8489096
0.847352
0.847352
0.8489096
0.8535825
0.8520249
0.85046726
0.85514015
0.85046726
0.85046726
0.847352
0.85046726
0.8489096
0.85046726
0.8520249
0.8520249
0.85046726
0.8489096
0.847352
0.8520249
0.85046726
0.85046726
0.847352
0.8457944
0.8489096
0.8489096
0.8457944
0.84423673
0.8457944
0.8457944
0.8520249
0.8489096
0.8457944
0.847352
0.8489096
0.8489096
0.84423673
0.84423673
0.847352
0.8457944
0.8489096
0.85046726
0.847352
0.847352
0.8489096
0.8489096
0.8489096
0.85046726
0.85046726
0.85046726
0.8489096
0.8489096
0.8535825
0.8535825
0.8535825
0.85046726
0.85046726
0.8520249
0.8520249
0.8489096
0.847352
0.85514015
0.8520249
0.85046726
0.8535825
0.85046726
0.8489096
0.8489096
0.8535825
0.85046726
0.8489096
0.847352
0.8489096
0.8489096
0.85046726
0.847352
0.847352
0.8457944
0.8426791
0.8489096
0.847352
0.847352
0.8489096
0.8457944
0.8489096
0.8520249
0.8535825
0.8489096
0.8489096
0.8489096
0.8535825
0.8489096
0.8520249
0.8520249
0.8489096
0.8520249
0.8535825
0.847352
0.83956385
0.85046726
0.8535825
0.847352
0.85046726
0.8489096
0.8489096
0.8520249
0.847352
0.8457944
0.8489096
0.8535825
0.8566978
0.8520249
0.8411215
0.8426791
0.8457944
0.8520249
0.85046726
0.8535825
0.847352
0.8489096
0.8489096
0.8457944
0.8426791
0.8457944
0.847352
0.847352
0.8535825
0.8535825
0.8535825
0.8520249
0.85046726
0.8520249
0.8489096
0.85046726
0.8535825
0.85046726
0.8520249
0.85046726
0.8489096
