2.1927345
0.85603005
0.6860875
0.60696524
0.538655
0.49101198
0.45605782
0.42686823
0.40521228
0.38573086
0.37172124
0.36392984
0.36025453
0.35630846
0.35499555
0.35189706
0.34979963
0.34818608
0.347431
0.34769416
0.35037595
0.34963742
0.34695032
0.34499303
0.3452047
0.3439991
0.34410405
0.3438154
0.34409985
0.343825
0.3426002
0.3420889
0.34213018
0.3432077
0.3413821
0.340393
0.34130135
0.34048602
0.3398003
0.34158275
0.34087318
0.33983964
0.34084487
0.34432453
0.3386208
0.33892772
0.33882436
0.34144756
0.33920804
0.33676234
0.33709264
0.33576417
0.3351436
0.33586285
0.3339065
0.33579713
0.33374733
0.33401784
0.33192396
0.33126643
0.33354896
0.3308602
0.33030534
0.33101943
0.33085215
0.33039045
0.33707297
0.3313736
0.33046114
0.32969138
0.33074573
0.32886198
0.32895723
0.32891968
0.32805294
0.3281046
0.3278358
0.32889754
0.32878453
0.32753816
0.32733935
0.32678965
0.32760805
0.32857123
0.33161792
0.3311162
0.32736903
0.32765794
0.32773015
0.327321
0.32681358
0.32622364
0.32682955
0.32557103
0.32632285
0.32506222
0.32512075
0.32506916
0.32465687
0.3239326
0.32345292
0.3236199
0.32404765
0.32523873
0.324335
0.3226326
0.322206
0.32315668
0.32311708
0.32368308
0.3229115
0.3215445
0.3210293
0.32131022
0.3215107
0.31984147
0.32077286
0.31902748
0.31977212
0.31798768
0.32033926
0.32047746
0.32025233
0.3194608
0.31863874
0.31779045
0.31691852
0.31777295
0.3165516
0.31689587
0.3166649
0.31707296
0.3165997
0.31616935
0.31730545
0.31720898
0.3177359
0.3164021
0.31672573
0.31732163
0.31766513
0.31657898
0.31577075
0.31607997
0.31580466
0.31540287
0.3155561
0.3162721
0.3164765
0.31679985
0.31759945
0.31855467
0.31739417
0.3156167
0.31580833
0.31579697
0.31522876
0.3157552
0.3169231
0.31896448
0.31510338
0.31470817
0.31443307
0.3160993
0.31601107
0.31546572
0.31498155
0.3156181
0.31510726
0.3190945
0.3161515
0.31446472
0.31470937
0.31419945
0.31453604
0.31454593
0.3152249
0.3169551
0.3150277
0.31492722
0.3147704
0.31425846
0.31474063
0.31464505
0.3158728
0.3157817
0.31566662
0.3149231
0.31470788
0.31571853
0.3141084
0.31462124
0.3144592
0.3133518
0.31382143
0.3138326
0.3130207
0.3134297
0.31291634
0.3133808
0.31279626
0.3122579
0.31161094
0.31195414
0.3128625
0.31291336
0.3125419
0.3125405
0.31276625
0.3121093
0.31217653
0.3122626
0.31222454
0.31282043
0.31253567
0.31209436
0.31250107
0.3120009
0.31150758
