2.1577752
0.7588425
0.6206083
0.5700491
0.51019436
0.45634094
0.42852747
0.41482428
0.4048102
0.39939964
0.38990083
0.3822439
0.37681228
0.3715514
0.36498824
0.36318418
0.35901597
0.3559466
0.35349593
0.3542387
0.3565842
0.35152355
0.3476423
0.34594056
0.34400433
0.34253052
0.341831
0.34126174
0.34037524
0.33866656
0.3375497
0.33642867
0.3358956
0.33684826
0.33434448
0.33289707
0.33275783
0.33249503
0.33168387
0.33213055
0.33152187
0.33018598
0.33280954
0.33526865
0.32927468
0.32806644
0.3264591
0.3294971
0.3303069
0.32804433
0.32918268
0.3280344
0.3277397
0.32719052
0.32590902
0.32749972
0.32469153
0.32427132
0.32380548
0.3247335
0.32426322
0.32452932
0.32438073
0.3238942
0.32431737
0.32374686
0.3292748
0.32427952
0.32387653
0.32280615
0.3237038
0.32294443
0.3233632
0.3244197
0.32275182
0.3228147
0.3224684
0.3242799
0.32423308
0.3216044
0.3216911
0.32194543
0.32326734
0.32748717
0.32665932
0.3232006
0.32428676
0.3228972
0.32431236
0.3246143
0.32358903
0.32237947
0.32345682
0.3223715
0.3218101
0.32087907
0.32178152
0.32215917
0.32169414
0.32133636
0.3206303
0.31981933
0.32106134
0.32678878
0.3219158
0.32059133
0.319551
0.32114458
0.3217427
0.32155725
0.31993803
0.32022583
0.3196139
0.32176998
0.32115796
0.31955427
0.31982216
0.31908202
0.3183503
0.31721485
0.3206374
0.31986684
0.31961238
0.31808668
0.318534
0.3181305
0.3171385
0.3168396
0.3167549
0.31748244
0.31821188
0.3184599
0.31751317
0.31623468
0.3164062
0.31694376
0.32551327
0.31770805
0.3178057
0.31639937
0.31630242
0.316036
0.3153645
0.31579003
0.3148335
0.31384352
0.31580603
0.3154373
0.32135242
0.31538004
0.31716666
0.31796682
0.31385955
0.31430924
0.31766155
0.31309858
0.31230745
0.31853145
0.31556597
0.31466243
0.31326395
0.3126992
0.31208757
0.31409866
0.31358093
0.31454337
0.31415975
0.31286687
0.31283143
0.312318
0.31269452
0.31163153
0.3134575
0.3113051
0.31152916
0.31162602
0.3128831
0.3155797
0.31232163
0.31152356
0.31183535
0.31281516
0.3146329
0.31352732
0.3130647
0.31199712
0.3122898
0.31179318
0.3144501
0.3130908
0.31554887
0.3099429
0.30993244
0.30985603
0.31267595
0.31099385
0.3096886
0.30943057
0.30938974
0.31106472
0.309503
0.30921462
0.3096133
0.30957127
0.31539094
0.31049743
0.3095988
0.3096635
0.31553444
0.3098027
0.31451803
0.3102021
0.3103905
0.31007716
0.30807367
0.3085153
0.31004453
0.3081001
0.30766004
0.30996683
0.3093069
0.3081929
0.3081787
0.30773127
0.3074665
0.3081612
0.30858245
0.3074921
0.30731514
0.30784953
0.30715287
0.3085738
0.30989137
0.3060592
0.3066889
0.30759138
0.3069917
0.3059295
0.30678916
0.30740836
0.30664423
0.30649918
0.3052731
0.30559906
0.30933943
0.30590504
0.3065164
0.30661562
0.30766466
0.30640128
0.30727142
0.3100207
0.30812198
0.30588648
0.30685043
0.3075643
0.31171966
0.30909553
0.3056617
0.30632195
0.3075551
0.30834457
0.30628172
0.3056944
0.30548662
0.3058101
0.30462286
0.30476776
0.3053533
0.30635712
0.3057642
0.307289
0.30544353
0.30541348
0.3041133
0.3059141
0.30513477
0.30495864
0.30442223
0.30733833
0.30563602
0.30660635
0.3071549
0.30735254
0.30498588
0.3093348
0.305219
0.30491167
0.30741668
0.30402097
0.30631912
0.30549362
0.304043
0.30436704
0.30432096
0.30378935
0.30622068
0.30667526
0.3051688
0.311499
0.30564147
0.30879465
0.30551258
0.30391893
0.30488288
0.30468798
0.30521676
0.30422205
0.30558828
0.3033196
0.30271772
0.30424294
0.30274212
0.30577487
0.3033919
0.30333197
0.3025444
0.30466324
0.3032117
0.30478117
0.3029831
0.3029085
0.30694523
0.30384687
0.30232406
0.3080567
0.30328536
0.3039995
0.30268958
0.30283684
0.30309254
0.30248278
0.30549428
0.30313444
0.30407703
0.30365497
0.30354843
0.30387828
0.30442202
0.30372244
0.30277207
0.30400628
0.30322748
0.30578965
0.30210733
0.30695274
0.30717164
0.3015159
0.30189055
0.30279037
0.30136925
0.30287108
0.3033452
0.303416
0.30299473
0.30101302
0.30083498
0.30236018
0.30464378
0.3034544
0.302689
0.30073786
0.3010409
0.30074334
0.30087277
0.3021103
0.30224282
0.30053216
0.30088797
0.30232096
0.30220607
0.30386725
0.301653
0.3013374
0.30237192
0.30239764
0.30529797
0.30202657
0.30146044
0.30403462
0.30103907
0.30141652
0.30074552
0.30093938
0.30512747
0.30445558
0.3034335
0.30106857
0.3024344
0.301725
0.30146673
0.3034224
0.3007134
0.30080995
0.30192003
0.3006085
0.30144292
0.30347523
0.30207136
0.30050415
0.30219403
0.3018388
0.30417565
0.30187374
0.3019942
0.3009424
0.3000478
0.30023378
0.3013834
0.30062103
0.30014893
0.3001215
0.30194423
0.30085334
0.30362257
0.30412558
0.3009453
0.3005173
0.30012712
0.30038851
0.30065444
0.30151758
0.30109528
0.30084035
0.3013515
0.3021762
0.30211878
0.30098116
0.30129936
0.30622226
0.3031851
0.30372536
0.30193755
0.30050716
0.2998966
0.29997054
0.30022207
0.30053747
0.30146495
0.30115202
0.30045712
0.3007541
0.30236965
0.3028227
0.30208936
0.30151767
0.3022916
0.3040343
0.3012293
0.30278102
0.30318534
0.30276302
0.3028953
0.3018387
0.300878
0.30111575
0.30126166
0.30160046
0.3049523
0.30163223
0.29993534
0.29991844
0.29985857
0.2993876
0.3011335
0.30119008
0.30095702
0.30315116
0.3013958
0.30082563
0.3011355
0.30189738
0.30209726
0.3002992
0.30102012
0.3007935
0.30011216
0.30041412
0.3010955
0.30228385
0.30087674
0.30057773
0.30057296
0.30264753
0.3012097
0.30058935
0.30457038
0.29968143
0.30037913
0.3007351
0.29975414
0.2996748
