2.8292763
1.5825903
0.74845463
0.5692603
0.52727294
0.5044371
0.48767605
0.4735612
0.46111816
0.44945642
0.43640643
0.42487064
0.41520253
0.4069222
0.3985008
0.3930929
0.3861331
0.37967482
0.37397328
0.37365732
0.37483728
0.36624524
0.3622585
0.3596141
0.35766178
0.35584775
0.35447738
0.35326576
0.3526964
0.35178366
0.35042065
0.34939307
0.34898096
0.34995583
0.34850445
0.34704337
0.34675404
0.3463311
0.34669873
0.3485441
0.3480293
0.34543592
0.3452064
0.34770304
0.34538037
0.34407264
0.34345454
0.3450043
0.34571832
0.3434513
0.34345102
0.34298787
0.34254023
0.34151143
0.34069365
0.34202108
0.3405663
0.34010425
0.3394222
0.33937284
0.33939153
0.33984846
0.34030128
0.33958402
0.33967438
0.33967784
0.34329247
0.34042785
0.33905417
0.3383143
0.33796868
0.33811212
0.33798116
0.3379787
0.3377966
0.33759877
0.33731654
0.337238
0.33881336
0.33763123
0.33750212
0.3369107
0.3371248
0.33897096
0.33888775
0.3376225
0.33718348
0.33605224
0.3363455
0.33658794
0.33660427
0.3362039
0.3359175
0.33676007
0.3366609
0.33675355
0.33658025
0.33663127
0.33610797
0.33547986
0.33487597
0.33454832
0.33571142
0.3400783
0.33536664
0.33539665
0.33536375
0.3354504
0.335813
0.33738685
0.33527708
0.33570588
0.33594602
0.33691055
0.3366342
0.33418888
0.3351514
0.33480844
0.33447364
0.3336888
0.34005356
0.33591077
0.33502045
0.33487114
0.3340577
0.33424467
0.33339682
0.33368167
0.33327487
0.3339797
0.33511177
0.334967
0.33480752
0.33360723
0.33359787
0.33372405
0.33474675
0.33332688
0.33401266
0.3341584
0.33414742
0.33412054
0.33467874
