2.8331938
1.5831252
0.76107866
0.5855583
0.54258424
0.5161384
0.49334562
0.47178638
0.45680016
0.44386214
0.43359283
0.42442837
0.4160012
0.40858182
0.3998804
0.39286432
0.38472673
0.37777576
0.37280443
0.37107453
0.37114567
0.36675134
0.3618217
0.3592307
0.35745132
0.3559055
0.35475186
0.35337967
0.35277927
0.35194418
0.3507798
0.34975716
0.3493729
0.34997812
0.34890527
0.34786263
0.347751
0.3472856
0.34711254
0.34831485
0.34810403
0.34657627
0.3461947
0.34855434
0.34712866
0.34589165
0.34537292
0.34628248
0.34689495
0.3447438
0.3444937
0.34381902
0.3432447
0.34274724
0.3420801
0.3437832
0.3430429
0.34257615
0.34176156
0.34185615
0.34166476
0.34186426
0.34147534
0.341663
0.34216526
0.34224164
0.34560207
0.34170485
0.34072006
0.34075817
0.3407025
0.34053484
0.340249
0.34055436
0.34015524
0.3401434
0.33962014
0.33983895
0.34071425
0.34011114
0.3403657
0.34005523
0.3402926
0.3419047
0.34421337
0.34245503
0.3403573
0.34037602
0.33992264
0.3394342
0.33955878
0.33925542
0.33955985
0.33880275
0.33860227
0.33850652
0.33841097
0.33890358
0.3384328
0.33817375
0.3378516
0.33798593
0.3384457
0.3403645
0.33800414
0.33784512
0.33813146
0.33783582
0.3378332
0.33896092
0.33820802
0.33771023
0.33880496
0.3396674
0.33837974
0.3375137
0.33769238
0.3372116
0.33789358
0.3370902
0.337068
0.33732498
0.33791795
0.33818933
0.33810687
0.33770442
0.3366116
0.33712
0.33649868
0.33737373
0.33762723
0.3373881
0.3372889
0.33718047
0.33823615
0.33854172
0.34350073
0.33810356
0.3401229
0.33734795
0.33795696
0.3383463
0.33866537
0.33736405
0.33605722
0.33589932
0.33649796
0.33762014
0.34024563
0.33602524
0.33830464
0.33724642
0.338435
0.33817816
0.3388569
0.33613488
0.33701935
0.33752126
0.33543482
0.33725533
0.3354969
0.33537048
0.33490255
0.33552974
0.33494413
0.33510977
0.33652794
0.33565724
0.3346289
0.334668
0.33546254
0.33497933
0.33619374
0.33432466
0.33470201
0.3344911
0.33536145
0.33631226
0.33492076
0.33447096
0.33508882
0.33492735
0.3369002
0.3362044
0.3357044
0.33487856
