0.804275
0.7534529
0.5558533
0.47876504
0.42298022
0.39713156
0.3877002
0.38126835
0.37987274
0.36709037
0.36429602
0.35817415
0.3640484
0.35382944
0.35433784
0.35130396
0.34460932
0.34167093
0.3430792
0.34553307
0.3445479
0.3416442
0.3399078
0.33613232
0.33551416
0.3361895
0.33673456
0.33713076
0.3377233
0.33750087
0.33263087
0.3343113
0.3323586
0.33219543
0.33262068
0.33218676
0.33916453
0.3340696
0.33267573
0.33378834
0.3315481
0.3317955
0.33268392
0.33734354
0.3296868
0.3339671
0.32877547
0.34147656
0.33088887
0.32776538
0.33371124
0.32696864
0.32509908
0.32759294
0.32372576
0.32671362
0.32229826
0.3240994
0.32411307
0.32298613
0.32584268
0.32368448
0.32151005
0.3208755
0.32126465
0.31925887
0.32934964
0.3214482
0.3198084
0.31698167
0.31918642
0.31588745
0.3169641
0.3176566
0.31539744
0.31684062
0.3150172
0.31926638
0.314601
0.31339583
0.31681842
0.31415927
0.31450287
0.3206106
0.32091063
0.3134431
0.31844622
0.31510615
0.31637058
0.31368378
0.3145418
0.31182
0.3121121
0.3102904
0.31062424
0.30998307
0.3128908
0.30806896
0.30943564
0.30953825
0.30865446
0.3083249
0.31004685
0.3138373
0.31028825
0.30933696
0.3102282
0.31072998
0.3124149
0.30640453
0.30596116
0.30615643
0.30632994
0.30902702
0.3078583
0.3093493
0.30783322
0.31033787
0.30856368
0.30271772
0.311254
0.3068868
0.30587876
0.30678198
0.3053245
0.3029798
0.3060389
0.30349776
0.30462518
0.30361146
0.30444774
0.3025772
0.30157515
0.3017423
0.30292526
0.3028304
0.3060212
0.30425063
0.30290335
0.3015167
0.30259508
0.30047995
0.30035594
0.30093932
0.30305347
0.30145872
0.30343953
0.3020205
0.31022662
0.30665836
0.30678785
0.31400663
0.30159312
0.30144098
0.30347028
0.3007546
0.3001762
0.30515176
0.30284348
0.30108756
0.29892528
0.30002725
0.30206546
0.3012357
0.29917833
0.30113915
0.29807904
0.29947457
0.2969826
0.29854107
0.3007053
0.29874405
0.29870537
0.2968072
0.29758078
0.29720002
0.30283055
0.3001604
0.29854485
0.29844674
0.29630283
0.29746702
0.29846892
0.2988645
0.2992216
0.2993387
0.29946384
0.2961334
0.29586324
0.29991788
0.3010609
0.29596898
0.2971869
0.29693958
0.2968729
0.2937222
0.29428616
0.29401323
0.2956417
0.29636174
0.2944201
0.29500794
0.2955548
0.29695672
0.30323946
0.29447857
0.29540965
0.29386285
0.29626688
0.2991039
0.29880017
0.29842025
0.294146
0.29570714
0.29605356
0.2951712
0.29947087
0.29339758
0.2936396
0.29757997
0.29410186
0.29541165
0.29496902
0.29429936
0.29365468
0.2955201
0.29552394
0.29102182
0.29446948
0.2960234
0.2941355
0.29563248
0.2929099
0.29165903
0.2921859
0.29247385
0.29301947
0.2914181
0.29385203
