0.46573207
0.4719626
0.5109034
0.5778816
0.6479751
0.6978193
0.72585666
0.7507788
0.77258563
0.79750776
0.80529594
0.81308407
0.8271028
0.83177567
0.83177567
0.8333333
0.83489096
0.8380062
0.83956385
0.8457944
0.8426791
0.8457944
0.83956385
0.8457944
0.847352
0.847352
0.847352
0.85514015
0.86292833
0.85825545
0.85981303
0.8613707
0.85981303
0.8613707
0.86292833
0.86604357
0.86915886
0.8707165
0.8722741
0.8707165
0.8722741
0.87383175
0.8722741
0.8722741
0.87383175
0.876947
0.8753894
0.8707165
0.86915886
0.87383175
0.876947
0.876947
0.876947
0.88161993
0.8800623
0.876947
0.8800623
0.8800623
0.8800623
0.8676012
0.8707165
0.87383175
0.87383175
0.87383175
0.8753894
0.8707165
0.87383175
0.87383175
0.8753894
0.87850463
0.8753894
0.87850463
0.8753894
0.87383175
0.87383175
0.876947
0.876947
0.8753894
0.8753894
0.87383175
0.876947
0.8800623
0.8800623
0.876947
0.87383175
0.8722741
0.87383175
0.8753894
0.8722741
0.8753894
0.87383175
0.8722741
0.8722741
0.876947
0.87850463
0.8800623
0.8831775
0.87850463
0.876947
0.87850463
0.87850463
0.8800623
0.88473517
0.8862928
0.8800623
0.876947
0.8800623
0.8800623
0.876947
0.88161993
0.8831775
0.8800623
0.8831775
0.88785046
0.88785046
0.88473517
0.8862928
0.88785046
0.8862928
0.87850463
0.8831775
0.8862928
0.8862928
0.8862928
0.88473517
0.88940805
0.8831775
0.8831775
0.88161993
0.88473517
0.8831775
0.88473517
0.88473517
0.88161993
0.88473517
0.8800623
0.876947
0.88161993
0.8800623
0.88473517
0.8862928
0.88785046
0.8862928
0.89252335
0.89252335
0.88785046
0.89252335
0.8831775
0.88785046
0.88785046
0.8862928
0.8831775
0.8831775
0.8862928
0.88473517
0.88473517
0.88473517
0.8831775
0.88785046
0.88473517
0.8862928
0.88473517
0.8831775
0.8862928
0.8909657
0.88473517
0.88473517
0.88473517
0.8831775
0.88785046
0.8862928
0.88473517
0.88473517
0.8862928
0.88785046
0.8831775
0.88473517
0.8862928
0.88473517
0.8862928
0.8862928
0.88785046
0.88161993
0.87850463
0.88473517
0.8831775
0.8862928
0.88785046
0.8862928
0.88940805
0.88785046
0.8862928
0.88161993
0.8862928
0.8831775
0.8831775
0.88473517
0.8862928
0.88161993
0.8831775
0.88161993
0.8831775
0.8831775
0.88473517
0.88161993
0.8862928
0.88473517
0.8831775
0.88161993
0.8831775
0.88473517
0.88473517
0.8862928
0.894081
0.88940805
0.88785046
0.88785046
0.8862928
0.88473517
0.88785046
0.8862928
0.88940805
0.88785046
0.88785046
0.88785046
0.88785046
0.88940805
0.8909657
0.88940805
0.88940805
0.8909657
0.88940805
0.8909657
0.88940805
0.88785046
0.8862928
0.88161993
0.8862928
0.88940805
0.88473517
0.8909657
0.88161993
0.88161993
0.8800623
0.8831775
0.88473517
0.8862928
0.8831775
0.88473517
0.88473517
0.8909657
0.88473517
0.8862928
0.88940805
0.8909657
0.8862928
0.88785046
0.8831775
0.8831775
0.88473517
0.8831775
0.8831775
0.87850463
0.88473517
0.88473517
0.8831775
0.88940805
0.8909657
0.88785046
0.88473517
0.88940805
0.8831775
0.88473517
0.8831775
0.8831775
0.88161993
0.8862928
0.88785046
0.88473517
0.88473517
0.88473517
0.88473517
0.88940805
0.8862928
0.88473517
0.8909657
0.8909657
0.8831775
0.88161993
0.88161993
0.88161993
0.88473517
0.88785046
0.8831775
0.88161993
0.8831775
0.8831775
0.8831775
0.8831775
0.88161993
0.8831775
0.88940805
0.88940805
0.88473517
0.8862928
0.88473517
0.88161993
0.8831775
0.88940805
0.8862928
0.88473517
0.88940805
0.8831775
0.88473517
0.88161993
0.8800623
0.88161993
0.88161993
0.88161993
0.8831775
0.8831775
0.88473517
0.8800623
0.88161993
0.8831775
0.88161993
0.88161993
0.8831775
0.88473517
0.88473517
0.8862928
0.8831775
0.88161993
0.88785046
0.88161993
0.8831775
0.88161993
0.88161993
0.8831775
0.88473517
0.88161993
0.88473517
0.8862928
0.8862928
0.8862928
0.8862928
0.87850463
0.88940805
0.88785046
0.8831775
0.88785046
0.88785046
0.8909657
0.88473517
0.8862928
0.88473517
0.88161993
0.88473517
0.8909657
0.88785046
0.88785046
0.88473517
0.88161993
0.8800623
0.8800623
0.8862928
0.88785046
0.88785046
0.88785046
0.8831775
0.8831775
0.88940805
0.88473517
0.8862928
0.88473517
0.88940805
0.89252335
0.8862928
0.894081
0.88785046
0.88473517
0.88473517
0.88940805
0.89252335
0.8909657
0.8909657
0.88785046
0.89252335
0.88940805
0.88785046
0.88940805
0.88940805
0.8909657
0.89252335
0.8862928
0.88940805
0.88473517
0.8909657
0.88940805
0.8909657
0.894081
0.88940805
0.88785046
0.88785046
0.88785046
0.88785046
0.8909657
0.88473517
0.88473517
0.88785046
0.8909657
0.89252335
0.8862928
0.88473517
0.88940805
0.8862928
0.88940805
0.89252335
0.8909657
0.88940805
0.8909657
0.88940805
0.88785046
0.8862928
0.88785046
0.88473517
0.88473517
0.88940805
0.89252335
0.8909657
0.894081
0.88473517
0.88785046
0.88940805
0.8909657
0.894081
0.88940805
0.88940805
0.88785046
0.8831775
0.8831775
0.88940805
0.88785046
0.88161993
0.88473517
0.88473517
0.8831775
0.88785046
0.8909657
0.89252335
0.88940805
0.8909657
0.88785046
0.88940805
0.8909657
0.88940805
0.88940805
0.89252335
0.88785046
0.8909657
0.88785046
0.89252335
0.8862928
0.8831775
0.8862928
0.88473517
0.88940805
0.8909657
0.88785046
0.8909657
0.8909657
0.88785046
0.88473517
0.8862928
0.88940805
0.8862928
0.8909657
0.89252335
0.894081
0.8909657
0.8909657
0.8909657
0.89252335
0.89252335
0.89252335
0.8909657
0.894081
0.88785046
0.8862928
0.88940805
0.8909657
0.894081
0.8909657
0.894081
0.89252335
0.88785046
0.8909657
0.89252335
0.88161993
0.88473517
0.88940805
0.8862928
0.88940805
0.8862928
0.8909657
0.88940805
0.8909657
0.8909657
0.88940805
0.88473517
0.88785046
0.88785046
0.88785046
0.87850463
0.8831775
0.8862928
0.8909657
0.88473517
0.894081
0.88940805
0.88785046
0.8909657
0.88473517
0.88940805
0.88940805
0.88940805
0.8956386
0.89719623
0.8909657
0.8909657
0.89252335
0.8956386
0.89252335
0.88940805
0.89252335
0.89252335
0.88940805
0.89252335
0.8987539
0.894081
0.894081
0.88940805
0.8909657
0.88785046
0.88473517
0.88785046
0.88940805
0.88785046
0.88785046
0.8862928
0.8909657
