0.50934577
0.54828656
0.6168224
0.6744548
0.72585666
0.7476635
0.77102804
0.7928349
0.8084112
0.82087225
0.830218
0.83956385
0.83644855
0.8489096
0.85825545
0.8566978
0.8566978
0.8566978
0.8613707
0.8676012
0.86292833
0.86292833
0.8613707
0.85981303
0.86604357
0.864486
0.8707165
0.8722741
0.8676012
0.86915886
0.86915886
0.8753894
0.87383175
0.876947
0.8722741
0.87850463
0.87383175
0.8753894
0.8753894
0.876947
0.87850463
0.876947
0.8676012
0.87383175
0.8753894
0.8753894
0.8722741
0.87850463
0.8831775
0.8831775
0.8831775
0.87850463
0.8831775
0.8862928
0.876947
0.876947
0.87850463
0.876947
0.876947
0.88473517
0.8862928
0.8800623
0.88161993
0.8831775
0.88473517
0.88161993
0.8800623
0.8831775
0.88161993
0.88785046
0.88161993
0.8831775
0.88785046
0.8909657
0.8909657
0.8909657
0.89252335
0.88785046
0.88473517
0.8862928
0.8909657
0.89252335
0.8800623
0.8753894
0.8800623
0.8831775
0.88940805
0.88940805
0.88473517
0.8862928
0.88785046
0.8831775
0.8862928
0.8831775
0.8909657
0.8862928
0.8862928
0.88473517
0.88473517
0.88785046
0.89252335
0.88785046
0.8909657
0.89252335
0.89252335
0.89252335
0.88473517
0.88785046
0.8956386
0.88940805
0.8909657
0.894081
0.8909657
0.8909657
0.8909657
0.89252335
0.89252335
0.89719623
0.8956386
0.8909657
0.8909657
0.8909657
0.8956386
0.894081
0.89719623
0.8909657
0.894081
0.8956386
0.8909657
0.88785046
0.89252335
0.8909657
0.8831775
0.8862928
0.88785046
0.8862928
0.8862928
0.88785046
0.88785046
0.89252335
0.89252335
0.90031147
0.8909657
0.89252335
0.88940805
0.8862928
0.88785046
0.88785046
0.88785046
0.8862928
0.88940805
0.89252335
0.8956386
0.8956386
0.894081
0.8956386
0.8909657
0.8909657
0.88940805
0.89252335
0.894081
0.8909657
0.88940805
0.894081
0.8956386
0.90031147
0.89719623
0.894081
0.8987539
0.90031147
0.90031147
0.8987539
0.8956386
0.89719623
0.90342677
0.8987539
0.88940805
0.89252335
0.90031147
0.90031147
0.8987539
0.8987539
0.89719623
0.90031147
0.8956386
0.89719623
0.89719623
0.90031147
0.89719623
0.8987539
0.89252335
0.89252335
0.8909657
0.8909657
0.89252335
0.894081
0.8909657
0.89719623
0.89719623
0.8909657
0.8909657
0.88940805
0.8956386
0.8987539
0.8909657
0.8909657
0.8956386
0.894081
0.8956386
0.89719623
0.88940805
0.894081
0.89719623
0.89719623
0.894081
0.8987539
0.9049844
0.90031147
0.90342677
0.8909657
0.8909657
0.8909657
0.88785046
0.894081
0.894081
0.8956386
0.89719623
0.894081
0.894081
0.89719623
0.8956386
0.89719623
0.89252335
0.89719623
0.89719623
0.8956386
0.89719623
0.8987539
0.90031147
0.89719623
0.90031147
0.9018691
0.90031147
0.9018691
0.90342677
0.9049844
0.90031147
0.9049844
0.90031147
0.90031147
0.8956386
0.8956386
0.894081
0.8956386
0.894081
0.89719623
0.89719623
0.89719623
0.8987539
0.894081
0.894081
0.90342677
0.90031147
0.89719623
0.9018691
0.8909657
0.89719623
0.9018691
0.89719623
0.89252335
0.8956386
0.894081
0.90342677
0.9018691
0.9018691
0.9096573
0.90342677
0.9049844
0.90031147
0.9049844
0.90342677
0.9018691
0.89719623
0.8956386
0.89719623
0.894081
0.88940805
0.89719623
0.894081
0.8956386
0.89719623
0.9049844
0.89719623
0.89719623
0.8987539
0.8987539
0.9018691
0.90342677
0.90031147
0.90342677
0.9018691
0.89719623
0.8987539
0.9018691
0.89719623
0.8987539
