2.4253116
1.4523584
1.0062991
0.74812895
0.60703295
0.518496
0.4640683
0.43925864
0.4230497
0.4069092
0.3934555
0.383611
0.37563032
0.36928758
0.36383528
0.35680842
0.35144338
0.34663156
0.34421435
0.3426165
0.3371499
0.3344664
0.33747026
0.33079028
0.32670355
0.3245884
0.32321647
0.32036105
0.3184811
0.3168698
0.31598806
0.3151098
0.3131365
0.31062937
0.30934942
0.30967316
0.30840513
0.30775872
0.30689982
0.30665898
0.30541107
0.30462828
0.30470267
0.30533177
0.29984438
0.30121243
0.2985158
0.29785836
0.29858965
0.29678094
0.298369
0.29772383
0.29383346
0.29455817
0.29322875
0.29302943
0.29169524
0.29184297
0.29007745
0.2904324
0.28828192
0.2906803
0.28892857
0.28589347
0.28589487
0.28548703
0.29000327
0.28313237
0.28242612
0.28291422
0.28133607
0.28047034
0.2825577
0.28444028
0.28201625
0.2808486
0.2794477
0.27882156
0.27936533
0.27696213
0.27643004
0.27573535
0.27649125
0.27882302
0.27564427
0.27278528
0.27113494
0.27180892
0.27196768
0.26932862
0.26988345
0.26869807
0.27028713
0.2688164
0.26766616
0.26704922
0.26881534
0.26791903
0.2684576
0.26833212
0.2658634
0.26431134
0.26361778
0.26588407
0.26266786
0.26258957
0.26209772
0.2625425
0.26337925
0.2625218
0.2605675
0.26145864
0.26038364
0.26088881
0.2612914
0.25987425
0.25915498
0.2597268
0.25887355
0.25775802
0.25934446
0.25964767
0.25990453
0.25949278
0.25642055
0.25699204
0.25874534
0.25537556
0.2564266
0.25454646
0.25340825
0.25387982
0.25377953
0.25364867
0.25352204
0.25407103
0.25372234
0.2532226
0.25247055
0.25230232
0.25313762
0.25333196
0.25183544
0.2521235
0.25240913
0.2513978
0.2508714
0.25170988
0.25743383
0.2516533
0.25044727
0.2510516
0.25170437
0.25121355
0.25163043
0.250394
0.2520336
0.2522387
0.2528158
0.25208798
0.24994138
0.249512
0.25056317
0.24889903
0.24886562
0.24918723
0.25441957
0.2508701
0.2495043
0.25121605
0.24913521
0.24842376
0.2540187
0.2507549
0.24879433
0.2485636
0.25060412
0.24863866
0.24774799
0.24764515
0.24671149
0.24683456
0.24873698
0.2486204
0.24764316
0.24990422
0.24819516
0.24826507
0.24733196
0.24885881
0.25157526
0.24826682
0.24666584
0.24628334
0.24954309
0.24603294
0.24619374
0.24672641
0.245984
0.24654423
0.24626277
0.24634326
0.24658991
0.24654754
0.25711745
0.24685766
0.24553238
0.24636112
0.2476249
0.24574226
0.2466329
0.24612416
0.24491332
0.24642591
0.24619915
0.24612775
0.24537617
0.24390608
0.24391238
0.24613771
0.24714531
0.24584883
0.24385703
0.24460071
0.24500012
0.24530657
0.2459864
0.24449302
0.24314909
0.24382389
0.2438396
0.24420859
0.24407642
0.2430756
0.24410969
0.24529436
0.24648091
0.24367927
0.24487932
0.24306981
0.2427999
0.24375035
0.24380867
0.24448444
0.24499166
0.24503513
0.24590267
0.24669497
0.247633
0.24369709
0.24372452
0.2454874
0.24906012
0.24384245
0.24280353
0.24433245
0.24271597
0.24406007
0.24310689
0.24474792
0.24373959
0.2440794
0.24333133
0.24215987
0.24155891
0.2423498
0.24393815
0.24320818
0.24456915
0.24676506
0.24251413
0.24295436
0.241357
0.24182402
0.2420807
0.24280405
0.24345295
0.24338908
0.24333851
0.24611981
0.24361476
0.24446192
0.243673
0.24252126
0.24215859
0.24590395
0.24431819
0.24174827
0.24373424
0.24181475
0.24290252
0.24296652
0.24162333
0.24062453
0.24083987
0.24133417
0.24286838
0.24401656
0.24250491
0.2418282
0.2419065
0.24257776
0.24290758
0.24290603
0.2415913
0.24249022
0.24224152
0.24263085
0.24102753
0.2455544
0.24223843
0.24444182
0.2442214
0.24386455
0.24304655
0.24123627
0.24131848
0.24099384
0.24095595
0.24397817
0.24191462
0.24236014
0.24303618
0.24426782
0.24167825
0.24904035
0.24296764
0.24398121
0.24151848
0.24203835
0.2442028
0.24249692
0.2417977
0.24057674
0.24031664
0.24204265
0.24149863
0.24125992
0.24052721
0.24014746
0.24079058
0.24361853
0.24093904
0.2414207
0.24191466
0.24470179
0.2476514
0.24179593
0.24198435
0.24082728
0.24161011
0.24253093
0.24329211
0.24457248
0.242021
0.24078943
0.2405298
0.2403905
0.24089722
0.2427504
0.24223812
0.24117596
0.24214262
0.2408079
0.2402346
0.24187063
0.24066663
0.24109635
0.24018401
0.24030286
0.24038123
0.24057828
0.24143751
0.24107653
0.24273156
0.24107926
0.24720167
0.24199341
0.2440135
0.24039473
0.24172331
0.24050133
0.24134056
0.23983507
0.24422911
0.24437627
0.2414306
0.24453197
0.24191897
0.24053876
0.2400792
0.24319015
0.24050397
0.24112919
0.2418525
0.24202938
0.24087693
0.24343713
0.24286646
0.24283913
0.24103181
0.24060543
0.24368455
0.24023166
0.23966385
0.24120285
0.24065018
0.2417123
0.24108194
0.23997335
0.23939987
0.24240418
0.24466416
0.24144535
0.24115814
0.24093306
0.24024633
0.24113928
0.23997754
0.23991999
0.23971488
0.23986718
0.23962756
0.24111624
0.24074195
0.24023052
0.24047886
0.24154828
0.24231921
0.2414546
0.24195205
0.24274908
0.23957342
0.23986934
0.24005648
0.23960194
0.24014683
0.24012993
0.24216679
0.24129516
0.23972026
0.24039093
0.24128138
0.24017704
0.23892598
0.2399835
0.23956844
0.2414795
0.2396615
0.23969002
0.23953752
0.24128088
0.24050517
0.23921008
0.24002954
0.23965943
0.24003859
0.24180683
0.23974594
0.23903401
0.23957995
0.23943447
0.23882866
0.23865473
0.23780787
0.23825657
0.2394956
0.24048331
0.23808642
0.23869534
0.23911649
0.2419224
0.24195608
0.2407319
0.24051043
0.23886564
0.24153206
0.23942903
0.23942511
0.24080727
0.24069484
0.24172851
0.24188137
0.2395167
0.24118939
0.23925726
0.24005727
0.23938996
0.23908637
0.23932445
0.23863457
0.23871714
0.24083616
0.24268898
0.24129236
0.2404266
0.24257015
0.24166125
0.24093325
0.23998407
0.24099545
0.2406507
0.23927352
0.2388663
0.23873655
0.23905654
0.23832716
0.2378887
0.23891518
0.23827296
0.23791596
0.23773856
0.23760422
0.23936217
0.2388239
0.24134721
0.24186768
0.2439082
0.24112819
0.23777585
0.24200693
0.24233323
0.23937134
0.23945168
0.23961125
0.23973964
0.23903185
0.24437292
0.24360022
0.23866694
0.23844923
0.23882063
0.24090558
0.2380762
0.24068485
0.24021652
0.23796546
0.23881145
0.23937072
0.23844384
0.23812872
0.23877709
0.23883063
0.24231778
0.23758687
