1.6248515
1.0945473
0.87329805
0.7084642
0.59115046
0.5162372
0.47353902
0.44840416
0.4315539
0.41734284
0.4073202
0.3978303
0.39148888
0.38283956
0.37724715
0.368653
0.36330473
0.3559033
0.35211363
0.34468228
0.3375497
0.33497855
0.32915568
0.32139462
0.31704137
0.3132304
0.31109148
0.30777588
0.3056785
0.30537027
0.30281186
0.30088148
0.29899305
0.2960779
0.29536662
0.29369894
0.2934438
0.29163736
0.28996828
0.29023564
0.28807914
0.28631806
0.28615078
0.28461814
0.2839107
0.28328472
0.28052786
0.28116906
0.28330272
0.27691957
0.2754299
0.27425444
0.27479413
0.27394858
0.27144083
0.2727478
0.27011463
0.26874498
0.267198
0.26990035
0.26651964
0.2674628
0.26681605
0.2652389
0.26384792
0.26253304
0.2641639
0.26184505
0.2618838
0.26134464
0.2604167
0.25878426
0.26280907
0.26174974
0.25870937
0.25854975
0.25776833
0.25898227
0.26081005
0.2564567
0.2568873
0.2556137
0.25557426
0.25976303
0.25599873
0.25428203
0.25351894
0.25400358
0.25386345
0.25266644
0.25254214
0.25219405
0.25770375
0.2533541
0.2526925
0.25140226
0.25326908
0.25406688
0.25245067
0.2511171
0.25111645
0.25047132
0.25021392
0.24973251
0.25028095
0.25023445
0.2494708
0.25003546
0.25003836
0.2503282
0.24897332
0.24978347
0.25045645
0.25028124
0.24895462
0.24834467
0.25049675
0.25088724
0.24831495
0.24804159
0.24980089
0.24707708
0.2533305
0.25244388
0.24901761
0.24938995
0.24835287
0.24667417
0.24746135
0.24720153
0.2468082
0.24583337
0.24652624
0.24669535
0.2464152
0.24674001
0.24633631
0.24719606
0.24633491
0.2465501
0.24760738
0.246358
0.24488376
0.24593621
0.2481801
0.24487945
0.24477918
0.24461958
0.24977282
0.24434602
0.24517117
0.24576451
0.2471471
0.24504651
0.24379908
0.24391931
0.24545357
0.2429694
0.24554668
0.24578258
0.24403003
0.24432395
0.24455959
0.24343662
0.24152175
0.24230564
0.24575627
0.2420833
0.24240328
0.24535434
0.24257861
0.24104606
0.24655381
0.24307156
0.24288051
0.24219865
0.24367228
0.24222307
0.2402304
0.2409698
0.241778
0.24187024
0.24121378
0.2404151
0.2410817
0.24254039
0.2420211
0.24125516
0.24169657
0.24101421
0.24075247
0.24006276
0.23931542
0.23987001
0.24252452
0.23911242
0.24092871
0.24058661
0.24089539
0.2424992
0.24038139
0.24182114
0.24155822
0.24131022
0.2475521
0.24197897
0.23987995
0.23962335
0.2412424
0.2388525
0.23988555
