2.6533704
2.0716012
1.4246912
0.9425461
0.74374205
0.664492
0.6031435
0.55930233
0.5320663
0.50652826
0.48327023
0.46358457
0.44821674
0.43473077
0.42239872
0.41242784
0.4031186
0.3931942
0.3870224
0.3822693
0.3760384
0.37185383
0.36898726
0.36454824
0.3603758
0.35728055
0.35434246
0.35151532
0.34886625
0.34688178
0.3447787
0.34298342
0.34145522
0.3398292
0.33838955
0.33726385
0.33611116
0.33468592
0.3336611
0.33236262
0.33066723
0.3295527
0.32892174
0.32973203
0.3277336
0.32674792
0.32706487
0.32854134
0.327296
0.32388544
0.32369033
0.3232089
0.32241353
0.32277024
0.32165563
0.32078975
0.32052824
0.32100877
0.3191247
0.32011744
0.31817555
0.31989852
0.31744418
0.31690815
0.31712112
0.31729195
0.32401958
0.31750488
0.31590998
0.31532437
0.31617245
0.31456652
0.31633905
0.3164404
0.31457675
0.31394607
0.31370237
0.31480217
0.3157778
0.3129977
0.3123736
0.3129317
0.31206685
0.31679904
0.31251773
0.31166643
0.31179354
0.3113491
0.31221855
0.31158847
0.31205583
0.31087878
0.31090346
0.31048214
0.31035167
0.3105254
0.31196174
0.31149712
0.31102535
0.3113942
0.31053117
0.30989653
0.30975488
0.31037822
0.3089462
0.30895376
0.3088588
0.30919403
0.3102604
0.3095399
0.30973265
0.30881584
0.30940753
0.30948627
0.30808035
0.30888626
0.30806676
0.30889395
0.3078125
0.30776322
0.30798602
0.30827242
0.30928084
0.30982724
0.30816805
0.3071098
0.30712178
0.3072956
0.3064036
0.30626398
0.30661485
0.3059698
0.30614343
0.3065335
0.30597207
0.30591872
0.30597666
0.30605412
0.30603594
0.30536598
0.30532274
0.30573925
0.30616984
0.30665612
0.30481312
0.30442816
0.3046907
0.3050447
0.3072189
0.3059482
0.30432424
0.30406785
0.30428252
0.30409792
0.30590135
0.30492285
0.30457702
0.30555162
0.30534506
0.3062906
0.30357602
0.30329302
0.30403498
0.30354077
0.30432472
0.3029129
0.31014577
0.30591056
0.30389237
0.30475432
0.3044247
0.30300164
0.30533448
0.30378488
0.30245763
0.30204222
0.30250004
0.30286884
0.3019399
0.30163646
0.30154198
0.30172172
0.3019995
0.30224994
0.3023337
0.30270576
0.30214453
0.302126
0.30215162
0.30215508
0.30331963
0.3023062
0.30085203
0.3007611
0.30315277
0.3015495
0.30063993
0.30082166
0.30032772
0.30028173
0.3002671
0.29986632
0.29958293
0.2998082
0.3049352
0.30281398
0.3007096
0.30022722
0.30131805
0.2996541
0.30147588
0.30024633
0.29996404
0.30013242
0.30212808
0.29952627
0.30106857
0.29911816
0.2987676
0.30220327
0.3022832
0.30072632
0.29993957
0.29986283
0.30129305
0.29903364
0.29925588
0.2994432
0.2990849
0.29976913
0.2990924
0.29849035
0.29853368
0.29827532
0.30082297
0.30048674
0.30185366
0.29895315
0.29850078
0.29794332
0.29740313
0.29841384
0.29709795
0.29760057
0.2970828
0.2989521
0.29934484
0.30040044
0.30110377
0.2984591
0.29878837
0.29908413
0.30280012
0.29941413
0.29867288
0.29979122
0.29655182
0.3006703
0.29796097
0.29992068
0.29898673
0.29774633
0.29808453
0.29636723
0.29633552
0.29681093
0.29720515
0.29711875
0.2967147
0.29793617
0.2964485
0.29742634
0.29567865
0.2957956
0.29609826
0.29701355
0.29668877
0.29563418
0.2962455
0.29940155
0.29577616
0.29656723
0.295758
0.29563746
0.29566658
0.3003762
0.29792553
0.29499668
0.2968053
0.29479477
0.3007787
0.29590982
0.29514128
0.29464066
0.29485044
0.29468697
0.29930958
0.294814
0.2961659
0.29656515
0.2960811
0.2959392
0.29550502
0.29611957
0.29485452
