1.7409042
1.1322029
0.8510934
0.69391584
0.57200485
0.5045697
0.4706612
0.45220166
0.44118538
0.42832533
0.4174919
0.4096378
0.40394697
0.39801076
0.39493233
0.38893265
0.38340673
0.37690112
0.373853
0.3687307
0.36446738
0.36259705
0.35962686
0.35435313
0.34987047
0.34653294
0.34375775
0.3408213
0.33825517
0.33692402
0.33203155
0.3287543
0.32631883
0.323987
0.3228982
0.3196084
0.3177006
0.31649515
0.31609792
0.31380406
0.31279692
0.31217366
0.3127311
0.31073597
0.30787766
0.30938098
0.30795738
0.30826458
0.31135517
0.30561543
0.3052849
0.3034697
0.30225295
0.30107284
0.30001155
0.30143726
0.29991364
0.30107766
0.29833445
0.30189544
0.2983244
0.30015373
0.29910323
0.2972283
0.29692432
0.29784662
0.30229956
0.29564163
0.29483652
0.29406494
0.29493117
0.2935034
0.29532555
0.29617897
0.2931747
0.29342926
0.29274166
0.2943939
0.29428005
0.29118893
0.29098323
0.29010224
0.29030114
0.2938447
0.2912291
0.28896612
0.28747982
0.2879732
0.28837094
0.28621686
0.2859256
0.28541777
0.28755015
0.28538316
0.2846937
0.28443113
0.28529134
0.28526372
0.2847046
0.28400677
0.2820488
0.28147712
0.28184593
0.28261462
0.2812627
0.28143677
0.2801081
0.27967978
0.2800503
0.28000584
0.27905336
0.27917117
0.27897292
0.27944836
0.27866185
0.27713898
0.27677602
0.27757642
0.27717134
0.2767137
0.2777454
0.27826032
0.2811839
0.2789615
0.27722254
0.27771717
0.2758685
0.2753162
0.2745201
0.2735926
0.2736905
0.27297518
0.27327505
0.27317038
0.2731969
0.27334327
0.27337736
0.27186522
0.2722561
0.27165517
0.2728895
0.27342355
0.27228597
0.2719327
0.2729321
0.27085924
0.2686875
0.26984975
0.2744985
0.26990888
0.2689662
0.26947233
0.2695546
0.26880565
0.2681928
0.2672159
0.26706675
0.2666147
0.26713997
0.26734966
0.26534167
0.26515839
0.26535833
0.26487815
0.26492798
0.26420927
0.26524422
0.26423353
0.2627605
0.26348543
0.26288983
0.2622373
0.26314142
0.26291755
0.2621975
0.2615271
0.26129705
0.26144105
0.2605361
0.2601345
0.25982445
0.26015574
0.26173028
0.26099133
0.26044512
0.26080805
0.26154417
0.26169276
0.2611708
0.26054
0.26126653
0.26005644
0.25848335
0.2595317
0.2605171
0.2579576
0.25836313
0.25936222
0.25836125
0.2581991
0.2579741
0.25917807
0.25792375
0.2595656
0.26062346
0.2602105
0.25747848
0.2590522
0.259011
0.25726908
0.2578608
0.25673717
0.25726956
0.2579401
0.25963572
0.25730932
0.25750628
0.25745076
0.2564316
0.2585299
0.26083598
0.25970438
0.25696412
0.25686783
0.25689462
0.2571555
0.25731295
0.25808233
0.25690305
0.2575725
0.2569824
0.2566775
0.25599658
0.2561734
0.2582488
0.2595548
0.2592728
0.2564879
0.2557473
0.25537932
0.25502497
0.2565431
0.25532123
0.25584173
0.25608078
0.25760877
0.2583533
0.2576566
0.25607073
0.2558677
0.25626206
0.25714418
0.26100913
0.2585028
0.26022857
0.25736496
0.25489375
0.25647175
0.25654402
0.2567774
0.25690767
0.25621256
0.25583437
0.25529638
0.25461754
0.25488678
0.25666007
0.2565296
0.25599858
0.25773072
0.25455242
0.25497013
0.2546996
0.25533885
0.25442067
0.25326622
0.25381052
0.25336093
0.25339425
0.25749347
0.25314972
0.25381845
0.25296208
0.25311399
0.2521415
0.25767696
0.25371355
0.25222835
0.2548571
0.2528404
0.25260434
0.25399265
0.25242656
0.25295532
0.2512168
0.25009677
0.25358865
0.2549657
0.25117525
0.251374
0.2505416
0.25092846
0.2540009
