1.7717823
1.5991071
1.3819224
1.1324825
0.90449697
0.7411722
0.6483772
0.5922661
0.5588535
0.5349144
0.51631945
0.5030138
0.49214125
0.48351878
0.47585696
0.46916914
0.4639467
0.4573973
0.45152685
0.44600332
0.44155636
0.43786785
0.4345383
0.4305877
0.4263885
0.42193064
0.4175145
0.41347292
0.40928796
0.40498927
0.40073016
0.39696953
0.39327735
0.38908947
0.38553572
0.38278216
0.3797501
0.37706605
0.3739787
0.37114257
0.36904925
0.36746702
0.366312
0.36515492
0.36351377
0.36225125
0.3614368
0.36076203
0.36122945
0.35974464
0.35870656
0.35794738
0.3569875
0.35617724
0.35523197
0.35429335
0.3538914
0.35412836
0.35326314
0.35211372
0.35183182
0.3517908
0.35132396
0.35036892
0.35016185
0.34985757
0.35069203
0.34961772
0.34826425
0.34760416
0.34732202
0.34685165
0.34649974
0.34717625
0.3465287
0.34598362
0.3453444
0.34464753
0.34500876
0.34467462
0.3437629
0.3434559
0.34411198
0.3435745
0.34343347
0.34361032
0.34313226
0.34234357
0.34241125
0.34227142
0.34246403
0.34166947
0.3416289
0.3413447
0.3406459
0.34052828
0.3408487
0.34038323
0.3400821
0.3395799
0.3395246
0.33942178
0.33971426
0.34037217
0.33938166
0.33937734
0.33876345
0.3386761
0.33866248
0.3385396
0.33814162
0.33812544
0.33775455
0.33812115
0.33828935
0.3376937
0.3376952
0.33787167
0.33776736
0.3380244
0.33819658
0.337345
0.33886397
0.33791766
0.33702
0.33724207
0.33588544
0.3356472
0.33547992
0.3354437
0.33560365
0.3353142
0.33506808
0.33539745
0.33561343
0.33567327
0.335411
0.33480155
0.33469978
0.33510375
0.3348525
0.33463475
0.33444896
0.3344554
0.33431992
0.33393183
0.3340086
0.3341659
0.33486834
0.3347757
0.3339059
0.33380216
0.33362097
0.33359602
0.33332545
0.33369023
0.3340646
0.33420166
0.3345898
0.3344915
0.33400103
0.3335288
0.33377215
0.3334254
0.33298945
0.33308047
0.33337662
0.3338184
0.33345968
0.33292255
0.33288142
0.33268687
0.33274
0.3329697
0.3324431
0.33220744
0.3327874
0.33297274
0.3324462
0.33218646
0.3322708
0.33201092
0.33211568
0.33223245
0.332268
0.33217958
0.33212847
0.33245647
0.33256975
0.33193678
0.33183452
0.3321207
0.33170232
0.33130825
0.33165833
0.33155423
0.33133736
0.33174
0.33139986
0.33134606
0.33152747
0.3319088
0.33146766
0.3313281
0.3319699
0.33366886
0.33281413
0.3317313
0.33201718
0.33169878
0.33186933
0.33174664
0.33147842
0.33162147
0.33200392
0.33152243
0.33137053
0.33152464
0.33147803
0.3343818
0.33338094
0.33197504
0.33168015
0.33142596
0.33114347
0.3314868
0.3317131
0.33269945
0.33230028
0.3322401
0.33107626
0.3307785
0.33107513
0.33118007
0.3310016
0.33105496
0.33273587
0.3325131
0.33091754
0.3305951
0.33071524
0.3311973
0.33115008
0.33119807
0.33092594
0.3314538
0.3322002
0.33291578
0.33208686
0.33120534
0.3309106
0.33159798
0.3335263
0.33215827
0.33188945
0.3319299
0.33126453
0.33183455
0.33213142
0.3316186
0.33241326
0.33297145
0.33081058
0.3310659
0.33076188
0.3311884
0.33183572
0.3318033
0.33102804
0.3322745
0.33118215
0.3305567
0.3306207
0.33083427
0.3307014
0.33101088
0.33128005
0.3309561
0.33117455
0.3315426
0.3319999
0.33150342
0.33120143
0.3307534
0.33079445
0.33245188
0.3335916
0.33093312
0.33134797
0.331768
0.33084553
0.33242807
0.33111408
0.33050773
0.33083028
0.33093566
0.3319129
0.3314636
0.3307051
0.3309063
0.33076617
0.33062875
0.33129016
0.33168122
0.33129513
0.33123222
0.3309626
0.33110785
0.33103332
0.33062932
0.33100888
0.33130303
0.33179927
0.33150655
0.33088925
0.33123565
0.3305874
0.33068195
0.3306772
0.33241907
0.3317391
0.33110845
0.33162588
0.33287627
0.3315802
0.33192247
0.3311897
0.3310487
0.3308378
0.33135557
0.33158463
0.33063382
0.33098337
0.3306025
0.33116412
0.3316931
0.3311601
0.33107442
0.33082545
0.33097783
0.3310517
0.33091313
0.33101502
0.33137634
0.33083135
0.33128628
0.33339956
0.33242726
0.33172703
0.33155403
0.3310154
0.33061355
0.3306763
0.33165607
0.33283773
0.3314756
0.33036757
0.33057424
0.3312999
0.3312308
0.33121386
0.33141273
0.3306763
0.33076757
0.3306372
0.3304448
0.3308275
0.3306607
0.3306534
0.330968
0.33074275
0.33092684
0.3311402
0.3307863
0.3312425
0.33093527
0.33117184
0.33059305
0.33237505
0.33183125
0.33103344
0.33084238
0.3307843
0.3306117
0.33128276
0.330817
0.33118683
