1.0249599
0.5299068
0.42231798
0.39711675
0.37788734
0.36569408
0.38014397
0.35213962
0.35673892
0.3538215
0.34210706
0.3505238
0.34290677
0.3435581
0.33017272
0.33369082
0.35047325
0.32412022
0.32398516
0.33789542
0.324679
0.31798962
0.34966984
0.3210933
0.3183478
0.35867774
0.35663912
0.38746777
0.33282554
0.3129815
0.3145105
0.3171706
0.3281377
0.318909
0.3109657
0.31174856
0.32431334
0.30594736
0.318123
0.314083
0.312305
0.3182969
0.32317352
0.31091154
0.44054157
0.3250087
0.3166085
0.32069197
0.3264371
0.30747285
0.3204115
0.3033874
0.40293446
0.32581875
0.3080738
0.30777323
0.30497402
0.31631762
0.32442042
0.33626717
0.316548
0.3268921
0.3047554
0.33317703
0.3134751
0.3007951
0.31371814
0.32960308
0.32487172
0.33275792
0.30300394
0.32449108
0.3205833
0.3097756
0.31478882
0.3005864
0.31221887
0.32597664
0.32312343
0.32850796
0.3007375
0.36985713
0.3299617
0.30736434
0.40385127
0.31189564
0.33267498
0.30892736
0.29855633
0.3016029
0.32171735
0.29637754
0.31480184
0.30321574
0.29783845
0.29432386
0.29812354
0.2940926
0.2928657
0.34156382
0.34721163
0.34351102
0.29681
0.3486827
0.29508227
0.31237844
0.32848275
0.35324514
0.309729
0.31986097
0.29936197
0.29551244
0.29098818
0.3109112
0.31761324
0.2915051
0.32465902
0.3443037
0.31630433
0.3318149
0.35668418
0.29820278
0.3279658
0.29361027
0.2996786
0.3093005
0.31555602
0.32554594
0.30978292
0.30165994
0.35584483
0.30267572
0.3355155
0.401961
0.29269835
0.28877795
0.31132352
0.31574383
0.28905115
0.29338402
0.30073354
0.29750982
0.30299476
0.34185964
0.32177955
0.31077483
0.29717958
0.28598085
0.3119531
0.40498057
0.32137945
0.36926574
0.37444153
0.3219141
0.29491672
0.34023768
0.32335016
0.28846645
0.28410307
0.29479784
0.31694242
0.35585168
0.35444936
0.41503292
0.31265822
0.29742834
0.31338093
0.28454632
0.28839183
0.4638099
0.36152074
0.3005616
0.2950108
0.2929268
0.3615424
0.29750526
0.30228305
0.28922886
0.29129556
0.28238726
0.3533776
0.31180865
0.29135358
0.30321664
0.29088527
0.31576583
0.32025412
0.28712392
0.29003242
0.3248779
0.29179782
0.29438302
0.2847343
0.3626789
0.28522247
0.32505155
0.28425908
0.36599964
0.29958305
0.3832739
0.32337496
0.3633415
0.4082543
0.28746158
0.28211033
0.29106998
0.28715312
0.32898334
0.3823856
0.31424862
0.310165
0.31599712
0.31814
0.31089514
0.28143135
0.31418183
0.2823559
0.3236964
0.32669437
0.2958288
0.37585765
0.33588886
0.39122868
0.3788201
0.37374336
0.28226328
0.30793202
0.31989834
0.46092707
0.41904265
0.3093048
0.41146797
0.297278
0.3216898
0.28828156
0.28214434
0.2983274
0.42680585
0.31805554
0.3190378
0.2892304
0.28389224
0.3136577
0.36929733
0.31019762
0.27890426
0.29245156
0.30218485
0.33120096
0.41124636
0.32324803
0.30109566
0.2804131
0.3038411
0.32272053
0.2793815
0.2931049
0.3221552
0.36618745
