0.8489737
0.5426484
0.44874215
0.42395335
0.39129508
0.37705478
0.37324306
0.35849926
0.36125752
0.3419819
0.33707312
0.34810573
0.3350015
0.3373838
0.325888
0.32661992
0.34933743
0.3245126
0.32391956
0.33436397
0.33447945
0.3455123
0.33513868
0.3273866
0.3196516
0.33853856
0.3238117
0.3187406
0.31968504
0.31442726
0.31873384
0.3178637
0.32765475
0.34010556
0.3133437
0.31686822
0.3256423
0.3134397
0.32345542
0.3208702
0.3155169
0.3244374
0.32441857
0.31583002
0.3755366
0.32848984
0.31827256
0.31249207
0.32750937
0.32793456
0.38095075
0.31141126
0.3406199
0.31138614
0.32756382
0.31652915
0.32035524
0.32389605
0.3340016
0.34409666
0.3210141
0.32320547
0.3133566
0.33194438
0.3184692
0.31870446
0.33689785
0.33497196
0.34411216
0.31675318
0.31290343
0.3188317
0.33479115
0.35253802
0.34184554
0.32235157
0.30585775
0.3036079
0.31991068
0.30821112
0.32498613
0.46296293
0.394368
0.33670002
0.460281
0.32791594
0.3256517
0.3421691
0.30535752
0.36237746
0.32792482
0.30464602
0.32156533
0.31306377
0.31073758
0.3034207
0.29826918
0.29617855
0.29513916
0.34389845
0.34088993
0.31171793
0.3006806
0.34051567
0.2980246
0.3021645
0.35612017
0.3581589
0.3049938
0.31243286
0.31116548
0.29919395
0.29508346
0.31304792
0.30950484
0.293444
0.29957804
0.3605902
0.3615717
0.3292159
0.3010026
0.29730672
0.30217522
0.29972014
0.3921137
0.33492333
0.3468506
0.3195657
0.3272861
0.37876666
0.3099666
0.29247057
0.3049535
0.3851472
0.30983135
0.30222324
0.30254787
0.29659513
0.29673627
0.29362884
0.33943525
0.31556505
0.30142826
0.31415346
0.29708824
0.29896128
0.29678774
0.28682053
0.32407242
0.35314262
0.3762746
0.41559225
0.43692097
0.3321232
0.2962263
0.36521313
0.32058826
0.28771815
0.29470837
0.29282477
0.29656976
0.3302105
0.42986888
0.33871436
0.29257962
0.29141685
0.2851717
0.28475913
0.2849178
0.29507247
0.30788997
0.29535806
0.30498537
0.29304788
0.29926807
0.29955846
0.29437807
0.30905858
0.30788782
0.28594014
0.3409816
0.3243778
0.32485405
0.32539874
0.30070308
0.31458846
0.31672755
0.2857802
0.29160842
0.29620266
0.30207673
0.31138742
0.3121585
0.34800044
0.29609936
0.30719617
0.2980383
0.3373945
0.31193793
0.309859
0.28496864
0.33465552
0.31211418
0.28684622
0.27964106
0.31995088
0.30092755
0.28531748
0.30534574
0.3000654
0.30216601
0.3184425
0.32229882
0.29712516
0.29636428
0.32226214
0.28223723
0.29778582
0.32308567
0.31336138
0.39021772
0.30963334
0.33233386
0.36088178
0.3327143
0.28072652
0.2850301
0.35543978
0.31438464
0.36081278
0.30335817
0.3530845
0.2843471
0.309381
0.3066992
0.29386327
0.30909625
0.31604052
0.30223376
0.35425746
0.29628575
0.33531845
0.29105288
0.33379763
0.32584006
0.27940276
0.29336315
0.29453018
0.32581553
0.3000051
0.46376175
0.3032893
0.29371294
0.2977979
0.29850712
0.28883046
0.36263445
0.31378844
0.35599905
0.37086153
0.31113893
0.31422567
0.29452205
0.32529956
0.31432122
0.27644667
0.3592027
