1.3316646
0.7838859
0.5652874
0.47945714
0.422529
0.3958148
0.39235938
0.3759776
0.40822217
0.44095388
0.35572603
0.36213365
0.3572327
0.3450546
0.34262094
0.35115284
0.42204574
0.33467117
0.33434704
0.36139557
0.34744653
0.36115426
0.3809266
0.34414703
0.32599333
0.3349751
0.33320007
0.35730276
0.36650842
0.32151288
0.32312104
0.33034435
0.32398525
0.31984606
0.32145464
0.3207258
0.32475552
0.31824693
0.35003403
0.32038662
0.31893185
0.35864323
0.33142376
0.33489653
0.3418877
0.32602116
0.31924602
0.35001436
0.32221177
0.31937918
0.3167098
0.31443787
0.3924064
0.33124167
0.46681777
0.3988463
0.31524613
0.32812443
0.3386738
0.36379257
0.33835685
0.31891292
0.31542522
0.33540252
0.40700176
0.38627255
0.5825102
0.4034949
0.34146369
0.3120982
0.32371274
0.39244246
0.38677672
0.45243943
0.31158906
0.33652017
0.31005496
0.31283742
0.32711032
0.31543908
0.30911455
0.35370448
0.3542362
0.31075418
0.36614445
0.35894078
0.32105246
0.3198603
0.30684298
0.32127663
0.32160586
0.30847964
0.32645604
0.3211965
0.308003
0.3075002
0.33666524
0.3058675
0.30686873
0.34207743
0.35024312
0.31996727
0.32631943
0.328593
0.3075125
0.3467291
0.31998944
0.32910284
0.3425438
0.30782044
0.31245127
0.3050948
0.30377507
0.37534222
0.31354013
0.30460024
0.335205
0.420795
0.3189765
0.32390854
0.30388442
0.30460104
0.3038896
0.3045196
0.3155392
0.3208493
0.3512894
0.46010244
0.30775616
0.34031704
0.34477228
0.39018154
0.31475022
0.566238
0.30472875
0.3008269
0.30072093
0.32588565
0.300764
0.30233154
0.32162753
0.3054714
0.3374486
0.3437723
0.3459987
0.30428603
0.3222748
0.30053422
0.30759397
0.3304522
0.33605665
0.37283972
0.3185491
0.30579796
0.3016121
0.4277373
0.35079792
0.32827392
0.29981056
0.30988994
0.34523705
0.31124887
0.61472845
0.3292571
0.46307182
0.3162501
0.3081704
0.2991102
0.30022854
0.4249939
0.33594686
0.50640506
0.29907945
0.31417447
0.31861538
0.31923062
0.30214107
0.33053493
0.3833388
0.30033854
0.38216418
0.37229708
0.3012835
0.31529856
0.2989467
0.3083302
0.33933383
0.32896093
0.29766122
0.30934566
0.30352247
0.2968636
0.32319814
0.333619
0.29915845
0.30685148
0.29947704
0.31173748
0.2980688
0.35518423
0.29923144
0.32726765
0.32338902
0.29864427
0.29618943
0.30636552
0.30302042
0.35460463
0.38032305
0.35459098
0.29820067
0.3543982
0.2989798
0.34232864
0.2961974
0.30634215
0.29757547
0.39074302
0.29721734
0.4561712
0.33749408
0.3296375
0.32432586
0.400195
0.62024164
0.30312723
0.2974484
0.34007123
0.34366107
0.3753999
0.31366196
0.39599106
0.30532378
0.33212957
0.33188814
0.31160596
0.29653344
0.31316838
0.29610604
0.32369432
0.29955477
0.29550597
0.32904747
0.5412775
0.3274298
0.2953891
0.33818802
0.3535297
0.3406088
0.3472913
0.3990826
0.2977223
0.29603693
0.5972365
0.29541433
0.30120623
0.3265613
0.32940993
0.36066297
0.33833
0.36658618
0.3186597
0.29470956
0.48402184
0.31086218
0.2939428
0.30741957
0.29625818
0.34486976
0.3141793
0.31852007
0.3014262
0.31980884
0.3085249
0.33477134
0.34375
0.33174613
0.3109973
0.3097479
0.2976316
0.30223164
0.29530105
0.29430643
0.33095872
0.39445356
0.2958644
0.3142745
0.59684646
0.4813803
0.46151567
0.3885852
0.34589946
0.34695554
0.3075974
0.3786297
0.45812002
