0.53582555
0.76791275
0.80218065
0.8193146
0.84423673
0.847352
0.85514015
0.8535825
0.85825545
0.85981303
0.86292833
0.8520249
0.864486
0.85825545
0.8753894
0.86915886
0.8535825
0.86915886
0.8707165
0.8613707
0.86292833
0.86292833
0.8676012
0.8707165
0.8722741
0.864486
0.876947
0.8753894
0.86915886
0.87383175
0.876947
0.876947
0.8753894
0.8613707
0.8722741
0.8753894
0.876947
0.8862928
0.87383175
0.8707165
0.8676012
0.8613707
0.8676012
0.87850463
0.8457944
0.8676012
0.87850463
0.876947
0.8707165
0.8676012
0.8457944
0.88161993
0.85825545
0.8800623
0.8722741
0.87383175
0.87850463
0.876947
0.8676012
0.8566978
0.86915886
0.8707165
0.876947
0.86292833
0.86915886
0.8753894
0.8676012
0.87383175
0.85981303
0.8753894
0.8722741
0.8753894
0.8753894
0.85514015
0.85046726
0.8722741
0.8753894
0.8862928
0.8722741
0.8753894
0.86292833
0.7959501
0.8239875
0.85981303
0.78348905
0.86604357
0.8613707
0.85514015
0.8753894
0.8457944
0.86604357
0.876947
0.86604357
0.8676012
0.8707165
0.876947
0.88940805
0.8956386
0.88940805
0.86292833
0.85981303
0.876947
0.8800623
0.85981303
0.8753894
0.876947
0.8535825
0.8426791
0.8831775
0.8753894
0.8753894
0.8800623
0.88940805
0.8722741
0.88161993
0.88473517
0.88473517
0.8333333
0.86292833
0.86915886
0.88785046
0.88473517
0.8800623
0.8800623
0.81619936
0.86604357
0.847352
0.86915886
0.87850463
0.85046726
0.87850463
0.8831775
0.8753894
0.83489096
0.8753894
0.87383175
0.88785046
0.88940805
0.88940805
0.89719623
0.86604357
0.86915886
0.88940805
0.8722741
0.88161993
0.8722741
0.8862928
0.88940805
0.86915886
0.847352
0.847352
0.8084112
0.8037383
0.85825545
0.8862928
0.8239875
0.876947
0.876947
0.8831775
0.88785046
0.8862928
0.8753894
0.80685353
0.8800623
0.8831775
0.8862928
0.8956386
0.88940805
0.90031147
0.88473517
0.87383175
0.88473517
0.8831775
0.8862928
0.88785046
0.8909657
0.8862928
0.87850463
0.8753894
0.88940805
0.85514015
0.86915886
0.85981303
0.864486
0.89252335
0.8800623
0.8722741
0.8831775
0.88473517
0.87850463
0.86604357
0.8753894
0.8722741
0.8489096
0.87383175
0.8753894
0.88161993
0.85514015
0.876947
0.8676012
0.88940805
0.864486
0.85981303
0.89252335
0.8909657
0.876947
0.88473517
0.88940805
0.8707165
0.8753894
0.8909657
0.8722741
0.86915886
0.8722741
0.8862928
0.8520249
0.89719623
0.876947
0.8753894
0.8676012
0.817757
0.8753894
0.8566978
0.847352
0.8535825
0.88940805
0.88161993
0.85825545
0.8676012
0.85514015
0.8800623
0.85046726
0.8831775
0.88161993
0.87850463
0.88785046
0.88473517
0.86292833
0.8707165
0.8535825
0.8862928
0.86604357
0.8862928
0.85046726
0.85981303
0.88940805
0.88940805
0.87383175
0.88161993
0.87383175
0.7772585
0.87383175
0.88473517
0.88785046
0.88161993
0.88161993
0.830218
0.8800623
0.8676012
0.86292833
0.8753894
0.87850463
0.8800623
0.8707165
0.8831775
0.88785046
0.83956385
0.8707165
0.85046726
0.8707165
