0.47975075
0.75389403
0.81619936
0.8333333
0.847352
0.8520249
0.8457944
0.85046726
0.85046726
0.85046726
0.85825545
0.8535825
0.8613707
0.85825545
0.8707165
0.86604357
0.85514015
0.864486
0.876947
0.8520249
0.8753894
0.87850463
0.86292833
0.8722741
0.8707165
0.8535825
0.8426791
0.83956385
0.87850463
0.8722741
0.87383175
0.876947
0.86915886
0.8676012
0.8676012
0.8707165
0.8753894
0.88161993
0.88473517
0.8707165
0.8722741
0.8862928
0.864486
0.8753894
0.80685353
0.86292833
0.8753894
0.87383175
0.85981303
0.8753894
0.8831775
0.8862928
0.830218
0.8676012
0.88473517
0.8722741
0.88473517
0.876947
0.8753894
0.8535825
0.8722741
0.876947
0.8707165
0.86604357
0.87850463
0.88161993
0.88161993
0.876947
0.8613707
0.8707165
0.8753894
0.86915886
0.876947
0.87850463
0.8722741
0.88785046
0.87850463
0.86292833
0.87850463
0.8753894
0.8831775
0.85514015
0.86604357
0.8800623
0.8239875
0.87383175
0.85825545
0.8753894
0.8722741
0.8800623
0.8753894
0.88940805
0.88473517
0.8800623
0.8800623
0.8831775
0.88940805
0.88785046
0.88785046
0.8566978
0.86915886
0.864486
0.88161993
0.83644855
0.87383175
0.88161993
0.86292833
0.85046726
0.8753894
0.876947
0.88940805
0.8909657
0.88940805
0.8722741
0.86915886
0.8862928
0.86292833
0.86292833
0.88473517
0.86292833
0.86604357
0.8909657
0.85825545
0.8753894
0.8831775
0.876947
0.86915886
0.86292833
0.88473517
0.88940805
0.8426791
0.87850463
0.8753894
0.8271028
0.88940805
0.8862928
0.85981303
0.88161993
0.894081
0.8909657
0.876947
0.8831775
0.88473517
0.8676012
0.8800623
0.8800623
0.8800623
0.8909657
0.88161993
0.84423673
0.8722741
0.8380062
0.8380062
0.86292833
0.8909657
0.8613707
0.8707165
0.88940805
0.8831775
0.8676012
0.88161993
0.8707165
0.86292833
0.8489096
0.88473517
0.87850463
0.88161993
0.87850463
0.88473517
0.7694704
0.85981303
0.88161993
0.894081
0.894081
0.86915886
0.88473517
0.8800623
0.8831775
0.88473517
0.8862928
0.8535825
0.86915886
0.8831775
0.88940805
0.8800623
0.88785046
0.8753894
0.88473517
0.88161993
0.86915886
0.876947
0.8909657
0.8909657
0.86604357
0.88473517
0.89252335
0.89719623
0.8520249
0.8800623
0.83489096
0.87850463
0.83644855
0.83956385
0.88161993
0.8831775
0.88785046
0.8909657
0.8566978
0.83956385
0.8753894
0.8909657
0.864486
0.86604357
0.87850463
0.8987539
0.86292833
0.8909657
0.87850463
0.8707165
0.88161993
0.83489096
0.87850463
0.817757
0.83489096
0.8489096
0.894081
0.89252335
0.8489096
0.817757
0.83489096
0.88940805
0.8676012
0.8800623
0.8800623
0.87383175
0.894081
0.86915886
0.8411215
0.86604357
0.8831775
0.88473517
0.88940805
0.88785046
0.85981303
0.8909657
0.8909657
0.8831775
0.86915886
0.87383175
0.83644855
0.8613707
0.87850463
0.8956386
0.8613707
0.83177567
0.8862928
0.8862928
0.8831775
0.8239875
0.8722741
0.876947
0.8753894
0.8535825
0.847352
0.84423673
0.89252335
0.8457944
0.89252335
0.86604357
0.876947
0.85981303
0.8831775
0.85981303
0.8831775
0.8707165
0.8753894
0.8831775
0.88940805
0.8862928
0.88940805
0.88473517
0.8862928
0.8457944
0.8753894
