0.80157155
0.43646204
0.40115872
0.3992567
0.35756394
0.35526276
0.35835302
0.34032828
0.3541687
0.35733092
0.33005917
0.35296133
0.3271147
0.33070844
0.32264882
0.33033413
0.32839862
0.3182656
0.31605005
0.3280239
0.32164073
0.32110772
0.35972935
0.32229385
0.31930098
0.33122873
0.32329372
0.3316356
0.36690664
0.31075287
0.31581014
0.3171599
0.32167476
0.3419241
0.31663942
0.31698495
0.3281633
0.33732665
0.30925754
0.3277927
0.31082836
0.32014614
0.3210832
0.3109083
0.3458684
0.3394869
0.31413457
0.3095474
0.33535224
0.30680758
0.31288663
0.3082193
0.36343682
0.31170234
0.31701067
0.3073949
0.3071122
0.31033295
0.32497227
0.33798194
0.31788093
0.31560698
0.31672117
0.31873628
0.3100269
0.31377926
0.3122146
0.3040925
0.3065984
0.30482116
0.30746248
0.3173563
0.31768003
0.35151896
0.30945095
0.30476514
0.30715328
0.3065449
0.31106794
0.32347506
0.33837935
0.3914687
0.3446639
0.3286213
0.32783082
0.34493944
0.32024178
0.31641543
0.30089167
0.32062122
0.38578328
0.29982072
0.34596917
0.32076204
0.30263662
0.30646816
0.30305508
0.29838023
0.29652798
0.31992576
0.31816524
0.31868598
0.3069617
0.3341839
0.3062098
0.310284
0.35156512
0.31159186
0.3101883
0.3295441
0.30608594
0.2977431
0.30042478
0.3108142
0.30078045
0.29660407
0.33773786
0.31998843
0.30539516
0.3440528
0.29478455
0.2943065
0.31482342
0.30478108
0.31231484
0.3124739
0.3419464
0.31267846
0.33706436
0.30377105
0.306605
0.310156
0.30700815
0.3322106
0.29440448
0.2930188
0.30773002
0.3267093
0.29058343
0.29643753
0.30032447
0.2923257
0.3102206
0.32027712
0.31103492
0.29433107
0.33024335
0.28735268
0.30592763
0.38329157
0.32256803
0.3640846
0.31792298
0.31966022
0.30383682
0.36098066
0.31654164
0.28715
0.29085106
0.29208317
0.30003986
0.32085168
0.31885904
0.3193995
0.30430374
0.28655514
0.31672433
0.28602624
0.3026214
0.31232205
0.32524577
0.30833235
0.29468712
0.29743302
0.31122768
0.34839603
0.29968652
0.34152967
0.3110203
0.2882687
0.30806944
0.29151842
0.29260004
0.3636281
0.28833905
0.34373614
0.31869254
0.29398948
0.2899878
0.30752602
0.31233355
0.29432726
0.30705708
0.31251696
0.2943013
0.31155765
0.29153538
0.30336353
0.29888552
0.34480286
0.29039696
0.29851845
0.31174365
0.28813332
0.2812395
0.30487296
0.29416874
0.30107716
0.30640882
0.3007111
0.31271657
0.30362222
0.30424818
0.31187838
0.2869648
0.3413797
0.28277943
0.29747674
0.4084598
0.29627687
0.33816758
0.2970931
0.30766132
0.36482298
0.30960187
0.2822855
0.28082442
0.3197312
0.358105
0.31384876
0.28967252
0.29190502
0.29221255
0.32345253
0.30953667
0.30760792
0.32209185
0.32912907
0.34383133
