1.2018185
0.64369744
0.46162942
0.42341375
0.38114226
0.37127167
0.3708372
0.3602873
0.3612631
0.3614692
0.34686643
0.3528704
0.3417207
0.3408797
0.33417556
0.34984022
0.3847971
0.32898477
0.32780153
0.34271517
0.33398205
0.32768947
0.33593875
0.32909954
0.32337055
0.33138737
0.33152205
0.3383731
0.33037156
0.3198856
0.32230607
0.32818747
0.3211269
0.34808114
0.31923193
0.3207654
0.33172095
0.33247977
0.31923735
0.31700465
0.31526092
0.32169265
0.32518688
0.32145053
0.4850699
0.32772404
0.36783406
0.31427345
0.49890324
0.3343816
0.33299935
0.31278968
0.35389927
0.327622
0.34435502
0.31550398
0.31258872
0.3510868
0.32031217
0.36931348
0.32281294
0.32145128
0.3108917
0.5468545
0.34158814
0.34750032
0.3318966
0.3655001
0.3667571
0.3163092
0.32495356
0.3946647
0.32813796
0.33109927
0.31138006
0.31802666
0.3439803
0.31572083
0.3125606
0.32777798
0.30801427
0.3511487
0.4721891
0.33202392
0.3720951
0.31665027
0.32795623
0.37101424
0.32899508
0.31707788
0.31879705
0.30349997
0.3274345
0.30910376
0.30439904
0.3038683
0.31572318
0.30305663
0.30191407
0.34171072
0.33790532
0.31367952
0.30884287
0.3393307
0.30456144
0.31549245
0.3315467
0.31048384
0.32518786
0.3116686
0.3481436
0.30256632
0.30025753
0.32165605
0.3923748
0.30212352
0.34890234
0.309345
0.31349754
0.31395987
0.30842218
0.304597
0.34667593
0.30305654
0.33904502
0.3092821
0.31484923
0.3296865
0.32217854
0.34082267
0.32210746
0.31562808
0.36046258
0.67332274
0.30918637
0.29830432
0.3084481
0.3310161
0.29790697
0.30179396
0.31808367
0.32488793
0.40319338
0.342028
0.30336803
0.315528
0.32222232
0.29751122
0.34264022
0.37979683
0.36009783
0.45782456
0.41118246
0.31334543
0.3342474
0.4396782
0.321887
0.30029592
0.29694927
0.30420277
0.30681863
0.35124224
0.33049974
0.3438895
0.34811822
0.3024185
0.3049435
0.29652846
0.29669097
0.3443297
0.32176667
0.30359164
0.3123437
0.31035113
0.34912887
0.3533827
0.30479878
0.32410714
0.3387187
0.29520255
0.3228209
0.35808817
0.30549857
0.3081674
0.29472294
0.32991955
0.30955994
0.30713758
0.32212457
0.2999267
0.31524283
0.29590335
0.30509245
0.29805586
0.29455554
0.30732974
0.29510966
0.29654565
0.31195018
0.3531304
0.29320204
0.4552377
0.31061137
0.29359934
0.29099545
0.40709955
0.29782075
0.3223998
0.34411484
0.3095622
0.3014726
0.31728104
0.31233588
0.34199783
0.28990042
0.29531664
0.2927268
0.29972807
0.30176637
0.34765685
0.32895714
0.43531552
0.48682377
0.3242133
0.34286746
0.2907613
0.28957397
0.3421977
0.3552887
0.33831382
0.310229
0.31144607
0.307651
0.3123667
0.3087212
0.31544417
0.29340717
0.29502818
0.29609922
0.3176893
0.2899006
0.29233262
0.34798932
0.31889296
0.31501204
0.28600436
0.3134441
0.3517111
0.3125256
0.3107923
0.3203974
0.28917888
0.28459764
0.37632272
0.28357217
0.2883876
0.41745675
0.33036777
0.3291937
0.40574712
0.28592244
0.2984901
0.28300714
0.3396202
0.40162373
0.2836555
0.31918645
0.30054143
0.29790658
0.36593008
0.3147425
0.2849396
0.33241954
0.310401
0.32022318
0.57461405
0.33362907
0.3181476
0.28761587
0.30953118
0.2933364
0.2859809
0.2955902
0.33045936
0.29172233
0.4039958
0.32547718
0.35086882
0.57113755
0.33310744
0.4186527
0.31456575
0.30784726
0.30524474
0.858986
0.3398825
0.35401133
0.3476016
0.33348995
0.36447978
0.30063313
0.34004414
0.2867345
0.32545364
0.28186542
0.3685657
0.4218911
0.30559734
0.2816632
0.3320385
0.31493172
0.28409848
0.28302687
0.2942254
0.28785327
0.34303614
0.2855212
0.2934756
0.43194133
0.29027185
0.30599618
0.43815902
0.2957913
0.3229399
0.28281963
0.47761136
0.29989827
0.28137702
0.29132456
0.28857082
0.31219754
0.2813509
0.29250702
0.30581883
0.34530684
0.31646246
0.29353312
0.33283317
0.29872882
0.31403333
0.3059807
0.28368953
0.2813574
0.4060495
0.3720954
0.31954744
0.301671
0.28812128
0.3564235
0.29008716
0.29857376
0.30919215
0.34675446
0.38652676
0.28353828
0.43908462
0.2882632
0.30384293
0.5235779
0.32111606
0.3205236
0.2957655
0.28241172
0.3638369
0.31241643
0.28705558
0.31395087
0.44199064
