0.86046326
0.52445245
0.45062953
0.4182192
0.38117707
0.36503226
0.360239
0.34604833
0.35422096
0.33699653
0.3337905
0.3477093
0.3329139
0.33609733
0.32596868
0.32569683
0.3542739
0.32361215
0.32327214
0.3391167
0.34004495
0.34370345
0.33762172
0.32873937
0.3196501
0.33711606
0.32265413
0.3184746
0.31969485
0.31442633
0.31792852
0.31829965
0.33121082
0.342834
0.31282157
0.31600037
0.32632598
0.31287512
0.32677525
0.32368436
0.31651738
0.32293135
0.3224709
0.31610185
0.37433517
0.33176354
0.3162628
0.3122217
0.32691568
0.3281283
0.3901491
0.3117541
0.33900544
0.3107713
0.33003366
0.31496853
0.31787345
0.32323036
0.33324254
0.35354555
0.3212553
0.32174817
0.31075388
0.3323598
0.3195072
0.3192804
0.34880066
0.33725452
0.3473888
0.3158085
0.310266
0.31950444
0.33601952
0.35076657
0.33815813
0.3255423
0.3055558
0.30443543
0.31950974
0.30810374
0.3245482
0.4605078
0.40681726
0.33216876
0.45495528
0.32852453
0.32812873
0.3370475
0.30561373
0.35453102
0.33268294
0.3009943
0.31922412
0.31344184
0.30811042
0.3013739
0.29569843
0.29447687
0.2933813
0.34185988
0.34236428
0.31246135
0.2989254
0.33409503
0.29579586
0.30111587
0.36213297
0.38440025
0.30638254
0.31186062
0.3133189
0.29576808
0.2921058
0.30917206
0.31075403
0.2922179
0.297065
0.37742823
0.36505207
0.32702637
0.29696044
0.29351872
0.29944947
0.29799977
0.40622592
0.33657402
0.35595927
0.3138895
0.32823348
0.372532
0.30983946
0.29038176
0.30663335
0.39660856
0.30844197
0.29989508
0.3035923
0.29579857
0.29286888
0.2923901
0.3358142
0.32098097
0.30126077
0.31000826
0.29663196
0.29830033
0.29590338
0.28651825
0.3282712
0.35888955
0.37202778
0.4265237
0.4388202
0.33371273
0.29785654
0.3625828
0.32045722
0.28805742
0.29747614
0.2916522
0.30075926
0.33354622
0.40947148
0.32648683
0.29879528
0.29193723
0.28494817
0.28333822
0.2858706
0.3005712
0.31067893
0.29664183
0.3005767
0.29328623
0.29984918
0.30071622
0.29423213
0.3138141
0.30785984
0.28483063
0.35165745
0.32333925
0.32885835
0.32263684
0.29696175
0.30451187
0.3305454
0.28794813
0.2921946
0.2992957
0.2998232
0.31433448
0.31677455
0.36065358
0.29637498
0.30990273
0.30062342
0.33979893
0.3057481
0.30815887
0.28720656
0.32611945
0.31765506
0.28576604
0.28013402
0.31030065
0.2975455
0.2874262
0.30627
0.30229312
0.3044361
0.31899485
0.3203711
0.29731694
0.3048686
0.3295706
0.28273833
0.30183697
0.32852605
0.31748226
0.37619555
0.3137236
0.33485037
0.35600388
0.34588206
0.28039396
0.28625292
0.34954458
0.3152268
0.35408372
0.31036663
0.35226342
0.2889893
0.30369252
0.3040103
0.29172918
0.3145671
0.32183814
0.3010022
0.36369532
0.29558846
0.35130772
0.29442376
0.33046478
0.319979
0.27950856
0.29468095
0.2897076
0.32424584
0.3034961
0.46107244
0.30495906
0.2955104
0.29890162
0.30277044
0.28977066
0.3787949
0.3096458
0.3407939
0.34462428
0.29494882
0.3381694
0.3188646
0.31497028
0.3155113
0.27779248
0.3627998
0.29646856
0.3406269
0.3081143
