0.38785046
0.39096573
0.42211837
0.42056075
0.48286602
0.576324
0.529595
0.682243
0.7383177
0.7741433
0.7897196
0.8084112
0.81619936
0.82087225
0.83177567
0.83956385
0.6401869
0.85046726
0.847352
0.652648
0.85514015
0.8084112
0.7897196
0.85514015
0.8535825
0.8535825
0.8520249
0.8099688
0.85514015
0.8566978
0.8566978
0.8566978
0.8566978
0.8566978
0.8566978
0.8566978
0.85825545
0.86292833
0.85825545
0.8224299
0.8535825
0.8535825
0.8535825
0.8566978
0.57476634
0.85514015
0.8489096
0.85981303
0.45794392
0.85514015
0.85514015
0.8566978
0.6292835
0.78193146
0.85981303
0.83489096
0.85514015
0.85514015
0.85514015
0.8535825
0.85514015
0.8566978
0.8566978
0.85825545
0.85981303
0.8193146
0.77102804
0.86292833
0.81308407
0.8520249
0.85514015
0.8566978
0.85514015
0.7398754
0.85514015
0.8566978
0.85981303
0.8566978
0.85514015
0.8520249
0.85825545
0.7507788
0.8411215
0.85514015
0.76323986
0.85514015
0.8520249
0.7663551
0.8566978
0.8535825
0.8535825
0.85825545
0.85981303
0.85825545
0.85514015
0.85825545
0.8613707
0.85981303
0.8613707
0.85046726
0.86604357
0.86292833
0.8613707
0.8380062
0.8566978
0.85825545
0.830218
0.8613707
0.85825545
0.85825545
0.8566978
0.8613707
0.85981303
0.8613707
0.724299
0.86604357
0.864486
0.8676012
0.8613707
0.84423673
0.85825545
0.85514015
0.85981303
0.85981303
0.86292833
0.85825545
0.7165109
0.86604357
0.83956385
0.8380062
0.74454826
0.864486
0.86292833
0.817757
0.8613707
0.85981303
0.85825545
0.85825545
0.85514015
0.86292833
0.83644855
0.86915886
0.8286604
0.7990654
0.8613707
0.8676012
0.864486
0.85981303
0.86915886
0.6448598
0.8411215
0.8411215
0.83489096
0.864486
0.8676012
0.86604357
0.8613707
0.8457944
0.8707165
0.8722741
0.8722741
0.800623
0.8115265
0.8707165
0.81619936
0.8676012
0.864486
0.86292833
0.8613707
0.71495324
0.87383175
0.74922115
0.864486
0.8753894
0.8146417
0.864486
0.85825545
0.8676012
0.83644855
0.8722741
0.8707165
0.8193146
0.86915886
0.8676012
0.8613707
0.7959501
0.8411215
0.86915886
0.8489096
0.8676012
0.86915886
0.8520249
0.86292833
0.8676012
0.86915886
0.86915886
0.85981303
0.864486
0.86604357
0.7897196
0.8676012
0.85981303
0.85981303
0.864486
0.864486
0.86915886
0.864486
0.8676012
0.85825545
0.86292833
0.85825545
0.86292833
0.86604357
0.8722741
0.86604357
0.8676012
0.8676012
0.817757
0.8707165
0.8676012
0.59034264
0.44859812
0.8333333
0.7133956
0.847352
0.8613707
0.8676012
0.86915886
0.87383175
0.7398754
0.86915886
0.8271028
0.8037383
0.86292833
0.864486
0.864486
0.86915886
0.8613707
0.864486
0.86604357
0.86604357
0.86292833
0.8676012
0.7227414
0.8676012
0.8707165
0.8753894
0.8707165
0.8099688
0.74454826
0.847352
0.8722741
0.8707165
0.6308411
0.8722741
0.86604357
0.8613707
0.8676012
0.8707165
0.8722741
0.8380062
0.864486
0.8676012
0.8676012
0.86604357
0.8707165
0.86915886
0.864486
0.8613707
0.8613707
0.86292833
0.8613707
0.7227414
0.8676012
0.82087225
0.6510903
0.87383175
0.8722741
0.8753894
0.864486
0.8613707
0.8676012
0.8676012
0.86604357
0.8520249
0.8411215
0.85981303
0.6682243
0.8457944
0.8271028
0.741433
0.8707165
0.8707165
0.87383175
0.8286604
0.86915886
0.81308407
0.8037383
0.8707165
0.7616822
0.86604357
0.86915886
0.8707165
0.8676012
0.86915886
0.8707165
0.7554517
0.8707165
0.86915886
0.847352
0.864486
0.85981303
0.85825545
0.8707165
0.86604357
0.86604357
0.87383175
0.8753894
0.55140185
0.8707165
0.8753894
0.67757004
0.8286604
0.8613707
0.8722741
0.6744548
0.8707165
0.8707165
0.8707165
0.86604357
0.8722741
0.8707165
0.8707165
0.8722741
0.86915886
0.8707165
0.85981303
0.86604357
0.86915886
0.86915886
0.86915886
0.8676012
0.8707165
0.8707165
0.86604357
0.6339564
0.8613707
0.86915886
0.817757
0.8753894
0.8707165
0.8707165
0.8722741
0.8707165
0.8676012
0.788162
0.86604357
0.86604357
0.7694704
0.8099688
0.8722741
0.86915886
0.85981303
0.85514015
0.8676012
0.8707165
0.8707165
0.86915886
0.8722741
