0.62226903
0.42826813
0.39039317
0.37041467
0.35668907
0.34649378
0.34112146
0.3403001
0.34123456
0.3415986
0.3305781
0.33517012
0.33268586
0.3359047
0.33551946
0.32867008
0.33396584
0.32581317
0.32747844
0.32420558
0.32741335
0.32821217
0.32794502
0.32442158
0.3216912
0.31937665
0.31929153
0.31927767
0.32382032
0.31691015
0.31402424
0.31577563
0.31546938
0.31235915
0.3168616
0.31415975
0.31367916
0.3115683
0.31079048
0.31311223
0.311863
0.3146935
0.31063408
0.31539246
0.31345242
0.31095982
0.31117532
0.3296525
0.30832368
0.30974728
0.30901855
0.30813205
0.3089385
0.30498767
0.30384952
0.30459148
0.30387026
0.30702254
0.31367964
0.30435172
0.31179538
0.30661306
0.3046391
0.30552226
0.30470195
0.30222538
0.31182572
0.3160187
0.3079361
0.29986766
0.30172497
0.30028963
0.30406368
0.29920524
0.2984811
0.2990042
0.29754937
0.30384183
0.2982595
0.29871032
0.29904667
0.3014989
0.3024929
0.30390075
0.30863345
0.30188483
0.2989897
0.3004502
0.29671288
0.29572403
0.30213708
0.29892778
0.30628464
0.29691035
0.2967494
0.2955189
0.3022235
0.30124542
0.30225763
0.30558148
0.29821062
0.2933782
0.29471424
0.2931282
0.29460272
0.297382
0.29618764
0.30118465
0.2936808
0.29704818
0.2945065
0.2993248
0.2926567
0.29852262
0.2930028
0.29843017
0.2986885
0.3010895
0.3027627
0.3056656
0.2954619
0.29473075
0.30205527
0.3090012
0.291683
0.29341048
0.29816747
0.29043978
0.29406658
0.29182366
0.29224545
0.293448
0.2944309
0.29022622
0.2945611
0.29107043
0.29637787
0.29418725
0.28994626
0.2923453
0.2909687
0.29281992
0.29022262
0.29380518
0.29113582
0.2882145
0.29076743
0.2884012
0.30165365
0.292261
0.2883286
0.28818193
0.29259825
0.29141295
0.29065326
0.29025435
0.2881336
0.29404706
0.29216462
0.28939363
0.2878078
0.28656027
0.29236197
0.2888903
0.28784662
0.28927463
0.30131012
0.2932313
0.29036635
0.29923958
0.28624222
0.2896698
0.2890396
0.2876789
0.28808394
0.28743765
0.2878592
0.2873631
0.2866754
0.28902084
0.28530762
0.2875148
0.28593948
0.28820983
0.28554383
0.29082808
0.28771728
0.29196787
0.28616157
0.2845331
0.28903377
0.2885606
0.28211755
0.28309074
0.2863199
0.28547856
0.28199407
0.28246227
0.28455648
0.28444508
0.2811309
0.28506836
0.28434908
0.28126273
0.2943444
0.27999362
0.28065747
0.2824768
0.2823984
0.28289255
0.28283045
0.28282633
0.28234896
0.28117993
0.27838206
0.28250685
