0.4626168
0.7352025
0.8099688
0.8271028
0.830218
0.84423673
0.85514015
0.8520249
0.8566978
0.85825545
0.8566978
0.86292833
0.8613707
0.8676012
0.8613707
0.85981303
0.8520249
0.85514015
0.86292833
0.8722741
0.86915886
0.86604357
0.85514015
0.8613707
0.8707165
0.8722741
0.8707165
0.87383175
0.8707165
0.876947
0.87383175
0.876947
0.8753894
0.8753894
0.876947
0.8722741
0.8707165
0.8722741
0.8722741
0.8722741
0.8707165
0.8753894
0.8800623
0.87383175
0.87850463
0.8831775
0.876947
0.87850463
0.87383175
0.8753894
0.87850463
0.876947
0.87850463
0.8753894
0.8831775
0.8800623
0.8831775
0.87850463
0.87850463
0.87383175
0.8753894
0.876947
0.87850463
0.8753894
0.876947
0.87850463
0.86915886
0.876947
0.88161993
0.88161993
0.8800623
0.87850463
0.88161993
0.8831775
0.88161993
0.88161993
0.8831775
0.876947
0.8800623
0.88161993
0.8800623
0.876947
0.8753894
0.86915886
0.88161993
0.87850463
0.87850463
0.87850463
0.8753894
0.8800623
0.8753894
0.8800623
0.8800623
0.8800623
0.8831775
0.88161993
0.8800623
0.8862928
0.8800623
0.8862928
0.88940805
0.8800623
0.8831775
0.88161993
0.88785046
0.8831775
0.8862928
0.88473517
0.88473517
0.8800623
0.88161993
0.88161993
0.87850463
0.88161993
0.8831775
0.8753894
0.8800623
0.8753894
0.88161993
0.8831775
0.8862928
0.8862928
0.8862928
0.87850463
0.8831775
0.8800623
0.87383175
0.876947
0.87850463
0.88161993
0.8800623
0.8862928
0.88473517
0.876947
0.88161993
0.8800623
0.8831775
0.88473517
0.88161993
0.876947
0.8800623
0.876947
0.88161993
0.87850463
0.88785046
0.88940805
0.8800623
0.88161993
0.8800623
0.89252335
0.88785046
0.88473517
0.8831775
0.8831775
0.87383175
0.876947
0.8800623
0.8753894
0.8753894
0.8831775
0.8800623
0.8862928
0.8800623
0.8753894
0.8753894
0.87383175
0.87850463
0.8831775
0.8831775
0.88161993
0.8831775
0.88161993
0.87850463
0.88161993
0.87850463
0.88473517
0.87850463
0.8800623
0.8800623
0.88785046
0.88940805
0.89252335
0.88785046
0.88785046
0.8862928
0.88161993
0.8800623
0.88161993
0.8831775
0.8862928
0.88473517
0.88161993
0.88161993
0.8862928
0.88473517
0.88473517
0.8831775
0.8831775
0.8909657
0.88473517
0.8800623
0.87850463
0.8831775
0.88785046
0.88785046
0.8862928
0.8831775
0.88161993
0.87850463
0.88473517
0.87850463
0.88161993
0.88161993
0.876947
0.87850463
0.8862928
0.88473517
0.876947
0.88161993
0.8800623
0.88161993
0.8800623
0.8831775
0.88161993
0.88161993
0.88161993
0.8862928
0.8800623
0.8862928
0.88785046
0.8862928
0.8800623
0.88161993
0.88473517
0.88473517
0.876947
0.87850463
0.88161993
0.8831775
0.8831775
0.88473517
0.88161993
0.88785046
0.8831775
0.8909657
0.88161993
0.87850463
0.87850463
0.8862928
0.88785046
0.88473517
0.8800623
0.87850463
0.87850463
0.876947
0.8753894
0.88161993
0.88473517
0.8862928
0.8800623
0.89252335
0.89252335
0.8831775
0.87850463
0.8800623
0.88161993
