1.0559411
0.48838747
0.41982964
0.38917518
0.36797127
0.3577291
0.3498947
0.3483799
0.34462786
0.34525794
0.3352544
0.33693302
0.33305603
0.33373615
0.33708784
0.33128747
0.3299945
0.32586917
0.3301706
0.32473868
0.32776764
0.32859698
0.32828826
0.3265428
0.32158735
0.3224864
0.32310504
0.32247138
0.32328317
0.3218131
0.31866008
0.3195404
0.31897742
0.3166329
0.31732446
0.31833342
0.3175386
0.3167504
0.31611443
0.31629077
0.3152279
0.3172672
0.31698203
0.31573647
0.31563583
0.31526795
0.31894344
0.32419473
0.3195958
0.31648865
0.3158223
0.31328905
0.31411356
0.31259328
0.3118038
0.3126366
0.31126192
0.316119
0.31121552
0.315402
0.3206558
0.31787685
0.31625277
0.31311512
0.31225067
0.30958068
0.3204759
0.31685916
0.30946666
0.31005955
0.31074584
0.30870247
0.31287822
0.30890286
0.30822688
0.30890948
0.307718
0.31491008
0.30867472
0.30902582
0.3091149
0.30985832
0.30910516
0.31632206
0.3137689
0.30896425
0.30653396
0.3075503
0.30940333
0.3067079
0.3079955
0.30631426
0.31054714
0.30675295
0.30674565
0.30564007
0.3103988
0.30771652
0.3104679
0.3078382
0.30732647
0.30548355
0.3056908
0.30585426
0.30728447
0.31043977
0.30546287
0.30945218
0.30682787
0.30454424
0.30956587
0.30715948
0.30321342
0.30452016
0.30397576
0.30786657
0.3056812
0.31017053
0.31170294
0.30785754
0.30626455
0.30480543
0.31024072
0.31118232
0.30295116
0.30424163
0.30821604
0.30227938
0.30187127
0.3030546
0.30478737
0.30578947
0.3055229
0.30218846
0.30313915
0.30334896
0.30554405
0.30477282
0.30218405
0.301556
0.30211663
0.3035729
0.3024966
0.30253634
0.30270723
0.3018631
0.30152953
0.2995241
0.31312186
0.30206218
0.29976928
0.2998498
0.30075556
0.29908782
0.3029004
0.2980104
0.30024588
0.3061831
0.30387086
0.30004588
0.30067465
0.2974583
0.3033663
0.2992002
0.29820463
0.29972348
0.2991765
0.2950994
0.29660258
0.29724863
0.29494086
0.29495752
0.29687247
0.2957027
0.2963327
0.2949754
0.2962591
0.2952413
0.29315206
0.29348835
0.2927581
0.2920105
0.29195073
0.29359448
0.29247364
0.2979825
0.2939175
0.2928965
0.29696888
0.29071233
0.2983669
0.29275578
0.29084837
0.29092303
0.2925941
0.29088205
0.28939468
0.2940171
0.29015255
0.28841472
0.28824425
0.28952828
0.287937
0.28856954
0.30083144
0.28706396
0.28902963
0.28836247
0.29119024
0.2878689
0.28898025
0.28976232
0.2882491
0.28915173
0.2863724
0.28826377
0.28697905
0.28529906
0.2869355
0.29165748
0.28609577
0.2862977
0.28535008
0.28786644
0.2866222
0.28784135
0.28685504
0.286093
0.2844918
0.2850424
0.28394818
0.28424177
0.28448582
0.2839959
0.2854504
0.28730673
0.28794825
0.2839204
0.28283143
0.28825796
0.28313255
0.2848124
0.28352925
0.28350067
0.2829506
0.2844582
0.28628993
0.28505665
0.28627104
0.28323376
0.28663635
0.28978226
0.28512508
0.28478226
0.28879517
0.28249043
0.28221565
0.28690058
0.2831558
0.2852333
0.28356868
0.28354746
0.28290465
0.28231636
0.27995226
0.28344142
0.281114
0.2798036
0.28495437
0.28446904
0.28415212
0.28198442
0.27967688
0.28166804
0.28036556
0.2817274
0.28227228
0.28005674
0.2832857
0.28778803
0.28413194
0.28211448
0.28235802
0.28066686
0.2811553
0.2907383
0.28074315
0.2807325
0.2818842
0.27918428
0.2891266
0.2808507
0.28035071
0.28123873
0.27810633
0.2785637
0.28470314
0.28221962
0.2802549
0.28762776
0.27989402
0.28890747
