1.7697381
1.595528
1.3766204
1.1252593
0.8958266
0.7326347
0.6415866
0.5871536
0.5547932
0.53153515
0.5133886
0.5003619
0.48970985
0.48126104
0.47369915
0.4670727
0.4618711
0.45541313
0.44954088
0.44405234
0.43963647
0.43590719
0.4324497
0.42836416
0.42403224
0.41942155
0.41483688
0.4106249
0.406275
0.40194935
0.39770976
0.39399984
0.39042097
0.38637722
0.3829535
0.38037062
0.37753367
0.37502065
0.37213147
0.36951962
0.36759973
0.36612386
0.3650748
0.36400896
0.36241686
0.3611449
0.36036396
0.35975718
0.36029324
0.3589103
0.3579389
0.35718444
0.3562438
0.35546866
0.35452223
0.3535535
0.3531608
0.35341397
0.35255548
0.35141256
0.35114086
0.35111696
0.35065737
0.34970033
0.34950575
0.34921464
0.35009405
0.34901103
0.34762284
0.3469671
0.34670088
0.3462303
0.3458895
0.34661657
0.34598306
0.34540948
0.34474784
0.34406328
0.34442478
0.3440826
0.3431724
0.34287208
0.34360448
0.34314322
0.342975
0.34313503
0.34263554
0.34176484
0.34183195
0.34169608
0.3418974
0.3410955
0.3410642
0.34077254
0.3400457
0.33991885
0.3402569
0.33980313
0.33949968
0.33897448
0.33890522
0.33880064
0.33911356
0.3397623
0.33873996
0.33873954
0.33813235
0.33806896
0.33805612
0.3379193
0.33750552
0.3374917
0.33711356
0.3374966
0.3376575
0.3370628
0.3370826
0.3372466
0.33713508
0.3374367
0.3375978
0.33670712
0.3382598
0.33730632
0.33646312
0.33672804
0.33530515
0.33508697
0.33493793
0.33492023
0.33510172
0.33481592
0.3345767
0.33491042
0.33513466
0.3352278
0.33497724
0.33439544
0.33429825
0.33471584
0.33446467
0.33425847
0.33407688
0.33409166
0.33395082
0.33356944
0.3336637
0.33383092
0.3345857
0.334487
0.3336112
0.3335092
0.3333142
0.33327505
0.33301404
0.3334019
0.33379334
0.33391505
0.33435747
0.33428374
0.3337742
0.33329192
0.33356747
0.33321592
0.33275428
0.33282918
0.33314502
0.3335595
0.33322963
0.33269775
0.33266184
0.33247223
0.33253163
0.3327595
0.3322306
0.33201274
0.33261544
0.3328135
0.3322597
0.33198512
0.33209544
0.3318938
0.33199322
0.33207303
0.33209404
0.33204994
0.33198673
0.33230513
0.33242607
0.33180335
0.33170512
0.33198383
0.33156058
0.33117804
0.33154774
0.33144796
0.331224
0.33164072
0.33128798
0.33122957
0.33142227
0.3318008
0.3313689
0.33123967
0.33192116
0.3336423
0.3327443
0.33165804
0.33194515
0.33163574
0.33181107
0.33169252
0.33142522
0.33158508
0.33196807
0.3314504
0.33128953
0.33144927
0.33142042
0.3343063
0.33330578
0.33189836
0.3316105
0.33136576
0.33108956
0.3314263
0.3316405
0.33260894
0.33221942
0.33217892
0.3310187
0.33072785
0.33102345
0.3311222
0.3309473
0.33100438
0.33266023
0.33243844
0.33087355
0.3305588
0.33067566
0.3311572
0.3311139
0.33116126
0.33090022
0.33141005
0.33216757
0.33288383
0.33205885
0.33115098
0.3308629
0.33159134
0.33360034
0.3321572
0.33187923
0.33191866
0.3312349
0.33178794
0.33208767
0.3315995
0.3324522
0.3329244
0.33075258
0.3310817
0.3307617
0.33118898
0.33184683
0.3318185
0.33102876
0.33228996
0.33115035
0.33053592
0.3305975
0.33078974
0.3306691
0.3309865
0.33124888
0.33092898
0.3311473
0.33155307
0.33198524
0.33148414
0.33119196
0.3307412
0.33077845
0.33250874
0.3336437
0.33090174
0.33136788
0.33176765
0.3308493
0.3325041
0.33112288
0.33050403
0.33082488
0.3309293
0.3318755
0.33143437
0.33069137
0.33089548
0.3307474
0.33062664
0.33131346
0.33168277
0.33129883
0.33124277
0.33094224
0.33109173
0.33102193
0.33061957
0.33099008
0.33130586
0.33176348
0.33147597
0.330868
0.3311269
0.33052173
0.3304187
0.3306067
0.33230212
0.3316849
0.33101812
0.33104458
0.33213964
0.33169216
0.33180234
0.33107758
0.3309427
0.33079273
0.33137333
0.3316445
0.33065754
0.33100852
0.33060762
0.3311591
0.33170953
0.33115795
0.33109835
0.33082405
0.33099508
0.3310643
0.33090678
0.33102527
0.33138126
0.33080983
0.33127838
0.33339986
0.33241126
0.33172008
0.33155134
0.3310028
0.33062157
0.3306939
0.3316957
0.3328519
0.33146492
0.33035684
0.33058268
0.3313086
0.33124283
0.3312159
0.3314301
0.33068967
0.33077663
0.33064494
0.3304434
0.3308123
0.33064374
0.33064792
0.33095682
0.3307441
0.33092678
0.33114374
0.33078235
0.3312435
0.33092815
0.3311692
0.33059096
0.3324026
0.33183083
0.33102646
0.33084145
0.33078027
0.33061504
0.33129564
0.33080932
0.33117607
