1.6745877
0.7068932
0.5301357
0.50372297
0.49382883
0.47107884
0.4540519
0.41930437
0.41133773
0.40596098
0.3824681
0.37970462
0.3818013
0.37276903
0.36727318
0.3815216
0.41599905
0.364468
0.3624714
0.37428758
0.3637787
0.3905543
0.37907058
0.36828038
0.35565346
0.37590832
0.36875066
0.39183226
0.35977143
0.34777492
0.34734505
0.35373196
0.36154878
0.35401553
0.36120242
0.34442785
0.34388885
0.34619728
0.37118474
0.3471979
0.35037053
0.34397402
0.35229233
0.34222308
0.42698878
0.34708744
0.34770942
0.3596358
0.44034106
0.34604117
0.364642
0.3362511
0.36268964
0.35690707
0.33920935
0.35741332
0.33313137
0.33914083
0.33370605
0.34408313
0.3659891
0.35633698
0.33249396
0.37514853
0.38626295
0.36651012
0.3482881
0.36293
0.38756165
0.3522219
0.3707431
0.35438395
0.34526065
0.34496352
0.35325974
0.35519525
0.33030927
0.3273173
0.37418157
0.3336153
0.3272163
0.49926856
0.37738115
0.37254587
0.36359492
0.3579869
0.3271317
0.39628842
0.33659783
0.37014863
0.3628439
0.32992518
0.39284906
0.3285449
0.32701638
0.32741323
0.32512257
0.32273996
0.32487202
0.3532028
0.3788144
0.4298788
0.32702908
0.38974762
0.32162613
0.3878978
0.39007032
0.329482
0.3218935
0.3228237
0.35273463
0.3216262
0.32002246
0.33694702
0.35373616
0.32046375
0.36816147
0.34996232
0.330948
0.33282492
0.31989306
0.31922197
0.3354416
0.32275334
0.33255345
0.35433632
0.3629223
0.34662312
0.32719958
0.32730395
0.3433747
0.45992023
0.3491892
0.39593524
0.32151377
0.3190998
0.34340468
0.34620023
0.31813395
0.3200443
0.36388803
0.3669945
0.34212166
0.34552836
0.3174462
0.3176465
0.3451011
0.3169001
0.32243904
0.34694657
0.3720017
0.45119992
0.413671
0.3452501
0.31831372
0.47053364
0.36318192
0.38178086
0.31772795
0.3174474
0.41834983
0.35840285
0.36612988
0.35127598
0.33989695
0.3178109
0.48553878
0.31811318
0.31647176
0.45376077
0.3244798
0.3387073
0.31746662
0.3194255
0.39858058
0.35135055
0.31785133
0.32538792
0.3651704
0.3189807
0.32303575
0.33753526
0.315368
0.34175104
0.3158295
0.37084332
0.33228472
0.33324516
0.32215175
0.34300256
0.31791157
0.31988245
0.32229045
0.41590852
0.31624857
0.38856694
0.31618372
0.32187176
0.31451657
0.35929787
0.31715834
0.324238
0.41780683
0.31571928
0.3167203
0.34104705
0.31613895
0.31663793
0.35272345
0.41542423
0.31852475
0.33822057
0.32747322
0.33833045
0.31502292
0.46770465
0.3149628
0.3140728
0.36273044
0.43102452
0.31859332
0.3347947
0.32019418
0.5106184
0.43860132
0.31526846
0.3139688
0.36291876
0.34166813
0.3970028
0.32567587
0.3295104
0.334744
0.37172064
0.33682442
0.31843883
0.3268682
0.406846
0.35082844
0.32662594
0.31472254
0.3198315
0.3278368
0.43064627
0.3239643
0.3133816
0.31603783
0.32052445
0.3714208
0.3140388
0.34792048
0.31358334
0.31322715
0.4111835
0.31321084
0.31433463
0.32994914
0.3169351
0.31502882
0.31420848
0.31335655
0.51109505
0.31398198
0.5594663
0.3998036
0.31347007
0.32792452
0.429603
0.3134613
0.39377606
0.47030705
0.37452006
0.33365843
0.32130113
0.39752796
0.35014418
0.34558707
0.31432086
0.39379427
0.31338277
0.3132092
