1.2849725
0.59230304
0.52609396
0.50965345
0.4728444
0.447431
0.42969158
0.41426224
0.411692
0.3950372
0.37842244
0.38992098
0.3739224
0.39383888
0.36612743
0.37692964
0.38329658
0.36508626
0.36500725
0.3723856
0.3615044
0.36989146
0.4037581
0.42025104
0.3535431
0.39323124
0.379905
0.3617675
0.35833198
0.34788743
0.3464838
0.36143905
0.4011075
0.35006952
0.35269943
0.3435639
0.34469378
0.3423797
0.39259645
0.3440476
0.34230486
0.33951065
0.35059708
0.34182334
0.46470237
0.36321163
0.33841625
0.335089
0.37576935
0.33754614
0.36854723
0.3405817
0.36764228
0.3685523
0.33832535
0.33289912
0.32952973
0.33067152
0.35583308
0.43792728
0.3580226
0.34535423
0.3292577
0.35644665
0.34088662
0.34824058
0.34529126
0.38364932
0.36910108
0.3299308
0.32652885
0.36038375
0.43090138
0.33780497
0.33887565
0.32596895
0.32607833
0.32411456
0.37893862
0.32327247
0.319066
0.38150406
0.33287945
0.32481623
0.34888622
0.34224078
0.32534516
0.36764956
0.31556222
0.3283905
0.3230722
0.31862196
0.35706306
0.3230511
0.3176428
0.31540766
0.31847966
0.31349006
0.31417468
0.3354205
0.35533738
0.4855145
0.34203562
0.36508876
0.31317225
0.37748292
0.34378436
0.32362685
0.31437793
0.3434295
0.32822764
0.3134261
0.32453427
0.3430771
0.3385116
0.31230628
0.3178711
0.44861
0.3132346
0.34815228
0.3121089
0.31952626
0.3471142
0.32111996
0.33700594
0.42603764
0.34025693
0.34094137
0.32879627
0.33437943
0.37014318
0.32828394
0.33038193
0.38575768
0.30851895
0.3099623
0.32435676
0.37770385
0.30740312
0.33943787
0.35944635
0.31281728
