0.5685358
0.5685358
0.5685358
0.5981308
0.74454826
0.817757
0.8239875
0.81619936
0.8146417
0.81619936
0.81308407
0.8146417
0.75389403
0.81619936
0.82087225
0.8224299
0.7320872
0.817757
0.82087225
0.817757
0.82087225
0.7943925
0.8146417
0.82554513
0.83177567
0.8271028
0.83644855
0.83177567
0.84423673
0.83177567
0.83177567
0.83644855
0.8380062
0.8380062
0.8380062
0.83956385
0.83489096
0.8411215
0.7570093
0.8426791
0.847352
0.8457944
0.8426791
0.8426791
0.8411215
0.847352
0.8457944
0.8426791
0.80218065
0.85825545
0.8520249
0.85046726
0.8286604
0.81619936
0.8535825
0.8037383
0.8520249
0.83644855
0.8489096
0.83177567
0.8489096
0.8535825
0.85514015
0.847352
0.85046726
0.8535825
0.83956385
0.83489096
0.8193146
0.847352
0.8520249
0.8271028
0.8380062
0.81308407
0.8566978
0.847352
0.8535825
0.8520249
0.8457944
0.85046726
0.85046726
0.6744548
0.8411215
0.8535825
0.78660434
0.8146417
0.85046726
0.7928349
0.85046726
0.86604357
0.85825545
0.8520249
0.8426791
0.8520249
0.847352
0.85046726
0.85046726
0.8566978
0.8535825
0.83644855
0.82554513
0.81619936
0.8535825
0.81308407
0.8535825
0.8380062
0.80685353
0.85514015
0.8535825
0.85514015
0.8535825
0.8535825
0.8566978
0.817757
0.7757009
0.8489096
0.86292833
0.8426791
0.8520249
0.8426791
0.85514015
0.85046726
0.85046726
0.85046726
0.85046726
0.85825545
0.76323986
0.7928349
0.8457944
0.8566978
0.8271028
0.8426791
0.85046726
0.6900311
0.85825545
0.8535825
0.8566978
0.847352
0.8566978
0.8566978
0.8084112
0.8535825
0.76791275
0.78660434
0.8457944
0.85825545
0.8239875
