1.6643393
0.7078585
0.53184205
0.50488126
0.49355003
0.46487483
0.45083246
0.41719338
0.40999803
0.40435064
0.3825576
0.38190883
0.38334313
0.37391862
0.36841625
0.38243324
0.41432154
0.36536518
0.3634064
0.3748569
0.3637183
0.39089227
0.3794601
0.36773548
0.35567817
0.37512872
0.36997712
0.38651413
0.3603745
0.3486673
0.34802327
0.353755
0.36090705
0.3541358
0.36303076
0.34496242
0.3444734
0.3456367
0.36923766
0.34794757
0.35194626
0.34495506
0.3511032
0.34258953
0.42497903
0.34774712
0.3471064
0.35874104
0.43513957
0.34485188
0.36253497
0.3366674
0.3636678
0.35757607
0.33912095
0.3588316
0.333697
0.3396205
0.33422783
0.3454431
0.36596245
0.35342547
0.33352056
0.37669295
0.38430282
0.36529267
0.3456639
0.36221284
0.3922308
0.35327688
0.3707029
0.35119793
0.35004818
0.339981
0.35127684
0.3544469
0.33056375
0.3274679
0.37139806
0.33096445
0.32697344
0.49184522
0.37638426
0.366258
0.3649371
0.35579622
0.32604563
0.39050534
0.33535883
0.3674133
0.36289027
0.32872283
0.38893905
0.32857135
0.32631955
0.3275011
0.3247896
0.3223554
0.32464236
0.35518008
0.37595332
0.4252877
0.32834533
0.39011735
0.32153842
0.38216588
0.38961437
0.330573
0.32151604
0.32294172
0.34973228
0.32166243
0.32019824
0.33691818
0.35089284
0.32041842
0.36725885
0.3517077
0.33032838
0.33124298
0.31987733
0.31914678
0.33572248
0.32226023
0.33074373
0.35426763
0.3632187
0.3480253
0.32766235
0.32750666
0.3396386
0.44669452
0.3471766
0.40159345
0.32179508
0.31910935
0.3427208
0.34930107
0.31810147
0.31954888
0.36506656
0.36546767
0.33935377
0.34695575
0.31705025
0.3173704
0.34580952
0.31652004
0.3228396
0.34805834
0.3746667
0.4499987
0.4159897
0.34600437
0.3175091
0.4678425
0.3643459
0.38132495
0.31711298
0.31670845
0.40808374
0.3580002
0.3658492
0.3488037
0.33622926
0.31685632
0.50622064
0.31679052
0.31538886
0.44811055
0.32327867
0.34104744
0.31643203
0.3192855
0.39577496
0.3510264
0.31677973
0.32434145
0.37161356
0.31702238
0.3214767
0.33826253
0.31403747
0.34345987
0.31437626
0.3666118
0.3302826
0.33277085
0.32234845
0.34341252
0.31651577
0.3160115
0.3216848
0.41350746
0.3150542
0.4093125
0.314453
0.31982034
0.3144555
0.3554825
0.31572935
0.32228443
0.40928861
0.31413093
0.31562734
0.33444273
0.3142114
0.3150119
0.35180438
0.41403878
0.31560624
0.33534995
0.32934123
0.34775695
0.31356043
0.45942673
0.313493
0.31276184
0.35914204
