0.57009345
0.7133956
0.80529594
0.8115265
0.8099688
0.82087225
0.82087225
0.8286604
0.8239875
0.8224299
0.83956385
0.8380062
0.83956385
0.83956385
0.847352
0.8411215
0.84423673
0.8457944
0.8457944
0.85046726
0.8489096
0.83956385
0.8411215
0.8535825
0.847352
0.8520249
0.8489096
0.8520249
0.85514015
0.8520249
0.8520249
0.85046726
0.8489096
0.8535825
0.85514015
0.8489096
0.8520249
0.8566978
0.83956385
0.8613707
0.8489096
0.85825545
0.8566978
0.86292833
0.788162
0.8520249
0.85825545
0.8566978
0.7570093
0.85981303
0.8520249
0.8613707
0.83956385
0.8613707
0.86292833
0.8520249
0.86915886
0.8566978
0.86604357
0.85514015
0.85046726
0.85981303
0.85981303
0.8566978
0.8426791
0.85981303
0.8707165
0.8535825
0.8426791
0.864486
0.8520249
0.8426791
0.85046726
0.8239875
0.85825545
0.85825545
0.86604357
0.86604357
0.85981303
0.8707165
0.8707165
0.71806854
0.82087225
0.85825545
0.85514015
0.8489096
0.864486
0.85046726
0.85825545
0.83956385
0.8520249
0.864486
0.85514015
0.8676012
0.8613707
0.8707165
0.8753894
0.8753894
0.8676012
0.85046726
0.85514015
0.84423673
0.8520249
0.86292833
0.8707165
0.8566978
0.8239875
0.8707165
0.86292833
0.86915886
0.85514015
0.864486
0.8676012
0.85981303
0.84423673
0.8676012
0.8566978
0.85514015
0.8676012
0.8722741
0.86915886
0.8722741
0.8722741
0.8707165
0.8753894
0.86292833
0.8286604
0.86292833
0.86292833
0.8676012
0.86292833
0.830218
0.86604357
0.800623
0.8800623
0.86915886
0.86604357
0.86915886
0.86915886
0.876947
0.8489096
0.8613707
0.8426791
0.8520249
0.8722741
0.876947
0.86604357
0.86915886
0.8676012
0.8457944
0.8613707
0.817757
0.8380062
0.8676012
0.88161993
0.830218
0.85825545
0.86915886
0.8753894
0.8722741
0.8426791
0.847352
0.85046726
0.85825545
0.864486
0.876947
0.7990654
0.8722741
0.87383175
0.830218
0.8753894
0.8457944
0.86604357
0.86292833
0.85825545
0.8535825
0.86604357
0.85825545
0.83177567
0.8753894
0.8722741
0.87383175
0.8707165
0.8613707
0.87383175
0.85046726
0.864486
0.8676012
0.86292833
0.8613707
0.8722741
0.88161993
0.86604357
0.84423673
0.8707165
0.8520249
0.8707165
0.8707165
0.8707165
0.8535825
0.86915886
0.8722741
0.8457944
0.87383175
0.8707165
0.85825545
0.8753894
0.864486
0.8676012
0.8426791
0.8722741
0.8707165
0.86915886
0.8613707
0.87383175
0.8224299
0.8722741
0.86915886
0.8566978
0.8457944
0.86915886
0.86915886
0.87383175
0.62305295
0.8271028
0.8753894
0.8676012
0.8535825
0.8707165
0.8426791
0.86292833
0.8707165
0.86604357
0.85825545
0.85514015
0.87383175
0.86915886
0.8333333
0.8566978
0.8566978
0.8722741
0.864486
0.8613707
0.8426791
0.864486
0.88161993
0.8707165
0.86604357
0.85981303
0.87383175
0.85514015
0.876947
0.876947
0.82087225
0.8722741
0.8707165
0.8753894
0.87383175
0.87383175
0.8753894
0.8753894
0.7757009
0.8707165
0.6401869
0.8489096
0.8707165
0.8676012
0.82087225
0.876947
0.85046726
0.7850467
0.8489096
0.86292833
0.85825545
0.8489096
0.7507788
0.86915886
0.8707165
