0.40979958
0.40979958
0.42538977
0.454343
0.45879734
0.47216037
0.49665925
0.5567929
0.63028955
0.6703786
0.6926504
0.7037862
0.71714926
0.72605795
0.73942095
0.7572383
0.7594655
0.76169264
0.766147
0.76169264
0.7594655
0.7594655
0.76391983
0.77060133
0.766147
0.7683742
0.766147
0.77060133
0.7839644
0.7884187
0.7951003
0.8017818
0.8017818
0.80400896
0.81069046
0.81737196
0.81737196
0.8218263
0.8218263
0.8218263
0.82628065
0.82405347
0.82628065
0.82405347
0.82405347
0.82628065
0.82628065
0.82850784
0.83296216
0.8374165
0.84187084
0.84409803
0.84855235
0.8463252
0.84855235
0.8552339
0.8552339
0.8552339
0.85746104
0.8552339
0.8552339
0.85746104
0.85746104
0.85746104
0.85746104
0.8552339
0.85746104
0.8530067
0.8530067
0.85077953
0.84855235
0.85746104
0.8552339
0.8552339
0.85746104
0.8596882
0.8596882
0.8619154
0.8685969
0.8663697
0.8663697
0.8619154
0.8663697
0.86414254
0.86414254
0.86414254
0.8685969
0.8708241
0.8685969
0.8685969
0.8685969
0.86414254
0.86414254
0.86414254
0.8663697
0.86414254
0.8619154
0.8663697
0.86414254
0.86414254
0.86414254
0.8619154
0.8619154
0.8619154
0.86414254
0.86414254
0.8596882
0.86414254
0.8663697
0.8663697
0.8663697
0.86414254
0.8685969
0.8663697
0.8685969
0.8685969
0.8685969
0.86414254
0.86414254
0.8619154
0.85746104
0.86414254
0.8619154
0.8663697
0.8663697
0.8685969
0.8708241
0.8708241
0.8708241
0.8708241
0.8663697
0.8663697
0.8708241
0.8730512
0.8730512
0.8730512
0.8708241
0.8730512
0.8730512
0.8708241
0.8708241
0.8685969
0.86414254
0.8663697
0.86414254
0.8663697
0.8708241
0.8708241
0.8730512
0.8685969
0.8708241
0.8685969
0.8685969
0.8663697
0.8685969
0.8685969
0.8685969
0.86414254
0.8730512
0.8730512
0.8708241
0.8663697
0.8708241
0.8730512
0.8730512
0.8685969
0.8685969
0.8685969
0.8663697
0.8663697
0.8685969
0.86414254
0.8663697
0.8685969
0.8708241
0.86414254
0.8663697
0.8685969
0.8685969
0.8685969
0.8708241
0.8708241
0.86414254
0.8685969
0.8663697
0.8685969
0.8685969
0.8685969
0.8663697
0.8663697
0.8663697
0.8685969
0.8730512
0.8752784
0.8685969
0.8685969
0.8730512
0.8685969
0.8663697
0.8685969
0.8663697
0.8663697
0.86414254
0.8685969
0.8685969
0.8685969
0.8663697
0.8663697
0.8663697
0.8685969
0.8708241
0.86414254
0.86414254
0.86414254
0.8685969
0.8708241
0.8730512
0.8663697
0.8685969
0.8663697
0.8663697
0.8596882
0.86414254
0.86414254
0.86414254
0.8663697
0.8663697
0.8685969
0.8708241
0.8730512
0.8730512
0.8730512
0.8685969
0.8663697
0.8619154
0.86414254
0.8685969
0.8685969
0.85746104
0.85746104
0.8596882
0.8596882
0.8596882
0.8596882
0.85746104
0.85746104
0.8596882
0.8619154
0.8619154
0.8619154
0.85746104
0.8596882
0.85746104
0.8596882
0.8619154
0.86414254
0.8619154
0.8619154
0.8596882
0.8663697
0.86414254
0.8708241
0.8663697
0.8663697
0.8685969
0.8685969
0.8730512
0.8730512
0.8663697
0.86414254
0.8663697
0.8685969
0.8730512
0.8708241
0.8730512
0.8730512
0.8708241
0.8708241
0.8663697
0.8663697
0.8663697
0.8663697
0.86414254
0.86414254
0.8663697
0.86414254
0.86414254
0.86414254
0.8685969
0.86414254
0.8663697
0.86414254
0.86414254
0.8663697
0.8663697
0.8685969
0.8663697
0.86414254
0.86414254
0.8596882
0.86414254
0.8708241
0.8663697
0.8685969
0.8708241
0.8685969
0.8708241
0.8708241
0.86414254
0.8619154
0.8619154
0.8685969
0.8708241
0.8663697
0.86414254
0.8663697
0.8708241
0.8685969
0.8730512
0.8685969
0.8663697
0.8708241
0.8708241
0.8663697
0.8663697
0.8685969
0.8708241
0.86414254
0.8619154
0.8685969
0.8663697
0.8685969
0.8663697
0.8663697
0.8619154
0.8596882
0.85746104
0.8619154
0.8619154
0.8685969
0.8663697
0.8596882
0.8619154
0.8663697
0.8663697
0.8708241
0.8685969
0.8685969
0.8708241
0.8752784
0.8730512
0.8663697
0.8663697
0.8730512
0.8708241
0.8685969
0.8596882
0.8663697
0.8685969
0.8708241
0.8663697
0.8619154
0.86414254
0.8685969
0.8663697
0.8708241
0.8619154
0.8619154
0.8619154
0.8663697
0.8708241
0.86414254
0.86414254
0.8685969
0.8685969
0.8730512
0.8708241
0.8708241
0.8663697
0.8596882
0.8552339
0.8596882
0.8619154
0.85746104
0.8596882
0.8596882
0.8596882
0.8596882
0.8708241
0.8685969
0.86414254
0.8685969
0.8730512
0.8730512
0.8730512
0.8708241
0.8708241
0.8685969
0.8708241
0.85746104
0.8619154
0.8619154
0.8663697
0.8708241
0.8596882
0.85746104
0.85746104
0.8530067
0.8552339
0.8596882
0.8663697
0.8730512
0.8708241
0.8663697
0.8663697
0.8663697
0.8685969
0.8708241
0.8730512
0.8752784
0.8708241
0.8685969
0.8685969
0.8752784
0.8708241
0.8708241
0.8730512
0.8685969
0.86414254
0.8685969
0.8663697
0.8663697
0.8663697
0.8619154
0.86414254
0.8619154
0.8596882
0.8619154
0.8596882
0.8619154
0.8596882
0.86414254
0.8663697
0.8685969
0.8552339
0.8619154
0.86414254
0.8663697
0.8619154
0.8685969
0.86414254
0.8596882
0.86414254
0.8685969
0.8685969
0.86414254
0.86414254
0.8619154
0.85746104
0.8596882
0.8596882
0.85746104
0.86414254
0.8530067
0.8530067
0.8530067
0.86414254
0.86414254
0.8596882
0.86414254
0.86414254
0.8552339
0.85746104
0.8619154
0.8619154
0.8596882
0.8596882
0.8619154
0.8552339
0.8552339
0.8552339
0.85746104
0.8596882
0.8596882
0.8596882
0.8596882
0.8596882
0.8596882
0.86414254
0.8596882
0.8552339
