0.49844235
0.5202492
0.5389408
0.54828656
0.5638629
0.5950156
0.64174455
0.6666666
0.6978193
0.741433
0.7570093
0.7850467
0.78193146
0.7943925
0.79750776
0.8099688
0.83177567
0.8286604
0.8380062
0.85981303
0.8566978
0.8566978
0.86604357
0.86292833
0.85981303
0.86604357
0.8722741
0.8722741
0.8722741
0.87850463
0.87850463
0.88161993
0.87850463
0.8753894
0.88161993
0.88161993
0.88785046
0.88785046
0.894081
0.894081
0.894081
0.88785046
0.89719623
0.894081
0.894081
0.90031147
0.89719623
0.90031147
0.89719623
0.894081
0.89719623
0.89719623
0.90031147
0.89719623
0.89719623
0.90031147
0.90031147
0.89719623
0.894081
0.89719623
0.89719623
0.90031147
0.90342677
0.906542
0.91277254
0.9096573
0.9096573
0.91277254
0.91277254
0.91277254
0.91277254
0.91277254
0.91277254
0.9096573
0.91277254
0.91588783
0.91900307
0.91900307
0.91900307
0.91588783
0.91277254
0.91277254
0.9096573
0.906542
0.90342677
0.91588783
0.92211837
0.91900307
0.91900307
0.91588783
0.91588783
0.91588783
0.9252336
0.9252336
0.9252336
0.91588783
0.91588783
0.92211837
0.92211837
0.91900307
0.91277254
0.92211837
0.9252336
0.91900307
0.91588783
0.9252336
0.92211837
0.91900307
0.91900307
0.9252336
0.92211837
0.91900307
0.9252336
0.92211837
0.93146414
0.9283489
0.9252336
0.92211837
0.9283489
0.93146414
0.93769467
0.9283489
0.92211837
0.91588783
0.91900307
0.93146414
0.9252336
0.92211837
0.91900307
0.9252336
0.92211837
0.93146414
0.9283489
0.93457943
0.93769467
0.93457943
0.9283489
0.9283489
0.9252336
0.9283489
0.9283489
0.92211837
0.9252336
0.9283489
0.93769467
0.93457943
0.93146414
0.93146414
0.9252336
0.93457943
0.93769467
0.93146414
0.93457943
0.93146414
0.93457943
0.93146414
0.93146414
0.93769467
0.93769467
0.93457943
0.93146414
0.9252336
0.92211837
0.92211837
0.93146414
0.93146414
0.93769467
0.93769467
0.93146414
0.93457943
0.93769467
0.93457943
0.9439252
0.93769467
0.93146414
0.93146414
0.93146414
0.93146414
0.9283489
0.9283489
0.93146414
0.93146414
0.9283489
0.9283489
0.94080997
0.93769467
0.93769467
0.93769467
0.93769467
0.93146414
0.93146414
0.9283489
0.93457943
0.93146414
0.93146414
0.93457943
0.93457943
0.9283489
0.93457943
0.93769467
0.93457943
0.9283489
0.9283489
0.9283489
0.93146414
0.94080997
0.93769467
0.93457943
0.93769467
0.93457943
0.9439252
0.93769467
0.93457943
0.93457943
0.94080997
0.93457943
0.93146414
0.93457943
0.93457943
0.93769467
0.93769467
0.9439252
0.9439252
0.93457943
0.93769467
0.9439252
0.94704044
0.9439252
0.94704044
0.94704044
0.953271
0.94704044
0.94704044
0.94080997
0.9439252
0.9439252
0.95015574
0.953271
0.9439252
0.94704044
0.93457943
0.93769467
0.93769467
0.93769467
0.95015574
0.94080997
0.9439252
0.9439252
0.95638627
0.953271
0.953271
0.95015574
0.95638627
0.95015574
0.953271
0.95015574
0.95015574
0.93146414
0.93146414
0.93146414
0.953271
0.95015574
0.9439252
0.93457943
0.93146414
0.93146414
0.93457943
0.93769467
0.93146414
0.9439252
0.94704044
0.94080997
0.93457943
0.93457943
0.95015574
0.953271
0.95638627
0.9439252
0.94704044
0.9439252
0.95015574
0.9439252
0.94080997
0.9252336
0.9252336
0.9283489
0.9439252
0.95015574
0.95015574
0.94704044
0.94704044
0.953271
0.9595015
0.95638627
0.9439252
0.93769467
0.94080997
0.94080997
0.94080997
0.93769467
0.94080997
0.9439252
0.9439252
0.94080997
0.9439252
0.94704044
0.94704044
0.94080997
0.93769467
0.94080997
0.93769467
0.94080997
0.94080997
0.94704044
0.9439252
0.9439252
0.94704044
0.953271
0.9439252
0.94080997
0.94080997
0.94080997
0.94704044
0.95015574
0.93769467
0.93769467
0.94080997
0.93769467
0.9439252
0.94704044
0.94704044
0.95015574
0.953271
0.9439252
0.94080997
0.94704044
0.9595015
0.95015574
0.9439252
0.9283489
0.93146414
0.93769467
0.93769467
0.93769467
0.9439252
0.95015574
0.94080997
0.93769467
0.94704044
0.95015574
0.94080997
0.93457943
0.93769467
0.94704044
0.95015574
0.94080997
0.93769467
0.9439252
0.94080997
0.9439252
0.93769467
0.94080997
0.94704044
0.95015574
0.95015574
0.9439252
0.94080997
0.93769467
0.94704044
0.95015574
0.953271
0.94704044
0.94080997
0.93146414
0.93457943
0.94080997
0.9439252
0.94704044
0.953271
0.953271
0.95638627
0.953271
0.95015574
0.95015574
0.94704044
0.95015574
0.953271
0.94704044
