2.561294
2.0748806
1.5685222
1.1962936
0.9684416
0.821273
0.7131995
0.63955784
0.5803405
0.5320922
0.49238586
0.4622303
0.43796593
0.4173075
0.3978471
0.38332242
0.37219384
0.36521155
0.35910589
0.35208428
0.34602013
0.34160712
0.33826363
0.3354015
0.3315476
0.32773665
0.32491848
0.3219706
0.31928742
0.31706768
0.315205
0.31374383
0.31233793
0.31033298
0.30932266
0.30822483
0.3072559
0.30562118
0.30482632
0.30397615
0.30304146
0.30147278
0.3000101
0.2989666
0.2979155
0.29702508
0.2959826
0.29531622
0.29464468
0.29375833
0.29293227
0.29216403
0.2913925
0.29083592
0.28961983
0.28857535
0.2881683
0.28745025
0.2866033
0.28699684
0.28533596
0.28380224
0.28303647
0.28247526
0.28178376
0.28113452
0.28069547
0.27973476
0.27923343
0.2792866
0.27879503
0.27797648
0.2773484
0.27724606
0.27639547
0.27587134
0.27563274
0.27598208
0.27485818
0.27393442
0.27616805
0.27376083
0.27251628
0.27230376
0.27207354
0.27167723
0.2714568
0.2712103
0.27112398
0.27133608
0.2716159
0.27158028
0.27123076
0.27117229
0.27055964
0.26952899
0.26929325
0.26928526
0.26845342
0.26767474
0.26724884
0.26766074
0.26887256
0.26916474
0.2682482
0.26656452
0.2671308
0.26876962
0.26679558
0.2657756
0.26576754
0.2658563
0.26570025
0.26528507
0.26560697
0.26506603
0.26479158
0.26437083
0.26405588
0.2634463
0.2630646
0.2630221
0.263188
0.26316655
0.26305434
0.2630045
0.2624547
0.26258972
0.2642006
0.26364148
0.26159477
0.26137948
0.26170382
0.26120248
0.2614843
0.26463062
0.2608924
0.2638529
0.2629266
0.26087913
0.26116294
0.2606969
0.2608174
0.26007706
0.26042265
0.25853783
0.25843862
0.26111788
0.26112038
0.25912791
0.25858352
0.25911123
0.25934526
0.25706103
0.25734934
0.25856522
0.26176834
0.25672248
0.25624245
0.25568056
0.25595132
0.25564432
0.2558503
0.26038828
0.25611296
0.2554841
0.25539565
0.25417948
0.25445822
0.25334647
0.2526313
0.2528727
0.2532395
0.2537865
0.25409272
0.25437105
0.253733
0.25110325
0.25137737
0.2550353
0.25589648
0.25389308
0.25116375
0.2528298
0.2509335
0.25289547
0.2563691
0.25109214
0.25165924
0.2537801
0.25212908
0.250262
0.25092125
0.24977972
0.2500429
0.2512273
