1.779109
1.6143768
1.410323
1.1633763
0.9307146
0.7490768
0.64758307
0.5908424
0.55397767
0.53022134
0.51304394
0.5002235
0.49004725
0.4818251
0.47377202
0.4670142
0.46041527
0.454098
0.44870126
0.44372642
0.4393885
0.4347464
0.42949525
0.4252652
0.4220828
0.41853145
0.4133135
0.4090379
0.4042198
0.40050223
0.3963973
0.3921823
0.38825366
0.38527173
0.38283414
0.38027802
0.3777142
0.37485135
0.37265474
0.37046427
0.3684239
0.36672497
0.3655008
0.36433002
0.36281785
0.36212343
0.36228785
0.36072528
0.35928413
0.35887778
0.357838
0.3564284
0.35666043
0.35630894
0.35429442
0.35341558
0.35263917
0.35201594
0.3515511
0.35141256
0.3510349
0.35049847
0.35004628
0.3496069
0.34962523
0.34905192
0.34922728
0.34809896
0.34771505
0.34713826
0.34689343
0.34659058
0.3460147
0.34574863
0.3454537
0.34500578
0.34475672
0.34452665
0.34499812
0.34456703
0.34370598
0.34335482
0.34316564
0.3430179
0.34298438
0.34247908
0.34208736
0.34252903
0.34260356
0.34221047
0.34232837
0.34157857
0.3409562
0.34077534
0.34071553
0.34125227
0.34101275
0.34030658
0.33999565
0.3397818
0.34047458
0.34077406
0.34009188
0.33957097
0.33938274
0.33930752
0.33926362
0.33904123
0.33889127
0.33886367
0.33855325
0.33844003
0.33840287
0.3381478
0.33832985
0.33825055
0.33842975
0.33850127
0.33820912
0.338064
0.33777592
0.33777723
0.33790037
0.33754456
0.3373163
0.33670536
0.33669388
0.33647713
0.33673152
0.33706364
0.33665562
0.33664012
0.3364304
0.33596522
0.33627093
0.33581004
0.336003
0.33589238
0.3356044
0.33531758
0.3352657
0.33549094
0.33496755
0.33511052
0.33544746
0.33537164
0.3349344
0.3347932
0.3344595
0.33455303
0.334511
0.33458182
0.33484954
0.33471933
0.33463037
0.3344837
0.33431056
0.3339852
0.33378255
0.33390948
0.33458492
0.33505696
0.33572364
0.33532786
0.33502805
0.33416456
0.33382204
0.33358553
0.33355808
0.3340098
0.33477604
0.33493644
0.33491272
0.33497414
0.33442095
0.33325106
0.3330049
0.3329395
0.3327505
0.33295015
0.33318168
0.33289832
0.33356267
0.3326451
0.33249256
0.33277705
0.33312014
0.33314878
0.332726
0.33241034
0.33261913
0.33204755
0.33219847
0.332843
0.33293456
0.33248913
0.33253682
0.3325192
0.33229998
0.33186525
0.33151108
0.3317724
0.33184463
0.33162174
0.33196282
0.33187932
0.33158937
0.33167
0.33167168
0.33187115
0.33152696
0.3311425
0.33137363
0.33143544
0.33134997
0.3315329
0.3317658
0.3315121
0.33107606
0.33098435
0.33210838
0.3318457
0.33149076
0.33197626
0.33236122
0.33141986
0.33229887
0.33210847
0.33170608
0.33158728
0.33095023
0.33123803
0.33178174
0.3323243
0.33272853
0.33227155
0.33192137
0.33143258
0.33112052
0.33083734
0.33090156
0.33091843
0.33109844
0.33072314
0.33090013
0.33116198
0.33150497
0.33129016
0.3307078
0.33082318
0.33126003
0.3311254
0.330894
0.3308199
0.33158123
0.33150622
0.33105525
0.33132163
0.3325837
0.33326322
0.33345097
0.33491504
0.334185
0.33311358
0.33201504
0.33251
0.33224288
0.33217528
0.33098298
0.33064988
0.33090597
0.3306657
0.33058092
0.33058524
0.33050823
0.3305515
0.3305459
0.3308008
0.33163875
0.33123264
0.3314193
0.33193138
0.33388436
0.33159214
0.33183724
0.3315144
0.3314862
0.33128655
0.3314656
0.3318336
0.33162186
0.33126822
0.33097878
0.33181867
0.33089295
0.33071804
0.3305582
0.33057743
0.3308285
0.33052838
0.33041897
0.33095282
0.3311301
0.33156914
0.33232462
0.33175907
0.3307453
0.3307143
0.33116686
0.33138183
0.3303588
0.3303744
0.33041
0.3303494
0.33089775
0.33189547
0.33155257
0.33104405
0.33096567
0.33125272
0.33114436
0.33103997
0.33094773
0.33109227
0.33066875
0.33081818
0.3313092
0.33101666
0.33110583
0.3307857
0.33086422
0.33162767
0.3309925
0.33168584
0.33092794
0.33098686
0.33136514
0.3309247
0.33074713
0.33084786
0.331283
0.3312439
0.33191377
0.33108142
0.3312604
0.33135647
0.33081743
0.33140084
0.33141556
0.33057532
0.33065134
0.33062407
0.33154878
0.33406517
0.3316292
0.3304237
0.33026835
0.3305062
0.33094674
0.33297062
0.33199912
0.3315051
0.3312468
0.33191353
0.33021465
0.33026806
0.3307629
0.33051154
0.33047166
0.3306925
0.3309382
0.3307036
0.33086962
0.3312362
0.33096626
0.33049998
0.33073273
0.33112514
0.33116016
0.33141255
0.33133584
0.33108807
0.33112147
0.3308083
0.33048686
0.33153722
0.33096933
0.3309817
0.33205372
0.3343248
0.33200076
0.33102736
0.33078673
0.33100164
