2.4091568
1.6826464
1.201362
0.9598278
0.80162686
0.67510706
0.5837952
0.51995075
0.4757752
0.44694632
0.42749265
0.41124514
0.39794633
0.38719198
0.3783418
0.37090036
0.3649319
0.35992795
0.35567582
0.35293248
0.3507962
0.3475608
0.3459001
0.34344083
0.3422053
0.34086937
0.33753204
0.33575812
0.33603674
0.33496973
0.33102122
0.32954615
0.32776806
0.32583585
0.32493168
0.32395807
0.32280263
0.32172638
0.3203965
0.31908807
0.31820127
0.31776392
0.31770262
0.31788012
0.31635767
0.317892
0.31539592
0.31493542
0.31463888
0.31356478
0.3127602
0.31277657
0.31421104
0.3120756
0.31214485
0.31027472
0.30949134
0.30953106
0.3091684
0.30816197
0.30637103
0.3061007
0.30599248
0.30488306
0.3052123
0.30379725
0.30353254
0.30255458
0.3030211
0.30064315
0.30026436
0.2996705
0.2989927
0.29876146
0.29837072
0.29719287
0.29677758
0.29610923
0.29624826
0.29531333
0.29417267
0.2934068
0.29344535
0.2942471
0.29419443
0.2930107
0.2927568
0.29489735
0.29331562
0.294463
0.29119274
0.28992355
0.2893873
0.28883162
0.2881721
0.2892291
0.28765047
0.28768262
0.28582644
0.285759
0.2857503
0.28567207
0.28413555
0.28341696
0.28512836
0.28455546
0.28343824
0.28414553
0.28425604
0.28304702
0.2827176
0.28297868
0.28236115
0.28313452
0.28085527
0.2813365
0.28206542
0.28219888
0.2807827
0.28061453
0.28022364
0.28052503
0.28090012
0.28024486
0.27941945
0.2792902
0.2797725
0.2798303
0.27892146
0.2786945
0.27858353
0.27844158
0.2777553
