2.038467
1.9959042
1.9501309
1.9036167
1.854907
1.8029442
1.7478634
1.6900458
1.6301358
1.5702218
1.5088744
1.4470139
1.3854429
1.3255501
1.2680485
1.2114646
1.1571176
1.1056321
1.0559818
1.0101223
0.9680105
0.92852694
0.8919574
0.8583391
0.8286757
0.801196
0.7760896
0.75312567
0.732299
0.71338904
0.6957411
0.67919993
0.6635063
0.64866835
0.6347353
0.62145865
0.60910356
0.5972214
0.58589315
0.57454515
0.5639295
0.55362976
0.54342824
0.53368217
0.52477443
0.5162961
0.50795215
0.49992654
0.49243695
0.48485157
0.47719306
0.469725
0.46227452
0.45507696
0.44798684
0.4413122
0.43486196
0.42842585
0.42219877
0.41586846
0.4099011
0.40377435
0.39774403
0.39193857
0.38614967
0.3802473
0.37444347
0.36861104
0.36274216
0.35728708
0.35183877
0.34655577
0.34139752
0.33654362
0.33183408
0.32711586
0.32239753
0.31783137
0.31331962
0.3090008
0.3048792
0.30078033
0.29695255
0.2932797
0.28962904
0.28619155
0.28290498
0.2797987
0.27678084
0.2738666
0.2710906
0.2684878
0.26597738
0.26355937
0.26118457
0.2588846
0.25661725
0.2544347
0.25231355
0.25025913
0.24819806
0.24628495
0.24446243
0.242738
0.24110723
0.23954421
0.23798887
0.23644298
0.23486087
0.23324963
0.23172107
0.23017193
0.22865622
0.2272429
0.22588423
0.22458453
0.22331472
0.22210756
0.2207579
0.21943894
0.21812254
0.21679705
0.21550174
0.21422601
0.2129791
0.21179053
0.2106229
0.2095207
0.20849797
0.20751637
0.20660156
0.2057696
0.20502447
0.20424095
0.20343716
0.20258963
0.20173717
0.20093295
0.20009378
0.19927305
0.19842695
0.19750872
0.19669826
0.19587821
0.19513543
0.19438669
0.1936825
0.19304134
0.19236332
0.19159897
0.19091368
0.19025531
0.18964358
0.1890428
0.18845323
0.18780613
0.1871222
0.18634692
0.18565495
0.1850515
0.18447825
0.18391064
0.18336363
0.18277434
0.18214571
0.18145737
0.18083282
0.18014409
0.1795505
0.178877
0.1782844
0.17770563
0.17716104
0.17662448
0.17613132
0.17564896
0.17518762
0.17490372
0.17470804
0.17436297
0.17421272
0.17401168
0.17379436
0.17361927
0.17336503
0.17306498
0.17264208
0.17201301
0.17147529
0.17082569
0.17002758
0.16934703
0.16854402
0.16774498
0.16703953
0.16639394
0.16588132
0.16542494
0.16500515
0.16464674
0.16434029
0.16411409
0.16395266
0.16376832
0.16358185
0.16333696
0.16305767
0.16267146
0.16222686
0.16183439
0.16138487
0.16085623
0.1603871
0.15994029
0.15955682
0.1591475
0.15878119
0.15844905
0.15812555
0.15780818
0.15752192
0.15726592
0.15698892
0.1567066
0.1564129
0.1561456
0.15590763
0.15568998
0.15545703
0.15527232
0.15507393
0.15490887
0.15479141
0.15471421
0.15466347
0.15460625
0.1548059
0.15396403
0.15323403
0.15310359
0.1532225
0.15273494
0.15219413
0.15187204
0.15151969
0.1514452
0.15178096
0.15212548
0.15210265
0.15152715
0.15090257
0.15000522
0.14915419
0.14856502
0.14795262
0.14754763
0.14721458
0.14684914
0.1466465
0.14644316
0.14605805
0.14559665
0.1449517
0.14437868
0.14389876
0.14353919
0.14328873
0.14298734
0.14269796
0.14261454
0.14264767
0.14283057
0.14308265
0.14346549
0.1438479
0.14350006
0.14268915
0.14204004
0.14135669
0.14077401
0.1401155
0.13968039
0.13936988
0.13921152
0.13904823
0.13888581
