0.5077951
0.5478842
0.55902004
0.5835189
0.6503341
0.6926504
0.7282851
0.76391983
0.7861916
0.8062361
0.8017818
0.81069046
0.8151448
0.82405347
0.83518934
0.83518934
0.83518934
0.8463252
0.84855235
0.84409803
0.84187084
0.8463252
0.85077953
0.8530067
0.84855235
0.84855235
0.85746104
0.8552339
0.8530067
0.86414254
0.8685969
0.8730512
0.8775056
0.8841871
0.8819599
0.8775056
0.8685969
0.8708241
0.8708241
0.8819599
0.8819599
0.8797328
0.8797328
0.8775056
0.8775056
0.8797328
0.8841871
0.8841871
0.8775056
0.8841871
0.8797328
0.8797328
0.8819599
0.8819599
0.8797328
0.8819599
0.8797328
0.8864143
0.8908686
0.8908686
0.8908686
0.8886415
0.8886415
0.8908686
0.8864143
0.8930958
0.8997773
0.8886415
0.8864143
0.8908686
0.895323
0.8930958
0.8930958
0.89755017
0.8997773
0.895323
0.8930958
0.895323
0.89755017
0.89755017
0.8930958
0.89755017
0.895323
0.9064588
0.89755017
0.895323
0.8997773
0.8930958
0.895323
0.89755017
0.895323
0.8997773
0.90423167
0.9020045
0.895323
0.895323
0.89755017
0.895323
0.8864143
0.8908686
0.895323
0.90423167
0.9064588
0.9020045
0.91314036
0.90423167
0.9020045
0.90423167
0.91091317
0.9064588
0.908686
0.9020045
0.91314036
0.91314036
0.90423167
0.89755017
0.90423167
0.91091317
0.91091317
0.91091317
0.908686
0.91091317
0.9064588
0.90423167
0.908686
0.9153675
0.91091317
0.91314036
0.91091317
0.9020045
0.91091317
0.90423167
0.89755017
0.90423167
0.895323
0.9020045
0.908686
0.9153675
0.9153675
0.91314036
0.91091317
0.908686
0.9064588
0.90423167
0.9020045
0.90423167
0.90423167
0.90423167
0.90423167
0.9020045
0.908686
0.90423167
0.9020045
0.9020045
0.9020045
0.91314036
0.91314036
0.91314036
0.91314036
0.9175947
0.908686
0.91314036
0.91091317
0.90423167
0.90423167
0.91091317
0.9153675
0.91314036
0.908686
0.9153675
0.91982186
0.9175947
0.90423167
0.908686
0.908686
0.91982186
0.9153675
0.91314036
0.908686
0.90423167
0.908686
0.9153675
0.9153675
0.91314036
0.91314036
0.908686
0.91314036
0.9153675
0.91091317
0.9153675
0.91982186
0.91982186
0.91982186
0.9175947
0.91982186
0.92204905
0.9153675
0.91314036
0.91314036
0.92204905
0.92204905
0.9242762
0.92650336
0.92650336
0.92650336
0.9175947
0.91314036
0.91314036
0.9153675
0.91982186
0.91314036
0.91314036
0.9153675
0.9175947
0.9175947
0.91091317
0.9153675
0.9175947
0.9175947
0.91982186
0.91314036
0.91091317
0.91091317
0.91314036
0.91091317
0.91982186
0.9153675
0.9175947
0.91982186
0.9175947
0.91091317
0.91314036
0.908686
0.91314036
0.9153675
0.91982186
0.91982186
0.9175947
0.91091317
0.91982186
0.92650336
0.91982186
0.91982186
0.91091317
0.91314036
0.92204905
0.92204905
0.9175947
0.9153675
0.9175947
0.91982186
0.91091317
0.9153675
0.9153675
0.9153675
0.9175947
0.9175947
0.91982186
0.91982186
0.9153675
0.9175947
0.91982186
0.9153675
0.92204905
0.92204905
0.91982186
0.91982186
0.9175947
0.92204905
0.92204905
0.9175947
0.9175947
0.91982186
0.9153675
0.91314036
0.91982186
0.92873055
0.92204905
0.9153675
0.91982186
0.91982186
0.91982186
0.92204905
0.92204905
0.92204905
0.92650336
0.9242762
0.91314036
0.92204905
0.91982186
0.92650336
0.92650336
0.92650336
0.93318486
0.92650336
0.9242762
0.92204905
0.91982186
0.91982186
0.9242762
