1.8403453
1.3498522
1.0237489
0.89756465
0.80323595
0.7092554
0.6367805
0.5845218
0.5443169
0.5076457
0.4743032
0.44825253
0.42874676
0.41224226
0.39739817
0.3857971
0.37459135
0.36422956
0.3554956
0.34906432
0.34306324
0.33618644
0.3294832
0.32428986
0.31975135
0.31537935
0.31144524
0.30741394
0.3039579
0.3007641
0.29825923
0.29526907
0.29231593
0.29049894
0.28716677
0.2848483
0.28296664
0.28009358
0.27739042
0.27515435
0.27280948
0.27020338
0.26848197
0.26849747
0.26367396
0.25971314
0.25793028
0.25745022
0.25408843
0.25122893
0.248716
0.24655479
0.24427098
0.24236223
0.2414005
0.23953874
0.23692682
0.2355001
0.23470919
0.23381574
0.23171422
0.22924809
0.22921681
0.22786629
0.22500522
0.22399732
0.22261116
0.22052135
0.21921748
0.21794692
0.21741487
0.21724541
0.21663791
0.21435045
0.21272933
0.21112877
0.21027184
0.21043384
0.2109253
0.20865951
0.2049627
0.20424968
0.20452419
0.20426843
0.20197664
0.20030975
0.20022504
0.20163281
0.1979878
0.19588487
0.19541977
0.19554904
0.1960188
0.1955395
0.19355337
0.1923896
0.1915427
0.19100766
0.19028206
0.18811178
0.1898532
0.18790664
0.18565199
0.1860628
0.18560469
0.18418047
0.1829643
0.18257777
0.1821711
0.18168116
0.18010269
0.17925411
0.1792625
0.1795041
0.17920732
0.17868833
0.17926589
0.17881887
0.17687082
0.17668253
0.17678913
0.17598085
0.17787752
0.17608678
0.17557308
0.17672764
0.17606722
0.1748726
0.174418
0.17542662
0.17379029
0.173122
0.17353278
0.17378016
0.17335999
0.17333673
0.17352031
0.17217518
0.17139827
0.17020804
0.17174257
0.17342676
0.172735
0.17023197
0.17199674
0.17156973
0.16862763
0.17208955
0.1704959
0.16776492
0.16828188
0.16759273
0.16749682
0.16655529
0.16680211
0.16821562
0.16831663
0.16851161
0.16633713
0.16644928
0.16585386
0.16626593
0.17009401
0.16880557
0.16614692
0.16481863
0.16667895
0.1656005
0.16586241
0.1683488
0.16595113
0.16333638
0.16379265
0.16445795
0.16335933
0.16287392
0.16338806
0.16259275
0.16322415
0.16486412
0.16524464
0.16493613
0.16577505
0.16556913
0.16229337
0.16221647
0.16021404
0.1602828
0.16098726
0.16052817
0.16049562
0.16055861
0.16041407
0.15943311
0.15801422
0.1581268
0.15854906
0.15737672
0.15811525
0.16244255
0.16276261
0.15989214
0.15779582
0.15778804
0.15665779
0.15585072
0.15654077
0.15542056
0.15467444
0.15556325
0.15536301
0.15433183
0.15454902
0.15493704
0.15370844
0.15412639
0.15504462
0.1544865
0.15434311
0.15601733
0.15801103
0.1557977
0.15259539
0.15261203
0.1534128
0.15304546
0.15271255
0.15302731
0.15306443
0.15161587
0.15183435
0.15129289
0.15111546
0.15570134
0.15515898
0.15210839
0.15171582
0.15176441
0.15194146
0.1527841
0.1544483
0.15086234
0.15003046
0.15176786
0.14986883
0.14938684
0.14990787
0.15162168
0.15140352
0.15063758
0.15280397
0.15108979
0.15052761
0.15230718
0.15204877
0.15046437
0.15030792
0.14969702
0.14906083
0.15150194
0.15400878
0.15409312
0.15228339
0.15230073
0.15301532
0.15205073
0.15228306
0.15195258
0.1487055
0.14838639
0.14914586
0.14851364
0.14828531
0.14842565
0.14848043
0.14844722
0.14812404
0.14782701
0.1476843
0.14745772
0.15003158
0.15069932
0.14617544
0.14666103
0.14841515
0.14788951
0.14710681
0.14671424
0.14789382
0.14570095
0.14635718
0.14838882
0.14690627
0.14711711
0.14645886
0.1453908
0.14583252
0.14679968
0.14716008
0.14566615
0.14534485
0.14564036
0.14588895
0.14486799
0.1485588
0.1460672
0.14465857
0.14545693
0.14628363
0.14693993
0.14648606
0.14565755
0.14436685
0.14275996
0.14363615
0.1447013
0.14582343
0.14608233
0.14533637
0.14343047
0.1427144
0.14257236
0.1431007
0.1426817
0.14277436
0.14176206
0.14588237
0.1442357
0.14218445
0.14311272
0.1419817
0.14198405
0.14225657
0.14412145
0.14425477
0.14300793
0.14700712
0.14466837
0.14666365
0.14628018
0.14121298
0.1466762
0.14358774
0.14808063
0.14805715
0.14366207
0.14110556
0.14155397
0.14200078
0.14292218
0.1446201
0.14184819
0.14139335
0.1420383
0.1426978
0.14216305
0.14109755
0.14073601
0.14060517
0.14094108
0.14067043
0.14002042
0.13989046
0.1411249
0.14341383
0.14308052
0.14487705
0.14025536
0.14040828
0.14126544
0.14150198
0.13991894
0.13910025
0.13908198
0.13996197
0.14005029
0.138357
0.14032829
0.14114964
0.13954706
0.13865285
0.138018
0.13922371
0.1392794
0.13804175
0.13763669
0.13914183
0.13986136
0.13834268
0.1388228
0.13806833
0.13759224
0.1382819
0.13814147
0.13768646
0.1374054
0.13711736
0.13679565
0.13674857
0.13700262
0.13800512
0.14179379
0.1383038
0.13869818
0.13936204
0.13684775
0.13704367
0.1373611
0.13865657
0.13845818
0.1376036
0.1355644
0.13675667
0.13560125
0.13512008
0.13502826
0.13671826
0.13817133
0.13754413
0.13663976
0.13666375
0.1384538
0.1376141
0.13639373
0.13829644
0.13887967
0.13659202
0.13516012
0.13607384
0.13653043
0.13623464
0.13658313
0.13800281
0.13767639
0.13613074
0.13635693
0.13574378
0.13602449
0.13407817
0.13447796
0.13539703
0.13624665
0.13802525
0.13625357
0.13447973
0.13358466
0.13474742
0.13976684
0.14060387
0.13611864
0.13616669
0.13653037
0.1364356
0.1385878
0.13893315
0.13611698
0.13504097
0.1351008
0.13570869
0.13805026
0.13745157
0.13611831
0.13529386
0.1364517
0.13739438
0.13760878
0.13823791
