1.8501203
1.7475747
1.6238061
1.4821022
1.3223244
1.1527649
0.9965546
0.8638487
0.7666398
0.7013238
0.6565197
0.6240304
0.59949535
0.58008635
0.56615615
0.5547502
0.5456939
0.5380344
0.5302704
0.5233913
0.5167589
0.51064813
0.5052699
0.4997713
0.4944641
0.48969615
0.48522985
0.48019668
0.47548833
0.47099346
0.46677914
0.46229964
0.45741773
0.452848
0.44862142
0.44455042
0.44037825
0.4360782
0.43178004
0.42751998
0.42314363
0.419194
0.41495687
0.41113073
0.40787098
0.40457934
0.4019819
0.3998437
0.39781067
0.3961262
0.3946587
0.39325237
0.39192754
0.3907298
0.3892195
0.3868432
0.38498116
0.38349465
0.38206494
0.3812935
0.38010004
0.37899652
0.37804893
0.37726793
0.3765134
0.37577125
0.37524253
0.37442976
0.37364966
0.37311152
0.3726762
0.37247282
0.37273437
0.37363827
0.37347275
0.37258947
0.370741
0.3692478
0.36874682
0.36845964
0.36845955
0.36797607
0.36754063
0.3676616
0.36776844
0.3669638
0.36644965
0.36628926
0.3659352
0.3656124
0.36541474
0.36506504
0.36494794
0.3647385
0.3648127
0.36463913
0.36400592
0.3640643
0.36384952
0.36367628
0.36396965
0.36422414
0.36495885
0.36414587
0.3629956
0.36229485
0.36168054
0.36131018
0.36118853
0.36087343
0.3604419
0.3604281
0.36065397
0.36027926
0.35984632
0.35951483
0.35909036
0.35857695
0.35828346
0.35809007
0.35801464
0.35792986
0.3579284
0.35778505
0.35734263
0.35703236
0.3568556
0.35681298
0.35669667
0.35669577
0.35675868
0.3562296
0.35604927
0.3559351
0.355899
0.3557918
0.35538152
0.35503528
0.3548698
0.35469252
0.35467067
0.3545876
0.35438725
0.35471815
0.35512564
0.3552062
0.35465497
0.3537972
0.353802
0.35439208
0.35536972
0.35553694
0.35437122
0.3533754
0.3536723
0.35330892
0.35284173
0.35259292
0.35233653
0.3522557
0.35224012
0.35244036
0.35244873
0.3521858
0.35230315
0.352171
0.35203567
0.35178882
0.35179946
0.35234672
0.35222724
0.3516453
0.35217062
0.35229737
0.35239464
0.3524221
0.35167038
0.3510224
0.35089254
0.35090515
0.35121396
0.35085177
0.35074648
0.35052583
0.35093823
0.35105172
0.35074592
0.35056025
0.3509279
0.35251406
0.3518339
0.35047132
0.35027534
0.35122186
0.35127056
0.35078013
0.3505292
0.3503064
0.35001782
0.35046074
0.35041
0.34991693
0.3497229
0.34986693
0.35014233
0.3501187
0.3501799
0.34965235
0.34965175
0.34933078
0.34935012
0.3490885
0.34882906
0.34867507
0.34876278
0.35006934
0.3508019
0.34988418
0.348663
0.34839037
0.34944326
0.3511257
0.34995154
0.34975702
0.34954488
0.34920117
0.34769765
0.34818438
0.34817967
0.34774318
0.34818968
0.34940323
0.35010993
0.34974
0.34921497
0.34915122
0.34864396
0.34787402
0.34757167
0.34708825
0.3468061
0.34657258
0.34702185
0.3461388
0.3459831
0.34679714
0.34683123
0.3462063
0.3455338
0.34544364
0.3457268
0.34588706
0.34589943
0.34594914
0.34606338
0.345549
0.34581956
0.34647778
0.3468538
0.3463608
0.3463248
0.3457501
0.34528893
0.34517196
0.34521794
0.34521112
0.34486896
0.34492186
0.34535205
0.34501964
0.34492457
0.34538957
0.34593233
0.3457891
0.34504622
0.34485808
0.3446942
0.34506792
0.34525448
0.34531802
0.34526402
0.34524238
0.34478372
0.34509203
0.34510842
0.34504095
0.3452876
0.34617504
0.3465343
0.34803024
0.34853542
0.34721047
0.34618035
0.34548628
0.3451127
0.3444117
0.3442785
0.34533218
0.34550527
0.3451159
0.34484422
0.34561825
0.34582895
0.34536105
0.34563887
0.34521037
0.34552738
0.3461991
0.34548336
0.34463325
0.34452468
0.3445065
0.34437385
0.3443707
0.34464672
0.34502122
0.34472433
0.3444991
0.34453443
0.34459284
0.34464684
0.34623864
0.34717858
0.3477669
0.3454812
0.34419438
0.34470814
0.3456338
0.34499228
0.3445313
0.34453082
0.3442372
0.34415218
0.3443833
0.34419724
0.34401304
0.3443683
0.3447729
0.34427994
0.3442982
0.3447938
0.344476
0.34410998
0.34430903
0.34426755
0.34465078
0.3449598
0.3449049
0.34463277
0.34440523
0.34453398
0.34589434
0.34584358
0.34575537
0.3452131
0.34511644
0.3452977
0.34476486
0.34404472
0.34408775
0.34434044
0.34425446
0.34396663
0.34412074
0.3439648
0.34430772
0.3444984
0.34427178
0.3439565
0.3437012
0.34401593
0.3455418
0.34640902
0.34890327
0.34953892
0.34865507
0.34532586
0.34371597
0.34382626
0.343914
0.34438804
0.34493408
0.34503004
0.34431845
0.3442825
0.34400225
0.34590626
0.34628284
0.3455449
0.34516603
0.34406358
0.34409624
0.34452105
0.34472713
0.344182
0.3440076
0.34339598
0.343559
0.34609613
0.34644175
0.34527364
0.34431
0.34393108
0.3440883
0.34471864
0.34452358
0.3436554
0.3433608
0.34367493
0.34401888
0.343484
0.34324875
0.34300384
0.3430756
0.34327903
0.3435404
0.34311205
0.343428
0.34363022
0.34350893
0.34318846
0.34315878
0.34300247
0.34301233
0.34311512
0.34353563
0.34333494
0.34291887
0.34304336
0.34450078
0.34590188
0.34482372
0.34408972
0.3435619
0.3432347
0.34329885
0.34315705
0.34295064
0.3430671
0.34344056
0.34362125
0.34310567
0.3430105
0.34338006
0.34334722
0.34448934
0.3461278
0.34518242
0.34426758
0.34347168
0.3438065
0.34557062
0.3451267
0.34408125
0.34386837
0.3442425
0.344343
