0.4267912805080414
0.4267912805080414
0.4267912805080414
0.4267912805080414
0.4267912805080414
0.4267912805080414
0.4267912805080414
0.4267912805080414
0.4267912805080414
0.4267912805080414
0.4267912805080414
0.42990654706954956
0.42990654706954956
0.42990654706954956
0.42990654706954956
0.42990654706954956
0.42990654706954956
0.42990654706954956
0.4267912805080414
0.4236760139465332
0.4236760139465332
0.4267912805080414
0.42990654706954956
0.4267912805080414
0.4392523467540741
0.44859811663627625
0.5109034180641174
0.6510903239250183
0.6386292576789856
0.6479750871658325
0.6417445540428162
0.6947040557861328
0.6760124564170837
0.6510903239250183
0.663551390171051
0.6915887594223022
0.6884735226631165
0.6791277527809143
0.7071651220321655
0.7071651220321655
0.6884735226631165
0.6978192925453186
0.6915887594223022
0.6884735226631165
0.7133956551551819
0.6915887594223022
0.6915887594223022
0.6978192925453186
0.7071651220321655
0.7102803587913513
0.7102803587913513
0.7102803587913513
0.7009345889091492
0.6822429895401001
0.704049825668335
0.7289719581604004
0.6978192925453186
0.722741425037384
0.722741425037384
0.7071651220321655
0.7258567214012146
0.7133956551551819
0.6760124564170837
0.7383177280426025
0.7414330244064331
0.7352024912834167
0.7383177280426025
0.7289719581604004
0.7196261882781982
0.7196261882781982
0.7414330244064331
0.7507787942886353
0.7601246237754822
0.7538940906524658
0.763239860534668
0.7601246237754822
0.7601246237754822
0.7570093274116516
0.7476635575294495
0.7289719581604004
0.732087254524231
0.7476635575294495
0.7538940906524658
0.7663551568984985
0.7694703936576843
0.7694703936576843
0.7757009267807007
0.7601246237754822
0.7414330244064331
0.7538940906524658
0.7694703936576843
0.7663551568984985
0.7850467562675476
0.7881619930267334
0.781931459903717
0.7881619930267334
0.7850467562675476
0.781931459903717
0.7850467562675476
0.7757009267807007
0.7850467562675476
0.7383177280426025
0.7383177280426025
0.7601246237754822
0.7788162231445312
0.7850467562675476
0.7943925261497498
0.7757009267807007
0.763239860534668
0.7757009267807007
0.7943925261497498
0.7788162231445312
0.7476635575294495
0.7476635575294495
0.781931459903717
0.8037382960319519
0.8068535923957825
0.7850467562675476
0.7725856900215149
0.7601246237754822
0.7757009267807007
0.7943925261497498
0.7757009267807007
0.8037382960319519
0.7694703936576843
0.7725856900215149
0.7601246237754822
0.7507787942886353
0.7725856900215149
0.7912772297859192
0.8068535923957825
0.781931459903717
0.7725856900215149
0.7881619930267334
0.8130841255187988
0.8161993622779846
0.7881619930267334
0.7663551568984985
0.7943925261497498
0.7414330244064331
0.7383177280426025
0.8193146586418152
0.7850467562675476
0.7943925261497498
0.822429895401001
0.8037382960319519
0.781931459903717
0.7725856900215149
0.7975077629089355
0.7975077629089355
0.8099688291549683
0.8068535923957825
0.8068535923957825
0.8130841255187988
0.7881619930267334
0.7975077629089355
0.8099688291549683
0.8006230592727661
0.8193146586418152
0.8099688291549683
0.7943925261497498
0.7975077629089355
0.8130841255187988
0.8193146586418152
0.8037382960319519
0.7975077629089355
0.8099688291549683
0.8161993622779846
0.8193146586418152
0.7912772297859192
0.8006230592727661
0.7975077629089355
0.8255451917648315
0.8006230592727661
0.7943925261497498
0.8193146586418152
0.8193146586418152
0.8161993622779846
0.8193146586418152
0.8099688291549683
0.8099688291549683
0.8099688291549683
0.8161993622779846
0.8161993622779846
0.8099688291549683
0.8099688291549683
0.8099688291549683
0.8099688291549683
0.8130841255187988
0.8130841255187988
0.7943925261497498
0.8099688291549683
0.8099688291549683
0.8161993622779846
0.8161993622779846
0.8037382960319519
0.8037382960319519
0.8161993622779846
0.8193146586418152
0.8161993622779846
0.8099688291549683
0.8161993622779846
0.822429895401001
0.8193146586418152
0.8193146586418152
0.8099688291549683
0.8193146586418152
0.822429895401001
0.8161993622779846
0.8286604285240173
0.8099688291549683
0.8255451917648315
0.8161993622779846
0.8317757248878479
0.8193146586418152
0.8161993622779846
0.8193146586418152
0.8255451917648315
0.8255451917648315
0.8317757248878479
0.8317757248878479
0.8317757248878479
0.8130841255187988
0.8255451917648315
0.8006230592727661
0.7881619930267334
0.8255451917648315
0.8130841255187988
0.8380062580108643
0.8286604285240173
0.8255451917648315
0.8255451917648315
0.8286604285240173
0.8068535923957825
0.8161993622779846
0.8380062580108643
0.822429895401001
0.8193146586418152
0.8255451917648315
0.8193146586418152
0.8255451917648315
0.8317757248878479
0.8348909616470337
0.8099688291549683
0.8380062580108643
0.8193146586418152
0.822429895401001
0.8317757248878479
0.8380062580108643
0.8255451917648315
0.84112149477005
0.8286604285240173
0.8255451917648315
0.8317757248878479
0.8317757248878479
0.822429895401001
0.8068535923957825
0.8286604285240173
0.8068535923957825
0.7943925261497498
0.8255451917648315
0.8348909616470337
0.8317757248878479
0.8317757248878479
0.8255451917648315
0.8255451917648315
0.8348909616470337
0.8099688291549683
0.7663551568984985
0.7912772297859192
0.8317757248878479
0.8317757248878479
0.8380062580108643
0.8348909616470337
0.822429895401001
0.8348909616470337
0.8286604285240173
0.8380062580108643
0.8380062580108643
0.8317757248878479
0.8380062580108643
0.8442367315292358
0.8348909616470337
0.8348909616470337
0.8317757248878479
0.822429895401001
0.8286604285240173
0.8317757248878479
0.8442367315292358
0.8380062580108643
0.8255451917648315
0.8317757248878479
0.8380062580108643
0.8442367315292358
0.8348909616470337
0.8348909616470337
0.8348909616470337
0.8099688291549683
0.8099688291549683
0.8317757248878479
0.8380062580108643
0.8317757248878479
0.8193146586418152
0.8193146586418152
0.781931459903717
0.8255451917648315
0.8380062580108643
0.8380062580108643
0.8037382960319519
0.7757009267807007
0.8130841255187988
0.8317757248878479
0.8380062580108643
0.8380062580108643
0.8161993622779846
0.8255451917648315
0.8255451917648315
0.8348909616470337
0.8380062580108643
0.8348909616470337
0.8317757248878479
0.8286604285240173
0.8286604285240173
0.8286604285240173
0.8286604285240173
0.822429895401001
0.8380062580108643
0.8317757248878479
0.822429895401001
0.8255451917648315
0.8380062580108643
0.8255451917648315
0.8255451917648315
0.8255451917648315
0.8380062580108643
0.8317757248878479
0.8286604285240173
0.8317757248878479
0.8380062580108643
0.8130841255187988
0.8130841255187988
0.8380062580108643
0.8535825610160828
0.8473520278930664
0.8442367315292358
0.7881619930267334
0.7788162231445312
0.8006230592727661
0.8255451917648315
0.8380062580108643
0.8504672646522522
0.8286604285240173
0.8255451917648315
0.8130841255187988
0.8130841255187988
0.84112149477005
0.8566977977752686
0.8473520278930664
0.8286604285240173
0.8442367315292358
0.8255451917648315
0.8535825610160828
0.84112149477005
0.8504672646522522
0.8535825610160828
0.8535825610160828
0.8380062580108643
0.8317757248878479
0.8348909616470337
0.8161993622779846
0.8504672646522522
0.8380062580108643
0.8161993622779846
0.8255451917648315
0.8566977977752686
0.8380062580108643
0.8598130941390991
0.8006230592727661
0.8006230592727661
0.8068535923957825
0.8193146586418152
0.8380062580108643
0.8193146586418152
0.8348909616470337
0.8380062580108643
0.822429895401001
0.8442367315292358
0.8566977977752686
0.8380062580108643
0.8348909616470337
0.8442367315292358
0.7757009267807007
0.8286604285240173
0.8068535923957825
0.7881619930267334
0.822429895401001
0.8566977977752686
0.8380062580108643
0.8380062580108643
0.8037382960319519
0.7943925261497498
0.8286604285240173
0.8348909616470337
0.8380062580108643
0.8380062580108643
0.8504672646522522
0.8317757248878479
0.8286604285240173
0.8380062580108643
0.8380062580108643
0.8286604285240173
0.8442367315292358
0.8442367315292358
0.8442367315292358
0.8380062580108643
0.8566977977752686
0.84112149477005
0.84112149477005
0.8380062580108643
0.8473520278930664
0.8380062580108643
0.84112149477005
0.8380062580108643
0.8504672646522522
0.8473520278930664
0.8442367315292358
0.8130841255187988
0.8442367315292358
0.7912772297859192
0.8504672646522522
0.7881619930267334
0.8037382960319519
0.8473520278930664
0.8504672646522522
0.8473520278930664
0.8380062580108643
0.8535825610160828
0.7881619930267334
0.7788162231445312
0.8193146586418152
0.8598130941390991
0.8504672646522522
0.8473520278930664
0.8535825610160828
0.8598130941390991
0.8566977977752686
0.8535825610160828
0.8535825610160828
0.8380062580108643
0.8348909616470337
0.8598130941390991
0.84112149477005
0.8380062580108643
0.8348909616470337
0.8504672646522522
0.8535825610160828
0.8504672646522522
0.8504672646522522
0.8068535923957825
0.8255451917648315
0.8504672646522522
0.8130841255187988
0.8380062580108643
0.8442367315292358
0.8380062580108643
0.84112149477005
0.8006230592727661
0.8442367315292358
0.8193146586418152
0.8161993622779846
0.8473520278930664
0.8255451917648315
0.8504672646522522
0.8442367315292358
0.8442367315292358
0.8598130941390991
0.8566977977752686
0.8473520278930664
0.8473520278930664
0.8380062580108643
0.84112149477005
0.8535825610160828
0.8473520278930664
0.8504672646522522
0.8504672646522522
0.8473520278930664
0.8504672646522522
0.8473520278930664
0.8348909616470337
0.7912772297859192
0.7757009267807007
0.84112149477005
0.8504672646522522
0.8535825610160828
0.8566977977752686
0.8473520278930664
0.8473520278930664
0.8380062580108643
0.8535825610160828
0.8442367315292358
0.8130841255187988
0.8317757248878479
0.8473520278930664
0.8473520278930664
0.8566977977752686
0.8566977977752686
0.8504672646522522
0.84112149477005
0.8473520278930664
0.84112149477005
0.8473520278930664
0.8504672646522522
0.8504672646522522
0.84112149477005
0.822429895401001
0.8566977977752686
0.8504672646522522
0.84112149477005
0.84112149477005
0.8535825610160828
0.8566977977752686
0.8535825610160828
0.8629283308982849
0.8566977977752686
0.8566977977752686
0.8442367315292358
0.8442367315292358
0.8442367315292358
0.8473520278930664
0.8473520278930664
0.84112149477005
0.8535825610160828
0.8442367315292358
0.8473520278930664
0.7788162231445312
0.8473520278930664
0.8442367315292358
0.8504672646522522
0.8598130941390991
0.8535825610160828
0.8442367315292358
0.84112149477005
0.8473520278930664
0.8504672646522522
0.8473520278930664
0.8068535923957825
0.8380062580108643
0.8473520278930664
0.8504672646522522
0.8442367315292358
0.8442367315292358
0.8255451917648315
0.8535825610160828
0.8598130941390991
0.8504672646522522
0.84112149477005
0.84112149477005
0.8442367315292358
0.8442367315292358
0.8193146586418152
0.7912772297859192
0.8286604285240173
0.8504672646522522
0.8566977977752686
0.8598130941390991
0.8598130941390991
0.8442367315292358
0.8442367315292358
0.8504672646522522
0.8566977977752686
0.8598130941390991
0.8473520278930664
0.8504672646522522
0.8473520278930664
0.84112149477005
0.7694703936576843
0.8348909616470337
0.8068535923957825
0.8161993622779846
0.8473520278930664
0.8629283308982849
0.8504672646522522
0.8598130941390991
0.7943925261497498
0.7663551568984985
0.8130841255187988
0.8504672646522522
0.8286604285240173
0.8442367315292358
0.8473520278930664
0.8566977977752686
0.8566977977752686
0.8566977977752686
0.8566977977752686
0.8473520278930664
0.8442367315292358
0.8442367315292358
0.8504672646522522
0.8535825610160828
0.8566977977752686
0.8566977977752686
0.8629283308982849
0.8566977977752686
0.84112149477005
0.8442367315292358
0.8566977977752686
0.8504672646522522
0.8566977977752686
0.8473520278930664
0.8473520278930664
0.8473520278930664
0.8535825610160828
0.8535825610160828
0.8473520278930664
0.8504672646522522
0.8566977977752686
0.8566977977752686
0.8566977977752686
0.8504672646522522
0.8473520278930664
0.8473520278930664
0.8535825610160828
0.8348909616470337
0.8099688291549683
0.8535825610160828
0.8504672646522522
0.8473520278930664
0.8535825610160828
0.8566977977752686
0.8566977977752686
0.8598130941390991
0.8473520278930664
0.8442367315292358
0.8473520278930664
0.8504672646522522
0.8473520278930664
0.8473520278930664
0.8473520278930664
0.8473520278930664
0.8193146586418152
0.8535825610160828
0.8442367315292358
0.8442367315292358
0.8473520278930664
0.8504672646522522
0.8504672646522522
0.8535825610160828
0.8473520278930664
0.8535825610160828
0.8566977977752686
0.8566977977752686
0.8473520278930664
0.8535825610160828
0.8442367315292358
0.8566977977752686
0.8660436272621155
0.8566977977752686
0.8660436272621155
0.8629283308982849
0.8535825610160828
0.8504672646522522
0.8504672646522522
0.8473520278930664
0.8504672646522522
0.8566977977752686
0.8504672646522522
0.8442367315292358
0.8473520278930664
0.8473520278930664
0.8473520278930664
0.8535825610160828
0.8566977977752686
0.8566977977752686
0.8566977977752686
0.8473520278930664
0.8473520278930664
0.8473520278930664
0.8535825610160828
0.8442367315292358
0.8286604285240173
0.8317757248878479
0.8504672646522522
0.8504672646522522
0.8566977977752686
0.8442367315292358
0.8566977977752686
0.8504672646522522
0.84112149477005
0.8255451917648315
0.8442367315292358
0.8504672646522522
0.8442367315292358
0.84112149477005
0.8473520278930664
0.8442367315292358
0.8380062580108643
0.8504672646522522
0.8442367315292358
0.8535825610160828
0.8566977977752686
0.8598130941390991
0.8535825610160828
0.8442367315292358
0.8317757248878479
0.8504672646522522
0.8504672646522522
0.8566977977752686
0.8473520278930664
0.8504672646522522
0.8504672646522522
0.8504672646522522
0.84112149477005
0.8629283308982849
0.8473520278930664
0.8504672646522522
0.8566977977752686
0.8566977977752686
0.8442367315292358
0.84112149477005
0.84112149477005
0.8504672646522522
0.8566977977752686
0.8566977977752686
0.8380062580108643
0.8535825610160828
0.8193146586418152
0.8006230592727661
0.8130841255187988
0.8473520278930664
0.8442367315292358
0.8442367315292358
0.822429895401001
0.8380062580108643
0.8193146586418152
0.8535825610160828
0.8161993622779846
0.8068535923957825
0.8348909616470337
0.84112149477005
0.8442367315292358
0.8473520278930664
0.8504672646522522
0.8161993622779846
0.7975077629089355
0.8380062580108643
0.781931459903717
0.8598130941390991
0.8380062580108643
0.8286604285240173
0.8566977977752686
0.8566977977752686
0.8442367315292358
0.8566977977752686
0.84112149477005
0.8193146586418152
0.8380062580108643
0.8442367315292358
0.8473520278930664
0.8535825610160828
0.8535825610160828
0.8535825610160828
0.8442367315292358
0.8442367315292358
0.8380062580108643
0.8037382960319519
0.8566977977752686
0.8255451917648315
0.8504672646522522
0.8317757248878479
0.8006230592727661
0.8317757248878479
0.8566977977752686
0.8566977977752686
0.8348909616470337
0.8629283308982849
0.8535825610160828
0.8473520278930664
0.8566977977752686
0.8504672646522522
0.8504672646522522
0.8566977977752686
0.8473520278930664
0.8442367315292358
0.8380062580108643
0.8504672646522522
0.8535825610160828
0.8598130941390991
0.8566977977752686
0.8535825610160828
0.8535825610160828
0.84112149477005
0.8473520278930664
0.8473520278930664
0.8598130941390991
0.8535825610160828
0.8566977977752686
0.8473520278930664
0.8473520278930664
0.8535825610160828
0.8504672646522522
0.8504672646522522
0.7975077629089355
0.7601246237754822
0.8068535923957825
0.7383177280426025
0.8037382960319519
0.8504672646522522
0.8380062580108643
0.8380062580108643
0.84112149477005
0.8504672646522522
0.8535825610160828
0.8535825610160828
0.8442367315292358
0.8598130941390991
0.8598130941390991
0.8099688291549683
0.781931459903717
0.8161993622779846
0.8535825610160828
0.84112149477005
0.8629283308982849
0.8535825610160828
0.8317757248878479
0.8473520278930664
0.84112149477005
0.8535825610160828
0.8535825610160828
0.8566977977752686
0.8566977977752686
0.8535825610160828
0.84112149477005
0.8473520278930664
0.8130841255187988
0.8566977977752686
0.8099688291549683
0.7943925261497498
0.8442367315292358
0.8473520278930664
0.8504672646522522
0.8535825610160828
0.8535825610160828
0.8473520278930664
0.8380062580108643
0.8535825610160828
0.8504672646522522
0.8535825610160828
0.8535825610160828
0.8535825610160828
0.8504672646522522
0.8380062580108643
0.8473520278930664
0.8504672646522522
0.8535825610160828
0.8566977977752686
0.8348909616470337
0.8504672646522522
0.8629283308982849
0.8660436272621155
0.8504672646522522
0.8473520278930664
0.8473520278930664
0.8442367315292358
0.8473520278930664
0.8535825610160828
0.8535825610160828
0.8348909616470337
0.7975077629089355
0.8598130941390991
0.8504672646522522
0.8473520278930664
0.8473520278930664
0.84112149477005
0.8535825610160828
0.8504672646522522
0.8473520278930664
0.8442367315292358
0.8566977977752686
0.8629283308982849
0.8442367315292358
0.8348909616470337
0.8473520278930664
0.8535825610160828
0.8535825610160828
0.8566977977752686
0.8380062580108643
0.7943925261497498
0.822429895401001
0.8442367315292358
0.8629283308982849
0.8535825610160828
0.8380062580108643
0.8473520278930664
0.8504672646522522
0.8598130941390991
0.8598130941390991
0.8286604285240173
0.8130841255187988
0.8535825610160828
0.8442367315292358
0.8504672646522522
0.8473520278930664
0.8535825610160828
0.8598130941390991
0.8504672646522522
0.8535825610160828
0.8566977977752686
0.8598130941390991
0.8535825610160828
0.8473520278930664
0.8629283308982849
0.8473520278930664
0.8535825610160828
0.8504672646522522
0.8504672646522522
0.8566977977752686
0.8535825610160828
0.8161993622779846
0.8037382960319519
0.8598130941390991
0.7694703936576843
0.8286604285240173
0.8161993622779846
0.7788162231445312
0.8193146586418152
0.8629283308982849
0.8504672646522522
0.8161993622779846
0.8317757248878479
0.8473520278930664
0.8442367315292358
0.8442367315292358
0.8504672646522522
0.8504672646522522
0.8535825610160828
0.8598130941390991
0.8504672646522522
0.8504672646522522
0.8598130941390991
0.8660436272621155
0.8598130941390991
0.8504672646522522
0.8473520278930664
0.8473520278930664
0.8535825610160828
0.8442367315292358
0.84112149477005
0.8380062580108643
0.8535825610160828
0.8566977977752686
0.8566977977752686
0.8535825610160828
0.8473520278930664
0.8504672646522522
0.8566977977752686
0.8473520278930664
0.8691588640213013
0.8566977977752686
0.8598130941390991
0.8629283308982849
0.8598130941390991
0.8442367315292358
0.8473520278930664
0.8099688291549683
0.8348909616470337
0.8130841255187988
0.8317757248878479
0.8504672646522522
0.8473520278930664
0.84112149477005
0.8629283308982849
0.8566977977752686
0.8535825610160828
0.8598130941390991
0.8535825610160828
0.84112149477005
0.8504672646522522
0.8442367315292358
0.8504672646522522
0.8566977977752686
0.8535825610160828
0.8504672646522522
0.8006230592727661
0.7788162231445312
0.8380062580108643
0.7881619930267334
0.7352024912834167
0.8380062580108643
0.84112149477005
0.8255451917648315
0.8566977977752686
0.8442367315292358
0.8535825610160828
0.7943925261497498
0.7663551568984985
0.8037382960319519
0.8442367315292358
0.8317757248878479
0.8598130941390991
0.8535825610160828
0.8598130941390991
0.8629283308982849
0.8535825610160828
0.8473520278930664
0.8473520278930664
0.8566977977752686
0.8629283308982849
0.8629283308982849
0.8473520278930664
0.8473520278930664
0.8504672646522522
0.8504672646522522
0.8504672646522522
0.8535825610160828
0.8629283308982849
0.8504672646522522
0.8598130941390991
0.8598130941390991
0.8566977977752686
0.8598130941390991
0.8348909616470337
0.8535825610160828
0.8535825610160828
0.8535825610160828
0.8504672646522522
0.8629283308982849
0.8566977977752686
0.8566977977752686
0.8504672646522522
0.8598130941390991
0.8566977977752686
0.8598130941390991
0.8566977977752686
0.8535825610160828
0.8535825610160828
0.8535825610160828
0.8535825610160828
0.8598130941390991
0.8566977977752686
0.8566977977752686
0.8566977977752686
0.8535825610160828
0.8598130941390991
0.8566977977752686
0.8504672646522522
0.8566977977752686
0.8535825610160828
0.8566977977752686
0.8535825610160828
0.8504672646522522
0.8598130941390991
0.8566977977752686
0.8566977977752686
0.8535825610160828
0.8535825610160828
0.8598130941390991
0.8504672646522522
0.84112149477005
0.8161993622779846
0.84112149477005
0.8598130941390991
0.8504672646522522
0.8504672646522522
0.8504672646522522
0.8535825610160828
0.8598130941390991
0.8598130941390991
0.8566977977752686
0.8442367315292358
0.8535825610160828
0.8504672646522522
0.8504672646522522
0.8535825610160828
0.8535825610160828
0.8566977977752686
0.8504672646522522
0.8566977977752686
0.8566977977752686
0.8566977977752686
0.8566977977752686
0.8566977977752686
0.8380062580108643
0.8161993622779846
0.8442367315292358
0.8473520278930664
0.8566977977752686
0.8566977977752686
0.8535825610160828
0.8535825610160828
0.8566977977752686
0.8598130941390991
0.8535825610160828
0.8598130941390991
0.8535825610160828
0.8535825610160828
0.8598130941390991
0.8566977977752686
0.8535825610160828
0.8535825610160828
0.8535825610160828
0.8629283308982849
0.8629283308982849
0.8566977977752686
0.8535825610160828
0.8566977977752686
0.8566977977752686
0.8629283308982849
0.8535825610160828
0.8473520278930664
0.8504672646522522
0.8535825610160828
0.8504672646522522
0.8598130941390991
0.8598130941390991
0.8566977977752686
0.8535825610160828
0.8535825610160828
0.8598130941390991
0.8598130941390991
0.8566977977752686
0.8566977977752686
0.8598130941390991
0.8535825610160828
0.8535825610160828
0.8535825610160828
0.8535825610160828
0.8566977977752686
0.8629283308982849
0.8473520278930664
0.8504672646522522
0.8598130941390991
0.8504672646522522
0.8566977977752686
0.8566977977752686
0.8598130941390991
0.8660436272621155
0.8535825610160828
0.8566977977752686
0.8566977977752686
0.8566977977752686
0.8566977977752686
0.8629283308982849
0.8629283308982849
0.8598130941390991
0.8535825610160828
0.8535825610160828
0.8535825610160828
0.8566977977752686
0.8317757248878479
0.8037382960319519
0.8255451917648315
0.8566977977752686
0.8598130941390991
0.8566977977752686
0.8566977977752686
0.8566977977752686
0.8629283308982849
0.8535825610160828
0.8598130941390991
0.8598130941390991
0.8535825610160828
0.8473520278930664
0.8442367315292358
0.8473520278930664
0.8504672646522522
0.8535825610160828
0.8535825610160828
0.8535825610160828
0.8473520278930664
0.8473520278930664
0.8504672646522522
0.8598130941390991
0.8598130941390991
0.8566977977752686
0.8598130941390991
0.8535825610160828
0.8566977977752686
0.8535825610160828
0.8566977977752686
0.8535825610160828
0.8566977977752686
0.8566977977752686
0.8566977977752686
0.8535825610160828
0.8566977977752686
0.8504672646522522
0.8473520278930664
0.8504672646522522
0.8535825610160828
0.8598130941390991
0.8566977977752686
0.8535825610160828
0.8566977977752686
0.8535825610160828
0.8535825610160828
0.8535825610160828
0.8535825610160828
0.8566977977752686
0.8535825610160828
0.8598130941390991
0.8504672646522522
0.8566977977752686
0.8629283308982849
0.8598130941390991
0.8442367315292358
0.8566977977752686
0.8473520278930664
0.8504672646522522
0.8566977977752686
0.8598130941390991
0.8566977977752686
0.8566977977752686
0.8598130941390991
0.8598130941390991
0.8566977977752686
0.8598130941390991
0.8566977977752686
0.8566977977752686
0.8566977977752686
0.8504672646522522
0.8566977977752686
0.8566977977752686
0.8504672646522522
0.8598130941390991
0.8598130941390991
0.8598130941390991
0.8566977977752686
0.8566977977752686
0.8566977977752686
0.8504672646522522
0.8473520278930664
0.8535825610160828
0.8535825610160828
0.8504672646522522
0.8566977977752686
0.8598130941390991
0.8535825610160828
0.8504672646522522
0.8566977977752686
0.8535825610160828
0.8535825610160828
0.8566977977752686
0.8535825610160828
0.8535825610160828
0.8504672646522522
0.8535825610160828
0.8566977977752686
0.8535825610160828
0.8598130941390991
0.8598130941390991
0.8504672646522522
0.8566977977752686
0.8566977977752686
0.8598130941390991
0.8504672646522522
0.8535825610160828
0.8535825610160828
0.8504672646522522
0.8504672646522522
0.8535825610160828
0.8535825610160828
0.8535825610160828
0.8535825610160828
0.8566977977752686
0.8473520278930664
0.8442367315292358
0.8473520278930664
0.8535825610160828
0.8535825610160828
0.8535825610160828
0.8504672646522522
0.8504672646522522
0.8504672646522522
0.8535825610160828
0.8504672646522522
0.8566977977752686
0.8566977977752686
0.8535825610160828
0.8535825610160828
0.8473520278930664
0.8442367315292358
0.8473520278930664
0.8504672646522522
0.8504672646522522
0.8535825610160828
0.8535825610160828
0.8629283308982849
0.8598130941390991
0.8598130941390991
0.8598130941390991
0.8566977977752686
0.8598130941390991
0.8504672646522522
0.8535825610160828
0.8535825610160828
0.8535825610160828
0.8504672646522522
0.8566977977752686
0.8598130941390991
0.8566977977752686
0.8566977977752686
0.8473520278930664
0.8504672646522522
0.8535825610160828
0.8566977977752686
0.8566977977752686
0.8566977977752686
0.8566977977752686
0.8535825610160828
0.8566977977752686
0.8504672646522522
0.8566977977752686
0.8598130941390991
0.8566977977752686
0.8629283308982849
0.8598130941390991
0.8566977977752686
0.8535825610160828
0.8598130941390991
0.8504672646522522
0.8473520278930664
0.8442367315292358
0.8442367315292358
0.8535825610160828
0.8504672646522522
0.8504672646522522
0.8535825610160828
0.8535825610160828
0.8566977977752686
0.8598130941390991
0.8598130941390991
0.8566977977752686
0.8535825610160828
0.8504672646522522
0.8535825610160828
0.8598130941390991
0.8566977977752686
0.8629283308982849
0.8598130941390991
0.8598130941390991
0.8535825610160828
0.8535825610160828
0.8504672646522522
0.8566977977752686
0.8566977977752686
0.8535825610160828
0.8598130941390991
0.8566977977752686
0.8504672646522522
0.8535825610160828
0.8566977977752686
0.8566977977752686
0.8566977977752686
0.8566977977752686
0.8566977977752686
0.8535825610160828
0.8629283308982849
0.8598130941390991
0.8598130941390991
0.8566977977752686
0.8598130941390991
0.8504672646522522
0.8535825610160828
0.8535825610160828
0.8535825610160828
0.8598130941390991
0.8566977977752686
0.8566977977752686
0.8629283308982849
0.8598130941390991
0.8629283308982849
0.8598130941390991
0.8629283308982849
0.8504672646522522
0.8380062580108643
0.8286604285240173
0.84112149477005
0.8566977977752686
0.8566977977752686
0.8504672646522522
0.8535825610160828
0.8566977977752686
0.8660436272621155
0.8504672646522522
0.8442367315292358
0.8566977977752686
0.8535825610160828
0.8504672646522522
0.8504672646522522
0.8535825610160828
0.8504672646522522
0.8504672646522522
0.8504672646522522
0.8504672646522522
0.8504672646522522
0.8535825610160828
0.8535825610160828
0.8535825610160828
0.8535825610160828
0.8504672646522522
0.8535825610160828
0.8598130941390991
0.8598130941390991
0.8504672646522522
0.8535825610160828
0.8535825610160828
0.8535825610160828
0.8566977977752686
0.8598130941390991
0.8566977977752686
0.8598130941390991
0.8598130941390991
0.8566977977752686
0.8504672646522522
0.8535825610160828
0.8535825610160828
0.8504672646522522
0.8535825610160828
0.8566977977752686
0.8598130941390991
0.8598130941390991
0.8598130941390991
0.8598130941390991
0.8473520278930664
0.8473520278930664
0.8317757248878479
0.84112149477005
0.8473520278930664
0.8535825610160828
0.8473520278930664
0.8535825610160828
0.8566977977752686
0.8598130941390991
0.8566977977752686
0.8504672646522522
0.8535825610160828
0.8535825610160828
0.8535825610160828
0.8473520278930664
0.8473520278930664
0.8442367315292358
0.8473520278930664
0.8504672646522522
0.8566977977752686
0.8535825610160828
0.8566977977752686
0.8566977977752686
0.8598130941390991
0.8598130941390991
0.8598130941390991
0.8566977977752686
0.8566977977752686
0.8535825610160828
0.8535825610160828
0.8535825610160828
0.8535825610160828
0.8535825610160828
0.8504672646522522
0.8504672646522522
0.8504672646522522
0.8566977977752686
0.8629283308982849
0.8535825610160828
0.8535825610160828
0.8535825610160828
0.8473520278930664
0.8504672646522522
0.8504672646522522
0.8504672646522522
0.8566977977752686
0.8566977977752686
0.8566977977752686
0.8535825610160828
0.8504672646522522
0.8504672646522522
0.8566977977752686
0.8566977977752686
0.8598130941390991
0.8566977977752686
0.8535825610160828
0.8535825610160828
0.8504672646522522
0.8566977977752686
0.8566977977752686
0.8535825610160828
0.8598130941390991
0.8566977977752686
0.8566977977752686
0.8566977977752686
0.8566977977752686
0.8629283308982849
0.8566977977752686
0.8535825610160828
0.8566977977752686
0.8535825610160828
0.8535825610160828
0.8566977977752686
0.8504672646522522
0.8504672646522522
0.8535825610160828
0.8566977977752686
0.8535825610160828
0.8566977977752686
0.8535825610160828
0.8535825610160828
0.8535825610160828
0.8535825610160828
0.8535825610160828
0.8504672646522522
0.8504672646522522
0.8598130941390991
0.8566977977752686
0.8566977977752686
0.8598130941390991
0.8566977977752686
0.8535825610160828
0.8535825610160828
0.8598130941390991
0.8504672646522522
0.8504672646522522
0.8504672646522522
0.8535825610160828
0.8504672646522522
0.8504672646522522
0.8535825610160828
0.8535825610160828
0.8566977977752686
0.8566977977752686
0.8566977977752686
0.8535825610160828
0.8535825610160828
0.8535825610160828
0.8535825610160828
0.8535825610160828
0.8566977977752686
0.8629283308982849
0.8598130941390991
0.8566977977752686
0.8566977977752686
0.8504672646522522
0.8504672646522522
0.8535825610160828
0.8504672646522522
0.8504672646522522
0.8535825610160828
0.8535825610160828
0.8504672646522522
0.8504672646522522
0.8535825610160828
0.8504672646522522
0.8130841255187988
0.8006230592727661
0.8037382960319519
0.8286604285240173
0.8473520278930664
0.8535825610160828
0.8535825610160828
0.8566977977752686
0.8598130941390991
0.8535825610160828
0.8535825610160828
0.8535825610160828
0.8504672646522522
0.8535825610160828
0.8535825610160828
0.8504672646522522
0.8504672646522522
0.8504672646522522
0.8535825610160828
0.8535825610160828
0.8504672646522522
0.8535825610160828
0.8504672646522522
0.8535825610160828
0.8504672646522522
0.8566977977752686
0.8629283308982849
0.8535825610160828
0.8535825610160828
0.8442367315292358
0.8442367315292358
0.8566977977752686
0.8442367315292358
0.84112149477005
0.8099688291549683
0.8130841255187988
0.8317757248878479
0.8442367315292358
0.8598130941390991
0.8535825610160828
0.8598130941390991
0.8566977977752686
0.8535825610160828
0.8473520278930664
0.8535825610160828
0.8504672646522522
0.8535825610160828
0.8535825610160828
0.8535825610160828
0.8535825610160828
0.8535825610160828
0.8535825610160828
0.8535825610160828
0.8473520278930664
0.8473520278930664
0.8473520278930664
0.8504672646522522
0.8473520278930664
0.8535825610160828
0.8535825610160828
0.8504672646522522
0.8535825610160828
0.8504672646522522
0.8535825610160828
0.8566977977752686
0.8598130941390991
0.8473520278930664
0.8535825610160828
0.8535825610160828
0.8629283308982849
0.8598130941390991
0.8598130941390991
0.8566977977752686
0.8566977977752686
0.8598130941390991
0.8566977977752686
0.8566977977752686
0.8566977977752686
0.8504672646522522
0.8504672646522522
0.8473520278930664
0.8598130941390991
0.8629283308982849
0.8598130941390991
0.8566977977752686
0.8504672646522522
0.8535825610160828
0.8504672646522522
0.8535825610160828
0.8566977977752686
0.8566977977752686
0.8566977977752686
0.8566977977752686
0.8535825610160828
0.8566977977752686
0.8535825610160828
0.8535825610160828
0.8566977977752686
0.8566977977752686
0.8598130941390991
0.8566977977752686
0.8535825610160828
0.8504672646522522
0.8566977977752686
0.8598130941390991
0.8566977977752686
0.8566977977752686
0.8566977977752686
0.8566977977752686
0.8566977977752686
0.8566977977752686
0.8535825610160828
0.8535825610160828
0.8535825610160828
0.8566977977752686
0.8535825610160828
0.8535825610160828
0.8566977977752686
0.8504672646522522
0.8535825610160828
0.8504672646522522
0.8535825610160828
0.8535825610160828
0.8473520278930664
0.8504672646522522
0.8566977977752686
0.8535825610160828
0.8535825610160828
0.8504672646522522
0.8535825610160828
0.8504672646522522
0.8566977977752686
0.8598130941390991
0.8504672646522522
0.8473520278930664
0.8535825610160828
0.8535825610160828
0.8504672646522522
0.8535825610160828
0.8504672646522522
0.8535825610160828
0.8535825610160828
0.8535825610160828
0.8629283308982849
0.8598130941390991
0.8598130941390991
0.8598130941390991
0.8629283308982849
0.8629283308982849
0.8598130941390991
0.8598130941390991
0.8566977977752686
0.8598130941390991
0.8535825610160828
0.8566977977752686
0.8629283308982849
0.8566977977752686
0.8504672646522522
0.8566977977752686
0.8535825610160828
0.8535825610160828
0.8535825610160828
0.8535825610160828
0.8598130941390991
0.8566977977752686
0.8566977977752686
0.8629283308982849
0.8566977977752686
0.8566977977752686
0.8566977977752686
0.8535825610160828
0.8535825610160828
0.8535825610160828
0.8504672646522522
0.8473520278930664
0.8442367315292358
0.8504672646522522
0.8535825610160828
0.8566977977752686
0.8504672646522522
0.8504672646522522
0.8535825610160828
0.8535825610160828
0.8535825610160828
0.8535825610160828
0.8535825610160828
0.8504672646522522
0.8598130941390991
0.8566977977752686
0.8566977977752686
0.8598130941390991
0.8473520278930664
0.8535825610160828
0.8535825610160828
0.8504672646522522
0.8566977977752686
0.8504672646522522
0.8566977977752686
0.8598130941390991
0.8566977977752686
0.8535825610160828
0.8535825610160828
0.8566977977752686
0.8566977977752686
0.8535825610160828
0.8535825610160828
0.8473520278930664
0.8566977977752686
0.8504672646522522
0.8535825610160828
0.8535825610160828
0.8535825610160828
0.8566977977752686
0.8566977977752686
0.8535825610160828
0.8535825610160828
0.8504672646522522
0.8629283308982849
0.8629283308982849
0.8598130941390991
0.8629283308982849
0.8566977977752686
0.8473520278930664
0.8535825610160828
0.8535825610160828
0.8473520278930664
0.8442367315292358
0.8348909616470337
0.8473520278930664
0.8504672646522522
0.8473520278930664
0.8504672646522522
0.8535825610160828
0.8504672646522522
0.8535825610160828
0.8566977977752686
0.8535825610160828
0.8535825610160828
0.8535825610160828
0.8535825610160828
0.8504672646522522
0.8598130941390991
0.8598130941390991
0.8566977977752686
0.8566977977752686
0.8566977977752686
0.8598130941390991
0.8535825610160828
0.8535825610160828
0.8566977977752686
0.8535825610160828
0.8504672646522522
0.8504672646522522
0.8535825610160828
0.8535825610160828
0.8566977977752686
0.8566977977752686
0.8566977977752686
0.8504672646522522
0.8535825610160828
0.8504672646522522
0.8504672646522522
0.8535825610160828
0.8504672646522522
0.8504672646522522
0.8535825610160828
0.8504672646522522
0.8566977977752686
0.8535825610160828
0.8566977977752686
0.8598130941390991
0.8566977977752686
0.8535825610160828
0.8504672646522522
0.8473520278930664
0.8442367315292358
0.8473520278930664
0.8442367315292358
0.8286604285240173
0.8255451917648315
0.8348909616470337
0.8566977977752686
0.8566977977752686
0.8566977977752686
0.8566977977752686
0.8566977977752686
0.8598130941390991
0.8535825610160828
0.8535825610160828
0.8566977977752686
0.8535825610160828
0.8504672646522522
0.8504672646522522
0.8535825610160828
0.8504672646522522
0.8566977977752686
0.8535825610160828
0.8504672646522522
0.8535825610160828
0.8598130941390991
0.8566977977752686
0.8566977977752686
0.8535825610160828
0.8504672646522522
0.8535825610160828
0.8535825610160828
0.8566977977752686
0.8535825610160828
0.8504672646522522
0.8535825610160828
0.8598130941390991
0.8598130941390991
0.8598130941390991
0.8535825610160828
0.8566977977752686
0.8535825610160828
0.8535825610160828
0.8535825610160828
0.8535825610160828
0.8535825610160828
0.8535825610160828
0.8504672646522522
0.8504672646522522
0.8535825610160828
0.8535825610160828
0.8566977977752686
0.8566977977752686
0.8598130941390991
0.8598130941390991
0.8566977977752686
0.8535825610160828
0.8535825610160828
0.8504672646522522
0.8473520278930664
0.8535825610160828
0.8566977977752686
0.8566977977752686
0.8629283308982849
0.8598130941390991
0.8535825610160828
0.8535825610160828
0.8535825610160828
0.8535825610160828
0.8535825610160828
0.8535825610160828
0.8535825610160828
0.8535825610160828
0.8598130941390991
0.8566977977752686
0.8473520278930664
0.8535825610160828
0.8535825610160828
0.8535825610160828
0.8535825610160828
0.8473520278930664
0.8535825610160828
0.8535825610160828
0.8566977977752686
0.8598130941390991
0.8598130941390991
0.8535825610160828
0.8566977977752686
0.8566977977752686
0.8566977977752686
0.8473520278930664
0.8473520278930664
0.8473520278930664
0.8535825610160828
0.8535825610160828
0.8566977977752686
0.8566977977752686
0.8535825610160828
0.8535825610160828
0.8566977977752686
0.8566977977752686
0.8442367315292358
0.8380062580108643
0.8442367315292358
0.8473520278930664
0.8535825610160828
0.8535825610160828
0.8598130941390991
0.8535825610160828
0.8566977977752686
0.8504672646522522
0.8535825610160828
0.8535825610160828
0.8535825610160828
0.8504672646522522
0.8566977977752686
0.8535825610160828
0.8504672646522522
0.8535825610160828
0.8535825610160828
0.8535825610160828
0.8566977977752686
0.8566977977752686
0.8598130941390991
0.8598130941390991
0.8566977977752686
0.8535825610160828
0.8473520278930664
0.8473520278930664
0.8504672646522522
0.8473520278930664
0.8629283308982849
0.8598130941390991
0.8535825610160828
0.8535825610160828
0.8535825610160828
0.8535825610160828
0.8535825610160828
0.8566977977752686
0.8535825610160828
0.8535825610160828
0.8535825610160828
0.8535825610160828
0.8598130941390991
0.8535825610160828
0.8535825610160828
0.8535825610160828
0.8504672646522522
0.8504672646522522
0.8535825610160828
0.8504672646522522
0.8535825610160828
0.8504672646522522
0.8504672646522522
0.8598130941390991
0.8566977977752686
0.8566977977752686
0.8598130941390991
0.8566977977752686
0.8566977977752686
0.8598130941390991
0.8535825610160828
0.8535825610160828
0.8535825610160828
0.8535825610160828
0.8535825610160828
0.8504672646522522
0.8504672646522522
0.8660436272621155
0.8598130941390991
0.8255451917648315
0.8161993622779846
0.84112149477005
0.8629283308982849
0.8535825610160828
0.8442367315292358
0.8473520278930664
0.8442367315292358
0.8473520278930664
0.8473520278930664
0.8504672646522522
0.8504672646522522
0.8629283308982849
0.8535825610160828
0.8566977977752686
0.8598130941390991
0.8598130941390991
0.8566977977752686
0.8504672646522522
0.84112149477005
0.8317757248878479
0.8380062580108643
0.8442367315292358
0.8535825610160828
0.8535825610160828
0.8535825610160828
0.8535825610160828
0.8504672646522522
0.8504672646522522
0.8535825610160828
0.8504672646522522
0.8535825610160828
0.8535825610160828
0.8535825610160828
0.8442367315292358
0.8442367315292358
0.8535825610160828
0.8535825610160828
0.8535825610160828
0.8535825610160828
0.8473520278930664
0.8566977977752686
0.8566977977752686
0.8598130941390991
0.8598130941390991
0.8566977977752686
0.8566977977752686
0.8598130941390991
0.8629283308982849
0.8535825610160828
0.8598130941390991
0.8629283308982849
0.8598130941390991
0.8598130941390991
0.8535825610160828
0.8504672646522522
0.8535825610160828
0.8535825610160828
0.8535825610160828
0.8535825610160828
0.8473520278930664
0.8442367315292358
0.8442367315292358
0.8504672646522522
0.8504672646522522
0.8504672646522522
0.8504672646522522
0.8504672646522522
0.8504672646522522
0.8535825610160828
0.8535825610160828
0.8535825610160828
0.8535825610160828
0.8535825610160828
0.8535825610160828
0.8535825610160828
0.8473520278930664
0.8535825610160828
0.8535825610160828
0.8535825610160828
0.8535825610160828
0.8566977977752686
0.8535825610160828
0.8535825610160828
0.8504672646522522
0.8535825610160828
0.8535825610160828
0.8535825610160828
0.8504672646522522
0.8504672646522522
0.8535825610160828
0.8504672646522522
0.8535825610160828
0.8566977977752686
0.8598130941390991
0.8598130941390991
0.8598130941390991
0.8535825610160828
0.8535825610160828
0.8535825610160828
0.8535825610160828
0.8535825610160828
0.8535825610160828
0.8535825610160828
0.8566977977752686
0.8598130941390991
0.8598130941390991
0.8566977977752686
0.8504672646522522
0.8598130941390991
0.8598130941390991
0.8598130941390991
0.8535825610160828
0.8598130941390991
0.8566977977752686
0.8629283308982849
0.8598130941390991
0.8566977977752686
0.8535825610160828
0.8566977977752686
0.8598130941390991
0.8598130941390991
0.8535825610160828
0.8566977977752686
0.8566977977752686
0.8598130941390991
0.8598130941390991
0.8566977977752686
0.8535825610160828
0.8535825610160828
0.8535825610160828
0.8535825610160828
0.8535825610160828
0.8535825610160828
0.8566977977752686
0.8535825610160828
0.8535825610160828
0.8504672646522522
0.8504672646522522
0.8535825610160828
0.8598130941390991
0.8535825610160828
0.8566977977752686
0.8566977977752686
0.8566977977752686
0.8566977977752686
0.8566977977752686
0.8566977977752686
0.8535825610160828
0.8504672646522522
0.8535825610160828
0.8535825610160828
0.8535825610160828
0.8535825610160828
0.8535825610160828
0.8473520278930664
0.8598130941390991
0.8535825610160828
0.8566977977752686
0.8598130941390991
0.8566977977752686
0.8504672646522522
0.8566977977752686
0.8535825610160828
0.8504672646522522
0.8535825610160828
0.8535825610160828
0.8535825610160828
0.8504672646522522
0.8504672646522522
0.8535825610160828
0.8535825610160828
0.8504672646522522
0.8535825610160828
0.8535825610160828
0.8504672646522522
0.8535825610160828
0.8598130941390991
0.8566977977752686
0.8535825610160828
0.8535825610160828
0.8566977977752686
0.8598130941390991
0.8598130941390991
0.8598130941390991
0.8566977977752686
0.8535825610160828
0.8442367315292358
0.8535825610160828
0.8566977977752686
0.8504672646522522
0.8535825610160828
0.8535825610160828
0.8535825610160828
0.8598130941390991
0.8598130941390991
0.8504672646522522
0.8504672646522522
0.8504672646522522
0.8535825610160828
0.8566977977752686
0.8535825610160828
0.8504672646522522
0.8535825610160828
0.8535825610160828
0.8535825610160828
0.8535825610160828
0.8535825610160828
0.8504672646522522
0.8535825610160828
0.8535825610160828
0.8504672646522522
0.8504672646522522
0.8504672646522522
0.8535825610160828
0.8535825610160828
0.8535825610160828
0.8535825610160828
0.8535825610160828
0.8535825610160828
0.8504672646522522
0.8504672646522522
0.8504672646522522
0.8504672646522522
0.8504672646522522
0.8535825610160828
0.8535825610160828
0.8535825610160828
0.8535825610160828
0.8535825610160828
0.8535825610160828
0.8504672646522522
0.8535825610160828
0.8566977977752686
0.8566977977752686
0.8535825610160828
0.8535825610160828
0.8535825610160828
0.8504672646522522
0.8535825610160828
0.8535825610160828
0.8535825610160828
0.8566977977752686
0.8598130941390991
0.8535825610160828
0.8566977977752686
0.8566977977752686
0.8566977977752686
0.8566977977752686
0.8566977977752686
0.8566977977752686
0.8566977977752686
0.8566977977752686
0.8566977977752686
0.8566977977752686
0.8566977977752686
0.8566977977752686
0.8566977977752686
0.8504672646522522
0.8504672646522522
0.8504672646522522
0.8504672646522522
0.8504672646522522
0.8504672646522522
0.8535825610160828
0.8504672646522522
0.8535825610160828
0.8535825610160828
0.8535825610160828
0.8535825610160828
0.8535825610160828
0.8535825610160828
0.8535825610160828
0.8535825610160828
0.8535825610160828
0.8535825610160828
0.8535825610160828
0.8504672646522522
0.8504672646522522
0.8504672646522522
0.8535825610160828
0.8535825610160828
0.8535825610160828
0.8535825610160828
0.8535825610160828
0.8535825610160828
0.8535825610160828
0.8535825610160828
0.8566977977752686
0.8504672646522522
0.8566977977752686
0.8566977977752686
0.8535825610160828
0.8535825610160828
0.8504672646522522
0.8535825610160828
0.8504672646522522
0.8566977977752686
0.8566977977752686
0.8566977977752686
0.8566977977752686
0.8566977977752686
0.8566977977752686
0.8566977977752686
0.8535825610160828
0.8535825610160828
0.8535825610160828
0.8504672646522522
0.8504672646522522
0.8504672646522522
0.8566977977752686
0.8566977977752686
0.8566977977752686
0.8566977977752686
0.8504672646522522
0.8504672646522522
0.8535825610160828
0.8535825610160828
0.8535825610160828
0.8535825610160828
0.8535825610160828
0.8504672646522522
0.8535825610160828
0.8535825610160828
0.8535825610160828
0.8535825610160828
0.8535825610160828
0.8504672646522522
0.8504672646522522
0.8504672646522522
0.8535825610160828
0.8504672646522522
0.8504672646522522
0.8504672646522522
0.8535825610160828
0.8504672646522522
0.8598130941390991
0.8535825610160828
0.8598130941390991
0.8566977977752686
0.8566977977752686
0.8535825610160828
0.8535825610160828
0.8535825610160828
0.8535825610160828
0.8535825610160828
0.8566977977752686
0.8598130941390991
0.8598130941390991
0.8504672646522522
0.8504672646522522
0.8535825610160828
0.8504672646522522
0.8504672646522522
0.8504672646522522
0.8535825610160828
0.8535825610160828
0.8535825610160828
0.8504672646522522
0.8535825610160828
0.8566977977752686
0.8629283308982849
0.8598130941390991
0.8598130941390991
0.8598130941390991
0.8566977977752686
0.8598130941390991
0.8598130941390991
0.8566977977752686
0.8535825610160828
0.8535825610160828
0.8504672646522522
0.8535825610160828
0.8566977977752686
0.8598130941390991
0.8629283308982849
0.8566977977752686
0.8598130941390991
0.8535825610160828
0.8535825610160828
0.8535825610160828
0.8535825610160828
0.8535825610160828
0.8535825610160828
0.8535825610160828
0.8535825610160828
0.8504672646522522
0.8504672646522522
0.8504672646522522
0.8535825610160828
0.8535825610160828
0.8535825610160828
0.8566977977752686
0.8566977977752686
0.8566977977752686
0.8566977977752686
0.8566977977752686
0.8535825610160828
0.8535825610160828
0.8504672646522522
0.8535825610160828
0.8535825610160828
0.8535825610160828
0.8504672646522522
0.8504672646522522
0.8504672646522522
0.8504672646522522
0.8504672646522522
0.8504672646522522
0.8535825610160828
0.8535825610160828
0.8504672646522522
0.8504672646522522
0.8504672646522522
0.8504672646522522
0.8504672646522522
0.8504672646522522
0.8504672646522522
0.8504672646522522
0.8504672646522522
0.8504672646522522
0.8504672646522522
0.8504672646522522
0.8504672646522522
0.8504672646522522
0.8504672646522522
0.8504672646522522
0.8535825610160828
0.8535825610160828
0.8535825610160828
0.8535825610160828
0.8535825610160828
0.8598130941390991
0.8566977977752686
0.8566977977752686
0.8598130941390991
0.8566977977752686
0.8535825610160828
0.8535825610160828
0.8535825610160828
0.8504672646522522
0.8535825610160828
0.8504672646522522
0.8504672646522522
0.8504672646522522
0.8504672646522522
0.8535825610160828
0.8504672646522522
0.8504672646522522
0.8504672646522522
0.8504672646522522
0.8504672646522522
0.8504672646522522
0.8504672646522522
0.8535825610160828
0.8535825610160828
0.8566977977752686
0.8566977977752686
0.8598130941390991
0.8566977977752686
0.8598130941390991
0.8598130941390991
0.8535825610160828
0.8535825610160828
0.8566977977752686
0.8566977977752686
0.8566977977752686
0.8566977977752686
0.8566977977752686
0.8566977977752686
0.8535825610160828
0.8535825610160828
0.8535825610160828
0.8535825610160828
0.8535825610160828
0.8535825610160828
0.8535825610160828
0.8535825610160828
0.8535825610160828
0.8535825610160828
0.8535825610160828
0.8566977977752686
0.8598130941390991
0.8566977977752686
0.8566977977752686
0.8566977977752686
0.8566977977752686
0.8535825610160828
0.8535825610160828
0.8535825610160828
0.8535825610160828
0.8535825610160828
0.8566977977752686
0.8566977977752686
0.8535825610160828
0.8535825610160828
0.8566977977752686
0.8598130941390991
0.8566977977752686
0.8566977977752686
0.8566977977752686
0.8566977977752686
0.8566977977752686
0.8535825610160828
0.8535825610160828
0.8535825610160828
0.8535825610160828
0.8566977977752686
0.8598130941390991
0.8566977977752686
0.8598130941390991
0.8598130941390991
0.8566977977752686
0.8566977977752686
0.8566977977752686
0.8566977977752686
0.8566977977752686
0.8566977977752686
0.8535825610160828
0.8535825610160828
0.8535825610160828
0.8535825610160828
0.8535825610160828
0.8535825610160828
0.8535825610160828
0.8535825610160828
0.8535825610160828
0.8535825610160828
0.8535825610160828
0.8535825610160828
0.8535825610160828
0.8535825610160828
0.8535825610160828
0.8535825610160828
0.8535825610160828
0.8535825610160828
0.8535825610160828
0.8504672646522522
0.8504672646522522
0.8504672646522522
0.8504672646522522
0.8504672646522522
0.8504672646522522
0.8535825610160828
0.8504672646522522
0.8504672646522522
0.8535825610160828
0.8504672646522522
0.8504672646522522
0.8535825610160828
0.8535825610160828
0.8535825610160828
0.8504672646522522
0.8504672646522522
0.8535825610160828
0.8535825610160828
0.8535825610160828
0.8535825610160828
0.8535825610160828
0.8535825610160828
0.8535825610160828
0.8535825610160828
0.8535825610160828
0.8535825610160828
0.8535825610160828
0.8535825610160828
0.8535825610160828
0.8535825610160828
0.8566977977752686
0.8566977977752686
0.8535825610160828
0.8566977977752686
0.8566977977752686
0.8598130941390991
0.8598130941390991
0.8598130941390991
0.8598130941390991
0.8566977977752686
0.8535825610160828
0.8504672646522522
0.8535825610160828
0.8535825610160828
0.8535825610160828
0.8535825610160828
0.8535825610160828
0.8535825610160828
0.8598130941390991
0.8629283308982849
0.8629283308982849
0.8566977977752686
0.8535825610160828
0.8535825610160828
0.8535825610160828
0.8535825610160828
0.8535825610160828
0.8535825610160828
0.8535825610160828
0.8535825610160828
0.8535825610160828
0.8535825610160828
0.8535825610160828
0.8535825610160828
0.8535825610160828
0.8535825610160828
0.8535825610160828
0.8535825610160828
0.8535825610160828
0.8535825610160828
0.8504672646522522
0.8504672646522522
0.8504672646522522
0.8504672646522522
0.8504672646522522
0.8504672646522522
0.8504672646522522
0.8504672646522522
0.8504672646522522
0.8504672646522522
0.8504672646522522
0.8504672646522522
0.8504672646522522
0.8535825610160828
0.8535825610160828
0.8535825610160828
0.8535825610160828
0.8535825610160828
0.8535825610160828
0.8566977977752686
0.8598130941390991
0.8598130941390991
0.8598130941390991
0.8598130941390991
0.8598130941390991
0.8598130941390991
0.8598130941390991
0.8598130941390991
0.8629283308982849
0.8598130941390991
0.8598130941390991
0.8598130941390991
0.8566977977752686
0.8566977977752686
0.8566977977752686
0.8566977977752686
0.8566977977752686
0.8566977977752686
0.8566977977752686
0.8535825610160828
0.8535825610160828
0.8535825610160828
0.8535825610160828
0.8535825610160828
0.8535825610160828
0.8535825610160828
0.8535825610160828
0.8535825610160828
0.8535825610160828
0.8535825610160828
0.8535825610160828
0.8535825610160828
0.8566977977752686
0.8566977977752686
0.8566977977752686
0.8566977977752686
0.8566977977752686
0.8535825610160828
0.8535825610160828
0.8535825610160828
0.8535825610160828
0.8535825610160828
0.8535825610160828
0.8535825610160828
0.8535825610160828
0.8535825610160828
0.8535825610160828
0.8535825610160828
0.8535825610160828
0.8535825610160828
0.8566977977752686
0.8566977977752686
0.8566977977752686
0.8566977977752686
0.8566977977752686
0.8566977977752686
0.8566977977752686
0.8566977977752686
0.8566977977752686
0.8598130941390991
0.8598130941390991
0.8598130941390991
0.8598130941390991
0.8598130941390991
0.8629283308982849
0.8629283308982849
0.8629283308982849
0.8598130941390991
0.8598130941390991
0.8598130941390991
0.8598130941390991
0.8598130941390991
0.8598130941390991
0.8598130941390991
0.8598130941390991
0.8598130941390991
0.8598130941390991
0.8598130941390991
0.8598130941390991
0.8598130941390991
0.8598130941390991
0.8598130941390991
0.8598130941390991
0.8598130941390991
0.8598130941390991
0.8598130941390991
0.8566977977752686
0.8566977977752686
0.8598130941390991
0.8598130941390991
0.8598130941390991
0.8598130941390991
0.8598130941390991
0.8598130941390991
0.8598130941390991
0.8598130941390991
0.8598130941390991
0.8598130941390991
0.8598130941390991
0.8598130941390991
0.8598130941390991
0.8566977977752686
0.8566977977752686
0.8566977977752686
0.8566977977752686
0.8566977977752686
0.8566977977752686
0.8566977977752686
0.8566977977752686
0.8566977977752686
0.8566977977752686
0.8566977977752686
0.8566977977752686
0.8566977977752686
0.8598130941390991
0.8598130941390991
0.8598130941390991
0.8598130941390991
0.8566977977752686
0.8566977977752686
0.8566977977752686
0.8566977977752686
0.8566977977752686
0.8566977977752686
0.8566977977752686
0.8566977977752686
0.8566977977752686
0.8566977977752686
0.8566977977752686
0.8566977977752686
0.8566977977752686
0.8566977977752686
0.8566977977752686
0.8566977977752686
0.8566977977752686
0.8598130941390991
0.8566977977752686
0.8566977977752686
0.8566977977752686
0.8566977977752686
0.8566977977752686
0.8566977977752686
0.8566977977752686
0.8566977977752686
0.8566977977752686
0.8566977977752686
0.8566977977752686
0.8566977977752686
0.8566977977752686
0.8566977977752686
0.8566977977752686
0.8566977977752686
0.8566977977752686
0.8566977977752686
0.8566977977752686
0.8566977977752686
0.8566977977752686
0.8566977977752686
0.8566977977752686
0.8566977977752686
0.8566977977752686
0.8598130941390991
0.8566977977752686
0.8566977977752686
0.8566977977752686
0.8566977977752686
0.8566977977752686
0.8566977977752686
0.8566977977752686
0.8566977977752686
0.8566977977752686
0.8566977977752686
0.8566977977752686
0.8566977977752686
0.8566977977752686
0.8566977977752686
0.8566977977752686
0.8566977977752686
0.8566977977752686
0.8566977977752686
0.8566977977752686
0.8566977977752686
0.8566977977752686
0.8566977977752686
0.8566977977752686
0.8566977977752686
0.8566977977752686
0.8566977977752686
0.8566977977752686
0.8566977977752686
0.8535825610160828
0.8535825610160828
0.8535825610160828
0.8535825610160828
0.8535825610160828
0.8535825610160828
0.8535825610160828
0.8535825610160828
0.8535825610160828
0.8535825610160828
0.8535825610160828
0.8535825610160828
0.8535825610160828
0.8535825610160828
0.8535825610160828
0.8535825610160828
0.8535825610160828
0.8535825610160828
0.8535825610160828
0.8535825610160828
0.8535825610160828
0.8535825610160828
0.8535825610160828
0.8535825610160828
0.8535825610160828
0.8535825610160828
0.8535825610160828
0.8535825610160828
0.8535825610160828
0.8535825610160828
0.8535825610160828
0.8535825610160828
0.8535825610160828
0.8535825610160828
0.8535825610160828
0.8535825610160828
0.8535825610160828
0.8535825610160828
0.8535825610160828
0.8535825610160828
0.8535825610160828
0.8535825610160828
0.8535825610160828
0.8535825610160828
0.8535825610160828
0.8535825610160828
0.8535825610160828
0.8535825610160828
0.8535825610160828
0.8535825610160828
0.8535825610160828
0.8535825610160828
0.8535825610160828
0.8535825610160828
0.8535825610160828
0.8535825610160828
0.8535825610160828
0.8535825610160828
0.8535825610160828
0.8535825610160828
0.8535825610160828
0.8535825610160828
0.8535825610160828
0.8535825610160828
0.8535825610160828
0.8535825610160828
0.8535825610160828
0.8535825610160828
0.8535825610160828
0.8535825610160828
0.8535825610160828
0.8535825610160828
0.8535825610160828
0.8535825610160828
0.8535825610160828
0.8535825610160828
0.8535825610160828
0.8535825610160828
0.8535825610160828
0.8535825610160828
0.8535825610160828
0.8535825610160828
0.8535825610160828
0.8535825610160828
0.8535825610160828
0.8535825610160828
0.8535825610160828
0.8535825610160828
0.8535825610160828
0.8535825610160828
0.8535825610160828
0.8535825610160828
0.8535825610160828
0.8535825610160828
0.8535825610160828
0.8535825610160828
0.8535825610160828
0.8535825610160828
0.8535825610160828
0.8535825610160828
0.8535825610160828
0.8535825610160828
0.8535825610160828
0.8535825610160828
0.8535825610160828
0.8535825610160828
0.8535825610160828
0.8535825610160828
0.8535825610160828
0.8535825610160828
0.8535825610160828
0.8535825610160828
0.8535825610160828
0.8535825610160828
0.8535825610160828
0.8535825610160828
0.8535825610160828
0.8535825610160828
0.8535825610160828
0.8535825610160828
0.8535825610160828
0.8535825610160828
0.8535825610160828
0.8535825610160828
0.8535825610160828
0.8535825610160828
0.8535825610160828
0.8535825610160828
0.8535825610160828
0.8535825610160828
0.8535825610160828
0.8535825610160828
0.8535825610160828
0.8535825610160828
0.8535825610160828
0.8535825610160828
0.8535825610160828
0.8535825610160828
0.8535825610160828
0.8535825610160828
0.8535825610160828
0.8535825610160828
0.8535825610160828
0.8535825610160828
0.8535825610160828
0.8535825610160828
0.8535825610160828
0.8535825610160828
0.8535825610160828
0.8535825610160828
0.8535825610160828
0.8535825610160828
0.8535825610160828
0.8535825610160828
0.8535825610160828
0.8535825610160828
0.8535825610160828
0.8535825610160828
0.8535825610160828
0.8535825610160828
0.8535825610160828
0.8535825610160828
0.8535825610160828
0.8535825610160828
0.8535825610160828
0.8535825610160828
0.8535825610160828
0.8535825610160828
0.8535825610160828
0.8535825610160828
0.8535825610160828
0.8535825610160828
0.8535825610160828
0.8535825610160828
0.8535825610160828
0.8535825610160828
0.8535825610160828
0.8535825610160828
0.8535825610160828
0.8535825610160828
0.8535825610160828
0.8535825610160828
0.8535825610160828
0.8535825610160828
0.8535825610160828
0.8535825610160828
0.8535825610160828
0.8535825610160828
0.8535825610160828
0.8535825610160828
0.8535825610160828
0.8535825610160828
0.8535825610160828
0.8535825610160828
0.8535825610160828
0.8535825610160828
0.8535825610160828
0.8535825610160828
0.8535825610160828
0.8535825610160828
0.8535825610160828
0.8535825610160828
0.8535825610160828
0.8535825610160828
0.8535825610160828
0.8535825610160828
0.8535825610160828
0.8535825610160828
0.8535825610160828
0.8535825610160828
0.8535825610160828
0.8535825610160828
0.8535825610160828
0.8535825610160828
0.8535825610160828
0.8535825610160828
0.8535825610160828
0.8535825610160828
0.8535825610160828
0.8535825610160828
0.8535825610160828
0.8535825610160828
0.8535825610160828
0.8535825610160828
0.8535825610160828
0.8535825610160828
0.8535825610160828
0.8535825610160828
0.8535825610160828
0.8535825610160828
0.8535825610160828
0.8535825610160828
0.8535825610160828
0.8535825610160828
0.8535825610160828
0.8535825610160828
0.8535825610160828
0.8535825610160828
0.8535825610160828
0.8535825610160828
0.8535825610160828
0.8535825610160828
0.8535825610160828
0.8535825610160828
0.8535825610160828
0.8535825610160828
0.8535825610160828
0.8535825610160828
0.8535825610160828
0.8535825610160828
0.8535825610160828
0.8535825610160828
0.8535825610160828
0.8535825610160828
0.8535825610160828
0.8535825610160828
0.8535825610160828
0.8535825610160828
0.8535825610160828
0.8535825610160828
0.8535825610160828
0.8535825610160828
0.8535825610160828
0.8535825610160828
0.8535825610160828
0.8535825610160828
0.8535825610160828
0.8535825610160828
0.8535825610160828
0.8535825610160828
0.8535825610160828
0.8535825610160828
0.8535825610160828
0.8535825610160828
0.8535825610160828
0.8535825610160828
0.8535825610160828
0.8535825610160828
0.8535825610160828
0.8535825610160828
0.8535825610160828
0.8535825610160828
0.8535825610160828
0.8535825610160828
0.8535825610160828
0.8535825610160828
0.8535825610160828
0.8535825610160828
0.8535825610160828
0.8535825610160828
0.8535825610160828
0.8535825610160828
0.8535825610160828
0.8535825610160828
