36.912811279296875
14.981390953063965
9.724584579467773
7.088440418243408
7.916747093200684
12.341936111450195
4.103026866912842
5.780258655548096
6.334879398345947
3.9658806324005127
11.07899284362793
13.691058158874512
6.106258392333984
3.532032012939453
4.046008110046387
2.403696298599243
3.0405116081237793
3.7429561614990234
1.6117852926254272
0.9868481755256653
2.858555793762207
4.825092315673828
0.8674113750457764
2.2228124141693115
2.168516159057617
3.227386474609375
2.590412139892578
0.8399513959884644
0.7229200601577759
0.6184078454971313
0.5116271376609802
0.5038569569587708
4.049753189086914
2.0173254013061523
0.860693633556366
0.5917292237281799
1.0252928733825684
0.583022952079773
0.65660160779953
0.8794541358947754
3.895627975463867
2.652651786804199
2.7752175331115723
3.119131565093994
7.905982494354248
2.018850564956665
1.0761131048202515
10.198558807373047
11.987226486206055
4.287978649139404
1.958838939666748
1.8836239576339722
2.029698610305786
1.8884493112564087
0.9949820637702942
0.7998332977294922
1.0854533910751343
1.1378618478775024
1.1210018396377563
0.9553684592247009
0.6355453729629517
0.6379094123840332
0.4600556194782257
0.4725874364376068
0.5186479687690735
0.6533669829368591
0.6044800281524658
0.6124737858772278
1.2832931280136108
0.7314035296440125
0.6766164302825928
0.5069297552108765
0.4879067540168762
0.5231708884239197
0.5160912275314331
0.8979572653770447
0.8014205694198608
3.409609079360962
1.2479627132415771
0.6204321384429932
0.6004714965820312
0.47527915239334106
0.8998730778694153
0.4674287438392639
0.614937961101532
0.7462568879127502
0.4336971640586853
0.6232180595397949
0.8299445509910583
0.5293329358100891
6.248053550720215
2.908200740814209
2.7018966674804688
3.5340206623077393
3.071390390396118
4.048819065093994
2.0588297843933105
2.218170166015625
0.8857027888298035
0.9124872088432312
0.9088459014892578
0.8251134157180786
0.5148954391479492
0.47066235542297363
0.5941656827926636
0.5090160965919495
0.8919607996940613
1.2466703653335571
1.4479676485061646
0.733581006526947
0.9179608225822449
2.4064085483551025
0.8830695152282715
1.329123854637146
6.547135353088379
1.6377826929092407
0.828058660030365
2.835644245147705
1.4267398118972778
0.7359562516212463
1.959375023841858
0.9285039901733398
4.332655429840088
1.2595937252044678
2.1294057369232178
2.52592396736145
2.950915813446045
2.7479097843170166
2.9144201278686523
2.8304247856140137
1.58009672164917
1.8235801458358765
1.2502212524414062
0.7355614304542542
0.5481582880020142
1.8808468580245972
4.013473987579346
2.2475194931030273
2.2938876152038574
0.8664060235023499
4.529767990112305
2.1071817874908447
0.920320987701416
0.7502726912498474
0.7022849321365356
0.591206967830658
1.7578797340393066
0.8531121611595154
0.5433312058448792
0.5604859590530396
0.5561341643333435
0.7134307026863098
0.5105962157249451
0.5308386087417603
0.6679868102073669
0.9389950633049011
0.648705005645752
0.7395563721656799
3.3425686359405518
3.519242286682129
1.906802773475647
4.0431108474731445
4.050138473510742
2.6653780937194824
1.7012022733688354
1.8237934112548828
1.0240317583084106
1.7335058450698853
4.669065475463867
3.7359495162963867
2.614025831222534
6.1243720054626465
4.318027496337891
5.798275470733643
2.2905774116516113
1.0572453737258911
0.6735244393348694
0.6490249633789062
1.352810263633728
0.6991154551506042
0.7614999413490295
0.6598504185676575
0.5260399580001831
0.4774106740951538
0.5042073130607605
0.47132542729377747
0.5570442080497742
0.57692950963974
0.4580686390399933
0.4533444941043854
0.4625122547149658
0.5116180181503296
0.5284837484359741
0.5022846460342407
0.4770887494087219
0.4551767110824585
0.4401542544364929
0.4628252685070038
0.8546326756477356
0.7579118013381958
0.576764702796936
0.6430992484092712
0.5451706647872925
0.4755232632160187
0.5330173969268799
2.9571402072906494
3.0863537788391113
1.6775600910186768
0.8283767104148865
0.6811383366584778
0.5514963865280151
0.5210643410682678
0.5030491352081299
0.4929831922054291
0.5409650802612305
0.4651995897293091
0.4747779369354248
0.4486817717552185
0.4580472409725189
1.0600777864456177
0.8418166041374207
0.9825986623764038
0.932781994342804
0.5802490711212158
0.4573952555656433
0.4372295141220093
0.4504890441894531
0.47935011982917786
0.5575892329216003
0.49349045753479004
0.4766983091831207
1.0930769443511963
0.8942004442214966
1.0358214378356934
0.9886343479156494
1.0663106441497803
0.6941789984703064
0.5396061539649963
0.5903937220573425
0.5866986513137817
0.5100369453430176
0.5438394546508789
0.5354922413825989
0.543134868144989
0.46930167078971863
0.8841045498847961
0.747427761554718
0.4899047315120697
0.6184980273246765
0.6145544648170471
0.4849911630153656
0.4625334143638611
0.4578483998775482
0.45259910821914673
0.4446176290512085
0.4373663067817688
0.44163551926612854
0.6955347657203674
0.5564939379692078
0.4967453181743622
0.4924849569797516
0.4388001263141632
0.44578996300697327
0.4383769631385803
0.4267973303794861
0.45379170775413513
0.4485911726951599
0.48252853751182556
0.44916990399360657
0.501613974571228
0.5047637224197388
1.3749396800994873
0.6987272500991821
0.5548403859138489
0.47188135981559753
0.6050621271133423
2.191694974899292
0.9527719020843506
0.986868679523468
1.1646583080291748
0.8755428791046143
0.5813239812850952
0.4798329174518585
0.5860595107078552
0.4368095397949219
0.4426044523715973
0.45830678939819336
0.43556520342826843
0.457658588886261
0.4785785675048828
0.46006354689598083
0.42625319957733154
0.556212306022644
2.1040942668914795
0.8884209394454956
1.025999903678894
0.5513256788253784
0.43430113792419434
0.4279339611530304
0.422697514295578
0.4799410104751587
0.4340795874595642
0.4785078763961792
0.5386109352111816
0.6751462817192078
0.44447562098503113
0.4949248731136322
0.44909781217575073
0.9543734788894653
0.714465320110321
0.5917538404464722
2.471511125564575
4.526556015014648
3.303760528564453
0.7772979140281677
0.4876978397369385
0.44372445344924927
0.45819029211997986
0.621357262134552
0.6687653064727783
0.5879725217819214
0.4989604353904724
0.42787235975265503
0.505464494228363
0.5023769736289978
0.48167410492897034
0.489932656288147
0.47032544016838074
1.0612229108810425
0.6545316576957703
0.5561703443527222
0.5206515789031982
0.4676452577114105
0.6979923248291016
0.45381098985671997
0.5040798187255859
1.6150346994400024
1.3636384010314941
1.148342251777649
0.5241356492042542
0.48834335803985596
0.49944132566452026
0.464799702167511
0.4497728943824768
0.46028926968574524
1.0056123733520508
1.1049389839172363
0.5922656059265137
0.4712373912334442
0.41865453124046326
0.44934791326522827
0.4517929255962372
0.4725697636604309
0.5076012015342712
0.45717376470565796
0.5004993081092834
0.4199676811695099
0.7037935256958008
0.6834679245948792
0.9574328064918518
1.44715416431427
0.6824565529823303
0.7245794534683228
0.5105957984924316
1.3136907815933228
0.6963170170783997
0.7298427820205688
0.5424009561538696
0.5957551002502441
0.42576342821121216
0.46888288855552673
0.4169117510318756
0.4441877007484436
0.42147690057754517
0.4200179874897003
0.49873805046081543
0.4748386740684509
1.489863395690918
1.686702013015747
0.9595590233802795
0.4744863212108612
0.8828860521316528
0.5896632671356201
0.48522359132766724
0.5562217831611633
0.44746485352516174
0.4459337592124939
0.4641666114330292
0.4349612891674042
0.42756909132003784
0.4275130331516266
0.4110596776008606
0.5458733439445496
0.6193224787712097
0.7221180200576782
0.681135892868042
1.073158621788025
0.6369388103485107
0.4615659713745117
1.5122419595718384
1.4458394050598145
1.1775243282318115
1.0477807521820068
0.6494404077529907
0.4752074182033539
0.48807334899902344
0.5843751430511475
1.162705898284912
0.803741455078125
1.6148513555526733
1.0732680559158325
0.7080398797988892
0.4452804625034332
0.5123159289360046
0.48804140090942383
0.702857494354248
0.9627871513366699
0.5507594347000122
0.6202358603477478
4.125652313232422
1.3530304431915283
1.2235897779464722
1.5307365655899048
1.1524040699005127
0.6274563670158386
1.6152606010437012
1.4116920232772827
2.0946695804595947
1.850487232208252
1.3787834644317627
1.1139318943023682
4.031946659088135
1.5163097381591797
0.641643226146698
0.658935546875
0.8219966888427734
0.7326390743255615
0.44806724786758423
0.6288760900497437
1.53057062625885
1.1055221557617188
0.8792728781700134
0.45116204023361206
0.4263737201690674
0.43095842003822327
0.42769771814346313
1.4543561935424805
1.1031787395477295
0.559756875038147
0.46953633427619934
0.5704177618026733
0.5434975624084473
0.4737413823604584
0.4426121413707733
0.44710683822631836
0.4179602563381195
0.44513198733329773
0.42802485823631287
0.838455319404602
0.7156631946563721
0.5059808492660522
0.6202810406684875
1.566165804862976
0.9830893278121948
1.011843204498291
0.8404220938682556
0.45993712544441223
0.4812846779823303
0.49727803468704224
0.5306363105773926
0.43461787700653076
0.45538079738616943
0.41194337606430054
0.6404826045036316
0.692240297794342
0.5677143335342407
0.4554724395275116
0.42308101058006287
0.47036558389663696
0.4799259603023529
0.4219892919063568
0.431800901889801
0.41746559739112854
0.41211533546447754
0.4111134111881256
0.413694828748703
0.40676501393318176
0.405965119600296
0.4481923580169678
0.40329891443252563
0.425477534532547
0.5343693494796753
0.49551692605018616
0.40222829580307007
0.4107218086719513
0.4107900857925415
0.4812248647212982
0.45067113637924194
1.0495160818099976
0.7355167269706726
0.5330710411071777
0.42419159412384033
0.4114772379398346
0.5799741744995117
0.6016682982444763
0.4091925621032715
0.4728352129459381
0.4405685365200043
0.4356237053871155
2.7422895431518555
1.1912471055984497
0.8415201306343079
0.47071558237075806
0.4197903573513031
0.40992146730422974
0.844967782497406
0.6415999531745911
0.938198983669281
0.47907939553260803
0.5353836417198181
0.5804743766784668
0.42984074354171753
0.44422850012779236
0.40443459153175354
0.40848150849342346
0.42527756094932556
0.41416800022125244
0.4081612527370453
0.5521435737609863
0.5498642921447754
0.40545040369033813
0.4059330224990845
0.4726349115371704
0.4094944894313812
0.4333573579788208
0.410116583108902
0.4225100576877594
0.4210302233695984
0.46136829257011414
1.1172958612442017
0.5708746910095215
0.4847553074359894
0.6152546405792236
0.5109015107154846
0.7350400686264038
0.45770272612571716
0.45893463492393494
0.5507144331932068
0.40855342149734497
0.43429332971572876
0.4200282096862793
0.4517473578453064
0.41198545694351196
1.2324810028076172
1.3618872165679932
0.6284146904945374
0.5308300852775574
1.32249116897583
1.5002355575561523
1.9870365858078003
1.3356778621673584
0.825421929359436
0.6250790357589722
0.6147657632827759
0.5334204435348511
0.5880807042121887
0.5261764526367188
0.4375746548175812
0.6166183352470398
0.4528447389602661
0.45540907979011536
0.7587574124336243
0.6234908699989319
1.97145676612854
1.0355695486068726
1.041864275932312
0.5683049559593201
0.4109863042831421
0.41674309968948364
3.147002935409546
0.9150461554527283
1.013177752494812
0.5330483913421631
0.6362825036048889
0.6063522100448608
0.4506528973579407
0.4398229718208313
2.3250627517700195
2.336116313934326
1.7404983043670654
1.5095317363739014
1.0733815431594849
0.6489490866661072
1.4221103191375732
1.7190412282943726
1.9129301309585571
1.000767707824707
0.9548230171203613
0.6800794005393982
0.4550773501396179
0.4276246130466461
0.4340018630027771
0.4627256691455841
0.4751059114933014
0.9805104732513428
0.5863656997680664
1.0861163139343262
1.0559595823287964
1.5505397319793701
0.8782976269721985
0.6047151684761047
0.5197668671607971
0.4798460006713867
0.6952136158943176
0.6339624524116516
0.5046917796134949
0.4456959366798401
0.4176970422267914
0.4473215937614441
0.45844000577926636
0.4140937626361847
0.4082866907119751
1.1244282722473145
0.635973334312439
0.4466213285923004
0.448223352432251
0.41550177335739136
0.9124569892883301
1.0911611318588257
0.6492000818252563
0.5338075757026672
0.3977631628513336
0.4113597571849823
0.40827539563179016
0.40648728609085083
0.41677895188331604
0.5271621346473694
0.5972216725349426
0.596559464931488
0.45367375016212463
0.43033158779144287
0.4192877411842346
0.4139367640018463
0.43321478366851807
0.4691350758075714
0.4469658434391022
0.6319510340690613
0.4672001302242279
0.46093323826789856
0.6062824726104736
0.5007040500640869
0.4515286684036255
0.413051962852478
0.40741461515426636
0.41951942443847656
0.4419202208518982
0.44060707092285156
0.568147599697113
0.5618954300880432
0.49239152669906616
0.4751991629600525
0.43504011631011963
0.4715172052383423
0.5259857773780823
0.5063645839691162
0.4801062345504761
0.4752729833126068
0.4513879716396332
0.5156596899032593
1.3691678047180176
1.087847113609314
0.6756175756454468
0.5387005805969238
0.6398147940635681
0.7730015516281128
0.696773111820221
0.9463962912559509
0.7757463455200195
0.6830498576164246
0.8498539924621582
0.5158799290657043
0.4655807912349701
0.43265095353126526
0.47940635681152344
0.4095768928527832
0.42901331186294556
0.6676901578903198
0.611107349395752
0.3999735414981842
0.4070558547973633
0.9339133501052856
0.7686413526535034
0.6000428795814514
0.6236042380332947
0.48266109824180603
0.6591068506240845
0.5308849215507507
0.4435916244983673
0.4417322278022766
0.45434150099754333
0.4359610378742218
0.41905680298805237
0.4089503288269043
0.40166139602661133
0.40435323119163513
0.43578511476516724
0.4157518446445465
0.40275704860687256
0.4062081575393677
0.542818009853363
0.4916163980960846
1.8419636487960815
1.7510014772415161
0.8536205887794495
0.5435044169425964
0.5053436160087585
0.45223549008369446
0.4218946397304535
0.4126162528991699
0.5414173007011414
0.572311282157898
0.5472407937049866
0.4827379584312439
0.5470543503761292
0.8347351551055908
0.7077260613441467
0.5892662405967712
0.6544638872146606
0.5434229969978333
0.5264281630516052
0.45089221000671387
0.44009873270988464
0.4177379012107849
1.1655329465866089
0.5605268478393555
0.9933741092681885
0.4777477979660034
0.4550788104534149
0.6652554869651794
0.605248212814331
0.4757799208164215
0.4127408266067505
0.410941481590271
0.41026678681373596
0.40887731313705444
0.40951982140541077
0.9413034915924072
0.7277512550354004
0.6125560998916626
0.7824094891548157
0.5831766724586487
0.5136986970901489
0.4526771903038025
0.4526765048503876
0.451946496963501
0.4516359567642212
0.42578190565109253
0.48248380422592163
0.4619179666042328
0.4825989603996277
0.4993777573108673
1.772779941558838
2.6729393005371094
1.6019774675369263
1.096825361251831
0.6688343286514282
0.5643832087516785
0.5034059882164001
0.46006643772125244
0.4440511465072632
0.7758824229240417
0.5768640041351318
0.43590301275253296
0.42835289239883423
0.40944382548332214
0.4081519544124603
0.39985543489456177
0.4578249156475067
0.415162593126297
0.4015783965587616
0.40742623805999756
0.4100629687309265
0.39017176628112793
0.40138065814971924
0.39283105731010437
0.4065307676792145
0.39543524384498596
0.7368138432502747
0.5112237930297852
0.543685793876648
0.48985135555267334
0.44951409101486206
0.44964057207107544
0.4503267705440521
0.851265549659729
0.5498273968696594
0.4120945334434509
0.42538776993751526
0.4129085838794708
0.430904746055603
0.4207288324832916
0.4374670386314392
0.4527546167373657
0.40788978338241577
0.5163829326629639
0.4324764609336853
0.42752981185913086
0.41013437509536743
0.7256618738174438
0.4129176139831543
0.3915928602218628
0.4704877734184265
0.4592250883579254
0.42271050810813904
0.5693072080612183
0.47174006700515747
0.4499281644821167
0.432158499956131
0.4694986641407013
0.4165307879447937
0.41214045882225037
0.39951232075691223
1.6522200107574463
0.6836510300636292
0.7365307211875916
0.5384875535964966
0.4294402599334717
0.4096757769584656
0.4056863486766815
0.44916796684265137
0.5023024678230286
0.43470999598503113
0.39752089977264404
0.4245496094226837
0.48601794242858887
0.4607090950012207
0.4138774275779724
0.40923449397087097
0.4159116744995117
0.453529417514801
0.45768165588378906
0.3916666507720947
0.39391547441482544
0.3976011872291565
0.39900943636894226
0.3902582824230194
0.4030308723449707
0.4488697648048401
0.46188023686408997
0.7225519418716431
0.7138007879257202
0.6888277530670166
0.5617709159851074
0.4506930112838745
0.5198081731796265
0.5458306074142456
0.5271055698394775
0.4178762137889862
0.39443862438201904
0.40326258540153503
0.4196028411388397
0.38993191719055176
0.4445420801639557
0.3941417634487152
0.5348954200744629
0.5957180261611938
0.4475264847278595
0.43438825011253357
0.7385177612304688
0.47883015871047974
0.6575413346290588
0.597536563873291
0.712855339050293
1.184544324874878
0.8340824246406555
0.5187766551971436
0.599371075630188
0.9237332344055176
1.0202299356460571
0.8638606667518616
0.4864654839038849
0.41336238384246826
0.4072089195251465
0.4069332182407379
0.39442798495292664
0.41326475143432617
0.44400686025619507
0.3909829556941986
0.43784666061401367
0.416640967130661
0.399771511554718
0.3949950933456421
0.40667861700057983
0.48090407252311707
0.45053744316101074
0.4108017086982727
1.130152940750122
0.658970057964325
0.5716286897659302
0.681816577911377
0.7124356031417847
0.938514769077301
0.7376742362976074
0.7644019722938538
0.4694605767726898
0.41519930958747864
0.4051274359226227
0.4598190486431122
0.5328863859176636
0.4549412131309509
0.46818551421165466
0.4435042440891266
0.41624799370765686
0.39528560638427734
0.3867192566394806
0.46656808257102966
0.4185939133167267
0.4488452076911926
0.4228336811065674
0.6197879910469055
0.4961716830730438
0.5295609831809998
0.4143366515636444
0.4729669690132141
0.4320037066936493
0.42618218064308167
0.3937447667121887
0.42175889015197754
1.7902421951293945
2.1899497509002686
3.1384878158569336
1.6386401653289795
0.9343900084495544
0.6758020520210266
0.7091829180717468
0.4754517376422882
0.4680761694908142
1.356361746788025
0.8392984867095947
0.643117368221283
0.9094119071960449
0.41584312915802
0.3950577676296234
0.401516854763031
0.3913656771183014
0.39485788345336914
0.3922472298145294
0.40261679887771606
0.39335519075393677
0.5965824723243713
0.6063445210456848
0.5139228105545044
0.48099127411842346
0.48199033737182617
0.5850948095321655
0.5252574682235718
0.4721622169017792
0.40563297271728516
0.393206924200058
0.4041820466518402
0.4023935794830322
0.3944553732872009
0.39106062054634094
0.3873558044433594
0.3906007409095764
0.3920823335647583
0.3933546245098114
0.3911997377872467
0.3910042643547058
0.3953441381454468
0.38615116477012634
0.4017863869667053
0.40080907940864563
0.38755789399147034
0.3892412781715393
0.3875264525413513
0.388210266828537
0.38997724652290344
0.4002307057380676
0.46133461594581604
0.4237233102321625
0.3998371660709381
0.4441215991973877
0.39605018496513367
0.4022539258003235
0.3879157602787018
0.3881925344467163
0.3931640088558197
0.3870961666107178
0.3873811662197113
0.38593411445617676
0.49158820509910583
0.3969789445400238
0.3831861913204193
0.39904412627220154
0.3921228051185608
0.3859841823577881
0.4870121479034424
0.4218854010105133
0.38773149251937866
0.42653581500053406
0.4022809863090515
0.43789833784103394
0.4003124237060547
0.6232672333717346
0.4351258873939514
0.4025431275367737
0.38759779930114746
0.4655083119869232
0.3931657075881958
0.39522719383239746
0.3884277641773224
0.4207310378551483
0.40396273136138916
0.3996874988079071
0.3954312801361084
0.3861716687679291
0.38923290371894836
0.3970535099506378
0.6327834725379944
0.45917361974716187
0.3985047936439514
0.3947771191596985
0.38713106513023376
0.3898838758468628
0.3899590075016022
0.38504141569137573
0.5779922604560852
0.44061148166656494
0.4182746410369873
0.3913557827472687
0.39479556679725647
0.43523934483528137
0.39397796988487244
0.38932308554649353
0.3831227719783783
0.400029718875885
0.3947146534919739
0.3859334886074066
0.3875695466995239
0.4348638355731964
0.40148869156837463
0.3811652660369873
0.39105919003486633
0.3824573755264282
0.3856261968612671
0.3835449516773224
0.40028560161590576
0.38833069801330566
0.38306576013565063
0.3867287039756775
0.3841514587402344
0.3968282639980316
0.38840270042419434
0.39331480860710144
0.38397207856178284
0.38384079933166504
0.3836391866207123
0.3955158293247223
0.38456830382347107
0.8204466700553894
0.5572482943534851
0.42961224913597107
0.5076680183410645
0.4342617988586426
0.3875652849674225
0.38271602988243103
0.3914296329021454
0.3854764997959137
0.6473828554153442
0.5644334554672241
0.40592068433761597
1.0241796970367432
0.7541110515594482
0.5991647839546204
0.43900030851364136
0.43149739503860474
0.4191526472568512
0.38431641459465027
0.3981269299983978
0.45917221903800964
0.3910180926322937
0.38543540239334106
0.3823774755001068
0.38137000799179077
0.3833237588405609
0.388484388589859
0.38444286584854126
0.3915832042694092
0.38688990473747253
0.3810001313686371
0.38243338465690613
0.3857269883155823
0.5669472813606262
0.476825088262558
0.4076455533504486
0.3957188129425049
0.3848595917224884
0.3831641376018524
0.3811904191970825
0.3814878463745117
0.5406586527824402
0.4559277296066284
0.429238885641098
0.39359596371650696
0.3885860741138458
0.3889278769493103
0.4532398283481598
0.4057609736919403
0.4145084023475647
0.3814721405506134
0.490496963262558
0.38277214765548706
0.3863849639892578
0.3841221034526825
1.1499285697937012
0.4697192907333374
0.46381470561027527
0.43932199478149414
0.4237818717956543
0.4360061585903168
0.3831430673599243
0.3820975422859192
0.39151784777641296
0.3983682096004486
0.3885584771633148
0.38721179962158203
0.38266345858573914
0.3850228786468506
0.3833344280719757
0.38330286741256714
0.38381749391555786
0.38456839323043823
0.5775020718574524
1.8238465785980225
1.0476022958755493
0.7864947319030762
0.6981669664382935
0.6497607231140137
0.44562414288520813
0.40244489908218384
0.38698887825012207
0.3856841027736664
0.38075894117355347
0.38108956813812256
0.4702213406562805
0.4254520833492279
0.3874621093273163
0.38823169469833374
0.3806716203689575
0.3804803788661957
0.6791411638259888
0.43894174695014954
0.3910534381866455
0.3812217116355896
0.4527449309825897
0.4114621579647064
0.40691500902175903
0.40029606223106384
0.3820604681968689
0.37902823090553284
0.3827599883079529
0.3793248236179352
0.39608216285705566
0.3812141716480255
0.407764732837677
0.4915495216846466
0.382217675447464
0.39198729395866394
0.3852445185184479
0.38417431712150574
0.3818187117576599
0.3792979121208191
0.3814278841018677
0.3879452049732208
0.4324725270271301
0.4006127715110779
0.39131489396095276
0.3797209858894348
0.4040665030479431
0.3874620795249939
0.38678213953971863
0.38012221455574036
0.3808140158653259
0.3775108754634857
0.3870900869369507
0.3945753872394562
0.6766335964202881
0.5399459600448608
0.45491310954093933
0.4525156021118164
0.40928730368614197
0.663658857345581
0.5321225523948669
0.4489367604255676
0.5108697414398193
0.4003378748893738
0.4468574821949005
0.37421536445617676
0.40767133235931396
0.3855961859226227
0.3777921795845032
0.3825664818286896
0.3790733516216278
0.6505426168441772
0.5303753614425659
0.583768904209137
0.4664613604545593
0.3798269033432007
0.40120935440063477
0.386570006608963
0.5689570307731628
0.4245797395706177
0.38938823342323303
0.37771597504615784
0.380111962556839
0.378480464220047
0.3800537586212158
0.3814915716648102
0.37758880853652954
0.3818124234676361
0.3893178403377533
0.3828343451023102
0.3820428252220154
0.37871071696281433
0.37827441096305847
0.3769935965538025
0.3830094039440155
0.37835198640823364
0.37931960821151733
0.3828013837337494
0.3793361783027649
0.37765786051750183
0.4462910592556
0.38620972633361816
0.42099225521087646
0.4241485297679901
0.3879092037677765
0.39245226979255676
0.3833959996700287
0.38018491864204407
0.3782169222831726
0.3781398832798004
0.5827615261077881
0.42087891697883606
0.423896461725235
0.4433930218219757
0.3869285583496094
0.4252304434776306
0.4010675251483917
0.3947206139564514
0.4112136960029602
0.39063435792922974
0.37792837619781494
0.3776256740093231
0.4065818786621094
0.5096701383590698
0.4039801061153412
0.42066946625709534
0.46066123247146606
0.41990208625793457
0.4053605794906616
0.39282146096229553
0.38542652130126953
0.3770919740200043
0.37863442301750183
0.37983477115631104
0.37744078040122986
0.3758417069911957
0.3764057457447052
0.37558186054229736
0.6581922769546509
0.4468710422515869
0.44739779829978943
0.3748341202735901
0.37944772839546204
0.3759607672691345
0.3780086636543274
0.3957887291908264
0.37895333766937256
0.38398846983909607
0.3769306540489197
0.3786884844303131
0.39216703176498413
0.37612077593803406
0.4646821916103363
0.40598827600479126
0.4034932851791382
0.38399192690849304
0.3862658441066742
0.37918704748153687
0.3770167827606201
0.3780021071434021
0.3783706724643707
0.3756828308105469
0.5653592348098755
0.39640292525291443
0.46640637516975403
0.5798273086547852
0.38144075870513916
0.4392486810684204
0.3982848525047302
0.4146251976490021
0.38695457577705383
0.37669840455055237
0.3870481252670288
0.37866315245628357
0.3875340223312378
0.387555330991745
0.3849555552005768
0.37934979796409607
0.3827391564846039
0.3838440477848053
0.37754347920417786
0.3793942928314209
0.38196536898612976
0.37674450874328613
0.38127627968788147
0.38467440009117126
0.37517234683036804
0.3751596510410309
0.3764492869377136
0.376912385225296
0.3769543766975403
0.37531763315200806
0.4486369788646698
0.39149338006973267
0.40321582555770874
0.6773828268051147
0.5353360772132874
0.5145922899246216
0.5238932371139526
0.38852357864379883
0.4124183654785156
0.37903574109077454
0.37960976362228394
0.3999295234680176
0.3855935335159302
0.3771589398384094
0.41601094603538513
0.37954002618789673
0.38198602199554443
0.39245566725730896
0.38366350531578064
0.539700984954834
0.40600836277008057
0.3953092396259308
0.4891921281814575
0.3821956515312195
0.4183380603790283
0.3775233328342438
0.37639155983924866
0.38893967866897583
0.42409655451774597
0.39405128359794617
0.3885231614112854
0.37820109724998474
0.4006543755531311
0.4198710024356842
0.3807840049266815
0.38522040843963623
0.3754539489746094
0.3753551244735718
0.37570425868034363
0.37426304817199707
0.3766389489173889
0.37696200609207153
0.37325429916381836
0.4282226264476776
0.3975377082824707
0.3811901807785034
0.3750215172767639
0.3744252920150757
0.7312514781951904
0.46740400791168213
0.47116971015930176
0.41337406635284424
0.38905465602874756
0.3847496211528778
0.6192700862884521
0.41348686814308167
0.4662312865257263
0.4606746435165405
0.5798378586769104
0.5140602588653564
0.5992509126663208
0.46968305110931396
0.3813326060771942
0.4260740876197815
0.43466219305992126
0.3764270842075348
0.3936241865158081
0.442996084690094
0.38801559805870056
0.3935776352882385
0.42901313304901123
0.386503130197525
0.3827844560146332
0.3832204043865204
0.37410208582878113
0.4024980068206787
0.38699567317962646
0.3744629919528961
0.3935605585575104
0.37305259704589844
0.3850437104701996
0.3746418356895447
0.38049960136413574
0.38144826889038086
0.3816613256931305
0.37521839141845703
0.3765501379966736
0.3773322105407715
0.378157377243042
0.380370557308197
0.3735126852989197
0.4125160276889801
0.685126781463623
0.5550772547721863
0.5264688730239868
0.8546996116638184
0.6168614029884338
0.6075490713119507
0.4991997182369232
0.38718077540397644
0.38852792978286743
0.3892418444156647
0.3751756548881531
0.3782917261123657
0.3794056177139282
0.37643519043922424
0.38258206844329834
0.38417139649391174
0.5102747082710266
0.3831770718097687
0.3870142698287964
0.39335545897483826
0.3874826431274414
0.5020182132720947
0.42517760396003723
0.4029201865196228
0.3828144669532776
0.38184553384780884
0.5066906809806824
0.43165555596351624
0.4005393981933594
0.3708888292312622
0.37964320182800293
0.3726477324962616
0.37331974506378174
0.3858399987220764
0.3909793496131897
0.3784705102443695
0.3734442889690399
0.37549498677253723
0.3742828369140625
0.3753649890422821
0.37608951330184937
0.3732675015926361
0.5326324105262756
0.40304258465766907
0.4230075180530548
0.3657461106777191
0.3798895478248596
0.3719162344932556
0.3760182559490204
0.376194030046463
0.37991347908973694
0.37167760729789734
0.37146854400634766
0.3729751706123352
0.3758475184440613
0.4806012809276581
0.40197640657424927
0.40276768803596497
0.3734550178050995
0.37443792819976807
0.3709474802017212
0.37173566222190857
0.3707917034626007
0.5201945900917053
0.3813634514808655
0.4279409646987915
0.40944981575012207
0.3941996991634369
0.37653759121894836
0.3757726550102234
0.3749006688594818
0.3773203194141388
0.37519004940986633
0.37486502528190613
0.37293359637260437
0.37503331899642944
0.37145623564720154
0.3727240562438965
0.3927999436855316
0.40513184666633606
0.38334065675735474
0.3743966817855835
0.3848779797554016
0.3753521144390106
0.37606820464134216
0.36909493803977966
0.3820195198059082
0.3860873878002167
0.3786814510822296
0.36932608485221863
0.3943062126636505
0.3777148723602295
0.3933931291103363
0.3774564862251282
0.3820384442806244
0.3683616518974304
0.3746131360530853
0.371936172246933
0.5360823273658752
0.5687170624732971
0.5028568506240845
0.4464433491230011
0.4338262379169464
0.4245445430278778
0.3814740777015686
0.3823448419570923
0.3935272693634033
0.3729484975337982
0.3765404224395752
0.3819833993911743
0.38172340393066406
0.47952714562416077
0.48028844594955444
0.4354807734489441
0.47224125266075134
0.39429721236228943
0.3820614516735077
0.41251128911972046
0.3878737986087799
0.37882164120674133
0.42560938000679016
0.38466042280197144
0.39344361424446106
0.3719750940799713
0.3769291937351227
0.37332120537757874
0.3721266984939575
0.40395990014076233
0.3972274959087372
0.3722226917743683
0.3800796866416931
0.3800795078277588
0.4738304615020752
0.4355892539024353
0.451082319021225
0.40419620275497437
0.38059237599372864
0.39789485931396484
0.3695257604122162
0.37602660059928894
0.3747102618217468
0.3727627098560333
0.3758256137371063
0.37431231141090393
0.3707490563392639
0.3699102997779846
0.36870479583740234
0.37668535113334656
0.45747658610343933
0.4430212080478668
0.3840351104736328
0.3867563307285309
0.4476924240589142
0.4952303469181061
0.3818264901638031
0.3900195360183716
0.37484240531921387
0.3680923879146576
0.3705959916114807
0.40532076358795166
0.3928222954273224
0.3730762004852295
0.46018198132514954
0.3640366494655609
0.4265264570713043
0.3892008364200592
0.3855037987232208
0.3855215311050415
0.41101694107055664
0.37947189807891846
0.37334567308425903
0.37473011016845703
0.4069909453392029
0.3855490982532501
0.3723389804363251
0.3715859055519104
0.3848313093185425
0.3693661093711853
0.3751640021800995
0.37136194109916687
0.36943528056144714
0.3696240484714508
0.3694259822368622
0.5202429890632629
0.4158753454685211
0.5194905400276184
0.3896903991699219
0.37577593326568604
0.3707433342933655
0.36936426162719727
0.41325387358665466
0.4095121920108795
0.3694840669631958
0.3798006474971771
0.3704703152179718
0.4095132052898407
0.4043416976928711
0.3742082715034485
0.3691345155239105
0.3740421533584595
0.3717852830886841
0.3780209720134735
0.37618905305862427
0.3719246983528137
0.37158647179603577
0.36950063705444336
0.3682137429714203
0.3688373565673828
0.36969560384750366
0.379488080739975
0.3780333995819092
0.3707984685897827
0.3701053559780121
0.3734319806098938
0.3780628442764282
0.3833736479282379
0.4021727442741394
0.4015011787414551
0.47746801376342773
0.49285462498664856
0.3747383952140808
0.39716482162475586
0.37946978211402893
0.388706237077713
0.3712466061115265
0.3706478178501129
0.36861488223075867
0.36877503991127014
0.4436485171318054
0.4474019408226013
0.376750648021698
0.3865639865398407
0.37150752544403076
0.3705475330352783
0.4169798791408539
0.39031997323036194
0.3733338713645935
0.37420976161956787
0.372042179107666
0.38919973373413086
0.37437182664871216
0.37682467699050903
0.3693390488624573
0.369148850440979
0.3739202916622162
0.3746855556964874
0.3693782389163971
0.39478832483291626
0.3787911832332611
0.37417036294937134
0.37052682042121887
0.37119361758232117
0.37244752049446106
0.3678840398788452
0.37276726961135864
0.3696824908256531
0.37110304832458496
0.3686140179634094
0.36833682656288147
0.36818400025367737
0.36833786964416504
0.3706955909729004
0.36924758553504944
0.36757349967956543
0.3846290111541748
0.44665995240211487
0.38533511757850647
0.382692813873291
0.3758907616138458
0.3835422098636627
0.3928564786911011
0.39262738823890686
0.3728591501712799
0.374193012714386
0.37687745690345764
0.37022754549980164
0.36971303820610046
0.370096355676651
0.370027095079422
0.37184828519821167
0.37828102707862854
0.3729592263698578
0.3763606548309326
0.38116002082824707
0.3713565170764923
0.37819167971611023
0.3843366205692291
0.3801407814025879
0.37027186155319214
0.3673979938030243
0.3678319752216339
0.36754879355430603
0.3678467571735382
0.3700736463069916
0.3710431456565857
0.3703468143939972
0.3695565462112427
0.36886194348335266
0.3693365752696991
0.36945581436157227
0.36885908246040344
0.3691275417804718
0.36974066495895386
0.3673957586288452
0.3672112822532654
0.3671335279941559
0.36722877621650696
0.36909759044647217
0.3683111071586609
0.3709820806980133
0.40768668055534363
0.4398270547389984
0.3746887445449829
0.37415269017219543
0.3837149739265442
0.3746722340583801
0.36806952953338623
0.3692905306816101
0.3684988021850586
0.367664635181427
0.367109477519989
0.36775022745132446
0.3675949275493622
0.3678421974182129
0.3714325428009033
0.38590121269226074
0.37532228231430054
0.3662779927253723
0.37352797389030457
0.3881126642227173
0.3694525957107544
0.3724016845226288
0.3714195489883423
0.3678489625453949
0.367011696100235
0.367150217294693
0.36861351132392883
0.3676205575466156
0.366790235042572
0.3970065712928772
0.4214114546775818
0.37476709485054016
0.3702085018157959
0.3657309412956238
0.37409499287605286
0.370810866355896
0.37244242429733276
0.38901540637016296
0.3722372055053711
0.3674496114253998
0.36870184540748596
0.366807222366333
0.36717015504837036
0.3673398196697235
0.41477563977241516
0.451614111661911
0.3761652112007141
0.36674025654792786
0.3671187162399292
0.366780161857605
0.37535449862480164
0.36934494972229004
0.3697008192539215
0.3714543282985687
0.37608757615089417
0.38026225566864014
0.368669331073761
0.3682608902454376
0.36797839403152466
0.3683534860610962
0.36750340461730957
0.3676625192165375
0.4013054072856903
0.4065731167793274
0.3791106045246124
0.3675523102283478
0.3681260943412781
0.36808496713638306
0.3683897852897644
0.36885878443717957
0.37457308173179626
0.368143767118454
0.36759012937545776
0.3694145083427429
0.36629360914230347
0.3698728382587433
0.3676655888557434
0.37363383173942566
0.3707104027271271
0.37045586109161377
0.36675921082496643
0.36767539381980896
0.36915266513824463
0.3675667345523834
0.3668575584888458
0.3665717542171478
0.3708057701587677
0.36941635608673096
0.3880002200603485
0.3734437823295593
0.3700011968612671
0.3677595853805542
0.36995670199394226
0.3791911005973816
0.36910581588745117
0.3770684599876404
0.3783264458179474
0.3657064437866211
0.369478315114975
0.37691405415534973
0.3895215392112732
0.37018582224845886
0.3661649227142334
0.3679616153240204
0.368515282869339
0.3756278157234192
0.3975169360637665
0.36892667412757874
0.3736438453197479
0.3716696500778198
0.36802101135253906
0.36623644828796387
0.3659987449645996
0.3666917383670807
0.3753444254398346
0.3765828311443329
0.3805740773677826
0.3813592791557312
0.3664134740829468
0.4154019057750702
0.4680013954639435
0.4109598994255066
0.3771049678325653
0.3693144917488098
0.3703081011772156
0.3674708902835846
0.36653921008110046
0.36433807015419006
0.36799725890159607
0.36741387844085693
0.3715054392814636
0.3847387731075287
0.37867972254753113
0.3682543933391571
0.3662155568599701
0.36820101737976074
0.3679322302341461
0.3659444749355316
0.3691257834434509
0.3760225176811218
0.36937686800956726
0.3656987249851227
0.3666767477989197
0.3674033284187317
0.3675451874732971
0.3661853075027466
0.3684132397174835
0.3674291968345642
0.36872750520706177
0.3703315854072571
0.36825212836265564
0.36519044637680054
0.3669157326221466
0.3689771890640259
0.36685648560523987
0.3660160005092621
0.3659851551055908
0.3656865954399109
0.36652469635009766
0.3663509488105774
0.3658105134963989
0.3659500777721405
0.3659861385822296
0.3656626045703888
0.3828493356704712
0.3967735469341278
0.38204705715179443
0.3712938129901886
0.36760804057121277
0.3675878942012787
0.3691571056842804
0.3756113350391388
0.3708125948905945
0.3662068247795105
0.37002161145210266
0.3698837161064148
0.3669370412826538
0.38521113991737366
0.3915661871433258
0.3710084557533264
0.366193026304245
0.3710845708847046
0.3663182854652405
0.3676831126213074
0.36939412355422974
0.36851704120635986
0.36811715364456177
0.36705857515335083
0.3658551871776581
0.3661150634288788
0.36496102809906006
0.3813452422618866
0.403560608625412
0.384211927652359
0.3872489929199219
0.3717142641544342
0.3669246733188629
0.3675997853279114
0.3686380684375763
0.36999189853668213
0.36832332611083984
0.3657527565956116
0.3654016852378845
0.3655538558959961
0.36586055159568787
0.3686686158180237
0.3692740201950073
0.36767715215682983
0.3650999069213867
0.3660360872745514
0.3687785863876343
0.37900781631469727
0.376407265663147
0.36913245916366577
0.367870032787323
0.3659389019012451
0.36550232768058777
0.36798009276390076
0.36537179350852966
0.365888774394989
0.36595091223716736
0.3658492863178253
0.3665876090526581
0.36595410108566284
0.36627089977264404
0.36652320623397827
0.3668093681335449
0.3668631911277771
0.3658238649368286
0.365898072719574
0.36642584204673767
0.36649611592292786
0.3658800423145294
0.36591607332229614
0.36589786410331726
0.3655226528644562
0.3655986785888672
0.36589980125427246
0.36551403999328613
0.3663555383682251
0.3703012466430664
0.37363776564598083
0.3684101998806
0.3660837709903717
0.3671099543571472
0.3680950999259949
0.3685092031955719
0.3656828999519348
0.36543282866477966
0.3655598759651184
0.3653946816921234
0.365468293428421
0.3658163845539093
0.3667479157447815
0.36638256907463074
0.3631117045879364
0.36710765957832336
0.3651398718357086
0.3736426830291748
0.3725960850715637
0.3665466010570526
0.3650702238082886
0.3654864728450775
0.3650229275226593
0.3656267821788788
0.3663714826107025
0.36528831720352173
0.3657037615776062
0.3704010844230652
0.3712531626224518
0.3676413893699646
0.36521363258361816
0.36531922221183777
0.3659084737300873
0.3656645119190216
0.3652098476886749
0.36508503556251526
0.36507126688957214
0.36574801802635193
0.3656153082847595
0.3654264509677887
0.3659365773200989
0.3649761378765106
0.365024596452713
0.3650943338871002
0.3651927709579468
0.3681005537509918
0.37908709049224854
0.3748883605003357
0.3678309917449951
0.3689132034778595
0.3656094968318939
0.3652206361293793
0.36534976959228516
0.365233451128006
0.36625784635543823
0.37210291624069214
0.368725061416626
0.3653348386287689
0.3684816062450409
0.366838663816452
0.3660372495651245
0.3654121458530426
0.3653883635997772
0.365215927362442
0.3633732199668884
0.3848133683204651
0.42874059081077576
0.4447653889656067
0.3838704526424408
0.36572548747062683
0.36960461735725403
0.36841443181037903
0.3660161793231964
0.3652035892009735
0.36519378423690796
0.36501914262771606
0.3656392991542816
0.365560919046402
0.36552363634109497
0.3654150664806366
0.366062194108963
0.3663944900035858
0.36623436212539673
0.3660835921764374
0.3672718107700348
0.36724376678466797
0.36685970425605774
0.3697281777858734
0.37111562490463257
0.3684929609298706
0.3682187795639038
0.36803656816482544
0.36561188101768494
0.36508458852767944
0.3660491704940796
0.36637377738952637
0.3659025728702545
0.365570068359375
0.3677028715610504
0.3791199028491974
0.38240352272987366
0.3766111135482788
0.3698391616344452
0.3662528395652771
0.36464807391166687
0.37224462628364563
0.3816981911659241
0.38934171199798584
0.38331684470176697
0.3713325262069702
0.36668580770492554
0.3650178909301758
0.36476871371269226
0.3648515045642853
0.3649117648601532
0.36516714096069336
0.3650461733341217
0.3652338683605194
0.3705175518989563
0.37957102060317993
0.37808316946029663
0.3724491596221924
0.36859163641929626
0.3662716746330261
0.3656419515609741
0.36461934447288513
0.36702418327331543
0.37108445167541504
0.37067392468452454
0.36530405282974243
0.3652733862400055
0.3654060363769531
0.3649517893791199
0.3647676408290863
0.36745062470436096
0.3678229749202728
0.36680376529693604
0.36586999893188477
0.3650456666946411
0.3651210367679596
0.364704430103302
0.3676058053970337
0.3681264817714691
0.36776959896087646
0.3675480782985687
0.36623242497444153
0.3651735186576843
0.36445972323417664
0.3650020658969879
0.3645990788936615
0.36448538303375244
0.365543395280838
0.3655979633331299
0.36500298976898193
0.38409486413002014
0.3979533314704895
0.39274758100509644
0.3807089924812317
0.3717404305934906
0.36726194620132446
0.3644426763057709
0.36429324746131897
0.36637821793556213
0.3660926818847656
0.3645121157169342
0.3645627796649933
0.36554795503616333
0.36938202381134033
0.3720250129699707
0.3719521462917328
0.3678736388683319
0.365431547164917
0.36443960666656494
0.3647671639919281
0.3647392988204956
0.3649454116821289
0.3651818335056305
0.3650287687778473
0.3649543523788452
0.3645363748073578
0.3645022213459015
0.36444544792175293
0.3643239140510559
0.3648216128349304
0.3646296560764313
0.36501356959342957
0.3677024245262146
0.3687094748020172
0.36760684847831726
0.36838066577911377
0.37076038122177124
0.3685635030269623
0.36678996682167053
0.36592310667037964
0.3651423156261444
0.3658491373062134
0.36718928813934326
0.36685267090797424
0.3652056157588959
0.36497962474823
0.3646842837333679
0.36440780758857727
0.3645052909851074
0.3643958270549774
0.3679514229297638
0.3695771098136902
0.3674054741859436
0.3673211634159088
0.3686416745185852
0.3676533102989197
0.3657163381576538
0.3648028075695038
0.36561670899391174
0.36550214886665344
0.3646225929260254
0.3645491898059845
0.3653964102268219
0.3649722635746002
0.365460067987442
0.3654557764530182
0.3649839460849762
0.3650103211402893
0.3644576966762543
0.3650877773761749
0.3647207021713257
0.3656027317047119
0.3655328154563904
0.36591458320617676
0.3644040524959564
0.3637962341308594
0.3670438528060913
0.3683622181415558
0.36690258979797363
0.36519572138786316
0.36569762229919434
0.37409624457359314
0.3798060119152069
0.3743898570537567
0.36864903569221497
0.3652511239051819
0.3638704717159271
0.3648105263710022
0.36522817611694336
0.3656495213508606
0.3655526638031006
0.36484766006469727
0.36404740810394287
0.3671475350856781
0.36781612038612366
0.368357390165329
0.3690188229084015
0.3661128580570221
0.36612367630004883
0.3673822581768036
0.36694732308387756
0.36711135506629944
0.3673558831214905
0.3639831244945526
0.3643013834953308
0.3651276230812073
0.3644316792488098
0.36448734998703003
0.36444205045700073
0.3645552098751068
0.3646780550479889
0.36379164457321167
0.3670141100883484
0.37296363711357117
0.3714636266231537
0.36731022596359253
0.365302711725235
0.3656933009624481
0.36592426896095276
0.3654152452945709
0.3649691641330719
0.364320307970047
0.36422309279441833
0.36456000804901123
0.36459672451019287
0.36435750126838684
0.36583212018013
0.3649570345878601
0.36408594250679016
0.3643418550491333
0.3644610643386841
0.3644539713859558
0.36453869938850403
0.3643413484096527
0.3642722964286804
0.36429375410079956
0.3716234564781189
0.37094002962112427
0.3671081066131592
0.36497950553894043
0.36435994505882263
0.3646470010280609
0.3647582232952118
0.36457937955856323
0.3656376302242279
0.3645155131816864
0.3643663227558136
0.3647085130214691
0.3645087480545044
0.364367812871933
0.3690372705459595
0.37324258685112
0.3716055452823639
0.3651372492313385
0.3645517826080322
0.3645089268684387
0.36535242199897766
0.3644741177558899
0.3653409779071808
0.36641955375671387
0.3674745559692383
0.36580321192741394
0.3651594817638397
0.36470845341682434
0.36440813541412354
0.3642285168170929
0.36429011821746826
0.36440950632095337
0.36435210704803467
0.3675055205821991
0.3794856667518616
0.383747935295105
0.37743937969207764
0.36842331290245056
0.3659372627735138
0.3643166720867157
0.3686656355857849
0.36932453513145447
0.3669563829898834
0.3644859492778778
0.3641364872455597
0.36426886916160583
0.3642377555370331
0.3639238178730011
0.3648637533187866
0.365262508392334
0.36530664563179016
0.36500075459480286
0.3654976189136505
0.3653162717819214
0.36480268836021423
0.3644607961177826
0.3644285500049591
0.3651537299156189
0.3652459383010864
0.36439990997314453
0.36483699083328247
0.3649684488773346
0.3661745488643646
0.36839690804481506
0.3669135868549347
0.3653428554534912
0.3645825982093811
0.36396071314811707
0.3640906512737274
0.3640572428703308
0.3678182363510132
0.365329384803772
0.3662268817424774
0.36641743779182434
0.36602720618247986
0.3667856454849243
0.366682767868042
0.36544695496559143
0.3648873567581177
0.36462217569351196
0.36430680751800537
0.3644421100616455
0.36431393027305603
0.3642209470272064
0.3641848564147949
0.36431771516799927
0.3668496310710907
0.3852423429489136
0.3884698748588562
0.3757002651691437
0.36871644854545593
0.3648461401462555
0.36431610584259033
0.36477264761924744
0.3646019995212555
0.36421892046928406
0.36555716395378113
0.36691558361053467
0.36961984634399414
0.3650999367237091
0.3668607473373413
0.36988595128059387
0.3839452564716339
0.39257916808128357
0.3844743072986603
0.3747035264968872
0.37027260661125183
0.36702489852905273
0.36540311574935913
0.364361047744751
0.3641855716705322
0.3641049265861511
0.36433929204940796
0.3642481863498688
0.364033967256546
0.3640252947807312
0.36406680941581726
0.36402690410614014
0.3644712567329407
0.36430230736732483
0.3639804422855377
0.36396774649620056
0.36433976888656616
0.364054799079895
0.36417773365974426
0.3641013503074646
0.36418241262435913
0.36415278911590576
0.3640698194503784
0.36458978056907654
0.36812087893486023
0.366916298866272
0.3661386966705322
0.3701043725013733
0.3717765808105469
0.37256526947021484
0.3703010678291321
0.36772608757019043
0.3664376437664032
0.36533668637275696
0.36507606506347656
0.3646635115146637
0.3645763695240021
0.3643019497394562
0.3640412390232086
0.363982230424881
0.3639669120311737
0.363982617855072
0.36399710178375244
0.36455628275871277
0.3645970821380615
0.3645817041397095
0.3646804988384247
0.3647550046443939
0.3646785318851471
0.3646165728569031
0.36478543281555176
0.3651352524757385
0.36444082856178284
0.36448490619659424
0.3641374111175537
0.36468926072120667
0.3648358881473541
0.3647639751434326
0.3645908832550049
0.364566445350647
0.3643694221973419
0.3644016981124878
0.3643173277378082
0.36406370997428894
0.36406034231185913
0.3641052544116974
0.3637452721595764
0.36368128657341003
0.36610281467437744
0.3672211766242981
0.3664383292198181
0.3659372627735138
0.36439916491508484
0.364568829536438
0.36406266689300537
0.36415237188339233
0.3641848564147949
0.36443188786506653
0.36403974890708923
0.3640160858631134
0.3640226125717163
0.36406970024108887
0.36412513256073
0.36396774649620056
0.3640039563179016
0.3641621768474579
0.36434799432754517
0.3660532236099243
0.36911728978157043
0.36922934651374817
0.3701741397380829
0.37151196599006653
0.3705417513847351
0.3687320649623871
0.3674493730068207
0.3651044964790344
0.364116907119751
0.3642561435699463
0.3641476035118103
0.3638250529766083
0.36440151929855347
0.36408764123916626
0.3640687167644501
0.3641524612903595
0.3640579581260681
0.36419978737831116
0.3641958236694336
0.3641848564147949
0.3628494441509247
0.36445844173431396
0.3675244152545929
0.37014222145080566
0.3696880042552948
0.3686671257019043
0.3676067888736725
0.36664608120918274
0.3658803701400757
0.36537814140319824
0.3649121820926666
0.3645746409893036
0.36444658041000366
0.36395588517189026
0.36405056715011597
0.36402979493141174
0.3639339506626129
0.3642440140247345
0.3640768826007843
0.3649807572364807
0.3652501702308655
0.3652459383010864
0.3650885820388794
0.36465197801589966
0.36441054940223694
0.36428511142730713
0.36413511633872986
0.3640900254249573
0.3643910884857178
0.364016056060791
0.3639056086540222
0.3640400469303131
0.3638843894004822
0.3639211356639862
0.36391738057136536
0.3638888895511627
0.36392268538475037
0.363925039768219
0.363933265209198
0.3639379143714905
0.3640211522579193
0.3640749752521515
0.36446747183799744
0.3648418188095093
0.3654773533344269
0.3656485974788666
0.3653193712234497
0.3650801181793213
0.3649957776069641
0.36467036604881287
0.3644167184829712
0.36412349343299866
0.36418241262435913
0.3638647496700287
0.3638957440853119
0.3639848232269287
0.36377453804016113
0.36440175771713257
0.36403411626815796
0.36380207538604736
0.36408376693725586
0.36387667059898376
0.36377662420272827
0.36373940110206604
0.3641185760498047
0.3642680048942566
0.3641883134841919
0.36411339044570923
0.3641034662723541
0.3641035854816437
0.3640819489955902
0.36407551169395447
0.3640325963497162
0.3640088140964508
0.36396360397338867
0.36411604285240173
0.36423584818840027
0.3653278052806854
0.36540570855140686
0.3652298152446747
0.3647805154323578
0.3642897605895996
0.3640817105770111
0.3640625774860382
0.3640913665294647
0.3639126718044281
0.36388272047042847
0.36377793550491333
0.3638872802257538
0.3639574646949768
0.3640594780445099
0.3639705777168274
0.36387237906455994
0.3638119697570801
0.36388471722602844
0.3641071319580078
0.36484959721565247
0.36513224244117737
0.3647787570953369
0.36455047130584717
0.36443081498146057
0.3644033968448639
0.36430421471595764
0.36420929431915283
0.3641599714756012
0.36413484811782837
0.3640921711921692
0.3640771210193634
0.3640668988227844
0.3640628755092621
0.3640769124031067
0.3641226887702942
0.36415746808052063
0.3642083406448364
0.3642078936100006
0.3642081320285797
0.364139586687088
0.3642211854457855
0.36424538493156433
0.36432909965515137
0.3643234670162201
0.3643670678138733
0.3644660413265228
0.36445152759552
0.3648425340652466
0.3652251362800598
0.36536267399787903
0.3653388023376465
0.3650778830051422
0.36499854922294617
0.3648892939090729
0.36481228470802307
0.3643096387386322
0.36390095949172974
0.363875150680542
0.36390578746795654
0.3638211488723755
0.36383458971977234
0.36383959650993347
0.3638770580291748
0.3638671934604645
0.3638549745082855
0.3638550043106079
0.363933265209198
0.363836407661438
0.36387982964515686
0.3638811409473419
0.3639237880706787
0.3639650344848633
0.36394381523132324
0.3639128804206848
0.3639223575592041
0.36401867866516113
0.3638981878757477
0.3639830946922302
0.36389052867889404
0.3638710677623749
0.3638133108615875
0.36382797360420227
0.36380672454833984
0.363829106092453
0.3638480305671692
0.36382588744163513
0.36388522386550903
0.363841712474823
0.36389976739883423
0.3639896810054779
0.3639383018016815
0.36395514011383057
0.36401689052581787
0.36402034759521484
0.364019513130188
0.36404716968536377
0.3641367256641388
0.3641453981399536
0.3641839027404785
0.364202082157135
0.36418306827545166
0.364200621843338
0.3640959858894348
0.3638896644115448
0.36401498317718506
0.3640674650669098
0.3640906512737274
0.3640922009944916
0.36409053206443787
0.363839715719223
0.36382606625556946
0.3638097643852234
0.36375129222869873
0.3638778030872345
0.3637921214103699
0.36379486322402954
0.36388805508613586
0.36382395029067993
0.36382895708084106
0.36380577087402344
0.3637939691543579
0.36378908157348633
0.36382532119750977
0.36381837725639343
0.3637877404689789
0.3637906312942505
0.3637542426586151
0.36384323239326477
0.36383959650993347
0.3638458251953125
0.36384138464927673
0.3638875186443329
0.363862007856369
0.3638652563095093
0.36383363604545593
0.36381998658180237
0.3638266921043396
0.3638707399368286
0.3638467490673065
0.36389920115470886
0.36388078331947327
0.36387166380882263
0.3638783395290375
0.36389055848121643
0.363870233297348
0.3638582229614258
0.363854318857193
0.3639359474182129
0.3638800084590912
0.36388516426086426
0.3638789653778076
0.3638821542263031
0.36394450068473816
0.363834947347641
0.36383065581321716
0.3638280928134918
0.3638458549976349
0.3638225793838501
0.36382952332496643
0.36383381485939026
0.36382830142974854
0.3638385534286499
0.36387956142425537
0.3638768494129181
0.36387383937835693
0.363944947719574
0.3639902174472809
0.3640872836112976
0.3642657697200775
0.36448240280151367
0.36473190784454346
0.3647746443748474
0.3648025095462799
0.3648361563682556
0.3648831844329834
0.3648754358291626
0.36471784114837646
0.36448314785957336
0.36451026797294617
0.3645091950893402
0.3644883632659912
0.3644491732120514
0.36451053619384766
0.36448216438293457
0.3642272353172302
0.3641069531440735
0.3640786409378052
0.36410579085350037
0.3640376031398773
0.3640381395816803
0.36402955651283264
0.3639495372772217
0.36386343836784363
0.36376285552978516
0.3637985289096832
0.3637782037258148
0.36379292607307434
0.36374813318252563
0.3637992739677429
0.3638680875301361
0.36385461688041687
0.3638472557067871
0.3638717234134674
0.36387377977371216
0.3638843595981598
0.3638823926448822
0.36386388540267944
0.36386802792549133
0.3638671934604645
0.36384260654449463
0.3639434278011322
0.36387601494789124
0.363829642534256
0.3637904226779938
0.3638778626918793
0.36387699842453003
0.3638922870159149
0.36386245489120483
0.3638017475605011
0.36386239528656006
0.36382582783699036
0.3638104796409607
0.36380377411842346
0.3638046085834503
0.3638037443161011
0.3638218939304352
