143.7857666015625
141.73606872558594
139.58213806152344
137.4344024658203
135.28346252441406
133.1632080078125
130.96673583984375
128.8106231689453
126.71153259277344
124.8019790649414
122.86058807373047
120.78150939941406
118.62440490722656
116.5667953491211
114.56144714355469
112.68672943115234
110.71851348876953
108.76727294921875
106.87571716308594
104.9413833618164
102.87174987792969
100.85816192626953
99.001220703125
97.04727172851562
94.99046325683594
93.02550506591797
91.1199722290039
89.22322845458984
87.15340423583984
85.14588165283203
83.09809875488281
81.19871520996094
79.36833953857422
77.33320617675781
75.22636413574219
73.08805084228516
70.67583465576172
68.36998748779297
66.31555938720703
64.39310455322266
62.31166076660156
60.231422424316406
58.221900939941406
56.2281379699707
54.33203125
52.35152053833008
50.406436920166016
48.55703353881836
46.59374237060547
44.646759033203125
42.542388916015625
40.56410598754883
38.57670974731445
36.491310119628906
34.48351287841797
32.653194427490234
30.76483154296875
28.69540786743164
26.672128677368164
24.581804275512695
22.674699783325195
20.658193588256836
18.651941299438477
16.64439582824707
14.800729751586914
12.982540130615234
11.212916374206543
9.325077056884766
7.43003511428833
5.4031291007995605
3.4189107418060303
1.630953073501587
0.8023166060447693
0.893667995929718
0.8687759637832642
0.7582307457923889
0.7758159041404724
0.7513646483421326
0.7262730002403259
0.7397659420967102
0.7798960208892822
0.7561692595481873
0.7108573913574219
0.7206771373748779
0.7150439620018005
0.705096423625946
0.6973642706871033
0.6880332827568054
0.6825274229049683
0.6799066066741943
0.6752375364303589
0.6790457963943481
0.674450159072876
0.6654669046401978
0.6617268323898315
0.6738043427467346
0.6576337814331055
0.6528114080429077
0.6646791696548462
0.6587646007537842
0.6471620202064514
0.647524356842041
0.6489845514297485
0.6318658590316772
0.6313523650169373
0.624426007270813
0.6200382113456726
0.6192622184753418
0.6174256205558777
0.6174553632736206
0.6092907190322876
0.6086517572402954
0.6065101623535156
0.600536048412323
0.5998610854148865
0.5953925848007202
0.5916258096694946
0.589191734790802
0.5885229706764221
0.5864941477775574
0.5810277462005615
0.5799345374107361
0.5799055695533752
0.5891715884208679
0.5754165649414062
0.5998339653015137
0.584956705570221
0.563078761100769
0.5621952414512634
0.5583888292312622
0.5561221241950989
0.5545526742935181
0.5521050095558167
0.5500077605247498
0.549698531627655
0.5532085299491882
0.560189962387085
0.5491609573364258
0.5400930643081665
0.5415868163108826
0.5356007814407349
0.5361820459365845
0.5356918573379517
0.5296793580055237
0.5313407182693481
0.5562934279441833
0.5345838069915771
0.5323993563652039
0.5577279925346375
0.5240320563316345
0.5232019424438477
0.516409158706665
0.5202215909957886
0.5290893316268921
0.5179833173751831
0.5228601098060608
0.5266305208206177
0.5134361386299133
0.5146384239196777
0.5047303438186646
0.5066369771957397
0.5065576434135437
0.5115023255348206
0.5177050232887268
0.588488757610321
0.5434092879295349
0.5118343830108643
0.5085382461547852
0.4949091970920563
0.48975828289985657
0.4893195331096649
0.4895881712436676
0.48686131834983826
0.4877271056175232
0.48630642890930176
0.4863041341304779
0.48347902297973633
0.4878738522529602
0.4866313338279724
0.4782973527908325
0.4878678023815155
0.48900389671325684
0.5081760883331299
0.5190858840942383
0.480444073677063
0.47595182061195374
0.47388583421707153
0.4696197211742401
0.4703715741634369
0.4682735502719879
0.46838417649269104
0.4683919847011566
0.4664093255996704
0.4646983742713928
0.4637816548347473
0.46549633145332336
0.46214497089385986
0.4612407386302948
0.46149349212646484
0.46946242451667786
0.473324716091156
0.4630593955516815
0.46204090118408203
0.4574446678161621
0.45589208602905273
0.4607248604297638
0.4646752178668976
0.45619580149650574
0.473632276058197
0.47194230556488037
0.4571693241596222
0.46088194847106934
0.4674026072025299
0.4465806186199188
0.45564520359039307
0.459212064743042
0.44763362407684326
0.4456687867641449
0.4424154460430145
0.44518566131591797
0.44274982810020447
0.44527667760849
0.4574400782585144
0.44583389163017273
0.43992114067077637
0.43953409790992737
0.4368695318698883
0.43909206986427307
0.4419797360897064
0.44729378819465637
0.43918418884277344
0.43582412600517273
0.4378149211406708
0.43317756056785583
0.4310174882411957
0.43179887533187866
0.43054038286209106
0.429208368062973
0.4349886476993561
0.4306756556034088
0.43394243717193604
0.4556754231452942
0.45801669359207153
0.4518202543258667
0.44431042671203613
0.4260860085487366
0.4261004328727722
0.45277920365333557
0.4435917139053345
0.4233936369419098
0.42857158184051514
0.4177711606025696
0.4282544255256653
0.4387766420841217
0.4213169515132904
0.4206671416759491
0.4194917678833008
0.41859257221221924
0.42469555139541626
0.4201008379459381
0.4189297556877136
0.41980475187301636
0.416780561208725
0.4209744930267334
0.41534706950187683
0.4155639111995697
0.41505247354507446
0.4127494692802429
0.42721202969551086
0.4236297011375427
0.41499072313308716
0.4153927266597748
0.41783568263053894
0.43539655208587646
0.41941431164741516
0.4207704961299896
0.4273465573787689
0.40829983353614807
0.4104129672050476
0.41025447845458984
0.43074342608451843
0.4217465817928314
0.41635024547576904
0.4102596044540405
0.4048968255519867
0.4052066206932068
0.40419086813926697
0.4031197428703308
0.40470901131629944
0.40276864171028137
0.4188883602619171
0.4309399724006653
0.4028165936470032
0.40262535214424133
0.4006905257701874
0.4015445113182068
0.4056698977947235
0.3999301791191101
0.4262534976005554
0.41430988907814026
0.40580910444259644
0.40337303280830383
0.39897751808166504
0.41298332810401917
0.4141191244125366
0.3973711431026459
0.398056298494339
0.3974614143371582
0.3953131437301636
0.39771556854248047
0.3961232006549835
0.39487552642822266
0.39366692304611206
0.40223219990730286
0.40092185139656067
0.41841229796409607
0.3939337134361267
0.39665278792381287
0.4017023742198944
0.400464802980423
0.3983090817928314
0.3949204087257385
0.3900894224643707
0.3904435932636261
0.3911747932434082
0.390713095664978
0.3961913585662842
0.3916153013706207
0.3888455331325531
0.3885221481323242
0.39290305972099304
0.39737534523010254
0.41982540488243103
0.4512406885623932
0.3923211693763733
0.39118462800979614
0.3881341516971588
0.388266921043396
0.3864021599292755
0.38827216625213623
0.3866916000843048
0.3862515985965729
0.38626226782798767
0.38656964898109436
0.3866104483604431
0.3872373700141907
0.38658982515335083
0.38787519931793213
0.3904589116573334
0.4041721522808075
0.3874534070491791
0.3847247064113617
0.3845566511154175
0.38395798206329346
0.38230186700820923
0.38267678022384644
0.38312065601348877
0.38162708282470703
0.3878794014453888
0.3832307755947113
0.389236181974411
0.3815345764160156
0.38091740012168884
0.38515204191207886
0.40979471802711487
0.39367449283599854
0.4208415746688843
0.38819271326065063
0.3793070912361145
0.42777588963508606
0.4160800874233246
0.42921122908592224
0.4238665699958801
0.38169065117836
0.4200545847415924
0.3883000612258911
0.3829188048839569
0.37969157099723816
0.38194236159324646
0.37726548314094543
0.37891215085983276
0.39217478036880493
0.3863987326622009
0.3844996392726898
0.3815275728702545
0.3777683675289154
0.37649771571159363
0.3750300705432892
0.37848806381225586
0.37841248512268066
0.3773716688156128
0.3991730809211731
0.3740406334400177
0.3736730217933655
0.3719804584980011
0.3805832862854004
0.3773547112941742
0.37738415598869324
0.37352821230888367
0.3907744884490967
0.38562536239624023
0.3776429295539856
0.376142680644989
0.37202948331832886
0.3728931248188019
0.39877939224243164
0.3962242603302002
0.39618897438049316
0.40979769825935364
0.43473389744758606
0.37209823727607727
0.3835581839084625
0.37124043703079224
0.37117794156074524
0.3713894784450531
0.3726491332054138
0.3729054629802704
0.3729749917984009
0.3968508243560791
0.40682968497276306
0.38881221413612366
0.3920113146305084
0.36914128065109253
0.3858414888381958
0.3780626654624939
0.3762616217136383
0.3744182884693146
0.3698548972606659
0.3757651448249817
0.37003207206726074
0.36884981393814087
0.3782103955745697
0.37079712748527527
0.3733975887298584
0.36924120783805847
0.3695789873600006
0.3714846670627594
0.3933969736099243
0.3822747468948364
0.37335342168807983
0.3765741288661957
0.378662109375
0.4054960608482361
0.3743787407875061
0.37412533164024353
0.3661137819290161
0.36711814999580383
0.3684470057487488
0.37706074118614197
0.3643972873687744
0.3741593062877655
0.3685697913169861
0.365395188331604
0.36806419491767883
0.36690276861190796
0.3653242886066437
0.364853173494339
0.36504730582237244
0.36406758427619934
0.36590448021888733
0.3642299771308899
0.3634398877620697
0.3657902479171753
0.36387836933135986
0.4484693109989166
0.3864577114582062
0.4194888770580292
0.3741423785686493
0.3846282362937927
0.3620339334011078
0.3757619857788086
0.3647252321243286
0.3625670075416565
0.36847254633903503
0.3646884262561798
0.36242568492889404
0.36360305547714233
0.3623514175415039
0.3663158118724823
0.36212512850761414
0.3926534950733185
0.3814280033111572
0.3953991234302521
0.44750475883483887
0.37028977274894714
0.3644963502883911
0.36041468381881714
0.3641766905784607
0.36040282249450684
0.3610435724258423
0.3619998097419739
0.36093032360076904
0.3597961366176605
0.4153101146221161
0.4537329077720642
0.3677474856376648
0.4025978446006775
0.357360303401947
0.36725184321403503
0.3614366054534912
0.3591536283493042
0.3616390824317932
0.40694287419319153
0.427476167678833
0.47885793447494507
0.38550952076911926
0.3771122694015503
0.3820919096469879
0.3649156987667084
0.3630255162715912
0.3628283441066742
0.36109796166419983
0.3566865622997284
0.3596035838127136
0.3579774498939514
0.35822057723999023
0.35742783546447754
0.3576367199420929
0.3599478304386139
0.3639487624168396
0.356441468000412
0.36063411831855774
0.35909420251846313
0.36001500487327576
0.3714001178741455
0.35863885283470154
0.3630581796169281
0.36020493507385254
0.3634433150291443
0.3603858947753906
0.38974031805992126
0.39223119616508484
0.408008337020874
0.3918510675430298
0.3708159327507019
0.357952356338501
0.3884635865688324
0.3617282211780548
0.40284833312034607
0.3665004074573517
0.36620578169822693
0.36695775389671326
0.3967265188694
0.35391008853912354
0.3604698181152344
0.3685305714607239
0.359051913022995
0.3565521836280823
0.3557482659816742
0.35550832748413086
0.36120089888572693
0.41029301285743713
0.3610808551311493
0.3782726526260376
0.3625709116458893
0.3618870973587036
0.3818100690841675
0.3785335123538971
0.3878985047340393
0.3643648326396942
0.3639654815196991
0.3546368479728699
0.3845572769641876
0.3710078299045563
0.3590409457683563
0.3700190484523773
0.36080941557884216
0.3574090301990509
0.3600904643535614
0.3692001402378082
0.36386576294898987
0.3540877401828766
0.3596217632293701
0.35859066247940063
0.3556022047996521
0.36060628294944763
0.3700331747531891
0.375595360994339
0.3768499791622162
0.3932262361049652
0.36916685104370117
0.3605772852897644
0.37579864263534546
0.35652798414230347
0.3559691905975342
0.34996289014816284
0.35478663444519043
0.35818618535995483
0.3571818768978119
0.3735831677913666
0.3579328954219818
0.3615819215774536
0.3551485538482666
0.3572361469268799
0.3577805459499359
0.3591364026069641
0.3577856719493866
0.3552788496017456
0.3518613278865814
0.35291624069213867
0.35304519534111023
0.35191968083381653
0.3540032207965851
0.35131070017814636
0.3518649935722351
0.35319292545318604
0.35075733065605164
0.3887879550457001
0.36577296257019043
0.3673000931739807
0.36388257145881653
0.4164069890975952
0.34833839535713196
0.37237492203712463
0.3535730242729187
0.35565078258514404
0.35088813304901123
0.3568791449069977
0.3568372428417206
0.3638979196548462
0.34991511702537537
0.3523373305797577
0.38309961557388306
0.3745502829551697
0.35230955481529236
0.3542722463607788
0.35367700457572937
0.3623999357223511
0.35803672671318054
0.35403120517730713
0.40418410301208496
0.3724571764469147
0.3554726839065552
0.3506341278553009
0.42245015501976013
0.38663673400878906
0.3601681888103485
0.3596135377883911
0.3568630516529083
0.35506558418273926
0.35268405079841614
0.3840489685535431
0.4015467166900635
0.35107383131980896
0.3614073693752289
0.36158689856529236
0.352545827627182
0.3503054976463318
0.35110804438591003
0.3578462600708008
0.3686608672142029
0.35648301243782043
0.3484771251678467
0.3776925802230835
0.410163938999176
0.357519268989563
0.43519020080566406
0.36366206407546997
0.37758955359458923
0.350799560546875
0.3475065529346466
0.47859829664230347
0.4004584550857544
0.3729076385498047
0.34805193543434143
0.3613939881324768
0.3484938144683838
0.3527614176273346
0.35013648867607117
0.35408487915992737
0.35071638226509094
0.3754214644432068
0.3564775884151459
0.34994491934776306
0.3537561893463135
0.4019243121147156
0.44950318336486816
0.45600461959838867
0.411565363407135
0.4270249903202057
0.36316561698913574
0.3687896132469177
0.3612932562828064
0.3482776880264282
0.3493308424949646
0.3507551848888397
0.3481766879558563
0.3488674461841583
0.34858253598213196
0.35265466570854187
0.3452432453632355
0.36398741602897644
0.35278183221817017
0.35564661026000977
0.34887591004371643
0.42508944869041443
0.39668428897857666
0.39135977625846863
0.4235880970954895
0.3583748936653137
0.3775380253791809
0.34976792335510254
0.3601841628551483
0.34901177883148193
0.35100057721138
0.34715545177459717
0.3484431803226471
0.35077911615371704
0.34750452637672424
0.3497565984725952
0.3502780497074127
0.34856748580932617
0.34800419211387634
0.3479374945163727
0.3494761884212494
0.45293447375297546
0.4129626154899597
0.3594204783439636
0.358390748500824
0.3477983772754669
0.3481796681880951
0.35465294122695923
0.34490278363227844
0.3539389669895172
0.34949991106987
0.34986209869384766
0.3492133319377899
0.3485533893108368
0.3471875488758087
0.3489287197589874
0.3463723659515381
0.3488599359989166
0.3517761528491974
0.35850396752357483
0.3497932553291321
0.4657520055770874
0.38865727186203003
0.38401326537132263
0.35623401403427124
0.39043477177619934
0.37464192509651184
0.34869512915611267
0.35040000081062317
0.3471587300300598
0.3596065938472748
0.3493628203868866
0.3499413728713989
0.3464067578315735
0.3600611686706543
0.3481222093105316
0.3527843654155731
0.35228031873703003
0.3529525101184845
0.35189712047576904
0.34652000665664673
0.3469902276992798
0.34640535712242126
0.3499199151992798
0.397032767534256
0.423860639333725
0.3543081283569336
0.3470325767993927
0.3483005166053772
0.3494318127632141
0.3470589518547058
0.3502454161643982
0.3557629883289337
0.3498946726322174
0.34640568494796753
0.3842962384223938
0.39212659001350403
0.34803298115730286
0.35146310925483704
0.3450055420398712
0.38360506296157837
0.365003764629364
0.3502615690231323
0.34957239031791687
0.3667794466018677
0.366035521030426
0.3467819094657898
0.3504703938961029
0.34966742992401123
0.3583710789680481
0.346572607755661
0.34696194529533386
0.3460623621940613
0.4199032485485077
0.38471871614456177
0.4079422056674957
0.3536943197250366
0.372789204120636
0.3698379397392273
0.4143500328063965
0.3522963523864746
0.5400809645652771
0.46312856674194336
0.3730197548866272
0.37564367055892944
0.3533889055252075
0.3476664125919342
0.3538471758365631
0.3505536913871765
0.38399839401245117
0.5370948910713196
0.3893870711326599
0.3651999831199646
0.34959807991981506
0.3745114207267761
0.3500423729419708
0.3545474112033844
0.3470615744590759
0.3470630645751953
0.4398078918457031
0.4383079409599304
0.4412454068660736
0.4493255913257599
0.4055948555469513
0.4119341969490051
0.34592440724372864
0.34506434202194214
0.3466508090496063
0.34780216217041016
0.3445344567298889
0.34710493683815
0.34555596113204956
0.34529462456703186
0.42604121565818787
0.4395444393157959
0.3455730378627777
0.3768332898616791
0.35390734672546387
0.34898248314857483
0.3451395034790039
0.347015380859375
0.34692463278770447
0.3465099036693573
0.3515404760837555
0.34509187936782837
0.3466813564300537
0.34560149908065796
0.3449304699897766
0.3480953574180603
0.34812408685684204
0.374952495098114
0.3565000295639038
0.3526102900505066
0.3501354157924652
0.3449433445930481
0.3445826768875122
0.34575632214546204
0.3449690043926239
0.34432944655418396
0.3483384847640991
0.35904091596603394
0.3626805543899536
0.35050663352012634
0.34577393531799316
0.3473352789878845
0.3469827473163605
0.3471367359161377
0.3467603325843811
0.34474384784698486
0.3442622423171997
0.3451102077960968
0.35497021675109863
0.3518073260784149
0.3454541265964508
0.3489093780517578
0.3466198146343231
0.3447566032409668
0.34601759910583496
0.347225546836853
0.3467676341533661
0.34612536430358887
0.3479977548122406
0.3474113345146179
0.34530889987945557
0.3447221517562866
0.344243586063385
0.3450407385826111
0.3447940945625305
0.34867599606513977
0.3529958128929138
0.3475187122821808
0.3485947251319885
0.353119432926178
0.3552877902984619
0.3489358723163605
0.35150203108787537
0.3495362102985382
0.3444700241088867
0.3452516496181488
0.34606635570526123
0.35289260745048523
0.3466309607028961
0.3587038516998291
0.35282662510871887
0.35139286518096924
0.35934683680534363
0.35450196266174316
0.3461938798427582
0.3490777015686035
0.3471800982952118
0.3462631404399872
0.344730406999588
0.3442179560661316
0.3440728783607483
0.3453788459300995
0.3469584882259369
0.3442823588848114
0.3610905706882477
0.3575514256954193
0.3555562198162079
0.34868159890174866
0.3438228666782379
0.3456067442893982
0.3446272611618042
0.3468453586101532
0.3466000556945801
0.34337541460990906
0.3447571396827698
0.3458445072174072
0.3456265330314636
0.344626247882843
0.3452484607696533
0.3474356234073639
0.34528231620788574
0.34453076124191284
0.3442520797252655
0.34511956572532654
0.3440329134464264
0.353218674659729
0.34755679965019226
0.38377177715301514
0.38325047492980957
0.34522971510887146
0.3765808343887329
0.38539981842041016
0.3464483320713043
0.34971094131469727
0.3466668128967285
0.3708033263683319
0.37830689549446106
0.34571272134780884
0.3439992666244507
0.34448176622390747
0.3451191186904907
0.3450150191783905
0.3495701849460602
0.34706172347068787
0.349652498960495
0.35136979818344116
0.34516075253486633
0.3480542004108429
0.3463653028011322
0.374796599149704
0.4036540389060974
0.3578867018222809
0.3486784100532532
0.34338709712028503
0.3496744632720947
0.3488592505455017
0.3440040051937103
0.3437584936618805
0.34493011236190796
0.34401148557662964
0.3438900411128998
0.3450874388217926
0.3449435532093048
0.3441668748855591
0.3451286852359772
0.34536024928092957
0.3610726296901703
0.3725535273551941
0.35198843479156494
0.344186931848526
0.3472689390182495
0.3582468330860138
0.3491247296333313
0.3448041081428528
0.34719404578208923
0.3440536856651306
0.3441973924636841
0.34405604004859924
0.3439179062843323
0.3746989667415619
0.39501070976257324
0.3497636914253235
0.34585562348365784
0.34691122174263
0.34904247522354126
0.34498143196105957
0.34325316548347473
0.34857091307640076
0.34757310152053833
0.3541679084300995
0.35687100887298584
0.345984548330307
0.34439846873283386
0.36062324047088623
0.3786885738372803
0.3628101348876953
0.35181891918182373
0.34463056921958923
0.34546464681625366
0.3452455401420593
0.3436320424079895
0.34331533312797546
0.3612916171550751
0.37572675943374634
0.35092002153396606
0.3434605300426483
0.3670721650123596
0.3720795214176178
0.3472858965396881
0.3529961109161377
0.3627663254737854
0.34494251012802124
0.3487894535064697
0.3495193123817444
0.34289512038230896
0.3439957797527313
0.3452378809452057
0.3444216549396515
0.3432578444480896
0.34358829259872437
0.34393447637557983
0.3452945351600647
0.3459870219230652
0.34670737385749817
0.34467950463294983
0.3436109721660614
0.34435755014419556
0.3495832681655884
0.349957138299942
0.342129111289978
0.3466228246688843
0.34426048398017883
0.3502092659473419
0.34324753284454346
0.3474649488925934
0.34537273645401
0.3442844748497009
0.3437528908252716
0.3444182872772217
0.3443658947944641
0.34365278482437134
0.34327173233032227
0.3434818685054779
0.3494856357574463
0.3434886932373047
0.3480239808559418
0.35255497694015503
0.3451983332633972
0.3454643785953522
0.34463807940483093
0.34634876251220703
0.3475487530231476
0.35664093494415283
0.3450313210487366
0.34639373421669006
0.34404194355010986
0.34433427453041077
0.3446100056171417
0.34390461444854736
0.3436811864376068
0.34459325671195984
0.34376710653305054
0.3492668867111206
0.3819730877876282
0.350690096616745
0.3441673815250397
0.3435392379760742
0.34417474269866943
0.3427163064479828
0.34391552209854126
0.3454878032207489
0.37212684750556946
0.3569922149181366
0.3529355227947235
0.3528454005718231
0.34479212760925293
0.35395318269729614
0.34966352581977844
0.3612827658653259
0.36206644773483276
0.3462493419647217
0.34341374039649963
0.3479948043823242
0.3464331030845642
0.3474579155445099
0.34648391604423523
0.34284457564353943
0.34498336911201477
0.34728366136550903
0.34257838129997253
0.3424925208091736
0.3431025445461273
0.34318807721138
0.34460216760635376
0.34480157494544983
0.34371769428253174
0.34428662061691284
0.344097375869751
0.3493652939796448
0.3447646200656891
0.3431980609893799
0.3438648581504822
0.3430260419845581
0.3463834822177887
0.3454177677631378
0.34222280979156494
0.34378325939178467
0.3430952727794647
0.3442036211490631
0.34381622076034546
0.3829299807548523
0.41143155097961426
0.354693204164505
0.3812639117240906
0.36330345273017883
0.3452770411968231
0.3528575599193573
0.3439498245716095
0.3584420680999756
0.34939390420913696
0.3428097367286682
0.34477394819259644
0.34398025274276733
0.3445208668708801
0.3754735589027405
0.3634926378726959
0.34224432706832886
0.3603615164756775
0.3667773902416229
0.359599769115448
0.3493938148021698
0.34326326847076416
0.346022367477417
0.3462020754814148
0.3449259400367737
0.3459639847278595
0.34826746582984924
0.3759745657444
0.3448712229728699
0.3525501489639282
0.3495633006095886
0.34312501549720764
0.3443337082862854
0.34380608797073364
0.3433673083782196
0.3470701277256012
0.3475917875766754
0.34358516335487366
0.38139021396636963
0.43029478192329407
0.3898991644382477
0.3486694395542145
0.3435365855693817
0.3425751030445099
0.3438042402267456
0.3421991467475891
0.3529653549194336
0.34565451741218567
0.3427439332008362
0.343106746673584
0.347144216299057
0.3478550314903259
0.3543163239955902
0.3605843186378479
0.35254207253456116
0.3451485335826874
0.3431687355041504
0.3434692621231079
0.3428719639778137
0.3430480360984802
0.34460723400115967
0.3466426730155945
0.3464754819869995
0.34366458654403687
0.34334051609039307
0.3427566885948181
0.34513160586357117
0.34384995698928833
0.34315258264541626
0.3434666097164154
0.34278830885887146
0.3430376648902893
0.34295281767845154
0.3458334803581238
0.3536781370639801
0.3534122407436371
0.34804609417915344
0.34495770931243896
0.34308385848999023
0.34322389960289
0.3438427746295929
0.3436988592147827
0.34571176767349243
0.3450678884983063
0.34402593970298767
0.3432387709617615
0.3427613377571106
0.3427761495113373
0.3428977131843567
0.34527257084846497
0.34475329518318176
0.3439834415912628
0.3431299924850464
0.3432719111442566
0.34380489587783813
0.34326663613319397
0.34471219778060913
0.34570011496543884
0.3562188148498535
0.3682236671447754
0.3562926948070526
0.3458470106124878
0.3432599902153015
0.34467706084251404
0.34607023000717163
0.3446102738380432
0.3452797830104828
0.3437569737434387
0.34440281987190247
0.3430599272251129
0.34217190742492676
0.3431149125099182
0.3429219424724579
0.34339654445648193
0.3429837226867676
0.3429836928844452
0.34319138526916504
0.3429776132106781
0.3426075279712677
0.3428458869457245
0.34396159648895264
0.34356650710105896
0.34411871433258057
0.3429752588272095
0.34522226452827454
0.3452960252761841
0.344074010848999
0.34303250908851624
0.3424564301967621
0.3435230255126953
0.3431086838245392
0.34276294708251953
0.3451192080974579
0.3463846445083618
0.3474668860435486
0.35099008679389954
0.3461977243423462
0.3431128263473511
0.3444729149341583
0.3431040644645691
0.34246912598609924
0.34317970275878906
0.3441178500652313
0.34403079748153687
0.34271007776260376
0.3451952636241913
0.3468359708786011
0.3466225564479828
0.3470051884651184
0.34587976336479187
0.34114113450050354
0.3462280035018921
0.3463576138019562
0.3428800702095032
0.3423166573047638
0.342803418636322
0.3430038392543793
0.34325313568115234
0.3429398536682129
0.3426859974861145
0.34314265847206116
0.3454643487930298
0.35003072023391724
0.350660115480423
0.3476535379886627
0.3450433313846588
0.3435403108596802
0.34287816286087036
0.342600554227829
0.3426963686943054
0.34266841411590576
0.3425891399383545
0.34249070286750793
0.34710198640823364
0.34529945254325867
0.3426888585090637
0.3425014913082123
0.3426210284233093
0.34260815382003784
0.3425717055797577
0.34265920519828796
0.3425319790840149
0.3436649739742279
0.3455556631088257
0.3455296754837036
0.34434688091278076
0.34316200017929077
0.3429606556892395
0.3426509201526642
0.3426641821861267
0.3427163064479828
0.34260293841362
0.342654287815094
0.343250572681427
0.34734418988227844
0.34500858187675476
0.3419784605503082
0.3437023460865021
0.3435470759868622
0.34316009283065796
0.3427157998085022
0.3427547514438629
0.34293699264526367
0.3423745930194855
0.3427431285381317
0.34430375695228577
0.3445451259613037
0.3459388315677643
0.34472641348838806
0.3418485224246979
0.3461420238018036
0.3474365174770355
0.3465298116207123
0.34323376417160034
0.3431021273136139
0.34263378381729126
0.34247317910194397
0.3434121310710907
0.3446268141269684
0.34563174843788147
0.3466593027114868
0.34673675894737244
0.3453112244606018
0.34506911039352417
0.3485592305660248
0.3504011034965515
0.3477725088596344
0.344867080450058
0.3432314991950989
0.34215670824050903
0.3449476957321167
0.3452765941619873
0.3450876772403717
0.3446723222732544
0.34359708428382874
0.3426169455051422
0.3424452543258667
0.3425506353378296
0.34260818362236023
0.34276801347732544
0.3430643677711487
0.34319204092025757
0.34327593445777893
0.3427139222621918
0.3426426649093628
0.342512309551239
0.3425007164478302
0.3426540195941925
0.3427029252052307
0.3428807854652405
0.3428319990634918
0.3428408205509186
0.34250152111053467
0.3426058292388916
0.34257984161376953
0.3425549268722534
0.34256160259246826
0.3424976170063019
0.3424740135669708
0.3424625098705292
0.3425423800945282
0.3425186276435852
0.3425147533416748
0.3426779806613922
0.3428482115268707
0.34231939911842346
0.34300166368484497
0.3424227237701416
0.3426944613456726
0.3419511020183563
0.3431817293167114
0.34317806363105774
0.34269940853118896
0.3425292670726776
0.3425329625606537
0.3428317606449127
0.34256184101104736
0.34403732419013977
0.34326809644699097
0.3437333405017853
0.3428151309490204
0.3427432179450989
0.342739075422287
0.34282350540161133
0.3428482115268707
0.34276083111763
0.3428070843219757
0.3427506685256958
0.3428559899330139
0.34322813153266907
0.3440454602241516
0.343875914812088
0.3439902663230896
0.343214213848114
0.34307101368904114
0.3427123725414276
0.34269028902053833
0.3427088260650635
0.3424256443977356
0.34243619441986084
0.3424628674983978
0.3427850604057312
0.34284764528274536
0.3431629538536072
0.34279927611351013
0.3434271216392517
0.3444124758243561
0.3445165157318115
0.3441455066204071
0.3436947166919708
0.34273090958595276
0.3425237536430359
0.3425893783569336
0.34271401166915894
0.34255966544151306
0.34260308742523193
0.3424762487411499
0.3424712121486664
0.3428598940372467
0.3448604643344879
0.3456760048866272
0.3448612093925476
0.34401753544807434
0.3432304263114929
0.34281983971595764
0.34321367740631104
0.3432265818119049
0.34317702054977417
0.3428882956504822
0.3429761826992035
0.3427693247795105
0.342486172914505
0.3424800932407379
0.3425373136997223
0.34254446625709534
0.3427606225013733
0.3413405418395996
0.3434631824493408
0.3441236913204193
0.3433816730976105
0.3429284393787384
0.3427383601665497
0.3422183692455292
0.34223976731300354
0.3425542414188385
0.3425924479961395
0.34253549575805664
0.3425397276878357
0.34260842204093933
0.342929482460022
0.34289833903312683
0.34283149242401123
0.34278571605682373
0.3427400290966034
0.34263548254966736
0.34255513548851013
0.3426406979560852
0.342498779296875
0.3425256609916687
0.34272879362106323
0.34245243668556213
0.3425063490867615
0.3425798714160919
0.34264683723449707
0.3427087664604187
0.342499315738678
0.34246957302093506
0.34243345260620117
0.342483788728714
0.3424922227859497
0.3425002992153168
0.34265637397766113
0.34256643056869507
0.34252962470054626
0.34399211406707764
0.34484782814979553
0.3448282778263092
0.34392639994621277
0.34303364157676697
0.34272369742393494
0.34241774678230286
0.34240490198135376
0.3424571454524994
0.34273022413253784
0.3427231013774872
0.3426622152328491
0.3423428237438202
0.3424205780029297
0.342627614736557
0.3427571654319763
0.3432857394218445
0.3435443937778473
0.343517005443573
0.343469500541687
0.3431893587112427
0.3428812325000763
0.3427315950393677
0.3425476551055908
0.3424888551235199
0.3424074947834015
0.34287029504776
0.3429264426231384
0.3427562117576599
0.342682808637619
0.342657208442688
0.34267500042915344
0.34258362650871277
0.3425529897212982
0.34250694513320923
0.3424610495567322
0.34252339601516724
0.3427894711494446
0.342842698097229
0.3429247736930847
0.34303218126296997
0.34311002492904663
0.3431689143180847
0.34312987327575684
0.3427949845790863
0.342063307762146
0.34251683950424194
0.34263160824775696
0.3426453471183777
0.34253576397895813
0.3426785469055176
0.3424307405948639
0.34247592091560364
0.34244275093078613
0.3425479829311371
0.34236258268356323
0.34250667691230774
0.3423747718334198
0.3424086570739746
0.3425590395927429
0.3425542712211609
0.3424943685531616
0.3424643874168396
0.3424653112888336
0.34260180592536926
0.3426966667175293
0.3428155779838562
0.3429546356201172
0.3430972099304199
0.34300151467323303
0.34297406673431396
0.34297147393226624
0.34335675835609436
0.34328997135162354
0.34326115250587463
0.3431299030780792
0.3428797125816345
0.3427952826023102
0.3426800072193146
0.3426234722137451
0.34249189496040344
0.34253132343292236
0.34268295764923096
0.3427698314189911
0.3428504765033722
0.3428329825401306
0.3427402377128601
0.3425978124141693
0.34254908561706543
0.3425188362598419
0.3425983786582947
0.3426058292388916
0.3426029682159424
0.3426395654678345
0.3427993357181549
0.3429465889930725
0.342961847782135
0.34293174743652344
0.3428143262863159
0.3424876034259796
0.342584490776062
0.34250378608703613
0.3424972593784332
0.3425414562225342
0.34230467677116394
0.3425199091434479
0.342438668012619
0.34246188402175903
0.3425368666648865
0.3430158793926239
0.343008428812027
0.3430936634540558
0.3430447578430176
0.342976450920105
0.34294429421424866
0.34274598956108093
0.34281250834465027
0.3425998091697693
0.3425977826118469
0.3426295816898346
0.34266147017478943
0.34258031845092773
0.34258735179901123
0.3425602614879608
0.3425818383693695
0.3425312042236328
0.3423813581466675
0.3424505889415741
0.3424259126186371
0.34239327907562256
0.3424297571182251
0.3424508571624756
0.3424518406391144
0.342460572719574
0.34250515699386597
0.3425116539001465
0.34250307083129883
0.34252387285232544
0.342486172914505
0.34248432517051697
0.3426165282726288
0.3426295518875122
0.34260544180870056
0.34255626797676086
0.3428364396095276
0.3427204191684723
0.34288209676742554
0.3429539203643799
0.3428393006324768
0.3430595099925995
0.3431362807750702
0.3431309461593628
0.3436746597290039
0.34417039155960083
0.34434089064598083
0.3442027270793915
0.34380829334259033
0.3436635732650757
0.3435066044330597
0.343437522649765
0.3432947099208832
0.34288591146469116
0.3428267240524292
0.3427976667881012
0.3427703380584717
0.34268707036972046
0.34257885813713074
0.34255078434944153
0.34255659580230713
0.3425542116165161
0.34255272150039673
0.3425252139568329
0.34250929951667786
0.3425776958465576
0.3425048291683197
0.3424883484840393
0.34248223900794983
0.3425000011920929
0.3425385057926178
0.3425428569316864
0.34256240725517273
0.34262385964393616
0.34260454773902893
0.342598021030426
0.34263789653778076
0.3425406515598297
0.3425311744213104
0.3425276279449463
0.34248068928718567
0.3424460291862488
0.34245097637176514
0.3424532115459442
0.34244605898857117
0.342464804649353
0.3424420952796936
0.34244123101234436
0.3424844443798065
0.34245169162750244
0.3424478769302368
0.3424871861934662
0.3424138128757477
0.3423915505409241
0.3425014019012451
0.3425314724445343
0.34270381927490234
0.34266582131385803
0.34294942021369934
0.34314480423927307
0.3432444930076599
0.3432553708553314
0.34322676062583923
0.3430963158607483
0.3430608808994293
0.3430275022983551
0.343067467212677
0.343269020318985
0.3432614207267761
0.3432113230228424
0.3431764245033264
0.3431472182273865
0.3431251645088196
0.3431492745876312
0.3432009518146515
0.3431853950023651
0.34314829111099243
0.3431166410446167
0.3431043326854706
0.3430386185646057
0.3430105447769165
0.34294748306274414
0.34292441606521606
0.34289953112602234
0.3427063226699829
0.3427179157733917
0.342682421207428
0.3426019847393036
0.3425755798816681
0.3425856828689575
0.34250515699386597
0.3424992561340332
0.34253501892089844
0.34247246384620667
0.3426004648208618
0.34268033504486084
0.3428305387496948
0.3428744971752167
0.3429529070854187
0.3430444896221161
0.3431115448474884
0.34308528900146484
0.3430096209049225
0.34302130341529846
0.3431132435798645
0.3431554138660431
0.3430995047092438
0.3428615629673004
0.3426828384399414
0.34276869893074036
0.3428305685520172
0.34282436966896057
0.3427484929561615
0.3427540361881256
0.3426750898361206
0.3426612913608551
0.3426454961299896
0.3426128029823303
0.34260591864585876
0.3426065444946289
0.3426024317741394
0.3425895869731903
0.34259140491485596
0.3426104187965393
0.3425825536251068
0.3425391614437103
0.3424711525440216
0.3424510359764099
0.3424583077430725
0.34244945645332336
0.3424496054649353
0.3424296975135803
0.3424510657787323
0.34243056178092957
0.34242522716522217
0.3424299359321594
0.3424341678619385
0.34243887662887573
0.342472106218338
0.3424849510192871
0.34247690439224243
0.3424898684024811
0.342515766620636
0.34255585074424744
0.342596173286438
0.34259793162345886
0.3425946831703186
0.3425963222980499
0.34259939193725586
0.34260326623916626
0.34261924028396606
0.34259533882141113
0.342602014541626
0.34258443117141724
0.34259888529777527
0.34259915351867676
0.3426266610622406
0.34264934062957764
0.3426591753959656
0.34268125891685486
0.3426811099052429
0.34267356991767883
0.3426760137081146
0.34269312024116516
0.34268662333488464
0.34268274903297424
0.34266752004623413
0.34265756607055664
0.34264877438545227
0.342643141746521
0.3426341712474823
0.34265631437301636
0.3426506221294403
0.3426535129547119
0.34266945719718933
0.34264642000198364
0.3426325023174286
0.3425949513912201
0.34260094165802
0.3425869941711426
0.34258660674095154
0.3425731062889099
0.3425503373146057
0.34255269169807434
0.3425256907939911
0.3425337076187134
0.3425101637840271
0.3425188958644867
0.3425339162349701
0.3425467014312744
0.3425651788711548
0.34256190061569214
0.3425552248954773
0.3425489366054535
0.34253209829330444
0.3425007462501526
0.3425028920173645
0.3425202965736389
0.3424880802631378
0.3425646722316742
0.34256231784820557
0.34259170293807983
0.34261682629585266
0.3426109552383423
0.3426162004470825
0.34260815382003784
0.3426018953323364
0.34260180592536926
0.3426375985145569
0.3426329791545868
0.3426254987716675
0.34262433648109436
0.3426115810871124
0.34266501665115356
0.3426649570465088
0.34271547198295593
0.3427110016345978
0.34271255135536194
0.34271514415740967
0.34271740913391113
0.34271669387817383
0.34271377325057983
0.34270891547203064
0.3426980972290039
0.34269317984580994
0.3426884412765503
0.3426857590675354
0.3426814377307892
0.342704176902771
0.3427104651927948
0.3427011966705322
0.3426889181137085
0.3426857888698578
0.3426841199398041
0.3426854610443115
0.3426766097545624
0.342669278383255
0.342670202255249
0.3426729738712311
0.34265628457069397
0.342672199010849
0.34260842204093933
0.3425973355770111
0.34258344769477844
0.342617005109787
0.3425995111465454
0.3426456153392792
0.34265780448913574
0.342660129070282
0.3426521420478821
0.3426561653614044
0.34265652298927307
0.34269052743911743
0.3426871597766876
0.3426531255245209
0.34266167879104614
0.3426342010498047
0.34262940287590027
0.34262728691101074
0.342619389295578
0.3426347076892853
0.34263214468955994
0.34260520339012146
0.3426060676574707
0.3426046073436737
0.3426022529602051
0.34259507060050964
0.3425934612751007
0.3425932824611664
0.342587411403656
0.3426048159599304
0.3426050841808319
0.3425971269607544
0.3425907492637634
0.3425772190093994
0.3426169455051422
0.34262892603874207
0.342631071805954
0.34262794256210327
0.3426233232021332
0.34262534976005554
0.3426222503185272
0.3426225483417511
0.3426215946674347
0.34262213110923767
0.3426109552383423
0.34257474541664124
0.34255850315093994
0.34255844354629517
0.3425483703613281
0.3425511121749878
0.3425433933734894
0.34255528450012207
0.3425474464893341
0.3425479829311371
0.3425467610359192
0.342538982629776
0.34253010153770447
0.34252843260765076
