0.4859813153743744
0.5545171499252319
0.573208749294281
0.6277258396148682
0.6604361534118652
0.6993769407272339
0.6682242751121521
0.6433022022247314
0.5950155854225159
0.618380069732666
0.7398753762245178
0.6651090383529663
0.6479750871658325
0.8021807074546814
0.7601246237754822
0.6744548082351685
0.6308411359786987
0.672897219657898
0.65887850522995
0.7429906725883484
0.6199377179145813
0.6869158744812012
0.7009345889091492
0.7352024912834167
0.718068540096283
0.7289719581604004
0.7694703936576843
0.7445482611656189
0.6822429895401001
0.6791277527809143
0.7663551568984985
0.6806853413581848
0.7165108919143677
0.7601246237754822
0.672897219657898
0.6479750871658325
0.6214953064918518
0.6666666865348816
0.6370716691017151
0.663551390171051
0.7149532437324524
0.6869158744812012
0.6791277527809143
0.6168224215507507
0.5965732336044312
0.736760139465332
0.7897196412086487
0.7601246237754822
0.7570093274116516
0.7990654110908508
0.6526479721069336
0.7663551568984985
0.7928348779678345
0.8208722472190857
0.7928348779678345
0.8177570104598999
0.8068535923957825
0.8380062580108643
0.8146417737007141
0.8255451917648315
0.7943925261497498
0.7352024912834167
0.7990654110908508
0.8052959442138672
0.736760139465332
0.8099688291549683
0.763239860534668
0.8130841255187988
0.6853582262992859
0.8161993622779846
0.7056074738502502
0.827102780342102
0.7414330244064331
0.7554517388343811
0.7616822719573975
0.7554517388343811
0.8161993622779846
0.7429906725883484
0.8348909616470337
0.8302180767059326
0.8333333134651184
0.8208722472190857
0.8037382960319519
0.7881619930267334
0.6869158744812012
0.7710280418395996
0.7507787942886353
0.8161993622779846
0.767912745475769
0.6822429895401001
0.672897219657898
0.7352024912834167
0.781931459903717
0.8442367315292358
0.6978192925453186
0.6978192925453186
0.7414330244064331
0.777258574962616
0.8302180767059326
0.6214953064918518
0.6838006377220154
0.6214953064918518
0.7383177280426025
0.7554517388343811
0.7912772297859192
0.6495327353477478
0.718068540096283
0.6931464076042175
0.7975077629089355
0.7897196412086487
0.8021807074546814
0.7087227702140808
0.8208722472190857
0.8146417737007141
0.7616822719573975
0.8146417737007141
0.8006230592727661
0.7928348779678345
0.8286604285240173
0.8395638465881348
0.7647975087165833
0.777258574962616
0.7196261882781982
0.7507787942886353
0.7990654110908508
0.7741432785987854
0.8302180767059326
0.836448609828949
0.8193146586418152
0.8473520278930664
0.836448609828949
0.8177570104598999
0.8006230592727661
0.8084112405776978
0.8161993622779846
0.8380062580108643
0.8255451917648315
0.7009345889091492
0.7741432785987854
0.822429895401001
0.8239875435829163
0.7616822719573975
0.65887850522995
0.7476635575294495
0.6978192925453186
0.6947040557861328
0.8177570104598999
0.7056074738502502
0.8426791429519653
0.8426791429519653
0.7866043448448181
0.7928348779678345
0.7943925261497498
0.7538940906524658
0.7725856900215149
0.6292834877967834
0.6682242751121521
0.8052959442138672
0.6931464076042175
0.7710280418395996
0.7834891080856323
0.677570104598999
0.7445482611656189
0.7647975087165833
0.8068535923957825
0.8068535923957825
0.8177570104598999
0.8473520278930664
0.8177570104598999
0.8348909616470337
0.6853582262992859
0.8115264773368835
0.7647975087165833
0.8333333134651184
0.836448609828949
0.8317757248878479
0.8021807074546814
0.7601246237754822
0.7149532437324524
0.7834891080856323
0.7647975087165833
0.7211837768554688
0.7523364424705505
0.767912745475769
0.736760139465332
0.7585669755935669
0.7850467562675476
0.8146417737007141
0.8115264773368835
0.7647975087165833
0.8068535923957825
0.8348909616470337
0.8348909616470337
0.8302180767059326
0.8239875435829163
0.7928348779678345
0.8084112405776978
0.7647975087165833
0.777258574962616
0.8457943797111511
0.8286604285240173
0.8239875435829163
0.8161993622779846
0.7975077629089355
0.8161993622779846
0.8426791429519653
0.8333333134651184
0.8068535923957825
0.836448609828949
0.736760139465332
0.7445482611656189
0.7554517388343811
0.7897196412086487
0.677570104598999
0.7507787942886353
0.7741432785987854
0.7990654110908508
0.8395638465881348
0.7445482611656189
0.781931459903717
0.7881619930267334
0.7881619930267334
0.8115264773368835
0.8457943797111511
0.8317757248878479
0.8208722472190857
0.8208722472190857
0.8348909616470337
0.8317757248878479
0.836448609828949
0.8302180767059326
0.8395638465881348
0.8302180767059326
0.8457943797111511
0.8473520278930664
0.8457943797111511
0.8052959442138672
0.8457943797111511
0.7881619930267334
0.7834891080856323
0.777258574962616
0.8084112405776978
0.7866043448448181
0.7803738117218018
0.8317757248878479
0.8239875435829163
0.8426791429519653
0.7601246237754822
0.8006230592727661
0.8489096760749817
0.8348909616470337
0.7741432785987854
0.8037382960319519
0.8302180767059326
0.8426791429519653
0.8286604285240173
0.8457943797111511
0.8302180767059326
0.8457943797111511
0.795950174331665
0.7118380069732666
0.7476635575294495
0.7975077629089355
0.827102780342102
0.8348909616470337
0.8161993622779846
0.7990654110908508
0.8317757248878479
0.8068535923957825
0.6900311708450317
0.7523364424705505
0.8177570104598999
0.6806853413581848
0.7834891080856323
0.8286604285240173
0.7289719581604004
0.8161993622779846
0.781931459903717
0.836448609828949
0.8348909616470337
0.7928348779678345
0.8037382960319519
0.8395638465881348
0.8348909616470337
0.7928348779678345
0.763239860534668
0.8068535923957825
0.8302180767059326
0.8255451917648315
0.8177570104598999
0.8457943797111511
0.8302180767059326
0.8380062580108643
0.8457943797111511
0.8130841255187988
0.8286604285240173
0.8333333134651184
0.8333333134651184
0.8457943797111511
0.8302180767059326
0.8333333134651184
0.8380062580108643
0.8052959442138672
0.7165108919143677
0.6495327353477478
0.6806853413581848
0.6931464076042175
0.8208722472190857
0.8333333134651184
0.8457943797111511
0.8582554459571838
0.836448609828949
0.8520249128341675
0.8380062580108643
0.8006230592727661
0.8286604285240173
0.8099688291549683
0.84112149477005
0.827102780342102
0.8333333134651184
0.8333333134651184
0.8130841255187988
0.736760139465332
0.7461059093475342
0.8068535923957825
0.8504672646522522
0.8068535923957825
0.8317757248878479
0.8442367315292358
0.8380062580108643
0.8348909616470337
0.8193146586418152
0.7009345889091492
0.7570093274116516
0.7757009267807007
0.7663551568984985
0.7056074738502502
0.7803738117218018
0.8084112405776978
0.7881619930267334
0.7788162231445312
0.8348909616470337
0.8504672646522522
0.8489096760749817
0.8286604285240173
0.8395638465881348
0.8395638465881348
0.8520249128341675
0.827102780342102
0.8115264773368835
0.827102780342102
0.822429895401001
0.8286604285240173
0.8006230592727661
0.8037382960319519
0.7866043448448181
0.8426791429519653
0.8504672646522522
0.836448609828949
0.8333333134651184
0.84112149477005
0.8006230592727661
0.8489096760749817
0.8535825610160828
0.795950174331665
0.8317757248878479
0.8489096760749817
0.8286604285240173
0.8380062580108643
0.6666666865348816
0.7165108919143677
0.7398753762245178
0.8021807074546814
0.8348909616470337
0.8380062580108643
0.836448609828949
0.8317757248878479
0.7725856900215149
0.84112149477005
0.6838006377220154
0.7461059093475342
0.7383177280426025
0.7757009267807007
0.8426791429519653
0.8068535923957825
0.8426791429519653
0.84112149477005
0.8489096760749817
0.8489096760749817
0.8395638465881348
0.7943925261497498
0.8084112405776978
0.8473520278930664
0.8052959442138672
0.827102780342102
0.7507787942886353
0.7507787942886353
0.7118380069732666
0.7492212057113647
0.7398753762245178
0.7912772297859192
0.822429895401001
0.8333333134651184
0.7694703936576843
0.7647975087165833
0.7570093274116516
0.7881619930267334
0.7850467562675476
0.7788162231445312
0.767912745475769
0.7834891080856323
0.677570104598999
0.7601246237754822
0.8006230592727661
0.8426791429519653
0.8333333134651184
0.8395638465881348
0.8442367315292358
0.6417445540428162
0.8348909616470337
0.7663551568984985
0.7741432785987854
0.84112149477005
0.836448609828949
0.8457943797111511
0.7601246237754822
0.7928348779678345
0.827102780342102
0.8317757248878479
0.8442367315292358
0.8457943797111511
0.8457943797111511
0.8426791429519653
0.8489096760749817
0.8037382960319519
0.7928348779678345
0.8193146586418152
0.836448609828949
0.8426791429519653
0.8457943797111511
0.8489096760749817
0.8395638465881348
0.8037382960319519
0.8317757248878479
0.8457943797111511
0.8473520278930664
0.8520249128341675
0.7725856900215149
0.8052959442138672
0.8286604285240173
0.8177570104598999
0.8582554459571838
0.8317757248878479
0.8426791429519653
0.8504672646522522
0.836448609828949
0.7897196412086487
0.822429895401001
0.732087254524231
0.722741425037384
0.6962617039680481
0.7912772297859192
0.7523364424705505
0.8130841255187988
0.8380062580108643
0.84112149477005
0.822429895401001
0.8473520278930664
0.8193146586418152
0.8115264773368835
0.8239875435829163
0.8317757248878479
0.8504672646522522
0.8520249128341675
0.8380062580108643
0.8255451917648315
0.8457943797111511
0.84112149477005
0.8473520278930664
0.8161993622779846
0.7133956551551819
0.7352024912834167
0.7476635575294495
0.8208722472190857
0.8348909616470337
0.8146417737007141
0.8302180767059326
0.836448609828949
0.8504672646522522
0.781931459903717
0.767912745475769
0.8177570104598999
0.8037382960319519
0.7850467562675476
0.8380062580108643
0.8317757248878479
0.8442367315292358
0.8489096760749817
0.8380062580108643
0.8566977977752686
0.8068535923957825
0.8286604285240173
0.8504672646522522
0.855140209197998
0.7165108919143677
0.722741425037384
0.7523364424705505
0.7476635575294495
0.7538940906524658
0.7725856900215149
0.7975077629089355
0.8566977977752686
0.8021807074546814
0.8473520278930664
0.827102780342102
0.8473520278930664
0.855140209197998
0.8115264773368835
0.8177570104598999
0.8099688291549683
0.8395638465881348
0.8348909616470337
0.8208722472190857
0.7834891080856323
0.7663551568984985
0.7897196412086487
0.7881619930267334
0.8037382960319519
0.7757009267807007
0.7741432785987854
0.7165108919143677
0.8161993622779846
0.8380062580108643
0.8520249128341675
0.8426791429519653
0.7429906725883484
0.7710280418395996
0.7476635575294495
0.8115264773368835
0.827102780342102
0.7149532437324524
0.777258574962616
0.8395638465881348
0.8457943797111511
0.8115264773368835
0.8504672646522522
0.8504672646522522
0.8193146586418152
0.8193146586418152
0.7803738117218018
0.8037382960319519
0.827102780342102
0.7975077629089355
0.8380062580108643
0.7102803587913513
0.7461059093475342
0.7710280418395996
0.8177570104598999
0.8208722472190857
0.8208722472190857
0.7616822719573975
0.795950174331665
0.8395638465881348
0.8021807074546814
0.8037382960319519
0.8395638465881348
0.8193146586418152
0.7928348779678345
0.8504672646522522
0.8084112405776978
0.8068535923957825
0.822429895401001
0.7881619930267334
0.7445482611656189
0.8473520278930664
0.8084112405776978
0.8208722472190857
0.8255451917648315
0.7990654110908508
0.84112149477005
0.8426791429519653
0.8457943797111511
0.836448609828949
0.8504672646522522
0.8146417737007141
0.7757009267807007
0.7881619930267334
0.7601246237754822
0.8052959442138672
0.7881619930267334
0.8348909616470337
0.8193146586418152
0.7990654110908508
0.8535825610160828
0.8177570104598999
0.8333333134651184
0.777258574962616
0.822429895401001
0.8442367315292358
0.7289719581604004
0.7710280418395996
0.7710280418395996
0.7165108919143677
0.6947040557861328
0.6838006377220154
0.777258574962616
0.8317757248878479
0.8489096760749817
0.8442367315292358
0.8380062580108643
0.7928348779678345
0.8161993622779846
0.8489096760749817
0.8489096760749817
0.8052959442138672
0.8504672646522522
0.8520249128341675
0.8473520278930664
0.836448609828949
0.8317757248878479
0.8535825610160828
0.8457943797111511
0.8426791429519653
0.8504672646522522
0.8473520278930664
0.8520249128341675
0.8442367315292358
0.8520249128341675
0.8037382960319519
0.8380062580108643
0.8426791429519653
0.8161993622779846
0.8520249128341675
0.8504672646522522
0.8457943797111511
0.8535825610160828
0.8520249128341675
0.836448609828949
0.8442367315292358
0.8177570104598999
0.7943925261497498
0.8115264773368835
0.8380062580108643
0.855140209197998
0.763239860534668
0.795950174331665
0.8426791429519653
0.84112149477005
0.8457943797111511
0.84112149477005
0.84112149477005
0.8380062580108643
0.822429895401001
0.7928348779678345
0.8161993622779846
0.8302180767059326
0.7258567214012146
0.7943925261497498
0.827102780342102
0.781931459903717
0.7943925261497498
0.84112149477005
0.7866043448448181
0.781931459903717
0.795950174331665
0.8255451917648315
0.8333333134651184
0.8317757248878479
0.8442367315292358
0.8457943797111511
0.8457943797111511
0.7694703936576843
0.8006230592727661
0.8177570104598999
0.8146417737007141
0.8535825610160828
0.7803738117218018
0.8021807074546814
0.8130841255187988
0.827102780342102
0.777258574962616
0.8130841255187988
0.7881619930267334
0.8317757248878479
0.8504672646522522
0.8317757248878479
0.855140209197998
0.8442367315292358
0.8520249128341675
0.7912772297859192
0.84112149477005
0.8302180767059326
0.8177570104598999
0.8084112405776978
0.7928348779678345
0.7757009267807007
0.8037382960319519
0.8504672646522522
0.8457943797111511
0.7710280418395996
0.827102780342102
0.8255451917648315
0.7881619930267334
0.777258574962616
0.7133956551551819
0.7975077629089355
0.7928348779678345
0.8598130941390991
0.8535825610160828
0.8520249128341675
0.8473520278930664
0.8504672646522522
0.8520249128341675
0.8333333134651184
0.8380062580108643
0.8520249128341675
0.8426791429519653
0.8520249128341675
0.855140209197998
0.8520249128341675
0.8317757248878479
0.8442367315292358
0.8395638465881348
0.8068535923957825
0.7476635575294495
0.7414330244064331
0.7788162231445312
0.8146417737007141
0.8395638465881348
0.8473520278930664
0.827102780342102
0.7601246237754822
0.8037382960319519
0.7741432785987854
0.8239875435829163
0.8380062580108643
0.8146417737007141
0.836448609828949
0.8395638465881348
0.8457943797111511
0.8504672646522522
0.8084112405776978
0.8239875435829163
0.8348909616470337
0.7928348779678345
0.7834891080856323
0.8333333134651184
0.8457943797111511
0.8302180767059326
0.8598130941390991
0.8598130941390991
0.84112149477005
0.8348909616470337
0.8535825610160828
0.8520249128341675
0.8489096760749817
0.8286604285240173
0.8535825610160828
0.8520249128341675
0.8473520278930664
0.8457943797111511
0.8457943797111511
0.8582554459571838
0.8380062580108643
0.8489096760749817
0.8520249128341675
0.8426791429519653
0.8380062580108643
0.8520249128341675
0.855140209197998
0.8535825610160828
0.855140209197998
0.8520249128341675
0.8395638465881348
0.8380062580108643
0.8489096760749817
0.7975077629089355
0.8333333134651184
0.8535825610160828
0.8473520278930664
0.8566977977752686
0.836448609828949
0.8504672646522522
0.8566977977752686
0.84112149477005
0.8457943797111511
0.8504672646522522
0.8598130941390991
0.8473520278930664
0.8473520278930664
0.8535825610160828
0.8566977977752686
0.8520249128341675
0.8473520278930664
0.8535825610160828
0.8535825610160828
0.8566977977752686
0.8504672646522522
0.84112149477005
0.7943925261497498
0.8395638465881348
0.8566977977752686
0.855140209197998
0.8504672646522522
0.763239860534668
0.8161993622779846
0.8457943797111511
0.8504672646522522
0.8473520278930664
0.8489096760749817
0.8520249128341675
0.8582554459571838
0.8442367315292358
0.8520249128341675
0.8504672646522522
0.8582554459571838
0.8582554459571838
0.8457943797111511
0.8302180767059326
0.8489096760749817
0.84112149477005
0.8504672646522522
0.827102780342102
0.822429895401001
0.8504672646522522
0.8504672646522522
0.8582554459571838
0.855140209197998
0.8333333134651184
0.7990654110908508
0.8286604285240173
0.84112149477005
0.8520249128341675
0.8535825610160828
0.822429895401001
0.8395638465881348
0.8598130941390991
0.8535825610160828
0.8380062580108643
0.8208722472190857
0.8395638465881348
0.8317757248878479
0.8161993622779846
0.7975077629089355
0.8333333134651184
0.8520249128341675
0.8582554459571838
0.8473520278930664
0.8395638465881348
0.8239875435829163
0.8473520278930664
0.8177570104598999
0.8520249128341675
0.855140209197998
0.8566977977752686
0.8457943797111511
0.8442367315292358
0.8489096760749817
0.8520249128341675
0.795950174331665
0.8395638465881348
0.8598130941390991
0.8598130941390991
0.855140209197998
0.8239875435829163
0.8520249128341675
0.8582554459571838
0.855140209197998
0.8457943797111511
0.84112149477005
0.8644859790802002
0.8504672646522522
0.8520249128341675
0.8644859790802002
0.8644859790802002
0.8535825610160828
0.8442367315292358
0.8535825610160828
0.8566977977752686
0.8504672646522522
0.8644859790802002
0.8317757248878479
0.8582554459571838
0.855140209197998
0.8629283308982849
0.8457943797111511
0.8161993622779846
0.836448609828949
0.8598130941390991
0.8520249128341675
0.8566977977752686
0.8504672646522522
0.8598130941390991
0.8598130941390991
0.8520249128341675
0.855140209197998
0.8676012754440308
0.8489096760749817
0.8629283308982849
0.8660436272621155
0.8302180767059326
0.84112149477005
0.84112149477005
0.8457943797111511
0.8489096760749817
0.8566977977752686
0.822429895401001
0.8426791429519653
0.855140209197998
0.8520249128341675
0.8566977977752686
0.8052959442138672
0.8442367315292358
0.8177570104598999
0.8177570104598999
0.8535825610160828
0.8582554459571838
0.8535825610160828
0.8520249128341675
0.8504672646522522
0.8566977977752686
0.855140209197998
0.8566977977752686
0.8598130941390991
0.8629283308982849
0.84112149477005
0.8473520278930664
0.8613707423210144
0.8535825610160828
0.8566977977752686
0.8146417737007141
0.8302180767059326
0.7461059093475342
0.8115264773368835
0.8473520278930664
0.8473520278930664
0.8598130941390991
0.8582554459571838
0.8520249128341675
0.8598130941390991
0.8239875435829163
0.8457943797111511
0.8566977977752686
0.8598130941390991
0.8442367315292358
0.8504672646522522
0.8380062580108643
0.8348909616470337
0.8333333134651184
0.8395638465881348
0.7943925261497498
0.7912772297859192
0.836448609828949
0.8457943797111511
0.8473520278930664
0.8582554459571838
0.8535825610160828
0.855140209197998
0.8286604285240173
0.822429895401001
0.8520249128341675
0.827102780342102
0.8535825610160828
0.8489096760749817
0.855140209197998
0.8598130941390991
0.8208722472190857
0.8489096760749817
0.8442367315292358
0.8535825610160828
0.8566977977752686
0.8582554459571838
0.8535825610160828
0.8566977977752686
0.8582554459571838
0.8582554459571838
0.8598130941390991
0.8566977977752686
0.8566977977752686
0.8504672646522522
0.8348909616470337
0.8535825610160828
0.8566977977752686
0.8520249128341675
0.8239875435829163
0.84112149477005
0.8613707423210144
0.8177570104598999
0.8489096760749817
0.8021807074546814
0.8255451917648315
0.8239875435829163
0.8504672646522522
0.8457943797111511
0.8582554459571838
0.8442367315292358
0.8333333134651184
0.8333333134651184
0.8426791429519653
0.8504672646522522
0.8457943797111511
0.8489096760749817
0.8566977977752686
0.8426791429519653
0.7663551568984985
0.8146417737007141
0.8255451917648315
0.836448609828949
0.8535825610160828
0.8473520278930664
0.8457943797111511
0.855140209197998
0.8520249128341675
0.855140209197998
0.7710280418395996
0.8380062580108643
0.8489096760749817
0.8566977977752686
0.855140209197998
0.8177570104598999
0.8146417737007141
0.8442367315292358
0.8582554459571838
0.8535825610160828
0.8520249128341675
0.8535825610160828
0.8535825610160828
0.8676012754440308
0.8582554459571838
0.8566977977752686
0.8598130941390991
0.7912772297859192
0.8317757248878479
0.855140209197998
0.8473520278930664
0.8598130941390991
0.8582554459571838
0.8520249128341675
0.8566977977752686
0.8535825610160828
0.8473520278930664
0.8566977977752686
0.827102780342102
0.8333333134651184
0.8068535923957825
0.8457943797111511
0.84112149477005
0.8582554459571838
0.8255451917648315
0.8535825610160828
0.8582554459571838
0.8629283308982849
0.84112149477005
0.8504672646522522
0.84112149477005
0.855140209197998
0.8598130941390991
0.8520249128341675
0.8613707423210144
0.7663551568984985
0.7834891080856323
0.84112149477005
0.8535825610160828
0.8457943797111511
0.8566977977752686
0.8489096760749817
0.8660436272621155
0.8442367315292358
0.8426791429519653
0.8489096760749817
0.836448609828949
0.8255451917648315
0.8255451917648315
0.8535825610160828
0.8239875435829163
0.8317757248878479
0.8566977977752686
0.8660436272621155
0.8084112405776978
0.8302180767059326
0.822429895401001
0.8442367315292358
0.8006230592727661
0.795950174331665
0.8457943797111511
0.8489096760749817
0.8489096760749817
0.8535825610160828
0.8395638465881348
0.8598130941390991
0.8566977977752686
0.8598130941390991
0.8457943797111511
0.8520249128341675
0.8566977977752686
0.855140209197998
0.8504672646522522
0.8006230592727661
0.8006230592727661
0.8286604285240173
0.8426791429519653
0.8286604285240173
0.8161993622779846
0.8286604285240173
0.8520249128341675
0.8598130941390991
0.8660436272621155
0.8582554459571838
0.8489096760749817
0.855140209197998
0.8644859790802002
0.8598130941390991
0.8707165122032166
0.855140209197998
0.8520249128341675
0.8629283308982849
0.8644859790802002
0.8520249128341675
0.836448609828949
0.855140209197998
0.8473520278930664
0.8629283308982849
0.855140209197998
0.8395638465881348
0.84112149477005
0.8504672646522522
0.8348909616470337
0.855140209197998
0.8504672646522522
0.8520249128341675
0.8348909616470337
0.8426791429519653
0.8520249128341675
0.8504672646522522
0.8582554459571838
0.8613707423210144
0.8489096760749817
0.8582554459571838
0.8582554459571838
0.8598130941390991
0.8286604285240173
0.8582554459571838
0.8676012754440308
0.8613707423210144
0.8457943797111511
0.8489096760749817
0.8629283308982849
0.8535825610160828
0.8613707423210144
0.8504672646522522
0.8395638465881348
0.8660436272621155
0.8660436272621155
0.8722741603851318
0.8660436272621155
0.8629283308982849
0.8660436272621155
0.8520249128341675
0.8535825610160828
0.8566977977752686
0.8582554459571838
0.8598130941390991
0.8566977977752686
0.8613707423210144
0.8099688291549683
0.8052959442138672
0.8177570104598999
0.8566977977752686
0.8535825610160828
0.8208722472190857
0.8146417737007141
0.7538940906524658
0.7788162231445312
0.8286604285240173
0.827102780342102
0.8535825610160828
0.8504672646522522
0.8520249128341675
0.8177570104598999
0.8395638465881348
0.8566977977752686
0.827102780342102
0.8333333134651184
0.8535825610160828
0.8598130941390991
0.8239875435829163
0.8457943797111511
0.8613707423210144
0.8582554459571838
0.855140209197998
0.8239875435829163
0.8520249128341675
0.8613707423210144
0.8473520278930664
0.8333333134651184
0.8582554459571838
0.8598130941390991
0.8504672646522522
0.8629283308982849
0.8613707423210144
0.8629283308982849
0.8676012754440308
0.8676012754440308
0.8582554459571838
0.8660436272621155
0.8582554459571838
0.8582554459571838
0.8676012754440308
0.8520249128341675
0.8613707423210144
0.8566977977752686
0.8566977977752686
0.8629283308982849
0.8566977977752686
0.8644859790802002
0.8613707423210144
0.8613707423210144
0.8535825610160828
0.8504672646522522
0.8566977977752686
0.8582554459571838
0.8535825610160828
0.8613707423210144
0.8582554459571838
0.8582554459571838
0.8613707423210144
0.8239875435829163
0.8504672646522522
0.8457943797111511
0.8520249128341675
0.8644859790802002
0.8613707423210144
0.8613707423210144
0.8644859790802002
0.8426791429519653
0.8504672646522522
0.8566977977752686
0.855140209197998
0.8566977977752686
0.8629283308982849
0.8208722472190857
0.8426791429519653
0.8629283308982849
0.8598130941390991
0.8535825610160828
0.8691588640213013
0.8644859790802002
0.827102780342102
0.8660436272621155
0.8582554459571838
0.8613707423210144
0.8613707423210144
0.8582554459571838
0.8473520278930664
0.8598130941390991
0.8598130941390991
0.8021807074546814
0.836448609828949
0.8426791429519653
0.855140209197998
0.8613707423210144
0.8566977977752686
0.8504672646522522
0.84112149477005
0.8473520278930664
0.8598130941390991
0.855140209197998
0.8722741603851318
0.8691588640213013
0.8006230592727661
0.855140209197998
0.8644859790802002
0.8660436272621155
0.7663551568984985
0.8084112405776978
0.7990654110908508
0.8395638465881348
0.8317757248878479
0.8644859790802002
0.8520249128341675
0.84112149477005
0.8021807074546814
0.8099688291549683
0.7866043448448181
0.8535825610160828
0.8582554459571838
0.8426791429519653
0.8566977977752686
0.8598130941390991
0.8629283308982849
0.8629283308982849
0.8535825610160828
0.8535825610160828
0.8644859790802002
0.8676012754440308
0.8582554459571838
0.8660436272621155
0.8629283308982849
0.8582554459571838
0.8613707423210144
0.8676012754440308
0.8613707423210144
0.8707165122032166
0.8598130941390991
0.8691588640213013
0.8598130941390991
0.8660436272621155
0.8629283308982849
0.8707165122032166
0.8566977977752686
0.8676012754440308
0.8598130941390991
0.8738317489624023
0.8598130941390991
0.8566977977752686
0.8707165122032166
0.8598130941390991
0.8738317489624023
0.8598130941390991
0.8644859790802002
0.8582554459571838
0.8644859790802002
0.855140209197998
0.8629283308982849
0.8753893971443176
0.8676012754440308
0.8566977977752686
0.8644859790802002
0.8644859790802002
0.8722741603851318
0.8520249128341675
0.8691588640213013
0.8644859790802002
0.8629283308982849
0.8613707423210144
0.8707165122032166
0.8644859790802002
0.8520249128341675
0.8535825610160828
0.855140209197998
0.8520249128341675
0.8566977977752686
0.8644859790802002
0.8644859790802002
0.8489096760749817
0.8722741603851318
0.8629283308982849
0.8691588640213013
0.8582554459571838
0.8582554459571838
0.8660436272621155
0.8380062580108643
0.8520249128341675
0.8660436272621155
0.8566977977752686
0.8660436272621155
0.8504672646522522
0.8566977977752686
0.8426791429519653
0.8707165122032166
0.8115264773368835
0.8722741603851318
0.8598130941390991
0.8691588640213013
0.8676012754440308
0.8800622820854187
0.8738317489624023
0.8535825610160828
0.8644859790802002
0.8738317489624023
0.8566977977752686
0.8785046935081482
0.8676012754440308
0.8566977977752686
0.8629283308982849
0.8660436272621155
0.8613707423210144
0.8629283308982849
0.8644859790802002
0.8644859790802002
0.8629283308982849
0.8598130941390991
0.8380062580108643
0.8520249128341675
0.8473520278930664
0.8566977977752686
0.8582554459571838
0.8660436272621155
0.855140209197998
0.8535825610160828
0.84112149477005
0.8489096760749817
0.8644859790802002
0.8629283308982849
0.8613707423210144
0.8613707423210144
0.8676012754440308
0.8644859790802002
0.8660436272621155
0.8676012754440308
0.8535825610160828
0.8629283308982849
0.8676012754440308
0.8738317489624023
0.8629283308982849
0.8504672646522522
0.8442367315292358
0.836448609828949
0.8660436272621155
0.8582554459571838
0.8598130941390991
0.8629283308982849
0.855140209197998
0.8660436272621155
0.8582554459571838
0.8598130941390991
0.8566977977752686
0.8504672646522522
0.8504672646522522
0.8644859790802002
0.8613707423210144
0.855140209197998
0.8676012754440308
0.7757009267807007
0.8660436272621155
0.8068535923957825
0.8520249128341675
0.8629283308982849
0.8629283308982849
0.8457943797111511
0.8676012754440308
0.8566977977752686
0.8660436272621155
0.8613707423210144
0.8629283308982849
0.8598130941390991
0.8613707423210144
0.8629283308982849
0.8644859790802002
0.8660436272621155
0.8629283308982849
0.8395638465881348
0.8566977977752686
0.8566977977752686
0.8676012754440308
0.8691588640213013
0.8582554459571838
0.822429895401001
0.8738317489624023
0.8535825610160828
0.8598130941390991
0.8598130941390991
0.8660436272621155
0.8566977977752686
0.8613707423210144
0.8676012754440308
0.8598130941390991
0.8598130941390991
0.8489096760749817
0.8644859790802002
0.8582554459571838
0.8660436272621155
0.8629283308982849
0.8660436272621155
0.8707165122032166
0.8722741603851318
0.8613707423210144
0.8707165122032166
0.8582554459571838
0.8722741603851318
0.8660436272621155
0.8520249128341675
0.8613707423210144
0.8644859790802002
0.8613707423210144
0.8722741603851318
0.8660436272621155
0.8769470453262329
0.8676012754440308
0.8582554459571838
0.8644859790802002
0.8644859790802002
0.8660436272621155
0.8644859790802002
0.855140209197998
0.8380062580108643
0.8629283308982849
0.8613707423210144
0.8707165122032166
0.8613707423210144
0.8691588640213013
0.8613707423210144
0.8348909616470337
0.8644859790802002
0.8722741603851318
0.8753893971443176
0.8691588640213013
0.8395638465881348
0.8566977977752686
0.8722741603851318
0.8691588640213013
0.8629283308982849
0.8598130941390991
0.8753893971443176
0.8707165122032166
0.8644859790802002
0.8707165122032166
0.8473520278930664
0.8676012754440308
0.8629283308982849
0.8380062580108643
0.8676012754440308
0.8535825610160828
0.8535825610160828
0.8629283308982849
0.8629283308982849
0.8644859790802002
0.8613707423210144
0.8457943797111511
0.8629283308982849
0.84112149477005
0.855140209197998
0.8707165122032166
0.8660436272621155
0.8644859790802002
0.8707165122032166
0.8660436272621155
0.8722741603851318
0.8613707423210144
0.8193146586418152
0.8520249128341675
0.8707165122032166
0.8629283308982849
0.8629283308982849
0.8722741603851318
0.8707165122032166
0.8457943797111511
0.8566977977752686
0.8707165122032166
0.8722741603851318
0.8738317489624023
0.8644859790802002
0.8707165122032166
0.8660436272621155
0.8691588640213013
0.8629283308982849
0.8707165122032166
0.8691588640213013
0.8535825610160828
0.8395638465881348
0.8707165122032166
0.8566977977752686
0.8691588640213013
0.8504672646522522
0.84112149477005
0.8644859790802002
0.8426791429519653
0.8566977977752686
0.8566977977752686
0.8613707423210144
0.8738317489624023
0.855140209197998
0.8676012754440308
0.8722741603851318
0.8644859790802002
0.8629283308982849
0.8707165122032166
0.8598130941390991
0.8707165122032166
0.8738317489624023
0.8676012754440308
0.8660436272621155
0.8660436272621155
0.8629283308982849
0.8535825610160828
0.8644859790802002
0.8722741603851318
0.8598130941390991
0.8676012754440308
0.8676012754440308
0.855140209197998
0.8582554459571838
0.8598130941390991
0.8629283308982849
0.8566977977752686
0.8707165122032166
0.8676012754440308
0.8473520278930664
0.8738317489624023
0.8644859790802002
0.8676012754440308
0.8676012754440308
0.8598130941390991
0.8395638465881348
0.836448609828949
0.8426791429519653
0.8660436272621155
0.8504672646522522
0.8582554459571838
0.8676012754440308
0.8660436272621155
0.8722741603851318
0.8660436272621155
0.8753893971443176
0.8348909616470337
0.8644859790802002
0.8707165122032166
0.8629283308982849
0.8691588640213013
0.8644859790802002
0.8676012754440308
0.8598130941390991
0.8753893971443176
0.8644859790802002
0.8738317489624023
0.8691588640213013
0.8473520278930664
0.8644859790802002
0.8644859790802002
0.8738317489624023
0.8707165122032166
0.8644859790802002
0.8691588640213013
0.8676012754440308
0.8676012754440308
0.8676012754440308
0.8785046935081482
0.8177570104598999
0.8629283308982849
0.8535825610160828
0.8722741603851318
0.8613707423210144
0.8676012754440308
0.8738317489624023
0.8535825610160828
0.8613707423210144
0.8691588640213013
0.8629283308982849
0.8644859790802002
0.8722741603851318
0.8691588640213013
0.8676012754440308
0.8707165122032166
0.8629283308982849
0.8348909616470337
0.8722741603851318
0.8738317489624023
0.8722741603851318
0.8644859790802002
0.8738317489624023
0.8660436272621155
0.8691588640213013
0.8722741603851318
0.8333333134651184
0.8535825610160828
0.8566977977752686
0.8800622820854187
0.8660436272621155
0.8676012754440308
0.8800622820854187
0.8738317489624023
0.8691588640213013
0.8676012754440308
0.8644859790802002
0.8582554459571838
0.8691588640213013
0.8520249128341675
0.8582554459571838
0.8644859790802002
0.8566977977752686
0.8426791429519653
0.8489096760749817
0.8785046935081482
0.8785046935081482
0.8660436272621155
0.8691588640213013
0.8738317489624023
0.8613707423210144
0.8520249128341675
0.8676012754440308
0.8691588640213013
0.8691588640213013
0.8691588640213013
0.8613707423210144
0.8660436272621155
0.8691588640213013
0.8660436272621155
0.8644859790802002
0.7897196412086487
0.836448609828949
0.8598130941390991
0.8489096760749817
0.8644859790802002
0.8722741603851318
0.8380062580108643
0.8738317489624023
0.8691588640213013
0.8707165122032166
0.8644859790802002
0.8691588640213013
0.8691588640213013
0.8613707423210144
0.8629283308982849
0.8676012754440308
0.8676012754440308
0.8489096760749817
0.8442367315292358
0.8535825610160828
0.8629283308982849
0.8629283308982849
0.8598130941390991
0.8644859790802002
0.8691588640213013
0.8722741603851318
0.8676012754440308
0.8629283308982849
0.8598130941390991
0.8644859790802002
0.8660436272621155
0.8660436272621155
0.8691588640213013
0.8629283308982849
0.8660436272621155
0.8644859790802002
0.8629283308982849
0.8644859790802002
0.8707165122032166
0.8738317489624023
0.8722741603851318
0.8489096760749817
0.8644859790802002
0.8380062580108643
0.8722741603851318
0.8722741603851318
0.8660436272621155
0.8644859790802002
0.8598130941390991
0.8660436272621155
0.8660436272621155
0.855140209197998
0.8255451917648315
0.8707165122032166
0.8644859790802002
0.8644859790802002
0.8691588640213013
0.8691588640213013
0.8722741603851318
0.8707165122032166
0.8395638465881348
0.8582554459571838
0.8629283308982849
0.8535825610160828
0.8676012754440308
0.8707165122032166
0.8613707423210144
0.8691588640213013
0.8535825610160828
0.8785046935081482
0.8691588640213013
0.8598130941390991
0.8598130941390991
0.8629283308982849
0.8707165122032166
0.8442367315292358
0.8535825610160828
0.8239875435829163
0.8738317489624023
0.8707165122032166
0.8566977977752686
0.8722741603851318
0.8707165122032166
0.8707165122032166
0.8691588640213013
0.8738317489624023
0.8769470453262329
0.8753893971443176
0.8753893971443176
0.8707165122032166
0.8707165122032166
0.8831775784492493
0.8800622820854187
0.8831775784492493
0.8878504633903503
0.881619930267334
0.8769470453262329
0.8769470453262329
0.8769470453262329
0.8753893971443176
0.8707165122032166
0.8800622820854187
0.8785046935081482
0.8582554459571838
0.8738317489624023
0.8707165122032166
0.8753893971443176
0.8738317489624023
0.8753893971443176
0.8707165122032166
0.8738317489624023
0.8660436272621155
0.8753893971443176
0.8582554459571838
0.8738317489624023
0.8644859790802002
0.8800622820854187
0.8785046935081482
0.8738317489624023
0.8769470453262329
0.8582554459571838
0.8738317489624023
0.8722741603851318
0.8660436272621155
0.8660436272621155
0.8691588640213013
0.8831775784492493
0.8753893971443176
0.8753893971443176
0.8800622820854187
0.8753893971443176
0.8598130941390991
0.8707165122032166
0.7990654110908508
0.8722741603851318
0.8753893971443176
0.8707165122032166
0.8676012754440308
0.8676012754440308
0.8707165122032166
0.8753893971443176
0.8800622820854187
0.881619930267334
0.8644859790802002
0.8707165122032166
0.8753893971443176
0.8520249128341675
0.8707165122032166
0.8691588640213013
0.8722741603851318
0.8676012754440308
0.8753893971443176
0.8691588640213013
0.8738317489624023
0.8785046935081482
0.8769470453262329
0.8738317489624023
0.881619930267334
0.8785046935081482
0.8738317489624023
0.8753893971443176
0.8738317489624023
0.8707165122032166
0.8738317489624023
0.8722741603851318
0.8660436272621155
0.8785046935081482
0.8753893971443176
0.8691588640213013
0.8691588640213013
0.8753893971443176
0.8738317489624023
0.8753893971443176
0.8753893971443176
0.8800622820854187
0.8722741603851318
0.8738317489624023
0.8753893971443176
0.8753893971443176
0.8753893971443176
0.8785046935081482
0.8629283308982849
0.8644859790802002
0.8753893971443176
0.8722741603851318
0.8722741603851318
0.8582554459571838
0.8753893971443176
0.8629283308982849
0.8722741603851318
0.8800622820854187
0.8769470453262329
0.8753893971443176
0.8785046935081482
0.8831775784492493
0.8753893971443176
0.8800622820854187
0.855140209197998
0.8629283308982849
0.8722741603851318
0.8722741603851318
0.8753893971443176
0.8738317489624023
0.8753893971443176
0.8800622820854187
0.8769470453262329
0.8769470453262329
0.8722741603851318
0.8722741603851318
0.8738317489624023
0.8800622820854187
0.8691588640213013
0.8785046935081482
0.8738317489624023
0.8753893971443176
0.8738317489624023
0.881619930267334
0.8753893971443176
0.8707165122032166
0.8738317489624023
0.8722741603851318
0.8785046935081482
0.8738317489624023
0.8676012754440308
0.8753893971443176
0.8753893971443176
0.8785046935081482
0.8707165122032166
0.8753893971443176
0.8769470453262329
0.8753893971443176
0.8753893971443176
0.8800622820854187
0.8800622820854187
0.8753893971443176
0.8722741603851318
0.8769470453262329
0.8707165122032166
0.8769470453262329
0.8847352266311646
0.8800622820854187
0.881619930267334
0.8800622820854187
0.8753893971443176
0.8707165122032166
0.8707165122032166
0.8769470453262329
0.8753893971443176
0.8676012754440308
0.8753893971443176
0.8831775784492493
0.8785046935081482
0.881619930267334
0.8769470453262329
0.8769470453262329
0.8769470453262329
0.8738317489624023
0.8753893971443176
0.8769470453262329
0.8785046935081482
0.8753893971443176
0.8722741603851318
0.8753893971443176
0.8738317489624023
0.8753893971443176
0.8785046935081482
0.8707165122032166
0.8722741603851318
0.8738317489624023
0.8785046935081482
0.8769470453262329
0.8769470453262329
0.8800622820854187
0.8785046935081482
0.8800622820854187
0.8769470453262329
0.8769470453262329
0.8738317489624023
0.8613707423210144
0.8738317489624023
0.8707165122032166
0.8707165122032166
0.8831775784492493
0.8535825610160828
0.8707165122032166
0.8785046935081482
0.8769470453262329
0.8738317489624023
0.8831775784492493
0.8644859790802002
0.8847352266311646
0.8785046935081482
0.8722741603851318
0.8769470453262329
0.8769470453262329
0.8769470453262329
0.8785046935081482
0.8785046935081482
0.8738317489624023
0.8769470453262329
0.8785046935081482
0.881619930267334
0.881619930267334
0.881619930267334
0.8862928152084351
0.8878504633903503
0.8862928152084351
0.8894081115722656
0.8831775784492493
0.8831775784492493
0.881619930267334
0.881619930267334
0.8785046935081482
0.8785046935081482
0.881619930267334
0.8785046935081482
0.8738317489624023
0.8785046935081482
0.8785046935081482
0.8800622820854187
0.8785046935081482
0.8707165122032166
0.8753893971443176
0.8753893971443176
0.8707165122032166
0.8753893971443176
0.8769470453262329
0.8785046935081482
0.881619930267334
0.8769470453262329
0.8738317489624023
0.8753893971443176
0.8753893971443176
0.8831775784492493
0.8800622820854187
0.8785046935081482
0.8785046935081482
0.8769470453262329
0.8800622820854187
0.8769470453262329
0.8800622820854187
0.8722741603851318
0.881619930267334
0.8785046935081482
0.8769470453262329
0.8785046935081482
0.8800622820854187
0.881619930267334
0.8753893971443176
0.881619930267334
0.8800622820854187
0.8831775784492493
0.8847352266311646
0.8862928152084351
0.8847352266311646
0.8800622820854187
0.8800622820854187
0.8785046935081482
0.8800622820854187
0.8753893971443176
0.8785046935081482
0.8753893971443176
0.8800622820854187
0.881619930267334
0.8785046935081482
0.8785046935081482
0.881619930267334
0.8831775784492493
0.8785046935081482
0.8769470453262329
0.8785046935081482
0.8800622820854187
0.8785046935081482
0.8785046935081482
0.8738317489624023
0.8691588640213013
0.8785046935081482
0.8753893971443176
0.8769470453262329
0.8785046935081482
0.881619930267334
0.8707165122032166
0.8738317489624023
0.8800622820854187
0.8862928152084351
0.8894081115722656
0.8753893971443176
0.8800622820854187
0.8831775784492493
0.8800622820854187
0.8785046935081482
0.8753893971443176
0.8769470453262329
0.881619930267334
0.8831775784492493
0.881619930267334
0.8831775784492493
0.881619930267334
0.8769470453262329
0.8800622820854187
0.8831775784492493
0.8847352266311646
0.8769470453262329
0.8785046935081482
0.8769470453262329
0.8769470453262329
0.8831775784492493
0.881619930267334
0.8800622820854187
0.8831775784492493
0.881619930267334
0.8753893971443176
0.8800622820854187
0.8862928152084351
0.8831775784492493
0.8738317489624023
0.8785046935081482
0.8785046935081482
0.8785046935081482
0.8785046935081482
0.8847352266311646
0.8847352266311646
0.8831775784492493
0.8847352266311646
0.881619930267334
0.8800622820854187
0.8753893971443176
0.8847352266311646
0.8862928152084351
0.881619930267334
0.8862928152084351
0.8847352266311646
0.8831775784492493
0.8785046935081482
0.8769470453262329
0.8785046935081482
0.8738317489624023
0.8707165122032166
0.8769470453262329
0.881619930267334
0.881619930267334
0.8831775784492493
0.8831775784492493
0.8769470453262329
0.8769470453262329
0.8753893971443176
0.8785046935081482
0.881619930267334
0.8785046935081482
0.8785046935081482
0.8800622820854187
0.881619930267334
0.881619930267334
0.8831775784492493
0.8831775784492493
0.881619930267334
0.8785046935081482
0.8769470453262329
0.8800622820854187
0.8800622820854187
0.8847352266311646
0.881619930267334
0.8831775784492493
0.8831775784492493
0.8800622820854187
0.881619930267334
0.8847352266311646
0.8878504633903503
0.8800622820854187
0.8738317489624023
0.8785046935081482
0.8800622820854187
0.8800622820854187
0.8800622820854187
0.8753893971443176
0.8831775784492493
0.881619930267334
0.8800622820854187
0.8800622820854187
0.881619930267334
0.881619930267334
0.8800622820854187
0.8785046935081482
0.8800622820854187
0.8800622820854187
0.8847352266311646
0.8862928152084351
0.8878504633903503
0.8831775784492493
0.8785046935081482
0.8800622820854187
