14.403242111206055
12.905905723571777
11.517637252807617
10.082451820373535
8.620296478271484
7.171955585479736
5.601706504821777
4.1120476722717285
2.711138963699341
1.4263744354248047
0.6102983355522156
0.6313567757606506
0.6035594940185547
0.5150607824325562
0.5084871053695679
0.5139359831809998
0.5139051079750061
0.5101571679115295
0.5035732984542847
0.5047726631164551
0.5228981971740723
0.5120811462402344
0.5036748647689819
0.5043087601661682
0.5111749172210693
0.5048864483833313
0.5035986304283142
0.4993685781955719
0.5031833648681641
0.5439161062240601
0.5594197511672974
0.49214714765548706
0.5017117857933044
0.4949577748775482
0.4936416745185852
0.4992032051086426
0.4954250156879425
0.490352600812912
0.49404433369636536
0.4937814772129059
0.48512816429138184
0.48386549949645996
0.49238312244415283
0.4903547763824463
0.4847840666770935
0.486153781414032
0.4832267165184021
0.5055006146430969
0.49406352639198303
0.53030925989151
0.4981503188610077
0.48840105533599854
0.482485294342041
0.4901508688926697
0.4753822982311249
0.47736361622810364
0.4725634455680847
0.4727828800678253
0.47576984763145447
0.47480911016464233
0.47609981894493103
0.47309044003486633
0.47056135535240173
0.4748796820640564
0.467514306306839
0.46643099188804626
0.4708382785320282
0.4737609922885895
0.4700239896774292
0.46474960446357727
0.4708128273487091
0.46773090958595276
0.4667370021343231
0.4734579026699066
0.4626331627368927
0.4770202040672302
0.48116979002952576
0.47982165217399597
0.4680261015892029
0.4605734348297119
0.4598451554775238
0.4590352773666382
0.4610705077648163
0.45744961500167847
0.45930835604667664
0.46208515763282776
0.48308807611465454
0.490158349275589
0.4570237100124359
0.4591997563838959
0.45377111434936523
0.45756497979164124
0.4581311345100403
0.4624635577201843
0.4521183669567108
0.4545789659023285
0.452720046043396
0.44953617453575134
0.4499817192554474
0.4489344656467438
0.44857093691825867
0.45140010118484497
0.4490950405597687
0.4496690332889557
0.4567466974258423
0.44974762201309204
0.4526163339614868
0.4977806806564331
0.4753057658672333
0.46602386236190796
0.4439798593521118
0.4491472542285919
0.4522593915462494
0.46048077940940857
0.445815771818161
0.45565715432167053
0.4457857310771942
0.4447997808456421
0.44406887888908386
0.4421456456184387
0.44114235043525696
0.44217607378959656
0.44056251645088196
0.4410232603549957
0.48845812678337097
0.45309749245643616
0.4580683708190918
0.4513941705226898
0.43901029229164124
0.44151872396469116
0.4416468143463135
0.43858399987220764
0.4390204846858978
0.439447820186615
0.44178327918052673
0.4374977648258209
0.4433744251728058
0.45840147137641907
0.4344257116317749
0.511634349822998
0.4656115174293518
0.5192853212356567
0.4712352752685547
0.47182968258857727
0.43362483382225037
0.43658560514450073
0.43414103984832764
0.43582701683044434
0.4495358467102051
0.4457155168056488
0.4365203380584717
0.43605777621269226
0.43498051166534424
0.43139106035232544
0.433270126581192
0.4300153851509094
0.4305024743080139
0.4501568078994751
0.4598602056503296
0.43249809741973877
0.4346810579299927
0.45427924394607544
0.4467301368713379
0.42991793155670166
0.42802396416664124
0.43091678619384766
0.427700400352478
0.44812941551208496
0.4408397078514099
0.4542727470397949
0.4344441294670105
0.42662760615348816
0.4912792146205902
0.46218663454055786
0.4412230849266052
0.4289935231208801
0.4263739287853241
0.42529621720314026
0.4394766688346863
0.4255322813987732
0.4259586036205292
0.43178796768188477
0.4870989918708801
0.4300863742828369
0.445980042219162
0.4238760769367218
0.5007820129394531
0.44089269638061523
0.4560723304748535
0.43591421842575073
0.42805543541908264
0.4274957776069641
0.4259997010231018
0.48146986961364746
0.446380078792572
0.4252619743347168
0.4293898344039917
0.4267871379852295
0.4263419508934021
0.43342429399490356
0.44156208634376526
0.4180126488208771
0.4270372986793518
0.4307340979576111
0.42054620385169983
0.4198509752750397
0.4206210970878601
0.46169033646583557
0.4361560046672821
0.4301241934299469
0.4221803545951843
0.4212885797023773
0.4235852360725403
0.458139032125473
0.46556809544563293
0.4283040761947632
0.4420759677886963
0.4311172068119049
0.43351712822914124
0.43503817915916443
0.4590085446834564
0.4212017059326172
0.43361836671829224
0.42231202125549316
0.41570302844047546
0.42446169257164
0.4176439940929413
0.4159786105155945
0.4158267676830292
0.41640663146972656
0.41767287254333496
0.41676896810531616
0.416055291891098
0.42419886589050293
0.5595012903213501
0.4865747094154358
0.5689725279808044
0.42225131392478943
0.41460010409355164
0.4146290719509125
0.4152005612850189
0.4138580858707428
0.43567731976509094
0.4218677282333374
0.44554227590560913
0.4156426191329956
0.42002633213996887
0.42945265769958496
0.4244070053100586
0.42172151803970337
0.430158793926239
0.4184677004814148
0.4189845025539398
0.414572536945343
0.4185841679573059
0.4169079661369324
0.4146115779876709
0.44645798206329346
0.46484166383743286
0.4150523543357849
0.4204510450363159
0.4170893132686615
0.4504919648170471
0.4191245436668396
0.48515963554382324
0.41987454891204834
0.4181196987628937
0.49680694937705994
0.45975860953330994
0.4237278699874878
0.41385018825531006
0.41737645864486694
0.4189521074295044
0.4129711389541626
0.4189380407333374
0.4112628102302551
0.4115421772003174
0.43404337763786316
0.4275422692298889
0.4310516119003296
0.418279230594635
0.44146180152893066
0.4362140893936157
0.4297798275947571
0.42081332206726074
0.4541299641132355
0.4165242314338684
0.42150968313217163
0.41336527466773987
0.4127761423587799
0.4490014910697937
0.431225448846817
0.40998944640159607
0.4556732475757599
0.41156092286109924
0.4158228039741516
0.4290648400783539
0.4116106629371643
0.4112345278263092
0.4099159240722656
0.40960654616355896
0.41132819652557373
0.4116128087043762
0.4099673330783844
0.4099113643169403
0.4092392325401306
0.41629287600517273
0.4136113226413727
0.4101407825946808
0.4117221534252167
0.41575679183006287
0.4376121461391449
0.43429556488990784
0.46589869260787964
0.42324158549308777
0.4557546377182007
0.413837730884552
0.4218730032444
0.40733209252357483
0.4326964020729065
0.4157693088054657
0.40990114212036133
0.4127013385295868
0.41030454635620117
0.4205208420753479
0.42292195558547974
0.4111505448818207
0.40935149788856506
0.4099062979221344
0.45170989632606506
0.4139946401119232
0.42382723093032837
0.4838523864746094
0.48587703704833984
0.4456373155117035
0.42376935482025146
0.40916022658348083
0.4107096791267395
0.4080944359302521
0.4097803831100464
0.41414719820022583
0.4113497734069824
0.40797004103660583
0.4073580801486969
0.4093252122402191
0.40917015075683594
0.407258003950119
0.4983813464641571
0.46228018403053284
0.4160540997982025
0.41107457876205444
0.41231393814086914
0.4092203676700592
0.41105690598487854
0.4304024279117584
0.41060006618499756
0.4089471399784088
0.4082319438457489
0.4069111943244934
0.42201775312423706
0.41236552596092224
0.407070130109787
0.4066678583621979
0.4084402322769165
0.4095457196235657
0.4142029285430908
0.4123440980911255
0.4151536524295807
0.40663599967956543
0.4121600091457367
0.41539129614830017
0.4075753092765808
0.43189144134521484
0.4311666488647461
0.41098302602767944
0.4349941611289978
0.4126518666744232
0.4110029339790344
0.4034764766693115
0.4083726704120636
0.4172491729259491
0.41279152035713196
0.4211028218269348
0.43297556042671204
0.4325888156890869
0.40737849473953247
0.510554313659668
0.44275370240211487
0.40709084272384644
0.42775076627731323
0.43570372462272644
0.40578100085258484
0.40811923146247864
0.4314885139465332
0.4457992613315582
0.4097996950149536
0.4105747938156128
0.4068547189235687
0.41294023394584656
0.4495984613895416
0.4330121576786041
0.4090394973754883
0.4101041853427887
0.4096374809741974
0.4373248815536499
0.4125683903694153
0.4154801666736603
0.404128760099411
0.4288409948348999
0.3924964666366577
0.4463884234428406
0.40899932384490967
0.40615999698638916
0.4074879288673401
0.40459245443344116
0.40506836771965027
0.4054003953933716
0.4055820405483246
0.491183340549469
0.482261598110199
0.42802882194519043
0.49498093128204346
0.4237844944000244
0.42429277300834656
0.46811366081237793
0.44713452458381653
0.4095008373260498
0.43616899847984314
0.4095350205898285
0.4075354337692261
0.40474697947502136
0.4049808979034424
0.4071022570133209
0.40523621439933777
0.4151228964328766
0.4059111475944519
0.41411522030830383
0.4997846186161041
0.4253678619861603
0.4068779945373535
0.4215320348739624
0.4025767147541046
0.4060634672641754
0.4041416049003601
0.4051345884799957
0.43589186668395996
0.40763983130455017
0.4114416241645813
0.41380998492240906
0.4098449945449829
0.40682774782180786
0.40616554021835327
0.4076099097728729
0.4796079695224762
0.4450523853302002
0.42118316888809204
0.41839566826820374
0.4234015941619873
0.4099563956260681
0.4697484076023102
0.41335228085517883
0.4369754493236542
0.40844017267227173
0.4058215916156769
0.4040972590446472
0.40490150451660156
0.4036320149898529
0.44135546684265137
0.44905486702919006
0.40520209074020386
0.4150070250034332
0.4143776297569275
0.43177857995033264
0.4203028678894043
0.4299471974372864
0.4089098274707794
0.4107078015804291
0.48641183972358704
0.47025066614151
0.4616028666496277
0.41246774792671204
0.40568938851356506
0.4179534912109375
0.4071592092514038
0.4074997007846832
0.4209262728691101
0.40627989172935486
0.41249585151672363
0.4118116796016693
0.4041707217693329
0.45028483867645264
0.4265158772468567
0.4153639078140259
0.4090808928012848
0.4437568783760071
0.41716545820236206
0.41080543398857117
0.4024525284767151
0.41519802808761597
0.40235546231269836
0.41010016202926636
0.4076586067676544
0.4087598919868469
0.4156986474990845
0.4093104600906372
0.4075864851474762
0.40985485911369324
0.40662264823913574
0.4031633734703064
0.404757022857666
0.40613293647766113
0.4176068902015686
0.49389857053756714
0.5288314819335938
0.4061877429485321
0.42187201976776123
0.40417706966400146
0.4159197509288788
0.41215482354164124
0.40871161222457886
0.4065532386302948
0.42735105752944946
0.4339926540851593
0.41701406240463257
0.4106104373931885
0.4019779562950134
0.4740827977657318
0.41110754013061523
0.4844762682914734
0.46919652819633484
0.5173500776290894
0.40954846143722534
0.448588490486145
0.4061313271522522
0.4011205732822418
0.42299044132232666
0.40412816405296326
0.4041360914707184
0.40549343824386597
0.40195873379707336
0.41455593705177307
0.41323357820510864
0.41088929772377014
0.41100257635116577
0.4045332372188568
0.4051714539527893
0.4034465253353119
0.4065459966659546
0.4087876081466675
0.409262478351593
0.4049868583679199
0.4036146402359009
0.4028972089290619
0.4029105603694916
0.4045614004135132
0.4056693911552429
0.4053511321544647
0.41051602363586426
0.4077363610267639
0.4087032973766327
0.4074198007583618
0.45973873138427734
0.43100079894065857
0.43526843190193176
0.41954219341278076
0.429586797952652
0.405412495136261
0.40878385305404663
0.4024042785167694
0.4063405394554138
0.4024139642715454
0.4093894958496094
0.40313851833343506
0.40762779116630554
0.4060644805431366
0.4036305248737335
0.40171369910240173
0.4034190773963928
0.42547154426574707
0.41298559308052063
0.4177616834640503
0.4061259627342224
0.4054832458496094
0.40204179286956787
0.403399258852005
0.4026889503002167
0.4417480230331421
0.4256293773651123
0.4517313539981842
0.4273715317249298
0.40240857005119324
0.40267214179039
0.4209814667701721
0.42532673478126526
0.40609070658683777
0.4090195596218109
0.4045943021774292
0.4032825231552124
0.401981920003891
0.4022579491138458
0.5131816864013672
0.46630430221557617
0.43991437554359436
0.4109988510608673
0.4063868224620819
0.4140302836894989
0.4029541015625
0.40706485509872437
0.4057777225971222
0.4022238552570343
0.40325120091438293
0.41261768341064453
0.42993423342704773
0.4040009677410126
0.4550345540046692
0.43138712644577026
0.4642097055912018
0.405549556016922
0.40334558486938477
0.406135618686676
0.40338611602783203
0.4203018248081207
0.4041697084903717
0.4866691827774048
0.47711655497550964
0.41474801301956177
0.44437047839164734
0.40606188774108887
0.59494549036026
0.5032634735107422
0.4246370494365692
0.4165038764476776
0.49481135606765747
0.4599579870700836
0.4379729926586151
0.41894102096557617
0.4313370883464813
0.4209612309932709
0.4036303460597992
0.4160354733467102
0.4089983105659485
0.4113594889640808
0.4020393490791321
0.4228283166885376
0.4179527461528778
0.431919664144516
0.40451228618621826
0.423490971326828
0.4031006097793579
0.4000376760959625
0.4135514497756958
0.4027462303638458
0.401821494102478
0.40236696600914
0.4072793424129486
0.40490156412124634
0.5368384718894958
0.48234549164772034
0.4027469754219055
0.40041154623031616
0.40717458724975586
0.4339693784713745
0.4200316071510315
0.4045426547527313
0.4357583820819855
0.41266176104545593
0.40330418944358826
0.40294551849365234
0.41433295607566833
0.4118964374065399
0.4108637571334839
0.40289098024368286
0.4020613133907318
0.40213215351104736
0.4025583565235138
0.43710029125213623
0.4161520004272461
0.4198169708251953
0.4030267894268036
0.4021943509578705
0.41906189918518066
0.43376624584198
0.4277092516422272
0.40760496258735657
0.48507004976272583
0.44147440791130066
0.45124268531799316
0.41008827090263367
0.4235977530479431
0.4061557352542877
0.41270115971565247
0.40400463342666626
0.41384825110435486
0.40715545415878296
0.40983039140701294
0.4020436704158783
0.406427800655365
0.4011686444282532
0.4083554446697235
0.4027238190174103
0.43951350450515747
0.4465272128582001
0.40211769938468933
0.40514540672302246
0.4265361428260803
0.407252699136734
0.4073019027709961
0.4162035584449768
0.4152781665325165
0.40869060158729553
0.408657431602478
0.4068566858768463
0.40321916341781616
0.40299761295318604
0.40103650093078613
0.40287327766418457
0.40170392394065857
0.4088611304759979
0.405413419008255
0.401109904050827
0.40222787857055664
0.4016113877296448
0.4048368036746979
0.44690701365470886
0.4175761640071869
0.4146456718444824
0.4184601902961731
0.49719947576522827
0.45406684279441833
0.43625885248184204
0.40428435802459717
0.40201079845428467
0.40153276920318604
0.4467156231403351
0.4090094268321991
0.4107602536678314
0.4332454800605774
0.4254200756549835
0.4380139410495758
0.4070429503917694
0.42016398906707764
0.41712871193885803
0.42383450269699097
0.40123993158340454
0.40576452016830444
0.405218243598938
0.40117955207824707
0.40506070852279663
0.4199376404285431
0.4119059145450592
0.4233432710170746
0.4204421639442444
0.4676274061203003
0.45084071159362793
0.5050538778305054
0.4297495186328888
0.4328005611896515
0.5195371508598328
0.46204251050949097
0.45241308212280273
0.40985003113746643
0.43218499422073364
0.40911170840263367
0.5099430680274963
0.5307300090789795
0.4331894814968109
0.40736573934555054
0.40968436002731323
0.4053170084953308
0.4542194902896881
0.4465053677558899
0.40276986360549927
0.41690298914909363
0.40352901816368103
0.4028439521789551
0.4013875424861908
0.4053647220134735
0.4028041958808899
0.40175262093544006
0.4074592590332031
0.4172564744949341
0.41100049018859863
0.40115171670913696
0.40306711196899414
0.4528599977493286
0.4337216019630432
0.4469049274921417
0.42432329058647156
0.4045829474925995
0.40542367100715637
0.4047209322452545
0.4096551537513733
0.4070340692996979
0.4163025915622711
0.47167694568634033
0.464201420545578
0.4265904724597931
0.4015107750892639
0.40241539478302
0.4010803699493408
0.4036143720149994
0.403652161359787
0.4114803075790405
0.4129464626312256
0.4094846248626709
0.4550021290779114
0.4248550832271576
0.4350830018520355
0.406261146068573
0.4072883725166321
0.40345555543899536
0.4039115011692047
0.4041268229484558
0.4281560778617859
0.4220838248729706
0.4099162220954895
0.47579312324523926
0.4290231764316559
0.4408037066459656
0.3987203538417816
0.4115961492061615
0.4360469579696655
0.4263787567615509
0.4046027958393097
0.4023328721523285
0.40085354447364807
0.4008592367172241
0.4704008102416992
0.40702885389328003
0.4436069130897522
0.428611159324646
0.45469561219215393
0.39903807640075684
0.4170936644077301
0.4046250581741333
0.40770086646080017
0.41588741540908813
0.4007279574871063
0.4066588282585144
0.48958033323287964
0.4802563786506653
0.475278377532959
0.49104228615760803
0.41026169061660767
0.426927387714386
0.3978959023952484
0.4554133415222168
0.41551145911216736
0.43345770239830017
0.4041293263435364
0.4030645787715912
0.41469570994377136
0.46822336316108704
0.41396400332450867
0.41712823510169983
0.402486652135849
0.4106336534023285
0.40489140152931213
0.4057537019252777
0.4209493100643158
0.4123857021331787
0.4015478789806366
0.40379011631011963
0.40287989377975464
0.4014213979244232
0.40092629194259644
0.4448033273220062
0.421909898519516
0.4032270312309265
0.39996767044067383
0.438206285238266
0.43521612882614136
0.405882328748703
0.40176627039909363
0.4026786684989929
0.4011858403682709
0.4067651629447937
0.4016239047050476
0.4172503352165222
0.4189305305480957
0.45631173253059387
0.4257707893848419
0.45634111762046814
0.4039689600467682
0.41459664702415466
0.40837904810905457
0.40341055393218994
0.41112956404685974
0.40801802277565
0.4001365900039673
0.40158694982528687
0.40192118287086487
0.40138882398605347
0.40148213505744934
0.40271803736686707
0.40716466307640076
0.4171294867992401
0.40360942482948303
0.4010069668292999
0.4018293023109436
0.4005018174648285
0.4062447249889374
0.4095771312713623
0.40524354577064514
0.4021677076816559
0.4007582664489746
0.4013482928276062
0.40305057168006897
0.40766218304634094
0.4201295077800751
0.4049444794654846
0.4057307839393616
0.4056835174560547
0.4108579754829407
0.40896233916282654
0.4018940031528473
0.4044492244720459
0.4017769694328308
0.40070071816444397
0.3993699252605438
0.449952632188797
0.4673450291156769
0.4062044024467468
0.43694397807121277
0.4233611524105072
0.40175512433052063
0.40236926078796387
0.40079963207244873
0.40092018246650696
0.40070199966430664
0.4011971652507782
0.401748925447464
0.4047812819480896
0.4005833566188812
0.4022793471813202
0.4025365114212036
0.41012299060821533
0.4107447862625122
0.40233704447746277
0.4021064043045044
0.40347105264663696
0.4021318554878235
0.41583406925201416
0.4226143956184387
0.4043116569519043
0.4056958556175232
0.466120183467865
0.455578088760376
0.44912806153297424
0.5147891044616699
0.4252905547618866
0.4061870872974396
0.4134474992752075
0.4081346392631531
0.43771782517433167
0.41475528478622437
0.40800777077674866
0.39306554198265076
0.44143879413604736
0.434596985578537
0.4050166606903076
0.4075571894645691
0.404876708984375
0.4013361632823944
0.4021984338760376
0.4008370637893677
0.406906396150589
0.4133036136627197
0.4072205424308777
0.40790268778800964
0.40388673543930054
0.40074026584625244
0.3997429609298706
0.40061137080192566
0.40320461988449097
0.40291258692741394
0.4050953686237335
0.4025638699531555
0.399137943983078
0.4030109643936157
0.40040886402130127
0.4039974510669708
0.4142666161060333
0.4240473806858063
0.4101310968399048
0.4043554961681366
0.4118541181087494
0.40386807918548584
0.4092380702495575
0.4040611684322357
0.4091092050075531
0.39967259764671326
0.408229798078537
0.40528547763824463
0.4016299247741699
0.4070321023464203
0.4059569239616394
0.4009857177734375
0.4002516269683838
0.4103590250015259
0.4211423695087433
0.4051903784275055
0.40535980463027954
0.4056667685508728
0.3995627164840698
0.4055294990539551
0.4045053720474243
0.400138795375824
0.402207612991333
0.4012388288974762
0.40082523226737976
0.4374694228172302
0.45651036500930786
0.4051651954650879
0.4036239683628082
0.4069676697254181
0.40261080861091614
0.40086543560028076
0.4005599617958069
0.4007458984851837
0.40052857995033264
0.40066584944725037
0.40079161524772644
0.4009460508823395
0.4006195366382599
0.40061289072036743
0.4012339413166046
0.40118423104286194
0.41027015447616577
0.40752196311950684
0.39964359998703003
0.40078017115592957
0.4008800685405731
0.4027099609375
0.40237709879875183
0.4057657718658447
0.4149497151374817
0.4111674726009369
0.40306130051612854
0.41312873363494873
0.4247090220451355
0.4212191700935364
0.4090553820133209
0.4004308879375458
0.4002159833908081
0.40111708641052246
0.40108951926231384
0.403207004070282
0.40713393688201904
0.40618228912353516
0.4016430377960205
0.40794438123703003
0.4085901975631714
0.4025772511959076
0.3994016647338867
0.4051346182823181
0.4064624011516571
0.4049355089664459
0.4020727574825287
0.400971382856369
0.40035882592201233
0.40109431743621826
0.4005983769893646
0.4002456068992615
0.41192999482154846
0.4358559250831604
0.4488782286643982
0.426470547914505
0.40479588508605957
0.4025759696960449
0.4052885174751282
0.4032348394393921
0.4033333361148834
0.40265700221061707
0.4003528952598572
0.40057575702667236
0.4007002115249634
0.40191957354545593
0.40424033999443054
0.4016757607460022
0.4001052975654602
0.4006032645702362
0.40061983466148376
0.4007219970226288
0.401418000459671
0.3992442488670349
0.40047401189804077
0.40139514207839966
0.40228745341300964
0.4026617109775543
0.4019637107849121
0.4006178379058838
0.40041136741638184
0.4002622365951538
0.40026187896728516
0.40033024549484253
0.4016798436641693
0.40277937054634094
0.40172356367111206
0.41295766830444336
0.42108121514320374
0.41181525588035583
0.4018399119377136
0.4007863402366638
0.4020577073097229
0.4002936780452728
0.4010268747806549
0.40550941228866577
0.4170873463153839
0.4079821705818176
0.4016287624835968
0.4036095142364502
0.40368199348449707
0.4020233452320099
0.4000142216682434
0.41004008054733276
0.42863908410072327
0.4168333113193512
0.408283531665802
0.4029512107372284
0.4016770124435425
0.4028691351413727
0.4024117588996887
0.4022904336452484
0.40182286500930786
0.4009779691696167
0.40024441480636597
0.40148723125457764
0.4018459916114807
0.40177902579307556
0.4011933207511902
0.4007410407066345
0.40027105808258057
0.40044155716896057
0.40021568536758423
0.40068891644477844
0.4010489881038666
0.4001568555831909
0.40037044882774353
0.40027374029159546
0.40168139338493347
0.4027523696422577
0.4038458466529846
0.402108371257782
0.4007774889469147
0.4013380706310272
0.40013840794563293
0.40011048316955566
0.4006955623626709
0.40192103385925293
0.40188920497894287
0.4011729955673218
0.40023505687713623
0.40064737200737
0.40007147192955017
0.4000704884529114
0.40011394023895264
0.40021026134490967
0.401820570230484
0.4029535949230194
0.40311387181282043
0.4023713767528534
0.401202529668808
0.40044569969177246
0.4003402590751648
0.4004121422767639
0.40045079588890076
0.4002430737018585
0.40031132102012634
0.40020841360092163
0.4003235995769501
0.4005241394042969
0.40010738372802734
0.39976921677589417
0.4000855088233948
0.4001023471355438
0.4002962112426758
0.4002799391746521
0.40031594038009644
0.40025070309638977
0.39990878105163574
0.40250059962272644
0.4011598229408264
0.4030860960483551
0.405394971370697
0.4042932093143463
0.40308183431625366
0.4010399580001831
0.4004705250263214
0.39999645948410034
0.4003789722919464
0.40056920051574707
0.40170183777809143
0.4016440510749817
0.400563508272171
0.40007859468460083
0.40000084042549133
0.40123608708381653
0.3998870849609375
0.4003141224384308
0.4021190404891968
0.40102946758270264
0.4000508487224579
0.4003129005432129
0.4013005793094635
0.40205511450767517
0.4003014862537384
0.4009196162223816
0.4002513587474823
0.4003143310546875
0.4005177915096283
0.4005189538002014
0.40300244092941284
0.4072592854499817
0.40270236134529114
0.4020419418811798
0.4029451608657837
0.4025495946407318
0.4026726484298706
0.4014866352081299
0.3996713161468506
0.40013864636421204
0.400967001914978
0.4025309085845947
0.40330901741981506
0.4051724672317505
0.4078060984611511
0.40799370408058167
0.4069369435310364
0.4034956395626068
0.4007229506969452
0.40026187896728516
0.4000740945339203
0.4001336097717285
0.4000314176082611
0.40010321140289307
0.4000290334224701
0.400125116109848
0.4001058340072632
0.40018370747566223
0.40017837285995483
0.4001501202583313
0.40011927485466003
0.40005257725715637
0.4000348746776581
0.4000902473926544
0.40006023645401
0.4001108705997467
0.4004570245742798
0.40054965019226074
0.40029481053352356
0.4001214802265167
0.39988815784454346
0.3999995291233063
0.4000784158706665
0.4000808000564575
0.4004458785057068
0.40022042393684387
0.4020223319530487
0.40569227933883667
0.4056829512119293
0.40489518642425537
0.4061243236064911
0.40689459443092346
0.40331360697746277
0.4013655483722687
0.40022632479667664
0.4001105725765228
0.4001091420650482
0.40369683504104614
0.4066658020019531
0.40654289722442627
0.4047457277774811
0.403976172208786
0.4033621549606323
0.4021450877189636
0.4020198881626129
0.4018062949180603
0.40077081322669983
0.4001414477825165
0.4000651240348816
0.4003022611141205
0.40046536922454834
0.4012141227722168
0.4017505347728729
0.40192916989326477
0.4015341103076935
0.4009990096092224
0.40134111046791077
0.4024391174316406
0.4020695388317108
0.401285320520401
0.4007788896560669
0.4006008207798004
0.3998936712741852
0.4000263512134552
0.3999353349208832
0.4002363085746765
0.40031924843788147
0.40245670080184937
0.4031636714935303
0.4027297794818878
0.40353062748908997
0.4056050181388855
0.407853901386261
0.40868324041366577
0.40724101662635803
0.40625622868537903
0.40535303950309753
0.40371760725975037
0.402253657579422
0.4014382064342499
0.40089261531829834
0.4006516635417938
0.4004381597042084
0.4001350402832031
0.4000621736049652
0.39993026852607727
0.3999621272087097
0.4000609517097473
0.4000101387500763
0.399994820356369
0.40036681294441223
0.4002470076084137
0.4002683460712433
0.4002336263656616
0.40000614523887634
0.40000489354133606
0.40003806352615356
0.40003231167793274
0.4000016152858734
0.3999801576137543
0.3999826908111572
0.3999924063682556
0.39997562766075134
0.39998072385787964
0.4000321626663208
0.39998793601989746
0.39999979734420776
0.40014347434043884
0.4000035524368286
0.4000065326690674
0.399977445602417
0.3999797999858856
0.4000261127948761
0.39994415640830994
0.3999794125556946
0.3999655842781067
0.4000732898712158
0.400006502866745
0.4000076949596405
0.39999720454216003
0.40000107884407043
0.4000057876110077
0.4000060260295868
0.3999662399291992
0.40010127425193787
0.39995667338371277
0.400121808052063
0.39985817670822144
0.39935681223869324
0.4005029499530792
0.4007457196712494
0.40044698119163513
0.4002439081668854
0.400188684463501
0.40051260590553284
0.40073472261428833
0.40077072381973267
0.4008616805076599
0.4008139371871948
0.4001654088497162
0.4004405438899994
0.4006815254688263
0.4007570445537567
0.4007125794887543
0.40053725242614746
0.40035301446914673
0.4004039168357849
0.40047112107276917
0.4002592861652374
0.3998933434486389
0.39991286396980286
0.3999970257282257
0.4002664089202881
0.40009358525276184
0.400127112865448
0.4000750184059143
0.4001069962978363
0.3997933268547058
0.399923712015152
0.40000906586647034
0.40005508065223694
0.40011146664619446
0.4001219570636749
0.4000426232814789
0.40007802844047546
0.40015909075737
0.4001195728778839
0.3999985158443451
0.4000356197357178
0.3999888598918915
0.4000158905982971
0.399984210729599
0.40000593662261963
0.4001366198062897
0.400443434715271
0.4004608988761902
0.40057826042175293
0.4005313515663147
0.4003959596157074
0.40022778511047363
0.40015357732772827
0.4000086188316345
0.39992755651474
0.40072157979011536
0.40087035298347473
0.4006931483745575
0.4003739655017853
0.4002867341041565
0.40013208985328674
0.40012362599372864
0.3999185264110565
0.4002581238746643
0.400383859872818
0.40040135383605957
0.40039634704589844
0.40031886100769043
0.40028116106987
0.40039965510368347
0.4002113342285156
0.4001808166503906
0.4001666009426117
0.4001672863960266
0.4001395106315613
0.4001096189022064
0.4001702666282654
0.4001922011375427
0.4002071022987366
0.40029633045196533
0.400240033864975
0.4002969264984131
0.4003117084503174
0.4002512991428375
0.4002879858016968
