43.9210090637207
43.026611328125
42.095943450927734
41.206111907958984
40.31233596801758
39.39813232421875
38.455875396728516
37.544803619384766
36.671966552734375
35.73257064819336
34.840728759765625
33.91936111450195
33.03187942504883
32.082740783691406
31.21034812927246
30.275243759155273
29.377334594726562
28.434446334838867
27.533777236938477
26.65785789489746
25.716428756713867
24.8339900970459
23.912330627441406
22.986547470092773
22.100271224975586
21.16766929626465
20.253028869628906
19.353418350219727
18.43691635131836
17.528045654296875
16.599462509155273
15.705704689025879
14.786693572998047
13.881138801574707
12.969261169433594
12.049420356750488
11.142741203308105
10.26237678527832
9.350178718566895
8.420273780822754
7.521006107330322
6.632038116455078
5.735074996948242
4.80139684677124
3.968128204345703
3.054082155227661
2.210216760635376
1.4436715841293335
0.8681802749633789
0.6391155123710632
0.6679894924163818
0.7752334475517273
0.842301070690155
0.8437657356262207
0.8001328110694885
0.7332024574279785
0.6656480431556702
0.6165975332260132
0.5959250926971436
0.6010289788246155
0.6079710125923157
0.6102108359336853
0.6046059131622314
0.5964096784591675
0.5883966088294983
0.5853556990623474
0.5834248661994934
0.5827757716178894
0.5822460651397705
0.5804805159568787
0.5776973366737366
0.5755332112312317
0.5741147994995117
0.5726322531700134
0.5713040232658386
0.5703056454658508
0.5688015818595886
0.5673300623893738
0.5658858418464661
0.5647751688957214
0.5631595849990845
0.56222003698349
0.5606324076652527
0.5594624876976013
0.5589501261711121
0.5566424131393433
0.5556936860084534
0.5539774298667908
0.5531057715415955
0.551607072353363
0.5501165390014648
0.5489854216575623
0.5479598641395569
0.5467796325683594
0.5453237891197205
0.5441451668739319
0.5428805351257324
0.5419090390205383
0.5405504107475281
0.5393869876861572
0.5381612181663513
0.5371293425559998
0.5361151099205017
0.5348356366157532
0.5336978435516357
0.5324041247367859
0.5319891571998596
0.5307109355926514
0.5292375683784485
0.5280874371528625
0.5271678566932678
0.526167094707489
0.5248404145240784
0.5237887501716614
0.5233121514320374
0.5216679573059082
0.5206369161605835
0.5198233723640442
0.5185577273368835
0.5179330110549927
0.5167840123176575
0.5158185362815857
0.5150589346885681
0.5140275955200195
0.5127184987068176
0.5116705894470215
0.5115935206413269
0.509752094745636
0.5087429881095886
0.5077791213989258
0.5070642232894897
0.5058647394180298
0.5050390362739563
0.5041336417198181
0.503229558467865
0.5024141669273376
0.501624345779419
0.5009189248085022
0.4996997117996216
0.49870237708091736
0.4980235993862152
0.49701985716819763
0.4962691068649292
0.49542737007141113
0.4944539964199066
0.4936114251613617
0.49274981021881104
0.49212953448295593
0.4910873472690582
0.4910423755645752
0.48944196105003357
0.48880934715270996
0.48798927664756775
0.4871399402618408
0.486745685338974
0.48601046204566956
0.4852330684661865
0.4839846193790436
0.48355236649513245
0.48287859559059143
0.4821597635746002
0.48112091422080994
0.4802212715148926
0.47942614555358887
0.47923675179481506
0.47895753383636475
0.4777214527130127
0.477325439453125
0.4760917127132416
0.47514888644218445
0.4746604859828949
0.47409796714782715
0.4734070301055908
0.4724596440792084
0.4721095860004425
0.471037358045578
0.4707002639770508
0.4698028564453125
0.4694731533527374
0.46985363960266113
0.46850457787513733
0.4672631323337555
0.46722352504730225
0.4665103852748871
0.4652745723724365
0.4651174545288086
0.4652499258518219
0.4633576571941376
0.46327194571495056
0.46216845512390137
0.46162763237953186
0.4609386920928955
0.46102407574653625
0.4598395526409149
0.45930346846580505
0.45855703949928284
0.4579451084136963
0.4574826657772064
0.4569857120513916
0.45643115043640137
0.4557952582836151
0.4554080069065094
0.45460566878318787
0.4543572962284088
0.45378825068473816
0.453690767288208
0.452775239944458
0.4522232115268707
0.4516436755657196
0.45104098320007324
0.4503497779369354
0.4502704441547394
0.44929948449134827
0.4487820565700531
0.4484303295612335
0.4482375681400299
0.4475250244140625
0.4474332332611084
0.44712361693382263
0.4459278881549835
0.44518327713012695
0.4448179006576538
0.4443306028842926
0.4438994228839874
0.44342365860939026
0.4439229965209961
0.44244956970214844
0.44194841384887695
0.441771537065506
0.4412732422351837
0.4406024217605591
0.440535306930542
0.4397389888763428
0.4391484260559082
0.43876728415489197
0.438744455575943
0.4386530816555023
0.4374888837337494
0.43712863326072693
0.43645164370536804
0.43615293502807617
0.4357346296310425
0.43569299578666687
0.43511077761650085
0.4350411891937256
0.4347778260707855
0.4339587986469269
0.43326807022094727
0.4328679144382477
0.4326499402523041
0.43227529525756836
0.43165042996406555
0.43123698234558105
0.4312131702899933
0.43102243542671204
0.4301950931549072
0.429874449968338
0.4292881488800049
0.42891666293144226
0.4286612570285797
0.4288060665130615
0.4277750551700592
0.42791807651519775
0.4273693561553955
0.4265725612640381
0.42706751823425293
0.42618444561958313
0.42552661895751953
0.42521023750305176
0.42499908804893494
0.4243532717227936
0.4243837893009186
0.42392221093177795
0.4235893785953522
0.4231315553188324
0.4227263629436493
0.42307761311531067
0.4219841957092285
0.42159929871559143
0.42144644260406494
0.42091262340545654
0.42051687836647034
0.42034459114074707
0.4204930067062378
0.4196738004684448
0.4193614423274994
0.4188918173313141
0.4187368154525757
0.4188489019870758
0.4180302917957306
0.4176764488220215
0.41838836669921875
0.41742220520973206
0.4169057309627533
0.4170795977115631
0.4161672592163086
0.41582533717155457
0.4155195653438568
0.4163973331451416
0.4154653549194336
0.4146396219730377
0.414233535528183
0.41398775577545166
0.41377994418144226
0.4134192168712616
0.4131190776824951
0.4129939377307892
0.4143141508102417
0.41259828209877014
0.4120628833770752
0.41161060333251953
0.41142216324806213
0.41150835156440735
0.41105660796165466
0.41076788306236267
0.41021499037742615
0.41007542610168457
0.41030266880989075
0.4096360504627228
0.40931835770606995
0.4088175594806671
0.4089876711368561
0.4088170528411865
0.40860044956207275
0.4078562259674072
0.4076288640499115
0.40758880972862244
0.40721848607063293
0.4069364070892334
0.40664705634117126
0.406437486410141
0.4060786962509155
0.40574756264686584
0.40583884716033936
0.4055260121822357
0.40508198738098145
0.40496787428855896
0.40501752495765686
0.4042929708957672
0.40438270568847656
0.4038505256175995
0.4067807197570801
0.40387043356895447
0.4038639962673187
0.4028480350971222
0.40261125564575195
0.40265586972236633
0.40270447731018066
0.4020412862300873
0.40225133299827576
0.4026550352573395
0.40128859877586365
0.40116962790489197
0.402523010969162
0.40058568120002747
0.4003373086452484
0.40020298957824707
0.39987826347351074
0.40141597390174866
0.3997800648212433
0.39925017952919006
0.3998751640319824
0.39908841252326965
0.39886417984962463
0.3990001380443573
0.3981882631778717
0.398271769285202
0.39785704016685486
0.3977634012699127
0.3978208601474762
0.3971508741378784
0.39800846576690674
0.3970101773738861
0.3971450626850128
0.39667102694511414
0.39616942405700684
0.39580854773521423
0.39574161171913147
0.39592063426971436
0.3957146108150482
0.395800918340683
0.39517855644226074
0.3950413763523102
0.3970278799533844
0.3954026401042938
0.3944511413574219
0.3958057165145874
0.394279807806015
0.3946852684020996
0.39348530769348145
0.39313259720802307
0.39443644881248474
0.39315494894981384
0.39301836490631104
0.39264264702796936
0.39286693930625916
0.3929367959499359
0.39293035864830017
0.3916804790496826
0.39205265045166016
0.39163196086883545
0.39115414023399353
0.3908442258834839
0.3911961019039154
0.39080944657325745
0.3905387818813324
0.3906850814819336
0.39031949639320374
0.3900850713253021
0.3902793824672699
0.3897651731967926
0.389413982629776
0.38950812816619873
0.3893248736858368
0.3890504539012909
0.38860639929771423
0.3891662657260895
0.3887138068675995
0.3889947831630707
0.3879005014896393
0.3890456259250641
0.3882608413696289
0.38777807354927063
0.38810157775878906
0.38748303055763245
0.3871673047542572
0.38839712738990784
0.38667234778404236
0.38650545477867126
0.386629194021225
0.38659417629241943
0.38614538311958313
0.38596466183662415
0.3859593868255615
0.38581761717796326
0.3859877586364746
0.38531485199928284
0.3852255046367645
0.38511016964912415
0.3852407932281494
0.3861616849899292
0.38452768325805664
0.38522574305534363
0.38463449478149414
0.3839627802371979
0.3841453790664673
0.3858831822872162
0.38365650177001953
0.38354551792144775
0.3835362195968628
0.3838498592376709
0.38311219215393066
0.38299083709716797
0.38317635655403137
0.38432297110557556
0.38267648220062256
0.3822527229785919
0.3822649419307709
0.3822298049926758
0.38186848163604736
0.3819759786128998
0.38273295760154724
0.3826476037502289
0.3818558156490326
0.3812052309513092
0.38168516755104065
0.3811075687408447
0.3809605538845062
0.38075757026672363
0.38107219338417053
0.38083699345588684
0.3808196783065796
0.3807479441165924
0.3799121379852295
0.37980830669403076
0.37973928451538086
0.3794814646244049
0.3798382580280304
0.380310982465744
0.37963995337486267
0.37919291853904724
0.37883520126342773
0.378946989774704
0.3785766661167145
0.37854012846946716
0.3784705102443695
0.37922582030296326
0.3783304691314697
0.37815144658088684
0.37846970558166504
0.3780093193054199
0.37838220596313477
0.37759867310523987
0.3777743875980377
0.37724897265434265
0.37772607803344727
0.37879014015197754
0.37745800614356995
0.3771703243255615
0.3787313997745514
0.37668243050575256
0.37891849875450134
0.37663865089416504
0.3763083219528198
0.3776860237121582
0.37704920768737793
0.3770120441913605
0.37597987055778503
0.3758608102798462
0.3756093978881836
0.3760286271572113
0.3756457269191742
0.3757666051387787
0.3755933344364166
0.37507596611976624
0.37500324845314026
0.37591251730918884
0.37509050965309143
0.3750215470790863
0.3744979202747345
0.3759225606918335
0.37654510140419006
0.37428197264671326
0.37370070815086365
0.37391766905784607
0.37397733330726624
0.37406086921691895
0.37376293540000916
0.37394773960113525
0.37373900413513184
0.3732313811779022
0.37314876914024353
0.3731023967266083
0.3738838732242584
0.37351956963539124
0.3730275332927704
0.37317514419555664
0.3729207515716553
0.37236952781677246
0.3724954128265381
0.37228092551231384
0.37381675839424133
0.37282899022102356
0.3721248209476471
0.3725930154323578
0.3720076084136963
0.3716486394405365
0.37147942185401917
0.3714214265346527
0.3717314898967743
0.3713265359401703
0.3711099624633789
0.3721768856048584
0.37354907393455505
0.37157729268074036
0.37117624282836914
0.3705686032772064
0.3715899884700775
0.3719397783279419
0.37164798378944397
0.37016770243644714
0.37035632133483887
0.37014830112457275
0.37075161933898926
0.37124255299568176
0.3704995810985565
0.3699885308742523
0.3695848286151886
0.36954474449157715
0.37049970030784607
0.36932680010795593
0.36920663714408875
0.3728543817996979
0.3699718415737152
0.3690902292728424
0.3716374933719635
0.37051069736480713
0.36958256363868713
0.3687775433063507
0.3705817759037018
0.37175121903419495
0.36849045753479004
0.3680824339389801
0.3694683015346527
0.36968278884887695
0.3686598837375641
0.3681011199951172
0.36802956461906433
0.3683494031429291
0.3678258955478668
0.36769580841064453
0.36786890029907227
0.368192195892334
0.367374062538147
0.36915746331214905
0.3674038350582123
0.3688356876373291
0.3676116466522217
0.3670911490917206
0.3676728308200836
0.36801132559776306
0.3680105209350586
0.36652517318725586
0.3671053946018219
0.3667464554309845
0.3664984703063965
0.3666360378265381
0.366417795419693
0.36665770411491394
0.3662620484828949
0.3661487102508545
0.36644449830055237
0.36609697341918945
0.36621129512786865
0.3656294345855713
0.36572209000587463
0.36848485469818115
0.36571964621543884
0.3653907775878906
0.36605921387672424
0.36566710472106934
0.36533835530281067
0.36537083983421326
0.3650723993778229
0.36529362201690674
0.36702847480773926
0.3647695481777191
0.36621323227882385
0.365908145904541
0.36475899815559387
0.36434218287467957
0.36482420563697815
0.36460092663764954
0.3648630678653717
0.36417070031166077
0.36447539925575256
0.36503610014915466
0.36475512385368347
0.36503276228904724
0.36399054527282715
0.36371049284935
0.3646913468837738
0.3639572560787201
0.3659355640411377
0.36596980690956116
0.3641393482685089
0.3642536401748657
0.36374226212501526
0.36330434679985046
0.36308225989341736
0.36320269107818604
0.3630441725254059
0.3640071153640747
0.3631531298160553
0.36394956707954407
0.3645850121974945
0.36302971839904785
0.364005446434021
0.3642207086086273
0.36252036690711975
0.36289462447166443
0.36247196793556213
0.3624056279659271
0.36301758885383606
0.362709641456604
0.36272478103637695
0.3623679578304291
0.3621656894683838
0.3620067834854126
0.3618583679199219
0.3642251491546631
0.3620547354221344
0.361476868391037
0.3618655502796173
0.36160993576049805
0.3614744246006012
0.3619351089000702
0.36136898398399353
0.36213168501853943
0.3651507794857025
0.36130428314208984
0.3610404431819916
0.36250171065330505
0.3616018295288086
0.36173751950263977
0.36109697818756104
0.3610137701034546
0.3614238500595093
0.36142706871032715
0.36191973090171814
0.36109891533851624
0.36137160658836365
0.36040985584259033
0.36151912808418274
0.36102578043937683
0.3606867492198944
0.3600383996963501
0.360964298248291
0.36057305335998535
0.3607921898365021
0.3603399097919464
0.36018291115760803
0.36055222153663635
0.3603961765766144
0.3606625497341156
0.36022934317588806
0.35950836539268494
0.3599707782268524
0.36054539680480957
0.35994839668273926
0.3597044050693512
0.35966965556144714
0.3597048819065094
0.3596319258213043
0.35969582200050354
0.35948291420936584
0.35996127128601074
0.3593386113643646
0.3589453399181366
0.35947859287261963
0.3589947521686554
0.35927700996398926
0.35926905274391174
0.35866057872772217
0.3595590591430664
0.3593308627605438
0.35995543003082275
0.3590269386768341
0.359417587518692
0.35865601897239685
0.3584376871585846
0.35890015959739685
0.3587927520275116
0.3590906858444214
0.3592158257961273
0.35868656635284424
0.35815027356147766
0.3582850694656372
0.3583899438381195
0.3577779233455658
0.358946293592453
0.35954248905181885
0.36163654923439026
0.35813388228416443
0.3582040071487427
0.3577515780925751
0.3592064678668976
0.35865142941474915
0.35787808895111084
0.35874703526496887
0.35907232761383057
0.3621446192264557
0.35912084579467773
0.35754191875457764
0.3606235682964325
0.3580581247806549
0.3572307825088501
0.356866717338562
0.35718345642089844
0.3572431802749634
0.35742926597595215
0.35678067803382874
0.35686108469963074
0.3569071292877197
0.3571614921092987
0.35707131028175354
0.3581208288669586
0.35704469680786133
0.3571847975254059
0.3569536507129669
0.3581008017063141
0.3561376631259918
0.35618653893470764
0.35883674025535583
0.35734620690345764
0.35601189732551575
0.3568572998046875
0.3580756187438965
0.35675695538520813
0.35662269592285156
0.35731735825538635
0.3571513593196869
0.35680723190307617
0.35606464743614197
0.3573947846889496
0.35636377334594727
0.3575657904148102
0.36009302735328674
0.3568488657474518
0.3558081388473511
0.3576487600803375
0.3564473092556
0.3577882945537567
0.3559001386165619
0.35521411895751953
0.3572096526622772
0.3570336401462555
0.35524287819862366
0.3549405336380005
0.35652613639831543
0.35682106018066406
0.35523808002471924
0.36004582047462463
0.3571886718273163
0.35520997643470764
0.35915908217430115
0.3571798801422119
0.35502028465270996
0.3551744520664215
0.3564467430114746
0.35550418496131897
0.35495078563690186
0.3558286130428314
0.3564979135990143
0.3547103703022003
0.3546028435230255
0.3545170724391937
0.3557176887989044
0.35578569769859314
0.3567204773426056
0.35479187965393066
0.3550308644771576
0.355423241853714
0.3547329008579254
0.3556593954563141
0.35582563281059265
0.35426387190818787
0.35505637526512146
0.3543335497379303
0.35475119948387146
0.3552413284778595
0.356507271528244
0.3554375469684601
0.35504627227783203
0.35535600781440735
0.3538089990615845
0.3543625771999359
0.3541470766067505
0.354172021150589
0.35427621006965637
0.3544795513153076
0.35530146956443787
0.3540817201137543
0.35413917899131775
0.35386690497398376
0.3556840121746063
0.3541131317615509
0.3556261956691742
0.35453498363494873
0.35461345314979553
0.3543521463871002
0.35514870285987854
0.353264719247818
0.3529456555843353
0.35521700978279114
0.3558107614517212
0.35267236828804016
0.35507932305336
0.35530614852905273
0.3534524440765381
0.3539998531341553
0.354380339384079
0.35320520401000977
0.35305920243263245
0.35433700680732727
0.3549443185329437
0.3532038629055023
0.35212650895118713
0.35648778080940247
0.355343222618103
0.3530825078487396
0.3528386056423187
0.3528158664703369
0.3533916175365448
0.3525315821170807
0.35815611481666565
0.35260888934135437
0.35578951239585876
0.35367894172668457
0.3527278006076813
0.3531632423400879
0.3546266555786133
0.3547033369541168
0.35342851281166077
0.35545703768730164
0.3534735143184662
0.3521876335144043
0.35267964005470276
0.3531378209590912
0.35375353693962097
0.35250726342201233
0.3527010977268219
0.3519348204135895
0.352033406496048
0.3521837294101715
0.3521832227706909
0.35290732979774475
0.35217130184173584
0.3523630201816559
0.3519922196865082
0.351770281791687
0.35350313782691956
0.35248813033103943
0.35146233439445496
0.3523019254207611
0.352618545293808
0.3520148992538452
0.35138407349586487
0.35156166553497314
0.351848840713501
0.35162198543548584
0.3515467941761017
0.3516642153263092
0.35165777802467346
0.351532906293869
0.35142603516578674
0.3518155515193939
0.3515336513519287
0.3516061305999756
0.35136112570762634
0.3519597053527832
0.35174858570098877
0.35129284858703613
0.351703017950058
0.35124149918556213
0.3512725830078125
0.3512716293334961
0.35142162442207336
0.35248374938964844
0.3514963686466217
0.3516606390476227
0.3516903817653656
0.3512383997440338
0.35116419196128845
0.3511333465576172
0.3510957658290863
0.351558119058609
0.3517214059829712
0.3513122498989105
0.3510679304599762
0.3512539863586426
0.3521502912044525
0.35128429532051086
0.3510093688964844
0.3509491980075836
0.35154423117637634
0.3514409363269806
0.35207054018974304
0.3518129885196686
0.35100340843200684
0.351205438375473
0.3518788516521454
0.35260066390037537
0.35084131360054016
0.3509073257446289
0.3512820899486542
0.3508540689945221
0.3515569269657135
0.35083284974098206
0.3508594036102295
0.35088908672332764
0.35126474499702454
0.3521566689014435
0.35119199752807617
0.3514711558818817
0.35105565190315247
0.3511227071285248
0.3507560193538666
0.35079696774482727
0.3509122431278229
0.35135459899902344
0.35069990158081055
0.35087624192237854
0.35065022110939026
0.35053375363349915
0.35080230236053467
0.3512336015701294
0.35054731369018555
0.35086214542388916
0.35070285201072693
0.3507913649082184
0.3504745066165924
0.35051560401916504
0.3508652150630951
0.35080599784851074
0.3510599136352539
0.350844144821167
0.35113802552223206
0.350724458694458
0.35108086466789246
0.3507746160030365
0.35151776671409607
0.3517070710659027
0.350589394569397
0.35146549344062805
0.35074034333229065
0.3505212068557739
0.35034921765327454
0.35024428367614746
0.3504680097103119
0.35078153014183044
0.35127511620521545
0.35040751099586487
0.3503521978855133
0.35036078095436096
0.3501744270324707
0.3509479761123657
0.3502345085144043
0.35013651847839355
0.35027074813842773
0.35007691383361816
0.35018181800842285
0.3501186668872833
0.35033056139945984
0.3504456579685211
0.3501720428466797
0.35009679198265076
0.35014501214027405
0.3501327335834503
0.3503950536251068
0.3500452935695648
0.3506220579147339
0.3506845533847809
0.35002434253692627
0.35002848505973816
0.35022297501564026
0.35014453530311584
0.3503681719303131
0.3499826490879059
0.35011377930641174
0.35041069984436035
0.3501593768596649
0.3501170575618744
0.3499928414821625
0.35001644492149353
0.34998318552970886
0.350127249956131
0.3499368131160736
0.34989404678344727
0.3499425947666168
0.3501187860965729
0.3500343859195709
0.34990277886390686
0.3500610888004303
0.34990572929382324
0.3498692512512207
0.34992659091949463
0.35040178894996643
0.3498654365539551
0.3498741686344147
0.35064950585365295
0.3499402105808258
0.3501412868499756
0.3498794138431549
0.3498968780040741
0.3499809205532074
0.3498368561267853
0.35030874609947205
0.349857896566391
0.3497920036315918
0.3498718738555908
0.34979185461997986
0.35008978843688965
0.3501029312610626
0.35002318024635315
0.35024294257164
0.3498031198978424
0.3503939211368561
0.34980690479278564
0.3498859405517578
0.3497449457645416
0.3498817980289459
0.3496904671192169
0.34973040223121643
0.34977611899375916
0.3497084081172943
0.3499734401702881
0.34979042410850525
0.3496452569961548
0.34964701533317566
0.34989309310913086
0.34971538186073303
0.34972262382507324
0.3497410714626312
0.3497016131877899
0.34984156489372253
0.34963107109069824
0.3498569428920746
0.35027623176574707
0.3495969772338867
0.34953412413597107
0.3497062623500824
0.34980204701423645
0.3498145341873169
0.3496498167514801
0.34994229674339294
0.34961938858032227
0.35128024220466614
0.34961485862731934
0.34993743896484375
0.3495343029499054
0.34955668449401855
0.3498114049434662
0.3497191369533539
0.3496263325214386
0.3495064973831177
0.34953832626342773
0.34959378838539124
0.3494678735733032
0.34953656792640686
0.34946584701538086
0.3496154248714447
0.349869966506958
0.34947600960731506
0.3495112359523773
0.34946513175964355
0.34948042035102844
0.3496588468551636
0.3495917320251465
0.3501717150211334
0.349513441324234
0.3497716188430786
0.3496306240558624
0.34951987862586975
0.3494192063808441
0.3496236801147461
0.3494221866130829
0.3494805097579956
0.3497371971607208
0.3494066298007965
0.34951257705688477
0.34943732619285583
0.34943222999572754
0.3494129478931427
0.3495256006717682
0.3495248258113861
0.34952130913734436
0.3496802747249603
0.34941133856773376
0.3497069776058197
0.34940624237060547
0.3494749069213867
0.34956344962120056
0.34947967529296875
0.34944212436676025
0.3495689928531647
0.349371999502182
0.34943732619285583
0.349366158246994
0.34951457381248474
0.34947529435157776
0.34947940707206726
0.3493640720844269
0.34945154190063477
0.34940919280052185
0.3494288921356201
0.3494224548339844
0.3494166433811188
0.3493417799472809
0.34944674372673035
0.34946349263191223
0.34934720396995544
0.34983590245246887
0.3497631549835205
0.3494226038455963
0.3497568666934967
0.34944236278533936
0.3494117558002472
0.3493010997772217
0.34930145740509033
0.3494262397289276
0.34937429428100586
0.3492768704891205
0.3493485748767853
0.34926286339759827
0.34926143288612366
0.34933018684387207
0.3495345413684845
0.34960952401161194
0.3492802083492279
0.34929099678993225
0.3496665954589844
0.34929463267326355
0.3493443429470062
0.34930363297462463
0.3492741286754608
0.3493363559246063
0.3493763506412506
0.34925615787506104
0.34927335381507874
0.34923601150512695
0.34923434257507324
0.349388986825943
0.34932711720466614
0.34923800826072693
0.3492180109024048
0.34931108355522156
0.34918901324272156
0.3492070138454437
0.34925389289855957
0.3492030203342438
0.3493880331516266
0.34919777512550354
0.3493196964263916
0.3494380712509155
0.3491767346858978
0.34919455647468567
0.34915629029273987
0.3491783142089844
0.3492005169391632
0.34916719794273376
0.3491760492324829
0.3491707146167755
0.3491479456424713
0.349158376455307
0.34914493560791016
0.3491797149181366
0.349141001701355
0.3492337167263031
0.3491682708263397
0.3492436408996582
0.34915462136268616
0.3491332530975342
0.34919455647468567
0.34915077686309814
0.34915685653686523
0.34925028681755066
0.34916579723358154
0.3491537570953369
0.34912335872650146
0.3491227626800537
0.3491586148738861
0.34919288754463196
0.34930744767189026
0.349211722612381
0.3491208255290985
0.3492431640625
0.3491375148296356
0.34911906719207764
0.3491332530975342
0.3490998446941376
0.3491964638233185
0.34914836287498474
0.34918513894081116
0.3491196632385254
0.34909310936927795
0.3492003381252289
0.34910163283348083
0.34915709495544434
0.3491729199886322
0.34929466247558594
0.3491312265396118
0.34920990467071533
0.3491063416004181
0.3491220474243164
0.34910497069358826
0.3491422235965729
0.34912896156311035
0.34931841492652893
0.3491154611110687
0.34906673431396484
0.34915289282798767
0.3491208255290985
0.34908103942871094
0.3490770757198334
0.3491024971008301
0.34907054901123047
0.3491457998752594
0.349077969789505
0.3490680158138275
0.3492497503757477
0.34909090399742126
0.3490769863128662
0.34904423356056213
0.3490525186061859
0.3490552008152008
0.3490583896636963
0.34904253482818604
0.34911230206489563
0.3491479456424713
0.3490513563156128
0.34906575083732605
0.34904155135154724
0.3490518629550934
0.34905746579170227
0.3490723669528961
0.349054217338562
0.34904906153678894
0.34906768798828125
0.34904876351356506
0.349019855260849
0.34906086325645447
0.3491151034832001
0.34929585456848145
0.34910741448402405
0.3490065038204193
0.3491119146347046
0.3490478992462158
0.34908804297447205
0.34912189841270447
0.3490217626094818
0.349025160074234
0.3490121066570282
0.34900298714637756
0.3490678369998932
0.3490525186061859
