39.85517120361328
37.63372039794922
35.438812255859375
33.4312744140625
31.45552635192871
29.446569442749023
27.2168025970459
25.161298751831055
23.250024795532227
21.395586013793945
19.60572624206543
17.78367042541504
15.85986614227295
13.71798324584961
11.612722396850586
9.571008682250977
7.597801208496094
5.583347320556641
3.4387707710266113
1.4623057842254639
0.6829108595848083
0.8465169072151184
0.7890576720237732
0.6518080234527588
0.6055874228477478
0.6078210473060608
0.6271414160728455
0.6012166142463684
0.6049349308013916
0.593809187412262
0.6235321164131165
0.6227893829345703
0.5981959700584412
0.596479058265686
0.6008480191230774
0.585620105266571
0.5922764539718628
0.5746288299560547
0.5710782408714294
0.5729155540466309
0.5697426795959473
0.5646790266036987
0.5635940432548523
0.560080885887146
0.5709151029586792
0.5618802309036255
0.5607407689094543
0.5770470499992371
0.5532838106155396
0.5710448026657104
0.551845908164978
0.543168306350708
0.5413051247596741
0.5406158566474915
0.5739174485206604
0.548503041267395
0.542256236076355
0.543146550655365
0.5360702872276306
0.5304771065711975
0.5260857343673706
0.5292359590530396
0.5269320011138916
0.5223261713981628
0.5194599628448486
0.5166434645652771
0.5154985189437866
0.5174130201339722
0.5136850476264954
0.5114272236824036
0.5100815892219543
0.5224274396896362
0.5519430041313171
0.5220563411712646
0.5515179634094238
0.5059658885002136
0.5183956027030945
0.5030511617660522
0.4984729588031769
0.49777311086654663
0.4955644905567169
0.5134797692298889
0.5668139457702637
0.5384856462478638
0.5065873265266418
0.5205041766166687
0.5059422254562378
0.53700852394104
0.4909183084964752
0.49606412649154663
0.4915846288204193
0.4831685721874237
0.4965154826641083
0.4885660707950592
0.4802207350730896
0.4985033869743347
0.4926767647266388
0.5056329965591431
0.4833860695362091
0.5167135000228882
0.48780086636543274
0.4839734733104706
0.48102042078971863
0.4705033004283905
0.4694427251815796
0.4705301523208618
0.4684728682041168
0.4675346910953522
0.4684203267097473
0.4640124440193176
0.4676896333694458
0.46535196900367737
0.4634132385253906
0.4630317986011505
0.4896949827671051
0.4761928915977478
0.4701763689517975
0.4762060046195984
0.46329912543296814
0.4993859529495239
0.47712111473083496
0.5086824297904968
0.5255805850028992
0.4548586905002594
0.45852231979370117
0.4592236280441284
0.4568530023097992
0.45311498641967773
0.45003414154052734
0.46612006425857544
0.458357036113739
0.44739481806755066
0.44726189970970154
0.44715961813926697
0.44685453176498413
0.4460565745830536
0.452750563621521
0.46263840794563293
0.4655451774597168
0.46639692783355713
0.4731026887893677
0.45253774523735046
0.448550820350647
0.4435148239135742
0.44000154733657837
0.4930267035961151
0.5302768349647522
0.4419258236885071
0.44311222434043884
0.43985798954963684
0.4388391375541687
0.4448925852775574
0.4545358717441559
0.43770116567611694
0.4375235438346863
0.451781302690506
0.4345496892929077
0.4386953115463257
0.434161514043808
0.4327811598777771
0.43321940302848816
0.43267348408699036
0.43565863370895386
0.4587436020374298
0.44342300295829773
0.4292352795600891
0.4315297305583954
0.4293079674243927
0.4313730299472809
0.4324212670326233
0.4311724603176117
0.42889082431793213
0.4731520414352417
0.4627142548561096
0.42895686626434326
0.43415695428848267
0.424296110868454
0.42761853337287903
0.4251149594783783
0.42675331234931946
0.4241601228713989
0.4266428053379059
0.4242888391017914
0.4236181378364563
0.4207569658756256
0.42171597480773926
0.42101284861564636
0.4205430746078491
0.4220462143421173
0.42032110691070557
0.4197242558002472
0.419003427028656
0.4185132086277008
0.4174801707267761
0.41893571615219116
0.417384535074234
0.41677770018577576
0.4610447585582733
0.4532696604728699
0.4210858643054962
0.4198041260242462
0.4151836633682251
0.41608983278274536
0.415313720703125
0.42377182841300964
0.41741758584976196
0.4155362546443939
0.423025906085968
0.4382624924182892
0.42120757699012756
0.4189227819442749
0.4203985333442688
0.4310493767261505
0.4211519956588745
0.4119080901145935
0.4106180667877197
0.4139999449253082
0.4107693135738373
0.41374391317367554
0.4121750593185425
0.4105510115623474
0.419587641954422
0.41875162720680237
0.4163070321083069
0.4766554832458496
0.4921128749847412
0.42664065957069397
0.44174712896347046
0.4105090796947479
0.4124171733856201
0.4045850336551666
0.4105393886566162
0.40636569261550903
0.4065030515193939
0.40751105546951294
0.415905237197876
0.4168176054954529
0.4304034113883972
0.42534172534942627
0.4086723327636719
0.40624523162841797
0.40502285957336426
0.40453776717185974
0.40288886427879333
0.4033830463886261
0.4016125202178955
0.4073987305164337
0.4104534685611725
0.41512414813041687
0.4221380054950714
0.40189242362976074
0.4152489900588989
0.4020769000053406
0.40299874544143677
0.4010326564311981
0.4007609784603119
0.4436574876308441
0.4173859655857086
0.41759416460990906
0.4075838029384613
0.4011901021003723
0.46311959624290466
0.4492429196834564
0.4010472893714905
0.400808185338974
0.40269383788108826
0.4056514799594879
0.4369867444038391
0.3988257944583893
0.4062328636646271
0.39654484391212463
0.3998093605041504
0.400319904088974
0.399873286485672
0.3985672891139984
0.398319274187088
0.40152186155319214
0.39949971437454224
0.40506109595298767
0.3988206088542938
0.397390216588974
0.39587435126304626
0.4175168573856354
0.40561673045158386
0.40495508909225464
0.40082818269729614
0.3950555920600891
0.3997829854488373
0.39725589752197266
0.3962506949901581
0.3947347402572632
0.4583057165145874
0.4315812885761261
0.40568551421165466
0.4030543267726898
0.4087490737438202
0.4069162607192993
0.3953932523727417
0.4025530517101288
0.41247203946113586
0.408042311668396
0.3923799991607666
0.4179060459136963
0.4978589117527008
0.3981943726539612
0.4443080723285675
0.3970455825328827
0.4059174060821533
0.3982917368412018
0.4054018259048462
0.3932863175868988
0.3927719295024872
0.39209243655204773
0.39930644631385803
0.42852023243904114
0.3912251591682434
0.39652198553085327
0.39369985461235046
0.4397347569465637
0.41611430048942566
0.3909826874732971
0.3902224898338318
0.39165881276130676
0.3955988883972168
0.3909376263618469
0.39101964235305786
0.3920298218727112
0.39087536931037903
0.4003714621067047
0.4009707272052765
0.3925190567970276
0.43702009320259094
0.4214561879634857
0.39929673075675964
0.395256370306015
0.39334389567375183
0.38927310705184937
0.389525443315506
0.39297276735305786
0.3877279460430145
0.38950595259666443
0.4129047393798828
0.41163337230682373
0.3954828679561615
0.3902764916419983
0.39421936869621277
0.4001244008541107
0.3968029022216797
0.4533759653568268
0.41055235266685486
0.4308166205883026
0.38823825120925903
0.39081692695617676
0.40950173139572144
0.410414457321167
0.38953515887260437
0.3856584429740906
0.3878876864910126
0.4284140169620514
0.4133545160293579
0.3872383236885071
0.4031173288822174
0.39756882190704346
0.39462000131607056
0.39330005645751953
0.3847562074661255
0.3881671130657196
0.4228825569152832
0.399297833442688
0.40068519115448
0.3952694237232208
0.3952060639858246
0.3860825002193451
0.3841893672943115
0.3847885727882385
0.3889135718345642
0.3880482017993927
0.4498409628868103
0.3841950297355652
0.3983966112136841
0.3864677846431732
0.38422736525535583
0.38694021105766296
0.3962877094745636
0.4141456186771393
0.3895781934261322
0.38784557580947876
0.38359367847442627
0.38361790776252747
0.38308271765708923
0.44647330045700073
0.4105149507522583
0.4062053859233856
0.3837321400642395
0.3839662969112396
0.38277819752693176
0.38481488823890686
0.4033566117286682
0.3894670605659485
0.3794981837272644
0.4017377197742462
0.3971550166606903
0.39907658100128174
0.38286644220352173
0.3850577175617218
0.387745201587677
0.3897673785686493
0.3837336301803589
0.3833996057510376
0.38426896929740906
0.3850456476211548
0.3815081715583801
0.3834759593009949
0.3829115629196167
0.40280959010124207
0.40505465865135193
0.38558095693588257
0.3844092786312103
0.38256731629371643
0.5003299117088318
0.4421815276145935
0.4068549871444702
0.392406702041626
0.39074409008026123
0.4669354557991028
0.41084158420562744
0.4109213948249817
0.3821224272251129
0.38057905435562134
0.38076233863830566
0.3808077573776245
0.38116398453712463
0.38226497173309326
0.3813198208808899
0.38493087887763977
0.3836985230445862
0.381610631942749
0.38346320390701294
0.3885681927204132
0.4126640558242798
0.4007292687892914
0.385354608297348
0.385202020406723
0.38085639476776123
0.40298470854759216
0.39499974250793457
0.3885038495063782
0.3809390068054199
0.3802967667579651
0.3800429701805115
0.38038161396980286
0.3935316503047943
0.38793039321899414
0.3969550132751465
0.4060150980949402
0.3805312514305115
0.3825341463088989
0.3861462473869324
0.38232913613319397
0.38731247186660767
0.39069169759750366
0.4060955345630646
0.39717939496040344
0.38120096921920776
0.3902745842933655
0.3847670257091522
0.41146278381347656
0.39476478099823
0.3964807093143463
0.38204067945480347
0.392022043466568
0.38663995265960693
0.38900312781333923
0.4501784145832062
0.38795405626296997
0.39174985885620117
0.38089463114738464
0.4348813593387604
0.42282119393348694
0.4103758633136749
0.39700472354888916
0.3795396387577057
0.4035836160182953
0.3848598003387451
0.3821440041065216
0.4113563895225525
0.41659221053123474
0.40801137685775757
0.38583123683929443
0.39638751745224
0.38769233226776123
0.39003637433052063
0.3776070475578308
0.3788713812828064
0.3814390003681183
0.4146468937397003
0.3963550329208374
0.399254709482193
0.38965529203414917
0.4065135419368744
0.38998544216156006
0.4083954691886902
0.38232359290122986
0.43073198199272156
0.41661444306373596
0.3837794065475464
0.386470764875412
0.3766794204711914
0.37807613611221313
0.3885398507118225
0.3859061002731323
0.3812236189842224
0.3854061961174011
0.4510360062122345
0.4564785957336426
0.3828202486038208
0.3922053873538971
0.48437801003456116
0.4290124177932739
0.38575252890586853
0.395352303981781
0.3739304542541504
0.39037296175956726
0.37648826837539673
0.4199170172214508
0.4086824655532837
0.465048223733902
0.4354507029056549
0.4321591258049011
0.4321274161338806
0.4012452960014343
0.39753222465515137
0.37941551208496094
0.37716245651245117
0.485777348279953
0.430929958820343
0.40315982699394226
0.384492427110672
0.4185665547847748
0.40846896171569824
0.37527620792388916
0.38712191581726074
0.3774223029613495
0.37677714228630066
0.3760945200920105
0.3808417320251465
0.39764365553855896
0.3753474950790405
0.39551082253456116
0.38145121932029724
0.3758486807346344
0.3756166398525238
0.37674209475517273
0.3829500675201416
0.3821398913860321
0.4016335606575012
0.39240121841430664
0.378269761800766
0.3914503753185272
0.38088271021842957
0.3774333894252777
0.3888418972492218
0.38332781195640564
0.3773043155670166
0.3804169297218323
0.3935146629810333
0.38400915265083313
0.38512328267097473
0.38473713397979736
0.3975543975830078
0.5083251595497131
0.39760205149650574
0.43496912717819214
0.38019952178001404
0.3997876048088074
0.4495202898979187
0.48031479120254517
0.37771373987197876
0.3847035765647888
0.3740788698196411
0.39892852306365967
0.3841155767440796
0.38192418217658997
0.3759787678718567
0.3795536458492279
0.3778201639652252
0.3767297863960266
0.37486815452575684
0.4533340334892273
0.40958866477012634
0.46219152212142944
0.4564206302165985
0.3946336805820465
0.39030981063842773
0.3831218481063843
0.3850151598453522
0.3788501024246216
0.453473299741745
0.4372491240501404
0.4005257487297058
0.3850501477718353
0.3932415843009949
0.403795063495636
0.3802248239517212
0.47890761494636536
0.42006903886795044
0.3929004669189453
0.4055875241756439
0.44698604941368103
0.38006705045700073
0.38747596740722656
0.3745957016944885
0.3746224641799927
0.3754086196422577
0.3748333752155304
0.3755750358104706
0.376546710729599
0.3742273151874542
0.38147440552711487
0.3797232508659363
0.3763367533683777
0.37923532724380493
0.37625059485435486
0.3757517337799072
0.393619179725647
0.3975706696510315
0.38186606764793396
0.43199318647384644
0.408954381942749
0.3694101870059967
0.37896987795829773
0.37478509545326233
0.3744227886199951
0.3741324841976166
0.3786846995353699
0.3775307536125183
0.47004780173301697
0.4245724678039551
0.3993108570575714
0.3972570598125458
0.3862071633338928
0.380189448595047
0.37666547298431396
0.3782944679260254
0.3757161498069763
0.3738596439361572
0.3802364468574524
0.3857521116733551
0.3727053701877594
0.37578579783439636
0.37328627705574036
0.37416914105415344
0.3733904957771301
0.43452438712120056
0.44899722933769226
0.38769015669822693
0.3868941366672516
0.3814513087272644
0.3772856891155243
0.3835977613925934
0.3785274624824524
0.381005197763443
0.3731324076652527
0.3744831681251526
0.3741043508052826
0.37375742197036743
0.3735463619232178
0.37383735179901123
0.3770734965801239
0.3744935989379883
0.3729415237903595
0.386825829744339
0.37774279713630676
0.3802047073841095
0.37500354647636414
0.37307626008987427
0.3780428171157837
0.3818860352039337
0.38983479142189026
0.37841224670410156
0.37863263487815857
0.3763934075832367
0.3737585246562958
0.407634437084198
0.38763102889060974
0.37727421522140503
0.3772081434726715
0.3734555244445801
0.3714793026447296
0.37882840633392334
0.381448894739151
0.5550199151039124
0.4327594041824341
0.40376734733581543
0.3738534450531006
0.38923630118370056
0.37607520818710327
0.373964786529541
0.37685924768447876
0.3790920674800873
0.37253880500793457
0.37299877405166626
0.3844880759716034
0.4051646888256073
0.37961727380752563
0.37852922081947327
0.38890138268470764
0.3910595774650574
0.5945124626159668
0.3928109407424927
0.43052035570144653
0.3754335641860962
0.3971727788448334
0.37654799222946167
0.3846267759799957
0.3783356249332428
0.3815930485725403
0.3717460036277771
0.3841409385204315
0.3803898096084595
0.37906956672668457
0.3805955648422241
0.3925192654132843
0.3971298933029175
0.37511324882507324
0.37331756949424744
0.37327978014945984
0.3932763934135437
0.39363372325897217
0.3729829788208008
0.3747628629207611
0.37561625242233276
0.3762788474559784
0.38921141624450684
0.3767414391040802
0.3734867572784424
0.37402069568634033
0.3951040804386139
0.4294319152832031
0.4209820032119751
0.3887537121772766
0.3756946325302124
0.3826846778392792
0.386633962392807
0.3740520477294922
0.3728240132331848
0.37884700298309326
0.37481454014778137
0.38354554772377014
0.3976288437843323
0.41420072317123413
0.3798465132713318
0.390759140253067
0.37459954619407654
0.3758082389831543
0.37271806597709656
0.37294909358024597
0.3877135217189789
0.37893030047416687
0.4452529847621918
0.4182348847389221
0.3818303644657135
0.38052305579185486
0.39187026023864746
0.3852829337120056
0.3726581037044525
0.37389835715293884
0.3732358515262604
0.37105098366737366
0.3763103485107422
0.3766818940639496
0.3731744587421417
0.37334486842155457
0.39697760343551636
0.39065852761268616
0.3754274845123291
0.3704073131084442
0.3746134042739868
0.3721122443675995
0.3721679151058197
0.4131702184677124
0.3885924816131592
0.3784884512424469
0.3791680932044983
0.3733527362346649
0.37258774042129517
0.3750159442424774
0.3727748990058899
0.37478289008140564
0.3759332299232483
0.4519790709018707
0.42530113458633423
0.4819270968437195
0.42337292432785034
0.378589391708374
0.37014296650886536
0.3718366026878357
0.43128493428230286
0.39780381321907043
0.40127208828926086
0.3822784423828125
0.4736691415309906
0.4631432294845581
0.42006880044937134
0.4610585570335388
0.3897802531719208
0.3742285668849945
0.372280091047287
0.37657058238983154
0.3843490481376648
0.3713872730731964
0.38513660430908203
0.37306880950927734
0.3784462511539459
0.3776911199092865
0.37392541766166687
0.3723548352718353
0.3733625113964081
0.37217825651168823
0.3725900948047638
0.3741324841976166
0.37047645449638367
0.3852672874927521
0.37105807662010193
0.4050120711326599
0.37738069891929626
0.37920236587524414
0.3723509609699249
0.37158486247062683
0.3724260628223419
0.3719950020313263
0.41241753101348877
0.38656720519065857
0.4214193522930145
0.3790152370929718
0.4012702703475952
0.4219452738761902
0.3700867295265198
0.3744344413280487
0.38174712657928467
0.37679845094680786
0.4015796482563019
0.3790567219257355
0.40066850185394287
0.3921801447868347
0.40705516934394836
0.3772343695163727
0.3796115219593048
0.3732028901576996
0.3782676160335541
0.38176870346069336
0.3707980513572693
0.4998965859413147
0.4464236795902252
0.3838486969470978
0.37789854407310486
0.37412717938423157
0.3738178014755249
0.371673047542572
0.3716582953929901
0.37212449312210083
0.42172685265541077
0.4457891285419464
0.39712637662887573
0.395826518535614
0.4075186550617218
0.3756729066371918
0.38139063119888306
0.3719053864479065
0.38682153820991516
0.39201781153678894
0.4270856976509094
0.38350868225097656
0.3842611312866211
0.4183509349822998
0.3959207832813263
0.37028223276138306
0.4009506404399872
0.3900468349456787
0.37099355459213257
0.4284549355506897
0.4658643305301666
0.401300847530365
0.3698830306529999
0.3748943507671356
0.37142622470855713
0.3701067566871643
0.37061747908592224
0.37801456451416016
0.4201922118663788
0.3775217831134796
0.3739538788795471
0.3713383376598358
0.37113040685653687
0.372336745262146
0.3715486228466034
0.3706437051296234
0.3703758418560028
0.37147071957588196
0.37226778268814087
0.3707848787307739
0.3704651892185211
0.3716740608215332
0.3710188567638397
0.37209954857826233
0.3713526427745819
0.37162908911705017
0.37287282943725586
0.372559130191803
0.3724553883075714
0.37150153517723083
0.3729234039783478
0.3748171031475067
0.37311244010925293
0.37617751955986023
0.38156622648239136
0.37441930174827576
0.369950532913208
0.37029069662094116
0.3948853313922882
0.4343530535697937
0.39103004336357117
0.3804643452167511
0.414049357175827
0.381948322057724
0.37652936577796936
0.37811559438705444
0.3773018419742584
0.37272852659225464
0.36971884965896606
0.3700888454914093
0.3988218605518341
0.4174977242946625
0.3808010518550873
0.3705329895019531
0.37625131011009216
0.37718725204467773
0.3751019835472107
0.37192612886428833
0.3742567300796509
0.3737315237522125
0.39661338925361633
0.39014214277267456
0.3706331253051758
0.37209269404411316
0.3707096576690674
0.37057581543922424
0.3896062970161438
0.404977947473526
0.3860801160335541
0.3987177014350891
0.3792819082736969
0.37668073177337646
0.3756884038448334
0.3723408281803131
0.3751719295978546
0.37298083305358887
0.3718028664588928
0.3699430227279663
0.370002806186676
0.3704392910003662
0.3700277805328369
0.37336334586143494
0.37478509545326233
0.3709944784641266
0.3703022599220276
0.3704865574836731
0.3710005581378937
0.3801381587982178
0.3820008635520935
0.3767227232456207
0.3772587478160858
0.38085994124412537
0.37301942706108093
0.3697032928466797
0.3719850182533264
0.3894882798194885
0.3975062072277069
0.3745003640651703
0.36938855051994324
0.3719598054885864
0.3714192807674408
0.3704967200756073
0.3727281093597412
0.3703444302082062
0.3738847076892853
0.3833169937133789
0.3731692433357239
0.4065612554550171
0.4317365884780884
0.3920856714248657
0.3705340027809143
0.39065033197402954
0.376880019903183
0.3689000904560089
0.37271109223365784
0.3845188617706299
0.3907676637172699
0.36939001083374023
0.3707326352596283
0.3708544671535492
0.3774075508117676
0.37211066484451294
0.3706657290458679
0.37024804949760437
0.36972150206565857
0.3796577751636505
0.37258821725845337
0.36905577778816223
0.37139609456062317
0.37711822986602783
0.3713127374649048
0.3706479072570801
0.3802149295806885
0.3897923529148102
0.3748248219490051
0.3702934682369232
0.3997865319252014
0.45656564831733704
0.4020821452140808
0.37109220027923584
0.37782230973243713
0.3710205852985382
0.3692798316478729
0.37604767084121704
0.37704095244407654
0.37468189001083374
0.3710014820098877
0.38323161005973816
0.41639578342437744
0.38440433144569397
0.3709145188331604
0.3776642978191376
0.37247294187545776
0.36974602937698364
0.37007632851600647
0.3703566789627075
0.37063196301460266
0.37656736373901367
0.3822096586227417
0.4669637084007263
0.3879680931568146
0.38176748156547546
0.38381919264793396
0.3721107244491577
0.370304673910141
0.39701706171035767
0.395513653755188
0.3715136647224426
0.3773581385612488
0.3702721893787384
0.37125474214553833
0.37400195002555847
0.37169885635375977
0.37057220935821533
0.36997026205062866
0.37036117911338806
0.37999778985977173
0.3845999240875244
0.3729478418827057
0.3724316358566284
0.37105152010917664
0.3712870478630066
0.37183108925819397
0.3703021705150604
0.3726711869239807
0.3762035667896271
0.3754188120365143
0.376937597990036
0.3710037171840668
0.37314215302467346
0.37114638090133667
0.3727169632911682
0.37146851420402527
0.371231347322464
0.36964038014411926
0.3724304437637329
0.3770722448825836
0.37289872765541077
0.36927899718284607
0.3705827593803406
0.37248632311820984
0.3737781345844269
0.372365802526474
0.3711950182914734
0.3707817792892456
0.37130972743034363
0.37124213576316833
0.3703780770301819
0.4064840078353882
0.43967404961586
0.3875712752342224
0.37922435998916626
0.3784228265285492
0.40429937839508057
0.3928954303264618
0.37599390745162964
0.3703908920288086
0.37988242506980896
0.38135260343551636
0.37422600388526917
0.3748835325241089
0.37268996238708496
0.3723773956298828
0.3704458177089691
0.376215398311615
0.379295289516449
0.3704231381416321
0.3721219003200531
0.3724837601184845
0.3741476237773895
0.370318204164505
0.36959102749824524
0.37010887265205383
0.369800865650177
0.36953306198120117
0.36961039900779724
0.36962905526161194
0.37034082412719727
0.3699091374874115
0.3746134340763092
0.3720916509628296
0.3700481951236725
0.3756880760192871
0.3906553387641907
0.3723345100879669
0.3836960196495056
0.38037610054016113
0.36863407492637634
0.3743469715118408
0.3736778795719147
0.3714325726032257
0.37172257900238037
0.3706952929496765
0.37136414647102356
0.36959409713745117
0.37260574102401733
0.3718028962612152
0.3692440688610077
0.4029920697212219
0.43292149901390076
0.3826005756855011
0.37009280920028687
0.3715054392814636
0.3736134171485901
0.37121766805648804
0.37447935342788696
0.3722759485244751
0.3762553036212921
0.37518101930618286
0.3719339072704315
0.37105128169059753
0.3693634569644928
0.36951953172683716
0.37025102972984314
0.3702279031276703
0.36913490295410156
0.3714752495288849
0.3841229975223541
0.4189600646495819
0.39814281463623047
0.3708868622779846
0.3791050314903259
0.3832886219024658
0.3734995424747467
0.3809434771537781
0.3808336853981018
0.3709883391857147
0.370802640914917
0.37097659707069397
0.3696475625038147
0.3722442388534546
0.3739040195941925
0.36987459659576416
0.36990636587142944
0.3710395097732544
0.37526625394821167
0.37070542573928833
0.3695109188556671
0.3696225583553314
0.37081706523895264
0.3707377314567566
0.3781111240386963
0.4231080710887909
0.42841649055480957
0.37608465552330017
0.3703634440898895
0.3684011399745941
0.3719401955604553
0.3795756995677948
0.3648465871810913
0.3856906592845917
0.37754642963409424
0.3695656657218933
0.3726365268230438
0.3749159574508667
0.37261462211608887
0.3692246079444885
0.3704400658607483
0.36962395906448364
0.369406133890152
0.37791743874549866
0.3825329840183258
0.37319597601890564
0.3702079653739929
0.37140730023384094
0.36947545409202576
0.3717779815196991
0.37710508704185486
0.37235790491104126
0.36869996786117554
0.3711054027080536
0.36962890625
0.369364470243454
0.36994221806526184
0.376487135887146
0.3744939863681793
0.3695739805698395
0.36979401111602783
0.3842179775238037
0.3774494528770447
0.3914687931537628
0.37681692838668823
0.4180269241333008
0.496214359998703
0.41985899209976196
0.3688249886035919
0.38329237699508667
0.36811625957489014
0.3840390145778656
0.3775297999382019
0.3952060341835022
0.4030431807041168
0.3821176290512085
0.3736044466495514
0.3701692223548889
0.369794100522995
0.36970412731170654
0.3698820173740387
0.36965686082839966
0.3755301535129547
0.37521636486053467
0.36896759271621704
0.3665770888328552
0.37408632040023804
0.37062546610832214
0.3695177733898163
0.370141863822937
0.37086501717567444
0.3722681403160095
0.3713001608848572
0.3710181415081024
0.36987385153770447
0.36905503273010254
0.37007901072502136
0.3692565858364105
0.3690369725227356
0.3693845868110657
0.37157177925109863
0.3690662682056427
0.37072551250457764
0.36882105469703674
0.3708532154560089
0.37473711371421814
0.3721349835395813
0.3699294328689575
0.36952465772628784
0.3698321580886841
0.37067046761512756
0.37474367022514343
0.3821547329425812
0.3760557174682617
0.3710237741470337
0.3689802587032318
0.3726655840873718
0.3748852014541626
0.37380093336105347
0.3889628052711487
0.38166341185569763
0.3720226287841797
0.3689011335372925
0.36955004930496216
0.36999157071113586
0.3701753616333008
0.3727783262729645
0.3720185458660126
0.3710044026374817
0.369275838136673
0.3701156973838806
0.3697207272052765
0.3707083761692047
0.38106662034988403
0.39122453331947327
0.3795112669467926
0.3779788017272949
0.3739386796951294
0.36816275119781494
0.3823602497577667
0.37756872177124023
0.3699421286582947
0.3701939582824707
0.37059417366981506
0.3704613745212555
0.3709421157836914
0.37056249380111694
0.36953678727149963
0.3692636787891388
0.3704112768173218
0.36975768208503723
0.36948421597480774
0.3695220649242401
0.36934664845466614
0.36929023265838623
0.36941400170326233
0.37047475576400757
0.3706265091896057
0.36915668845176697
0.36939945816993713
0.3685729205608368
0.3698592185974121
0.38088077306747437
0.4010033905506134
0.3897324800491333
0.3757769763469696
0.3697352707386017
0.3710027039051056
0.3717234134674072
0.3703464865684509
0.36913126707077026
0.3715361952781677
0.36891669034957886
0.3765331208705902
0.37045571208000183
0.3740366995334625
0.3757895529270172
0.3721999526023865
0.3690633773803711
0.3695454001426697
0.3708624541759491
0.37043455243110657
0.3697308301925659
0.36973246932029724
0.36922168731689453
0.3700709939002991
0.37028440833091736
0.369736909866333
0.36913934350013733
0.36932846903800964
0.36906084418296814
0.3695639669895172
0.3694542944431305
0.37703660130500793
0.38211897015571594
0.3773486614227295
0.3784719705581665
0.379734069108963
0.3714233934879303
0.36859697103500366
0.3695842921733856
0.3691346347332001
0.3691278398036957
0.369204044342041
0.37510332465171814
0.3777950406074524
0.3726789355278015
0.371237188577652
0.3696948289871216
0.37017959356307983
0.36964166164398193
0.3691065013408661
0.3691660761833191
0.36926698684692383
0.369351863861084
0.36920061707496643
0.3692401051521301
0.37417182326316833
0.38341882824897766
0.379909485578537
0.3714554011821747
0.36937379837036133
0.36984875798225403
0.3697570562362671
0.37019777297973633
0.374693900346756
0.37122294306755066
0.3690691888332367
0.36932510137557983
0.3696613609790802
0.36959943175315857
0.36929377913475037
0.3693591356277466
0.37241634726524353
0.3714525103569031
0.3695104122161865
0.369563490152359
0.36963939666748047
0.36905479431152344
0.3700556457042694
0.3693823218345642
0.3729150891304016
0.3762955665588379
0.3842656910419464
0.38296976685523987
0.3730674386024475
0.36938920617103577
0.36985132098197937
0.37035050988197327
0.3708306849002838
0.3709697425365448
0.37019339203834534
0.36861708760261536
0.3698713183403015
0.3704676628112793
0.3699505031108856
0.36980757117271423
0.3703796863555908
0.3707863688468933
0.36997541785240173
0.3692573010921478
0.3697955310344696
0.36907458305358887
0.3690691292285919
0.36911123991012573
0.36910203099250793
0.3689604699611664
0.37072792649269104
0.3694426417350769
0.3691706955432892
0.3698166310787201
0.36910560727119446
0.37081119418144226
0.3719980716705322
0.37137341499328613
0.369149774312973
0.3691598176956177
0.36969807744026184
0.3775349259376526
0.38023650646209717
0.38045093417167664
0.3717605471611023
0.3705466687679291
0.3721112906932831
0.3725515902042389
0.36770451068878174
0.372752845287323
0.37542057037353516
0.3708021640777588
0.36900457739830017
0.375268816947937
0.38009729981422424
0.37180936336517334
0.37033236026763916
0.36948081851005554
0.3750438392162323
0.36923500895500183
0.369184672832489
0.36897844076156616
0.3696261942386627
0.36938855051994324
0.37037035822868347
0.3719519376754761
0.3706865608692169
0.37241172790527344
0.37828248739242554
0.3783184885978699
0.3743196427822113
0.36883965134620667
0.36900654435157776
0.3693728744983673
0.36913442611694336
0.37285852432250977
0.37786218523979187
0.3739030063152313
0.37462151050567627
0.3746175765991211
0.3709374666213989
0.37000852823257446
0.3712926208972931
0.3743809759616852
0.3727971017360687
0.36968615651130676
0.37471920251846313
0.3835267126560211
0.4094371795654297
0.3964373469352722
0.3735925555229187
0.3710325360298157
0.3717893958091736
0.36825019121170044
0.3700252175331116
0.36968493461608887
0.3691277801990509
0.3689650595188141
0.36907199025154114
0.37111547589302063
0.37025758624076843
0.37045949697494507
0.3691500127315521
0.3691136837005615
0.37050923705101013
0.37012526392936707
0.36853501200675964
0.36864644289016724
0.3693157732486725
0.37071970105171204
0.3711722493171692
0.37049615383148193
0.37593191862106323
0.3838311433792114
0.37434208393096924
0.36889275908470154
0.37010934948921204
0.3697653114795685
0.36999961733818054
0.3709614872932434
0.36971503496170044
0.36927729845046997
0.3689647614955902
0.3692465126514435
0.3709681034088135
0.3695834279060364
0.3726523518562317
0.37697693705558777
0.3719242215156555
0.3709566295146942
0.3711269199848175
0.3707672953605652
0.3688278794288635
0.3691132664680481
0.3704659640789032
0.3705574870109558
0.36901846528053284
0.36960527300834656
0.37563061714172363
0.37684985995292664
0.3712978959083557
0.369417667388916
0.3717825412750244
0.37381160259246826
0.3703300952911377
0.3665047287940979
0.3698982894420624
0.3757736086845398
0.3833537995815277
0.3739422857761383
0.3694700002670288
0.3703005909919739
0.3722156286239624
0.3722301721572876
0.37326180934906006
0.36922675371170044
0.3692457973957062
0.36966538429260254
0.37084725499153137
0.370824933052063
0.3693599998950958
0.36916443705558777
0.36992576718330383
0.3698001503944397
0.3696407079696655
0.36932891607284546
0.36972910165786743
0.37165799736976624
0.3712983727455139
0.37022456526756287
0.36905738711357117
0.3695767819881439
0.3711991608142853
0.3717474639415741
0.3710642457008362
0.36910438537597656
0.3691647946834564
0.3691437542438507
0.36908257007598877
0.37339168787002563
0.384893000125885
0.37796375155448914
0.37109360098838806
0.3691261410713196
0.36876189708709717
0.37324008345603943
0.3840026557445526
0.3754332363605499
0.3848249614238739
0.3831840753555298
0.3752933442592621
0.37051647901535034
0.36938631534576416
0.36890485882759094
0.371075838804245
0.3734297454357147
0.3694044351577759
0.3692890703678131
0.37114977836608887
0.38245144486427307
0.37399590015411377
0.36961129307746887
0.371120423078537
0.3712896704673767
0.36989519000053406
0.3686666488647461
0.3969045579433441
0.41293060779571533
0.4068557024002075
0.4083188474178314
0.39768892526626587
0.3674792945384979
0.39243385195732117
0.38169264793395996
0.3705982267856598
0.37304630875587463
0.38259854912757874
0.3753126263618469
0.3694204092025757
0.369986891746521
0.3698810935020447
0.36938437819480896
0.36811432242393494
0.37079736590385437
0.36997273564338684
0.3694429397583008
0.37038859724998474
0.3691162168979645
0.3716599643230438
0.37663447856903076
0.378928542137146
0.37339386343955994
0.36967942118644714
0.36911913752555847
0.3714674115180969
0.3701417148113251
0.36904504895210266
0.3701537847518921
0.3700513243675232
0.3696318566799164
0.36922165751457214
0.3695647716522217
0.3696932792663574
0.37023675441741943
0.3713911771774292
0.3717421889305115
0.3705616593360901
0.3719843327999115
0.3714834451675415
0.369306355714798
0.3690507709980011
0.36883458495140076
0.3692619502544403
0.36876922845840454
0.3730953633785248
0.37402915954589844
0.37263381481170654
0.3704476058483124
0.36980175971984863
0.3695141673088074
0.3695463240146637
0.36959078907966614
0.3695128858089447
0.3696219325065613
0.3696877658367157
0.3696552813053131
0.3693600594997406
0.3693982660770416
0.36934787034988403
0.3689543306827545
0.36865881085395813
0.3694040775299072
0.36917033791542053
0.3691115379333496
0.36969640851020813
0.3696083426475525
0.3694628179073334
0.37066882848739624
0.369486540555954
0.36902672052383423
0.3682456910610199
0.3691847324371338
0.3695860505104065
0.36937031149864197
0.36884862184524536
0.36864757537841797
0.3688461482524872
0.36894041299819946
0.3702073395252228
0.3724692761898041
0.3723507225513458
0.3714029788970947
0.37055015563964844
0.36974036693573
0.36932387948036194
0.36900073289871216
0.3690224885940552
0.36899837851524353
0.369758665561676
0.3727872967720032
0.3751341700553894
0.3751295208930969
0.372392863035202
0.36992311477661133
0.3687393367290497
0.3686089813709259
0.3698500394821167
0.3743605315685272
0.3719417154788971
0.36896374821662903
0.3693549633026123
0.3697156012058258
0.3726440966129303
0.37298819422721863
0.3715154826641083
0.3692821264266968
0.370818555355072
0.37135589122772217
0.3704591691493988
0.36979761719703674
0.3686455190181732
0.36986044049263
0.36978423595428467
0.36897626519203186
0.3689972460269928
0.3687654435634613
0.3689492344856262
0.37280160188674927
0.3746623694896698
0.3738572597503662
0.3701516091823578
0.369122713804245
0.3684277832508087
0.3692668378353119
0.36894160509109497
0.3691285252571106
0.3690562844276428
0.37195438146591187
0.3724110722541809
0.37106257677078247
0.36939120292663574
0.3690952956676483
0.371069073677063
0.36948856711387634
0.3691632151603699
0.3698362708091736
0.37066343426704407
0.3710327744483948
0.3701740801334381
0.3690219819545746
0.3686802089214325
0.36930379271507263
0.3693031072616577
0.369231641292572
0.36903703212738037
0.36840519309043884
0.3685690462589264
0.369075208902359
0.36933666467666626
0.36950942873954773
0.36944490671157837
0.3694721460342407
0.36965352296829224
0.37017953395843506
0.36985349655151367
0.36960169672966003
0.36927101016044617
0.3691255748271942
0.3690912127494812
0.36855384707450867
0.3694049119949341
0.3699479103088379
0.3698659837245941
0.37055662274360657
0.3715584874153137
0.3712426424026489
0.37027373909950256
0.3700193762779236
0.3698658347129822
0.36951974034309387
0.36943545937538147
0.3691576421260834
0.36932462453842163
0.3686988949775696
0.3691037595272064
0.36747896671295166
0.3694416284561157
0.36991259455680847
0.36985698342323303
0.3699563443660736
0.3688332438468933
0.36902904510498047
0.36914458870887756
0.36905989050865173
0.3692114055156708
0.3688843250274658
0.3691405951976776
0.3688669800758362
0.3690718114376068
0.3694346845149994
0.36900240182876587
0.3688357174396515
0.3688149154186249
0.368824303150177
0.36904263496398926
0.3688526153564453
0.3687649667263031
0.36943766474723816
0.37288910150527954
0.37370404601097107
0.37320008873939514
0.37085455656051636
0.36915749311447144
0.3689255118370056
0.36878472566604614
0.3688426613807678
0.37026476860046387
0.3710290491580963
0.37119823694229126
0.3704478442668915
0.3696041405200958
0.36893191933631897
0.369485467672348
0.36911025643348694
0.3689793050289154
0.3688504099845886
0.3688768446445465
0.36894357204437256
0.3688662350177765
0.3695565164089203
0.3698279857635498
0.3703889846801758
0.3705584406852722
0.37029874324798584
0.36975717544555664
0.36968451738357544
0.3695361912250519
0.3695008158683777
0.36892539262771606
0.36900854110717773
0.36956772208213806
0.3706015944480896
0.3708494007587433
0.3707100450992584
0.3709678053855896
0.37020817399024963
0.36958593130111694
0.3694358170032501
0.3695065379142761
0.3699032962322235
0.3699931204319
0.3699760138988495
0.3698769211769104
0.3695901036262512
0.3695998787879944
0.3693055510520935
0.3692225217819214
0.3692137897014618
0.3691232204437256
0.36870983242988586
0.36897915601730347
0.3689529597759247
0.3689764142036438
0.3689674437046051
0.3689267933368683
0.3690504729747772
0.3697335720062256
0.3699580132961273
0.3699447214603424
0.3698556125164032
0.36909985542297363
0.3690205514431
0.3686375916004181
0.3688422739505768
0.3690061867237091
0.3691208064556122
0.36909160017967224
0.3685074746608734
0.36870190501213074
0.3688467741012573
0.3688810467720032
0.36884358525276184
0.3688454329967499
0.36883577704429626
0.36884546279907227
0.3688703179359436
0.3688645660877228
0.36890190839767456
0.368905246257782
0.3689519166946411
0.36889153718948364
0.36874496936798096
0.3686992824077606
0.3688976764678955
0.36908912658691406
0.368874192237854
0.36881640553474426
0.3687969446182251
0.3687690496444702
0.3686899244785309
0.3688534200191498
0.3689027726650238
0.36865535378456116
0.3688029944896698
0.3687855005264282
0.3689921200275421
0.3691868185997009
0.36921781301498413
0.36915966868400574
0.369089812040329
0.3691639006137848
0.3689156174659729
0.3688505291938782
0.3689234256744385
0.3688206374645233
0.3687518537044525
0.3687423765659332
0.3687530755996704
0.36875012516975403
0.3690807819366455
0.36921215057373047
0.3692546784877777
0.36927440762519836
0.36916306614875793
0.3691401183605194
0.3689311146736145
0.3690046966075897
0.368804395198822
0.36881646513938904
0.36891382932662964
0.3692208230495453
0.3694674074649811
0.3694801330566406
0.36944565176963806
0.3694595694541931
0.36935386061668396
0.3692723214626312
0.36915838718414307
0.3691503703594208
0.36927804350852966
0.369253933429718
0.36937686800956726
0.36945292353630066
0.3694669306278229
0.3694445788860321
0.3694208264350891
0.3693203628063202
0.36922112107276917
0.36911851167678833
0.3692002296447754
0.3691299259662628
0.36907529830932617
0.3693685531616211
0.3694659471511841
0.3695158362388611
0.36943545937538147
0.36912643909454346
0.3690789043903351
0.3689473271369934
0.36899644136428833
0.36886322498321533
0.368850976228714
0.36880195140838623
0.3688190281391144
0.36885350942611694
0.3688632845878601
0.3688752353191376
0.3688760995864868
0.36884990334510803
0.36886489391326904
0.3688998818397522
0.3688855767250061
0.3688827157020569
0.3689320683479309
0.36887863278388977
0.368923157453537
0.3689272701740265
0.3688933849334717
0.3688889741897583
0.3688366711139679
0.3688719570636749
0.3688414692878723
0.36884254217147827
0.36884191632270813
0.368854820728302
0.36888211965560913
0.3688216805458069
0.36869296431541443
0.3690245747566223
0.3690239489078522
0.36900565028190613
0.3691154718399048
0.3695031702518463
0.3695186376571655
0.3695358335971832
0.36952704191207886
0.36943721771240234
0.3694117069244385
0.3692859411239624
0.36959484219551086
0.36962953209877014
0.3694439232349396
0.3689494729042053
0.36884045600891113
0.368850439786911
0.36872178316116333
0.36879897117614746
0.3688328266143799
0.36882534623146057
0.36882421374320984
0.36882567405700684
0.3688163757324219
0.3688163161277771
0.36879804730415344
0.3687624931335449
0.3687455654144287
0.3687475621700287
0.3687540292739868
0.3687118589878082
0.3688024878501892
0.3687553107738495
0.36918357014656067
0.3691699206829071
0.3693307042121887
0.3694683611392975
0.3694746196269989
0.36940303444862366
0.3693077862262726
0.3693714737892151
0.3693380057811737
0.3693152964115143
0.3693119287490845
0.3692532181739807
0.36921343207359314
0.36911293864250183
0.368981271982193
0.36889931559562683
0.3688989579677582
0.3688092827796936
0.3688819706439972
0.3689728379249573
0.368966281414032
0.3689950108528137
0.3690442144870758
0.36903807520866394
0.3690350353717804
0.3690193295478821
0.3690442144870758
0.3689587712287903
0.36894088983535767
0.36880138516426086
0.36897069215774536
0.3687405288219452
0.3688109219074249
0.368796169757843
0.3687533438205719
0.3687858283519745
0.3688125014305115
0.3688124716281891
0.3688051402568817
0.3687955141067505
0.3687990605831146
0.36879655718803406
0.36878782510757446
0.3687506318092346
0.3688192367553711
0.36881980299949646
0.36881470680236816
0.36881551146507263
0.3689432442188263
0.3689241409301758
0.3689305782318115
0.3689720928668976
0.36895203590393066
0.36894291639328003
0.3689325153827667
0.3689228594303131
0.36897173523902893
0.3688780665397644
0.3688899874687195
0.3688777685165405
0.36888277530670166
0.3689177334308624
0.36890068650245667
0.3688836693763733
0.3687609136104584
0.3687858283519745
0.3688041865825653
0.36881357431411743
0.3687957525253296
0.36879870295524597
0.3688015937805176
0.3687906265258789
0.3687986731529236
0.36880001425743103
