0.57421875
0.57421875
0.57421875
0.57421875
0.57421875
0.57421875
0.57421875
0.57421875
0.57421875
0.57421875
0.5703125
0.5703125
0.5703125
0.57421875
0.57421875
0.57421875
0.57421875
0.57421875
0.57421875
0.57421875
0.5703125
0.5703125
0.5703125
0.5703125
0.5703125
0.57421875
0.57421875
0.57421875
0.57421875
0.57421875
0.57421875
0.57421875
0.57421875
0.57421875
0.57421875
0.57421875
0.57421875
0.57421875
0.5703125
0.5703125
0.57421875
0.57421875
0.57421875
0.57421875
0.57421875
0.57421875
0.578125
0.578125
0.578125
0.58203125
0.58984375
0.58984375
0.5859375
0.5859375
0.5859375
0.6015625
0.609375
0.640625
0.6328125
0.625
0.625
0.5390625
0.50390625
0.58203125
0.67578125
0.65234375
0.6484375
0.66015625
0.65234375
0.67578125
0.6796875
0.6796875
0.68359375
0.6796875
0.6875
0.68359375
0.68359375
0.6875
0.6953125
0.6953125
0.69140625
0.69921875
0.70703125
0.70703125
0.7109375
0.7109375
0.7109375
0.7109375
0.7109375
0.71875
0.71875
0.72265625
0.71875
0.71875
0.71875
0.72265625
0.72265625
0.72265625
0.7265625
0.7265625
0.73046875
0.734375
0.73828125
0.73828125
0.73828125
0.73828125
0.74609375
0.7421875
0.74609375
0.75
0.7578125
0.7578125
0.7578125
0.76171875
0.765625
0.765625
0.76953125
0.76953125
0.76953125
0.77734375
0.77734375
0.78125
0.77734375
0.77734375
0.77734375
0.77734375
0.78125
0.78125
0.77734375
0.78515625
0.78125
0.78515625
0.78515625
0.78515625
0.78515625
0.7890625
0.79296875
0.78125
0.78125
0.78515625
0.7890625
0.7890625
0.7890625
0.7890625
0.78515625
0.78515625
0.7890625
0.78515625
0.79296875
0.79296875
0.79296875
0.796875
0.79296875
0.79296875
0.796875
0.796875
0.796875
0.80078125
0.79296875
0.79296875
0.8046875
0.80078125
0.8046875
0.8046875
0.8046875
0.80078125
0.80078125
0.80859375
0.80859375
0.80859375
0.8125
0.8046875
0.8046875
0.80078125
0.80078125
0.8125
0.8125
0.8125
0.8125
0.8125
0.81640625
0.80859375
0.8046875
0.8046875
0.80859375
0.81640625
0.8125
0.81640625
0.8125
0.8125
0.80859375
0.82421875
0.8203125
0.8203125
0.8203125
0.8203125
0.81640625
0.8203125
0.81640625
0.8125
0.8203125
0.81640625
0.8203125
0.8203125
0.81640625
0.81640625
0.81640625
0.81640625
0.8125
0.80859375
0.81640625
0.8203125
0.8125
0.8125
0.80859375
0.8203125
0.81640625
0.8203125
0.8203125
0.8125
0.81640625
0.81640625
0.8203125
0.82421875
0.81640625
0.8203125
0.82421875
0.8203125
0.81640625
0.81640625
0.828125
0.82421875
0.82421875
0.83203125
0.8125
0.8203125
0.82421875
0.828125
0.828125
0.82421875
0.82421875
0.828125
0.83203125
0.83203125
0.828125
0.83203125
0.83203125
0.828125
0.83203125
0.828125
0.83203125
0.83984375
0.8359375
0.828125
0.82421875
0.83203125
0.83984375
0.8359375
0.84375
0.83984375
0.84765625
0.83984375
0.83984375
0.84375
0.83984375
0.83984375
0.83984375
0.84375
0.84765625
0.84375
0.8359375
0.8359375
0.84375
0.84765625
0.84765625
0.84375
0.84375
0.84765625
0.84375
0.84375
0.84765625
0.8515625
0.8515625
0.84375
0.8515625
0.84375
0.8359375
0.84765625
0.8515625
0.8515625
0.84765625
0.83984375
0.8515625
0.8515625
0.8515625
0.85546875
0.8515625
0.8515625
0.8515625
0.859375
0.859375
0.859375
0.859375
0.85546875
0.859375
0.85546875
0.86328125
0.85546875
0.859375
0.859375
0.85546875
0.859375
0.86328125
0.86328125
0.86328125
0.859375
0.859375
0.859375
0.859375
0.86328125
0.86328125
0.859375
0.86328125
0.86328125
0.8671875
0.8671875
0.86328125
0.86328125
0.86328125
0.8671875
0.8671875
0.86328125
0.8671875
0.86328125
0.86328125
0.859375
0.86328125
0.8671875
0.86328125
0.86328125
0.86328125
0.8671875
0.86328125
0.8671875
0.86328125
0.8671875
0.8671875
0.86328125
0.8671875
0.8671875
0.86328125
0.86328125
0.86328125
0.86328125
0.8671875
0.86328125
0.86328125
0.8671875
0.86328125
0.86328125
0.86328125
0.86328125
0.859375
0.86328125
0.8671875
0.8671875
0.86328125
0.86328125
0.86328125
0.86328125
0.8671875
0.87109375
0.86328125
0.8671875
0.8671875
0.8671875
0.8671875
0.8671875
0.86328125
0.86328125
0.8671875
0.8671875
0.8671875
0.86328125
0.86328125
0.86328125
0.86328125
0.86328125
0.8671875
0.8671875
0.86328125
0.86328125
0.859375
0.86328125
0.859375
0.8671875
0.86328125
0.86328125
0.86328125
0.8671875
0.86328125
0.8671875
0.86328125
0.859375
0.86328125
0.86328125
0.86328125
0.86328125
0.86328125
0.859375
0.86328125
0.86328125
0.859375
0.86328125
0.86328125
0.86328125
0.86328125
0.859375
0.86328125
0.859375
0.859375
0.86328125
0.8671875
0.86328125
0.86328125
0.859375
0.86328125
0.859375
0.859375
0.859375
0.859375
0.8671875
0.86328125
0.85546875
0.86328125
0.86328125
0.859375
0.859375
0.859375
0.859375
0.86328125
0.86328125
0.86328125
0.8671875
0.8671875
0.859375
0.859375
0.86328125
0.8671875
0.86328125
0.86328125
0.86328125
0.8671875
0.86328125
0.859375
0.86328125
0.86328125
0.859375
0.85546875
0.859375
0.85546875
0.86328125
0.859375
0.859375
0.86328125
0.859375
0.86328125
0.859375
0.859375
0.859375
0.86328125
0.859375
0.859375
0.86328125
0.859375
0.86328125
0.859375
0.859375
0.86328125
0.86328125
0.85546875
0.859375
0.859375
0.86328125
0.85546875
0.859375
0.85546875
0.85546875
0.86328125
0.86328125
0.86328125
0.8671875
0.8515625
0.859375
0.86328125
0.85546875
0.85546875
0.859375
0.859375
0.8671875
0.859375
0.86328125
0.859375
0.86328125
0.859375
0.8671875
0.85546875
0.859375
0.85546875
0.86328125
0.86328125
0.85546875
0.859375
0.86328125
0.85546875
0.86328125
0.859375
0.859375
0.84765625
0.86328125
0.859375
0.8515625
0.86328125
0.85546875
0.85546875
0.859375
0.85546875
0.85546875
0.86328125
0.86328125
0.859375
0.85546875
0.85546875
0.859375
0.859375
0.85546875
0.859375
0.86328125
0.86328125
0.85546875
0.859375
0.8515625
0.87109375
0.86328125
0.85546875
0.84765625
0.8515625
0.85546875
0.859375
0.86328125
0.84765625
0.8515625
0.859375
0.8515625
0.84765625
0.85546875
0.85546875
0.85546875
0.85546875
0.85546875
0.85546875
0.85546875
0.8515625
0.85546875
0.85546875
0.8515625
0.85546875
0.85546875
0.85546875
0.87109375
0.86328125
0.85546875
0.8515625
0.859375
0.86328125
0.85546875
0.84765625
0.84765625
0.8515625
0.86328125
0.8671875
0.859375
0.8515625
0.8515625
0.85546875
0.8515625
0.8671875
0.8515625
0.8515625
0.8515625
0.8515625
0.8515625
0.85546875
0.85546875
0.859375
0.8515625
0.8515625
0.8515625
0.8515625
0.8515625
0.8515625
0.85546875
0.8515625
0.85546875
0.8515625
0.8515625
0.8515625
0.85546875
0.85546875
0.8515625
0.8515625
0.8515625
0.8515625
0.85546875
0.8515625
0.8515625
0.8515625
0.8515625
0.85546875
0.85546875
0.8515625
0.84765625
0.85546875
0.85546875
0.8515625
0.8515625
0.8515625
0.8515625
0.8515625
0.8515625
0.85546875
0.859375
0.85546875
0.85546875
0.85546875
0.85546875
0.85546875
0.85546875
0.8515625
0.85546875
0.8515625
0.8515625
0.85546875
0.85546875
0.86328125
0.85546875
0.85546875
0.85546875
0.85546875
0.859375
0.85546875
0.84765625
0.8515625
0.85546875
0.859375
0.859375
0.85546875
0.85546875
0.85546875
0.8671875
0.859375
0.85546875
0.84765625
0.85546875
0.85546875
0.8515625
0.8515625
0.85546875
0.859375
0.85546875
0.85546875
0.85546875
0.859375
0.85546875
0.85546875
0.859375
0.8515625
0.85546875
0.85546875
0.86328125
0.86328125
0.85546875
0.85546875
0.8515625
0.8515625
0.8515625
0.85546875
0.8515625
0.85546875
0.85546875
0.85546875
0.85546875
0.859375
0.859375
0.8671875
0.8515625
0.859375
0.8515625
0.859375
0.85546875
0.85546875
0.85546875
0.859375
0.85546875
0.85546875
0.8515625
0.8515625
0.859375
0.85546875
0.859375
0.86328125
0.85546875
0.859375
0.85546875
0.86328125
0.8515625
0.85546875
0.859375
0.859375
0.85546875
0.8515625
0.85546875
0.85546875
0.85546875
0.85546875
0.859375
0.8515625
0.85546875
0.859375
0.8515625
0.8515625
0.8515625
0.85546875
0.85546875
0.85546875
0.85546875
0.8515625
0.8515625
0.8515625
0.859375
0.859375
0.85546875
0.859375
0.85546875
0.86328125
0.85546875
0.8515625
0.85546875
0.8515625
0.8515625
0.859375
0.859375
0.8515625
0.85546875
0.8515625
0.84765625
0.8515625
0.8515625
0.8515625
0.85546875
0.85546875
0.85546875
0.8515625
0.85546875
0.85546875
0.859375
0.859375
0.859375
0.85546875
0.859375
0.85546875
0.85546875
0.86328125
0.859375
0.8515625
0.84765625
0.86328125
0.85546875
0.8515625
0.8515625
0.84765625
0.85546875
0.85546875
0.85546875
0.8515625
0.85546875
0.85546875
0.85546875
0.84765625
0.859375
0.86328125
0.86328125
0.859375
0.8515625
0.85546875
0.86328125
0.85546875
0.85546875
0.8515625
0.86328125
0.86328125
0.8515625
0.86328125
0.859375
0.86328125
0.86328125
0.84765625
0.85546875
0.859375
0.8515625
0.86328125
0.859375
0.84765625
0.8515625
0.84765625
0.85546875
0.859375
0.86328125
0.8515625
0.8515625
0.86328125
0.85546875
0.85546875
0.8515625
0.86328125
0.86328125
0.86328125
0.859375
0.86328125
0.8515625
0.84765625
0.85546875
0.86328125
0.84765625
0.8515625
0.859375
0.8515625
0.85546875
0.84765625
0.8515625
0.8515625
0.85546875
0.85546875
0.84765625
0.84765625
0.859375
0.859375
0.8515625
0.84765625
0.8515625
0.84765625
0.85546875
0.859375
0.85546875
0.84765625
0.8515625
0.8515625
0.85546875
0.8515625
0.8515625
0.86328125
0.84765625
0.85546875
0.84765625
0.859375
0.8515625
0.85546875
0.84765625
0.85546875
0.85546875
0.859375
0.86328125
0.859375
0.8671875
0.86328125
0.86328125
0.84765625
0.84765625
0.84765625
0.84765625
0.8515625
0.84765625
0.8515625
0.84765625
0.84765625
0.8515625
0.8515625
0.84765625
0.85546875
0.859375
0.86328125
0.85546875
0.86328125
0.859375
0.8515625
0.859375
0.85546875
0.86328125
0.859375
0.8515625
0.8515625
0.8515625
0.8515625
0.84765625
0.84765625
0.85546875
0.84765625
0.84765625
0.8515625
0.859375
0.86328125
0.859375
0.85546875
0.8515625
0.86328125
0.85546875
0.8515625
0.8515625
0.859375
0.859375
0.85546875
0.859375
0.859375
0.8515625
0.8515625
0.8515625
0.85546875
0.85546875
0.84765625
0.85546875
0.85546875
0.85546875
0.86328125
0.84765625
0.859375
0.85546875
0.8515625
0.859375
0.85546875
0.8515625
0.86328125
0.85546875
0.859375
0.85546875
0.86328125
0.86328125
0.859375
0.859375
0.859375
0.84765625
0.85546875
0.8515625
0.85546875
0.84765625
0.86328125
0.86328125
0.85546875
0.8671875
0.86328125
0.859375
0.859375
0.87109375
0.86328125
0.84765625
0.85546875
0.8515625
0.8515625
0.86328125
0.859375
0.8515625
0.84765625
0.8515625
0.859375
0.8515625
0.84765625
0.859375
0.8515625
0.85546875
0.8515625
0.859375
0.859375
0.859375
0.85546875
0.8515625
0.859375
0.859375
0.85546875
0.85546875
0.8515625
0.8515625
0.8515625
0.85546875
0.859375
0.8515625
0.859375
0.84765625
0.8515625
0.84765625
0.84765625
0.8515625
0.84765625
0.85546875
0.84765625
0.85546875
0.86328125
0.85546875
0.86328125
0.85546875
0.86328125
0.8515625
0.8671875
0.86328125
0.86328125
0.859375
0.86328125
0.86328125
0.8671875
0.85546875
0.85546875
0.8515625
0.85546875
0.85546875
0.85546875
0.859375
0.85546875
0.8515625
0.859375
0.8515625
0.859375
0.86328125
0.86328125
0.8671875
0.8515625
0.86328125
0.8515625
0.8515625
0.84765625
0.85546875
0.8515625
0.84765625
0.859375
0.86328125
0.86328125
0.859375
0.859375
0.86328125
0.8515625
0.85546875
0.85546875
0.859375
0.85546875
0.85546875
0.859375
0.86328125
0.86328125
0.859375
0.8515625
0.8515625
0.8515625
0.8515625
0.85546875
0.859375
0.8515625
0.85546875
0.8515625
0.859375
0.85546875
0.859375
0.85546875
0.85546875
0.85546875
0.859375
0.8515625
0.8671875
0.86328125
0.85546875
0.8671875
0.859375
0.86328125
0.859375
0.859375
0.85546875
0.85546875
0.859375
0.8515625
0.85546875
0.859375
0.8515625
0.85546875
0.85546875
0.85546875
0.8515625
0.8515625
0.85546875
0.85546875
0.85546875
0.86328125
0.86328125
0.859375
0.85546875
0.859375
0.85546875
0.85546875
0.85546875
0.85546875
0.85546875
0.8515625
0.85546875
0.85546875
0.85546875
0.859375
0.85546875
0.85546875
0.8671875
0.8515625
0.859375
0.85546875
0.859375
0.85546875
0.86328125
0.86328125
0.84765625
0.859375
0.84765625
0.8671875
0.84765625
0.86328125
0.85546875
0.86328125
0.85546875
0.8515625
0.86328125
0.8671875
0.87890625
0.85546875
0.8671875
0.859375
0.859375
0.8515625
0.85546875
0.85546875
0.859375
0.859375
0.85546875
0.8515625
0.8671875
0.8671875
0.85546875
0.859375
0.85546875
0.85546875
0.85546875
0.85546875
0.859375
0.85546875
0.85546875
0.859375
0.85546875
0.86328125
0.85546875
0.87109375
0.8671875
0.85546875
0.8515625
0.86328125
0.86328125
0.8515625
0.85546875
0.85546875
0.8515625
0.85546875
0.85546875
0.8515625
0.8515625
0.8515625
0.85546875
0.85546875
0.859375
0.859375
0.8515625
0.859375
0.85546875
0.859375
0.859375
0.85546875
0.86328125
0.85546875
0.85546875
0.8671875
0.85546875
0.85546875
0.859375
0.85546875
0.85546875
0.85546875
0.86328125
0.859375
0.859375
0.85546875
0.87109375
0.8671875
0.85546875
0.85546875
0.859375
0.86328125
0.8515625
0.8671875
0.859375
0.85546875
0.859375
0.8671875
0.875
0.8515625
0.85546875
0.8515625
0.87109375
0.86328125
0.85546875
0.859375
0.85546875
0.859375
0.85546875
0.859375
0.8515625
0.85546875
0.86328125
0.8671875
0.859375
0.85546875
0.8515625
0.8671875
0.84765625
0.85546875
0.875
0.859375
0.84765625
0.8671875
0.86328125
0.85546875
0.87109375
0.859375
0.85546875
0.859375
0.875
0.8671875
0.86328125
0.859375
0.859375
0.86328125
0.875
0.859375
0.859375
0.86328125
0.859375
0.85546875
0.87109375
0.87109375
0.859375
0.85546875
0.8671875
0.875
0.86328125
0.85546875
0.8671875
0.8671875
0.859375
0.86328125
0.86328125
0.859375
0.8671875
0.8515625
0.85546875
0.86328125
0.87109375
0.87109375
0.87109375
0.87109375
0.8671875
0.8671875
0.86328125
0.859375
0.859375
0.86328125
0.8671875
0.87109375
0.87109375
0.86328125
0.859375
0.8671875
0.87109375
0.87109375
0.85546875
0.859375
0.8671875
0.87109375
0.859375
0.8671875
0.8671875
0.87109375
0.8671875
0.859375
0.85546875
0.859375
0.8671875
0.86328125
0.85546875
0.86328125
0.8671875
0.86328125
0.8671875
0.87109375
0.87109375
0.8671875
0.86328125
0.8671875
0.87109375
0.86328125
0.85546875
0.86328125
0.87109375
0.8671875
0.859375
0.8671875
0.86328125
0.86328125
0.8671875
0.86328125
0.86328125
0.875
0.8671875
0.87109375
0.8671875
0.8671875
0.86328125
0.87109375
0.8671875
0.86328125
0.8515625
0.859375
0.8671875
0.85546875
0.86328125
0.86328125
0.8671875
0.86328125
0.859375
0.85546875
0.86328125
0.87109375
0.87109375
0.85546875
0.859375
0.86328125
0.8515625
0.86328125
0.87109375
0.86328125
0.859375
0.859375
0.86328125
0.8671875
0.85546875
0.85546875
0.85546875
0.8671875
0.87109375
0.8671875
0.8671875
0.86328125
0.85546875
0.87109375
0.87109375
0.87109375
0.86328125
0.86328125
0.87109375
0.87109375
0.85546875
0.85546875
0.86328125
0.87109375
0.859375
0.859375
0.86328125
0.8671875
0.859375
0.85546875
0.859375
0.87109375
0.86328125
0.87109375
0.875
0.88671875
0.859375
0.86328125
0.86328125
0.87109375
0.859375
0.85546875
0.875
0.875
0.86328125
0.859375
0.8671875
0.87109375
0.87109375
0.86328125
0.85546875
0.859375
0.86328125
0.86328125
0.859375
0.86328125
0.875
0.8671875
0.859375
0.859375
0.859375
0.86328125
0.86328125
0.87109375
0.87109375
0.859375
0.86328125
0.8671875
0.87109375
0.86328125
0.85546875
0.859375
0.859375
0.86328125
0.86328125
0.86328125
0.86328125
0.85546875
0.86328125
0.86328125
0.859375
0.86328125
0.87109375
0.8671875
0.85546875
0.8515625
0.86328125
0.87109375
0.86328125
0.86328125
0.85546875
0.85546875
0.859375
0.87109375
0.87109375
0.86328125
0.859375
0.86328125
0.85546875
0.859375
0.85546875
0.8671875
0.87109375
0.8671875
0.859375
0.85546875
0.859375
0.85546875
0.87109375
0.875
0.87109375
0.85546875
0.85546875
0.86328125
0.86328125
0.86328125
0.859375
0.86328125
0.86328125
0.87109375
0.8671875
0.85546875
0.859375
0.86328125
0.86328125
0.8671875
0.86328125
0.85546875
0.85546875
0.859375
0.8671875
0.87109375
0.85546875
0.85546875
0.85546875
0.8671875
0.87890625
0.87109375
0.85546875
0.85546875
0.85546875
0.85546875
0.859375
0.86328125
0.8671875
0.8671875
0.85546875
0.859375
0.8671875
0.8671875
0.8671875
0.85546875
0.85546875
0.85546875
0.86328125
0.8671875
0.8671875
0.86328125
0.85546875
0.85546875
0.85546875
0.85546875
0.8671875
0.8671875
0.8671875
0.8671875
0.8671875
0.859375
0.85546875
0.85546875
0.85546875
0.85546875
0.86328125
0.8671875
0.8671875
0.85546875
0.86328125
0.8671875
0.85546875
0.85546875
0.86328125
0.86328125
0.85546875
0.85546875
0.85546875
0.86328125
0.87109375
0.8671875
0.859375
0.85546875
0.85546875
0.86328125
0.8671875
0.8671875
0.86328125
0.85546875
0.85546875
0.85546875
0.86328125
0.85546875
0.8671875
0.8671875
0.859375
0.85546875
0.85546875
0.85546875
0.8671875
0.8671875
0.8671875
0.8671875
0.8671875
0.859375
0.85546875
0.859375
0.8671875
0.86328125
0.85546875
0.859375
0.86328125
0.86328125
0.86328125
0.8671875
0.86328125
0.85546875
0.859375
0.8671875
0.85546875
0.86328125
0.8671875
0.86328125
0.85546875
0.85546875
0.86328125
0.859375
0.8671875
0.8671875
0.859375
0.859375
0.8671875
0.8671875
0.8671875
0.85546875
0.85546875
0.85546875
0.85546875
0.859375
0.86328125
0.859375
0.859375
0.85546875
0.859375
0.859375
0.86328125
0.86328125
0.85546875
0.86328125
0.8671875
0.8671875
0.86328125
0.8671875
0.86328125
0.859375
0.859375
0.859375
0.85546875
0.85546875
0.859375
0.85546875
0.85546875
0.8671875
0.8671875
0.86328125
0.859375
0.85546875
0.85546875
0.85546875
0.859375
0.86328125
0.859375
0.8671875
0.859375
0.859375
0.859375
0.859375
0.859375
0.859375
0.86328125
0.8671875
0.8671875
0.8671875
0.85546875
0.85546875
0.85546875
0.85546875
0.859375
0.8671875
0.859375
0.86328125
0.859375
0.859375
0.8671875
0.86328125
0.859375
0.859375
0.859375
0.85546875
0.85546875
0.859375
0.859375
0.859375
0.8671875
0.86328125
0.859375
0.859375
0.859375
0.859375
0.859375
0.859375
0.859375
0.85546875
0.859375
0.859375
0.859375
0.86328125
0.86328125
0.8671875
0.8671875
0.85546875
0.859375
0.8671875
0.8671875
0.86328125
0.859375
0.85546875
0.859375
0.86328125
0.8671875
0.86328125
0.85546875
0.85546875
0.85546875
0.859375
0.859375
0.859375
0.8671875
0.86328125
0.8671875
0.8671875
0.86328125
0.859375
0.859375
0.85546875
0.859375
0.859375
0.859375
0.859375
0.86328125
0.86328125
0.859375
0.859375
0.859375
0.859375
0.859375
0.859375
0.859375
0.859375
0.86328125
0.859375
0.859375
0.859375
0.859375
0.859375
0.859375
0.859375
0.85546875
0.85546875
0.859375
0.86328125
0.8671875
0.86328125
0.8671875
0.8671875
0.86328125
0.859375
0.859375
0.859375
0.859375
0.859375
0.859375
0.859375
0.859375
0.859375
0.859375
0.859375
0.859375
0.859375
0.859375
0.86328125
0.86328125
0.859375
0.859375
0.859375
0.859375
0.859375
0.859375
0.859375
0.8671875
0.859375
0.859375
0.859375
0.859375
0.859375
0.859375
0.859375
0.859375
0.859375
0.859375
0.859375
0.859375
0.859375
0.859375
0.859375
0.859375
0.859375
0.859375
0.859375
0.86328125
0.86328125
0.859375
0.859375
0.85546875
0.859375
0.859375
0.859375
0.859375
0.859375
0.85546875
0.85546875
0.859375
0.86328125
0.8671875
0.8671875
0.8671875
0.86328125
0.86328125
0.86328125
0.86328125
0.859375
0.86328125
0.859375
0.86328125
0.86328125
0.86328125
0.86328125
0.859375
0.859375
0.859375
0.859375
0.859375
0.859375
0.859375
0.859375
0.859375
