0.5700934529304504
0.5700934529304504
0.5700934529304504
0.5700934529304504
0.5685358047485352
0.5700934529304504
0.5700934529304504
0.5700934529304504
0.5685358047485352
0.5685358047485352
0.5716511011123657
0.573208749294281
0.573208749294281
0.573208749294281
0.573208749294281
0.573208749294281
0.5747663378715515
0.5747663378715515
0.5825545191764832
0.5872274041175842
0.5919002890586853
0.6277258396148682
0.6542056202888489
0.5794392228126526
0.6542056202888489
0.6464174389839172
0.6557632684707642
0.6666666865348816
0.6682242751121521
0.6697819232940674
0.677570104598999
0.672897219657898
0.6853582262992859
0.6791277527809143
0.6869158744812012
0.6760124564170837
0.6900311708450317
0.6900311708450317
0.6884735226631165
0.6962617039680481
0.6993769407272339
0.7133956551551819
0.7118380069732666
0.7149532437324524
0.7165108919143677
0.7196261882781982
0.7196261882781982
0.7196261882781982
0.7211837768554688
0.7289719581604004
0.7274143099784851
0.7258567214012146
0.736760139465332
0.7289719581604004
0.7429906725883484
0.7383177280426025
0.7352024912834167
0.7445482611656189
0.7538940906524658
0.7507787942886353
0.7492212057113647
0.7492212057113647
0.7554517388343811
0.7165108919143677
0.7523364424705505
0.7507787942886353
0.7694703936576843
0.7663551568984985
0.7663551568984985
0.7585669755935669
0.7616822719573975
0.7663551568984985
0.7757009267807007
0.7647975087165833
0.7663551568984985
0.7585669755935669
0.7647975087165833
0.777258574962616
0.7741432785987854
0.7757009267807007
0.7741432785987854
0.781931459903717
0.7757009267807007
0.7834891080856323
0.7834891080856323
0.7710280418395996
0.7710280418395996
0.7834891080856323
0.7850467562675476
0.7943925261497498
0.7975077629089355
0.781931459903717
0.7850467562675476
0.7897196412086487
0.7912772297859192
0.781931459903717
0.7912772297859192
0.7757009267807007
0.7928348779678345
0.8037382960319519
0.7912772297859192
0.8115264773368835
0.8021807074546814
0.8084112405776978
0.8099688291549683
0.8130841255187988
0.8068535923957825
0.7975077629089355
0.8161993622779846
0.8177570104598999
0.8130841255187988
0.8130841255187988
0.8161993622779846
0.8021807074546814
0.8130841255187988
0.8037382960319519
0.8177570104598999
0.795950174331665
0.7943925261497498
0.822429895401001
0.8037382960319519
0.8286604285240173
0.8084112405776978
0.8177570104598999
0.8255451917648315
0.8021807074546814
0.7881619930267334
0.7928348779678345
0.7725856900215149
0.8099688291549683
0.8084112405776978
0.8099688291549683
0.822429895401001
0.8193146586418152
0.8084112405776978
0.8115264773368835
0.8239875435829163
0.7975077629089355
0.8333333134651184
0.827102780342102
0.8302180767059326
0.8161993622779846
0.8317757248878479
0.8161993622779846
0.8068535923957825
0.822429895401001
0.8052959442138672
0.8208722472190857
0.8177570104598999
0.8239875435829163
0.8302180767059326
0.8208722472190857
0.827102780342102
0.822429895401001
0.827102780342102
0.8239875435829163
0.8380062580108643
0.8239875435829163
0.8380062580108643
0.827102780342102
0.8177570104598999
0.8255451917648315
0.8286604285240173
0.8208722472190857
0.8239875435829163
0.8193146586418152
0.8286604285240173
0.8177570104598999
0.8333333134651184
0.8255451917648315
0.8348909616470337
0.8255451917648315
0.8380062580108643
0.836448609828949
0.8255451917648315
0.8317757248878479
0.8208722472190857
0.8286604285240173
0.8302180767059326
0.8193146586418152
0.8317757248878479
0.8286604285240173
0.8348909616470337
0.8302180767059326
0.8348909616470337
0.8333333134651184
0.8286604285240173
0.8286604285240173
0.8317757248878479
0.836448609828949
0.8302180767059326
0.827102780342102
0.8286604285240173
0.8286604285240173
0.8333333134651184
0.8442367315292358
0.8239875435829163
0.827102780342102
0.8395638465881348
0.8317757248878479
0.8348909616470337
0.84112149477005
0.8239875435829163
0.8333333134651184
0.8161993622779846
0.8348909616470337
0.8302180767059326
0.8380062580108643
0.8333333134651184
0.8286604285240173
0.8333333134651184
0.8239875435829163
0.836448609828949
0.8317757248878479
0.8286604285240173
0.8317757248878479
0.8255451917648315
0.8333333134651184
0.8302180767059326
0.836448609828949
0.836448609828949
0.8395638465881348
0.8442367315292358
0.8395638465881348
0.8348909616470337
0.8380062580108643
0.836448609828949
0.8302180767059326
0.8333333134651184
0.8380062580108643
0.8395638465881348
0.8380062580108643
0.781931459903717
0.822429895401001
0.8099688291549683
0.8255451917648315
0.822429895401001
0.8348909616470337
0.8348909616470337
0.8333333134651184
0.836448609828949
0.8286604285240173
0.84112149477005
0.84112149477005
0.8333333134651184
0.8333333134651184
0.8395638465881348
0.8348909616470337
0.836448609828949
0.8333333134651184
0.8426791429519653
0.8333333134651184
0.8348909616470337
0.8146417737007141
0.8395638465881348
0.836448609828949
0.8302180767059326
0.8255451917648315
0.8395638465881348
0.8348909616470337
0.8333333134651184
0.836448609828949
0.8395638465881348
0.8193146586418152
0.8442367315292358
0.836448609828949
0.8348909616470337
0.8395638465881348
0.8239875435829163
0.8442367315292358
0.836448609828949
0.84112149477005
0.8442367315292358
0.8426791429519653
0.8317757248878479
0.8348909616470337
0.8395638465881348
0.84112149477005
0.8193146586418152
0.8442367315292358
0.8286604285240173
0.8426791429519653
0.8317757248878479
0.84112149477005
0.8442367315292358
0.8317757248878479
0.8442367315292358
0.8426791429519653
0.8348909616470337
0.8442367315292358
0.8395638465881348
0.8380062580108643
0.84112149477005
0.8302180767059326
0.8380062580108643
0.8380062580108643
0.8239875435829163
0.836448609828949
0.84112149477005
0.8317757248878479
0.8037382960319519
0.8146417737007141
0.8442367315292358
0.8333333134651184
0.8380062580108643
0.8395638465881348
0.8348909616470337
0.8286604285240173
0.8426791429519653
0.8348909616470337
0.8457943797111511
0.8333333134651184
0.8348909616470337
0.8317757248878479
0.8333333134651184
0.8395638465881348
0.836448609828949
0.8380062580108643
0.8146417737007141
0.836448609828949
0.8426791429519653
0.8395638465881348
0.822429895401001
0.8395638465881348
0.8442367315292358
0.8068535923957825
0.7881619930267334
0.8333333134651184
0.8348909616470337
0.827102780342102
0.8302180767059326
0.836448609828949
0.8302180767059326
0.8395638465881348
0.8380062580108643
0.8333333134651184
0.8473520278930664
0.836448609828949
0.836448609828949
0.8317757248878479
0.8426791429519653
0.836448609828949
0.8317757248878479
0.8380062580108643
0.84112149477005
0.836448609828949
0.8255451917648315
0.8006230592727661
0.8302180767059326
0.8457943797111511
0.8302180767059326
0.8380062580108643
0.84112149477005
0.8457943797111511
0.84112149477005
0.836448609828949
0.8395638465881348
0.8333333134651184
0.8426791429519653
0.8333333134651184
0.8426791429519653
0.84112149477005
0.836448609828949
0.8395638465881348
0.8380062580108643
0.8426791429519653
0.8426791429519653
0.836448609828949
0.8395638465881348
0.8348909616470337
0.836448609828949
0.8302180767059326
0.8504672646522522
0.8239875435829163
0.8457943797111511
0.8380062580108643
0.8348909616470337
0.8333333134651184
0.8380062580108643
0.8442367315292358
0.8426791429519653
0.8380062580108643
0.836448609828949
0.84112149477005
0.8380062580108643
0.8442367315292358
0.8348909616470337
0.8395638465881348
0.8380062580108643
0.8473520278930664
0.8426791429519653
0.8333333134651184
0.8084112405776978
0.8504672646522522
0.8426791429519653
0.8426791429519653
0.8426791429519653
0.8442367315292358
0.8442367315292358
0.8426791429519653
0.8317757248878479
0.8333333134651184
0.836448609828949
0.836448609828949
0.8380062580108643
0.836448609828949
0.84112149477005
0.8333333134651184
0.8426791429519653
0.8457943797111511
0.84112149477005
0.8442367315292358
0.8426791429519653
0.8380062580108643
0.8395638465881348
0.8395638465881348
0.827102780342102
0.84112149477005
0.8395638465881348
0.836448609828949
0.8380062580108643
0.8426791429519653
0.8395638465881348
0.8333333134651184
0.8426791429519653
0.8380062580108643
0.8395638465881348
0.8395638465881348
0.8457943797111511
0.827102780342102
0.8426791429519653
0.8489096760749817
0.836448609828949
0.8426791429519653
0.84112149477005
0.8442367315292358
0.8426791429519653
0.836448609828949
0.836448609828949
0.822429895401001
0.8504672646522522
0.8442367315292358
0.8442367315292358
0.84112149477005
0.8426791429519653
0.84112149477005
0.8489096760749817
0.8489096760749817
0.8489096760749817
0.836448609828949
0.8457943797111511
0.8442367315292358
0.8426791429519653
0.8426791429519653
0.8286604285240173
0.8380062580108643
0.8426791429519653
0.8395638465881348
0.8426791429519653
0.8504672646522522
0.8426791429519653
0.8380062580108643
0.822429895401001
0.8380062580108643
0.836448609828949
0.8489096760749817
0.8489096760749817
0.8380062580108643
0.8317757248878479
0.84112149477005
0.84112149477005
0.8442367315292358
0.8457943797111511
0.8380062580108643
0.8442367315292358
0.84112149477005
0.8426791429519653
0.8395638465881348
0.8457943797111511
0.84112149477005
0.8348909616470337
0.8520249128341675
0.8473520278930664
0.8348909616470337
0.8302180767059326
0.8473520278930664
0.84112149477005
0.827102780342102
0.8333333134651184
0.8333333134651184
0.8442367315292358
0.8442367315292358
0.8489096760749817
0.8473520278930664
0.8442367315292358
0.8473520278930664
0.8426791429519653
0.8442367315292358
0.8457943797111511
0.8442367315292358
0.8442367315292358
0.8442367315292358
0.8395638465881348
0.8442367315292358
0.8442367315292358
0.836448609828949
0.8457943797111511
0.8457943797111511
0.8333333134651184
0.8395638465881348
0.8473520278930664
0.84112149477005
0.8489096760749817
0.8426791429519653
0.8395638465881348
0.8380062580108643
0.8442367315292358
0.8442367315292358
0.8380062580108643
0.8520249128341675
0.8457943797111511
0.8520249128341675
0.8380062580108643
0.8426791429519653
0.8489096760749817
0.84112149477005
0.8457943797111511
0.8457943797111511
0.8520249128341675
0.84112149477005
0.8473520278930664
0.8457943797111511
0.8333333134651184
0.8442367315292358
0.8457943797111511
0.84112149477005
0.8426791429519653
0.8457943797111511
0.8395638465881348
0.8395638465881348
0.8504672646522522
0.8504672646522522
0.8395638465881348
0.8520249128341675
0.8442367315292358
0.836448609828949
0.8473520278930664
0.84112149477005
0.8426791429519653
0.8348909616470337
0.8302180767059326
0.8473520278930664
0.8395638465881348
0.8426791429519653
0.8193146586418152
0.822429895401001
0.8442367315292358
0.8426791429519653
0.8520249128341675
0.8473520278930664
0.8426791429519653
0.8395638465881348
0.8489096760749817
0.8473520278930664
0.8442367315292358
0.8489096760749817
0.8457943797111511
0.8333333134651184
0.8473520278930664
0.84112149477005
0.8255451917648315
0.8426791429519653
0.8457943797111511
0.8380062580108643
0.8442367315292358
0.8457943797111511
0.8395638465881348
0.8520249128341675
0.8457943797111511
0.8286604285240173
0.8426791429519653
0.8426791429519653
0.8457943797111511
0.8473520278930664
0.8457943797111511
0.8457943797111511
0.8380062580108643
0.8317757248878479
0.8333333134651184
0.8489096760749817
0.8395638465881348
0.8426791429519653
0.8426791429519653
0.8504672646522522
0.8068535923957825
0.84112149477005
0.8504672646522522
0.8457943797111511
0.8473520278930664
0.8426791429519653
0.8457943797111511
0.8473520278930664
0.8457943797111511
0.8457943797111511
0.8457943797111511
0.8457943797111511
0.8442367315292358
0.8473520278930664
0.8473520278930664
0.84112149477005
0.8504672646522522
0.8457943797111511
0.8504672646522522
0.8504672646522522
0.8442367315292358
0.8473520278930664
0.8457943797111511
0.8473520278930664
0.8457943797111511
0.84112149477005
0.8442367315292358
0.8442367315292358
0.8255451917648315
0.84112149477005
0.8473520278930664
0.8473520278930664
0.8426791429519653
0.8442367315292358
0.8457943797111511
0.8473520278930664
0.8348909616470337
0.8395638465881348
0.8473520278930664
0.8457943797111511
0.8426791429519653
0.8442367315292358
0.8442367315292358
0.8489096760749817
0.8426791429519653
0.8457943797111511
0.8473520278930664
0.8457943797111511
0.8426791429519653
0.8286604285240173
0.84112149477005
0.8473520278930664
0.8473520278930664
0.8473520278930664
0.8457943797111511
0.8442367315292358
0.8426791429519653
0.8442367315292358
0.8473520278930664
0.8426791429519653
0.8177570104598999
0.8473520278930664
0.8489096760749817
0.8473520278930664
0.8457943797111511
0.8348909616470337
0.8348909616470337
0.8348909616470337
0.855140209197998
0.84112149477005
0.8442367315292358
0.8457943797111511
0.8457943797111511
0.8442367315292358
0.8489096760749817
0.8473520278930664
0.8457943797111511
0.8426791429519653
0.8473520278930664
0.8473520278930664
0.8442367315292358
0.8489096760749817
0.836448609828949
0.8489096760749817
0.8535825610160828
0.8395638465881348
0.8457943797111511
0.8442367315292358
0.8442367315292358
0.8442367315292358
0.8520249128341675
0.836448609828949
0.8520249128341675
0.8473520278930664
0.8489096760749817
0.8426791429519653
0.827102780342102
0.8426791429519653
0.8457943797111511
0.8473520278930664
0.8457943797111511
0.8489096760749817
0.8473520278930664
0.8489096760749817
0.8489096760749817
0.8457943797111511
0.84112149477005
0.8442367315292358
0.8442367315292358
0.836448609828949
0.836448609828949
0.8489096760749817
0.8442367315292358
0.8473520278930664
0.8457943797111511
0.8317757248878479
0.8457943797111511
0.8395638465881348
0.8426791429519653
0.8426791429519653
0.8426791429519653
0.8442367315292358
0.8426791429519653
0.8426791429519653
0.8457943797111511
0.8426791429519653
0.8115264773368835
0.8348909616470337
0.8395638465881348
0.8442367315292358
0.8473520278930664
0.8442367315292358
0.8457943797111511
0.84112149477005
0.8473520278930664
0.8520249128341675
0.8426791429519653
0.8489096760749817
0.8457943797111511
0.822429895401001
0.8239875435829163
0.8504672646522522
0.8457943797111511
0.8473520278930664
0.8489096760749817
0.8426791429519653
0.8520249128341675
0.8380062580108643
0.8504672646522522
0.8535825610160828
0.8489096760749817
0.8395638465881348
0.8473520278930664
0.8442367315292358
0.855140209197998
0.8426791429519653
0.8146417737007141
0.8115264773368835
0.84112149477005
0.84112149477005
0.8426791429519653
0.84112149477005
0.8426791429519653
0.8457943797111511
0.8457943797111511
0.8426791429519653
0.8426791429519653
0.8520249128341675
0.8426791429519653
0.8457943797111511
0.8426791429519653
0.8442367315292358
0.8489096760749817
0.8395638465881348
0.8442367315292358
0.8457943797111511
0.8426791429519653
0.8442367315292358
0.8442367315292358
0.8395638465881348
0.8473520278930664
0.8504672646522522
0.8395638465881348
0.84112149477005
0.836448609828949
0.8333333134651184
0.8457943797111511
0.836448609828949
0.836448609828949
0.8395638465881348
0.8395638465881348
0.8426791429519653
0.836448609828949
0.84112149477005
0.8380062580108643
0.8395638465881348
0.8348909616470337
0.8426791429519653
0.8489096760749817
0.8457943797111511
0.8037382960319519
0.836448609828949
0.8489096760749817
0.8426791429519653
0.8457943797111511
0.8457943797111511
0.8473520278930664
0.8489096760749817
0.8504672646522522
0.8442367315292358
0.8504672646522522
0.8473520278930664
0.8520249128341675
0.8520249128341675
0.8239875435829163
0.8442367315292358
0.8426791429519653
0.822429895401001
0.8426791429519653
0.8489096760749817
0.8457943797111511
0.8442367315292358
0.8489096760749817
0.8489096760749817
0.8333333134651184
0.8348909616470337
0.7990654110908508
0.8161993622779846
0.8457943797111511
0.8317757248878479
0.8395638465881348
0.8473520278930664
0.8489096760749817
0.8286604285240173
0.8442367315292358
0.8395638465881348
0.8457943797111511
0.8489096760749817
0.8286604285240173
0.8473520278930664
0.8489096760749817
0.8426791429519653
0.8442367315292358
0.8426791429519653
0.8457943797111511
0.8489096760749817
0.8395638465881348
0.8442367315292358
0.8426791429519653
0.8520249128341675
0.8473520278930664
0.8504672646522522
0.8457943797111511
0.8457943797111511
0.8426791429519653
0.8442367315292358
0.8504672646522522
0.8473520278930664
0.8504672646522522
0.8457943797111511
0.8535825610160828
0.8380062580108643
0.8395638465881348
0.8442367315292358
0.8457943797111511
0.84112149477005
0.8442367315292358
0.8442367315292358
0.8489096760749817
0.8504672646522522
0.8520249128341675
0.8442367315292358
0.8504672646522522
0.8380062580108643
0.8426791429519653
0.8473520278930664
0.8504672646522522
0.8457943797111511
0.8457943797111511
0.8504672646522522
0.8520249128341675
0.8473520278930664
0.8395638465881348
0.8520249128341675
0.8442367315292358
0.8489096760749817
0.8426791429519653
0.8520249128341675
0.8504672646522522
0.8426791429519653
0.8473520278930664
0.8426791429519653
0.8426791429519653
0.8426791429519653
0.8457943797111511
0.84112149477005
0.8473520278930664
0.8473520278930664
0.8520249128341675
0.84112149477005
0.84112149477005
0.8457943797111511
0.8442367315292358
0.8442367315292358
0.8457943797111511
0.8442367315292358
0.8457943797111511
0.8489096760749817
0.8489096760749817
0.8457943797111511
0.8426791429519653
0.8473520278930664
0.8442367315292358
0.8473520278930664
0.8442367315292358
0.8442367315292358
0.8457943797111511
0.8380062580108643
0.8473520278930664
0.8457943797111511
0.8473520278930664
0.8457943797111511
0.8489096760749817
0.8489096760749817
0.836448609828949
0.8442367315292358
0.8520249128341675
0.8380062580108643
0.8489096760749817
0.8473520278930664
0.8473520278930664
0.8457943797111511
0.8489096760749817
0.8457943797111511
0.8442367315292358
0.8473520278930664
0.8504672646522522
0.8426791429519653
0.8473520278930664
0.8489096760749817
0.8520249128341675
0.8457943797111511
0.8457943797111511
0.8457943797111511
0.84112149477005
0.8426791429519653
0.8489096760749817
0.8426791429519653
0.8504672646522522
0.8489096760749817
0.8457943797111511
0.8473520278930664
0.8457943797111511
0.8473520278930664
0.8473520278930664
0.8457943797111511
0.8489096760749817
0.8442367315292358
0.8504672646522522
0.8473520278930664
0.8457943797111511
0.8489096760749817
0.8489096760749817
0.8520249128341675
0.8473520278930664
0.8457943797111511
0.8426791429519653
0.8489096760749817
0.8504672646522522
0.8473520278930664
0.8504672646522522
0.8457943797111511
0.8504672646522522
0.8504672646522522
0.8520249128341675
0.8504672646522522
0.8489096760749817
0.8457943797111511
0.8473520278930664
0.8504672646522522
0.8457943797111511
0.8442367315292358
0.8473520278930664
0.8457943797111511
0.8473520278930664
0.8504672646522522
0.8489096760749817
0.8473520278930664
0.8457943797111511
0.8535825610160828
0.8489096760749817
0.8489096760749817
0.8457943797111511
0.8489096760749817
0.8426791429519653
0.8473520278930664
0.8457943797111511
0.8442367315292358
0.8535825610160828
0.8457943797111511
0.8473520278930664
0.8473520278930664
0.8442367315292358
0.8426791429519653
0.8520249128341675
0.8504672646522522
0.8535825610160828
0.8504672646522522
0.8473520278930664
0.8489096760749817
0.8442367315292358
0.8457943797111511
0.8457943797111511
0.8504672646522522
0.8473520278930664
0.8473520278930664
0.836448609828949
0.8457943797111511
0.8442367315292358
0.8535825610160828
0.8504672646522522
0.8457943797111511
0.8473520278930664
0.8457943797111511
0.836448609828949
0.84112149477005
0.8489096760749817
0.8504672646522522
0.8489096760749817
0.8426791429519653
0.8504672646522522
0.8489096760749817
0.8457943797111511
0.8520249128341675
0.8504672646522522
0.8535825610160828
0.8457943797111511
0.8473520278930664
0.8504672646522522
0.8473520278930664
0.8489096760749817
0.8457943797111511
0.8489096760749817
0.8473520278930664
0.8457943797111511
0.8489096760749817
0.8520249128341675
0.8473520278930664
0.8457943797111511
0.8489096760749817
0.8473520278930664
0.8457943797111511
0.8489096760749817
0.8457943797111511
0.8504672646522522
0.8489096760749817
0.8504672646522522
0.8489096760749817
0.8504672646522522
0.8504672646522522
0.8489096760749817
0.8504672646522522
0.8457943797111511
0.8457943797111511
0.8504672646522522
0.8504672646522522
0.8473520278930664
0.8504672646522522
0.8457943797111511
0.8489096760749817
0.8489096760749817
0.8489096760749817
0.8520249128341675
0.8535825610160828
0.8520249128341675
0.8504672646522522
0.8457943797111511
0.8473520278930664
0.8489096760749817
0.8473520278930664
0.8504672646522522
0.8457943797111511
0.8457943797111511
0.8473520278930664
0.8473520278930664
0.8442367315292358
0.8473520278930664
0.8473520278930664
0.8520249128341675
0.8473520278930664
0.8489096760749817
0.8457943797111511
0.8457943797111511
0.8489096760749817
0.8489096760749817
0.8473520278930664
0.8457943797111511
0.8489096760749817
0.8489096760749817
0.8457943797111511
0.8457943797111511
0.8489096760749817
0.8489096760749817
0.8489096760749817
0.8504672646522522
0.8457943797111511
0.8457943797111511
0.8489096760749817
0.8457943797111511
0.8473520278930664
0.8457943797111511
0.8504672646522522
0.8489096760749817
0.8489096760749817
0.8489096760749817
0.8457943797111511
0.8457943797111511
0.8473520278930664
0.8473520278930664
0.8442367315292358
0.8457943797111511
0.8473520278930664
0.8520249128341675
0.8520249128341675
0.8489096760749817
0.8489096760749817
0.8473520278930664
0.8489096760749817
0.8504672646522522
0.8489096760749817
0.8504672646522522
0.8504672646522522
0.8442367315292358
0.8457943797111511
0.8489096760749817
0.8489096760749817
0.8473520278930664
0.8473520278930664
0.8489096760749817
0.8473520278930664
0.8457943797111511
0.8457943797111511
0.8520249128341675
0.8504672646522522
0.8489096760749817
0.8520249128341675
0.8504672646522522
0.8473520278930664
0.8473520278930664
0.8504672646522522
0.8520249128341675
0.8535825610160828
0.8535825610160828
0.8473520278930664
0.8489096760749817
0.8489096760749817
0.8504672646522522
0.8504672646522522
0.8457943797111511
0.8457943797111511
0.8473520278930664
0.8473520278930664
0.8442367315292358
0.8457943797111511
0.8457943797111511
0.8473520278930664
0.8473520278930664
0.8489096760749817
0.8489096760749817
0.8489096760749817
0.8473520278930664
0.8473520278930664
0.8473520278930664
0.8473520278930664
0.8504672646522522
0.8457943797111511
0.8473520278930664
0.8473520278930664
0.8489096760749817
0.8504672646522522
0.8489096760749817
0.8473520278930664
0.8473520278930664
0.8473520278930664
0.8473520278930664
0.8473520278930664
0.8520249128341675
0.8535825610160828
0.8457943797111511
0.8457943797111511
0.8457943797111511
0.8504672646522522
0.8504672646522522
0.8473520278930664
0.8520249128341675
0.8489096760749817
0.8489096760749817
0.8520249128341675
0.8489096760749817
0.8489096760749817
0.8473520278930664
0.8473520278930664
0.8504672646522522
0.8504672646522522
0.8504672646522522
0.8504672646522522
0.8489096760749817
0.8489096760749817
0.8489096760749817
0.8520249128341675
0.8504672646522522
0.8489096760749817
0.8457943797111511
0.8473520278930664
0.8504672646522522
0.8457943797111511
0.8489096760749817
0.8489096760749817
0.8520249128341675
0.8489096760749817
0.8489096760749817
0.8504672646522522
0.8520249128341675
0.8504672646522522
0.8520249128341675
0.8473520278930664
0.8535825610160828
0.8520249128341675
0.8535825610160828
0.8504672646522522
0.8489096760749817
