0.5090909004211426
0.5532467365264893
0.581818163394928
0.5714285969734192
0.5116882920265198
0.6000000238418579
0.6207792162895203
0.6311688423156738
0.6155844330787659
0.5480519533157349
0.6259739995002747
0.6259739995002747
0.6623376607894897
0.6103895902633667
0.7610389590263367
0.47792208194732666
0.633766233921051
0.5506493449211121
0.6103895902633667
0.6233766078948975
0.5896103978157043
0.7350649237632751
0.784415602684021
0.7272727489471436
0.4753246605396271
0.6207792162895203
0.5064935088157654
0.5740259885787964
0.6285714507102966
0.6363636255264282
0.7480519413948059
0.6519480347633362
0.6857143044471741
0.6701298952102661
0.71688312292099
0.7532467246055603
0.7792207598686218
0.784415602684021
0.7896103858947754
0.8155844211578369
0.8077921867370605
0.7896103858947754
0.7532467246055603
0.7792207598686218
0.800000011920929
0.8025974035263062
0.6779220700263977
0.6831169128417969
0.7038961052894592
0.7454545497894287
0.48831167817115784
0.6181818246841431
0.5324675440788269
0.649350643157959
0.6285714507102966
0.7090908885002136
0.7532467246055603
0.7584415674209595
0.7142857313156128
0.6779220700263977
0.6051948070526123
0.5402597188949585
0.6441558599472046
0.6623376607894897
0.701298713684082
0.8077921867370605
0.6623376607894897
0.633766233921051
0.5636363625526428
0.5766233801841736
0.7142857313156128
0.6701298952102661
0.7974026203155518
0.8051947951316833
0.8077921867370605
0.7428571581840515
0.7142857313156128
0.6181818246841431
0.5324675440788269
0.6571428775787354
0.6285714507102966
0.5480519533157349
0.633766233921051
0.7636363506317139
0.7636363506317139
0.7298701405525208
0.6649350523948669
0.6831169128417969
0.6831169128417969
0.6025974154472351
0.6441558599472046
0.8207792043685913
0.7246752977371216
0.7220779061317444
0.8103896379470825
0.7662337422370911
0.7948051691055298
0.8129870295524597
0.6389610171318054
0.44415584206581116
0.6311688423156738
0.6545454263687134
0.6961038708686829
0.6935064792633057
0.5350649356842041
0.6649350523948669
0.7636363506317139
0.7116883397102356
0.8155844211578369
0.7896103858947754
0.8623376488685608
0.8259740471839905
0.7090908885002136
0.7818182110786438
0.7246752977371216
0.7636363506317139
0.8155844211578369
0.8181818127632141
0.7818182110786438
0.8155844211578369
0.6727272868156433
0.7246752977371216
0.8051947951316833
0.7870129942893982
0.8129870295524597
0.8337662220001221
0.8103896379470825
0.7376623153686523
0.8051947951316833
0.7922077775001526
0.7948051691055298
0.7506493330001831
0.8077921867370605
0.7480519413948059
0.7246752977371216
0.8389610648155212
0.8441558480262756
0.84935063123703
0.7298701405525208
0.8155844211578369
0.7766233682632446
0.784415602684021
0.7740259766578674
0.8025974035263062
0.8233765959739685
0.8441558480262756
0.7662337422370911
0.7376623153686523
0.8051947951316833
0.8389610648155212
0.8259740471839905
0.6311688423156738
0.7532467246055603
0.6753246784210205
0.7532467246055603
0.7454545497894287
0.5870130062103271
0.7584415674209595
0.7272727489471436
0.8207792043685913
0.7818182110786438
0.8233765959739685
0.8389610648155212
0.8389610648155212
0.8337662220001221
0.8363636136054993
0.84935063123703
0.8389610648155212
0.7272727489471436
0.7662337422370911
0.768831193447113
0.6207792162895203
0.7298701405525208
0.6571428775787354
0.7506493330001831
0.8155844211578369
0.7974026203155518
0.8181818127632141
0.7922077775001526
0.6311688423156738
0.71688312292099
0.8025974035263062
0.6805194616317749
0.6649350523948669
0.6571428775787354
0.6883116960525513
0.6883116960525513
0.6155844330787659
0.7116883397102356
0.7194805145263672
0.7272727489471436
0.7454545497894287
0.5792207717895508
0.8519480228424072
0.8285714387893677
0.7636363506317139
0.7376623153686523
0.7246752977371216
0.8233765959739685
0.8415584564208984
0.7948051691055298
0.7922077775001526
0.7298701405525208
0.48311689496040344
0.6779220700263977
0.6987013220787048
0.6935064792633057
0.7272727489471436
0.7948051691055298
0.8025974035263062
0.8285714387893677
0.7220779061317444
0.7506493330001831
0.8467532396316528
0.7428571581840515
0.7818182110786438
0.7948051691055298
0.8441558480262756
0.8285714387893677
0.8415584564208984
0.8519480228424072
0.84935063123703
0.8311688303947449
0.8337662220001221
0.8233765959739685
0.8025974035263062
0.8129870295524597
0.8259740471839905
0.7142857313156128
0.7376623153686523
0.7740259766578674
0.7506493330001831
0.8233765959739685
0.8337662220001221
0.6727272868156433
0.7272727489471436
0.8077921867370605
0.8207792043685913
0.8285714387893677
0.8181818127632141
0.7922077775001526
0.7662337422370911
0.7818182110786438
0.7402597665786743
0.7922077775001526
0.8337662220001221
0.7922077775001526
0.8103896379470825
0.8233765959739685
0.6441558599472046
0.7350649237632751
0.7194805145263672
0.768831193447113
0.6779220700263977
0.7506493330001831
0.8077921867370605
0.8337662220001221
0.8337662220001221
0.8441558480262756
0.8519480228424072
0.8155844211578369
0.8207792043685913
0.8311688303947449
0.8285714387893677
0.8051947951316833
0.800000011920929
0.7948051691055298
0.7896103858947754
0.8337662220001221
0.84935063123703
0.8519480228424072
0.8545454740524292
0.8597402572631836
0.8623376488685608
0.84935063123703
0.8519480228424072
0.8597402572631836
0.7376623153686523
0.768831193447113
0.8389610648155212
0.784415602684021
0.8025974035263062
0.8441558480262756
0.8207792043685913
0.7584415674209595
0.7090908885002136
0.7896103858947754
0.8025974035263062
0.7896103858947754
0.7142857313156128
0.7766233682632446
0.7922077775001526
0.8077921867370605
0.8311688303947449
0.84935063123703
0.8155844211578369
0.8181818127632141
0.84935063123703
0.8363636136054993
0.8259740471839905
0.8623376488685608
0.864935040473938
0.8571428656578064
0.8441558480262756
0.8545454740524292
0.8441558480262756
0.8545454740524292
0.84935063123703
0.8571428656578064
0.8519480228424072
0.8259740471839905
0.8519480228424072
0.8623376488685608
0.8311688303947449
0.8363636136054993
0.7480519413948059
0.8077921867370605
0.7480519413948059
0.732467532157898
0.7714285850524902
0.8337662220001221
0.8467532396316528
0.8467532396316528
0.8181818127632141
0.8415584564208984
0.8519480228424072
0.86753249168396
0.732467532157898
0.7922077775001526
0.7766233682632446
0.8363636136054993
0.8337662220001221
0.800000011920929
0.84935063123703
0.8623376488685608
0.8467532396316528
0.8311688303947449
0.8207792043685913
0.84935063123703
0.8519480228424072
0.8207792043685913
0.8415584564208984
0.8363636136054993
0.8311688303947449
0.5870130062103271
0.7116883397102356
0.7220779061317444
0.7818182110786438
0.7220779061317444
0.7740259766578674
0.8051947951316833
0.8259740471839905
0.8597402572631836
0.8441558480262756
0.8233765959739685
0.8155844211578369
0.8727272748947144
0.86753249168396
0.8597402572631836
0.8415584564208984
0.8389610648155212
0.8545454740524292
0.8311688303947449
0.8337662220001221
0.84935063123703
0.864935040473938
0.8597402572631836
0.5610389709472656
0.6909090876579285
0.71688312292099
0.7402597665786743
0.7662337422370911
0.7584415674209595
0.8259740471839905
0.8103896379470825
0.8415584564208984
0.8623376488685608
0.84935063123703
0.8701298832893372
0.6467532515525818
0.6701298952102661
0.7428571581840515
0.7246752977371216
0.6155844330787659
0.7558441758155823
0.7220779061317444
0.7246752977371216
0.7376623153686523
0.7922077775001526
0.8467532396316528
0.8363636136054993
0.864935040473938
0.6389610171318054
0.800000011920929
0.8337662220001221
0.8311688303947449
0.8415584564208984
0.8571428656578064
0.8571428656578064
0.84935063123703
0.84935063123703
0.7558441758155823
0.7948051691055298
0.7896103858947754
0.7506493330001831
0.8181818127632141
0.6571428775787354
0.6987013220787048
0.7038961052894592
0.8259740471839905
0.8467532396316528
0.8441558480262756
0.84935063123703
0.8623376488685608
0.8571428656578064
0.8623376488685608
0.8623376488685608
0.8545454740524292
0.8545454740524292
0.5740259885787964
0.7064934968948364
0.7116883397102356
0.7870129942893982
0.8103896379470825
0.8207792043685913
0.8389610648155212
0.8519480228424072
0.8467532396316528
0.8597402572631836
0.8545454740524292
0.8623376488685608
0.8441558480262756
0.8623376488685608
0.8623376488685608
0.8701298832893372
0.8545454740524292
0.8727272748947144
0.8415584564208984
0.8129870295524597
0.7402597665786743
0.7870129942893982
0.8077921867370605
0.8311688303947449
0.5584415793418884
0.6779220700263977
0.7402597665786743
0.8155844211578369
0.8129870295524597
0.8025974035263062
0.8233765959739685
0.6909090876579285
0.7506493330001831
0.6597402691841125
0.5194805264472961
0.6571428775787354
0.6857143044471741
0.5220779180526733
0.6909090876579285
0.7428571581840515
0.7818182110786438
0.8233765959739685
0.84935063123703
0.84935063123703
0.8545454740524292
0.8701298832893372
0.864935040473938
0.8701298832893372
0.8597402572631836
0.864935040473938
0.7402597665786743
0.8545454740524292
0.8519480228424072
0.8571428656578064
0.8519480228424072
0.8545454740524292
0.864935040473938
0.6961038708686829
0.8129870295524597
0.8285714387893677
0.8467532396316528
0.8701298832893372
0.8623376488685608
0.8311688303947449
0.84935063123703
0.8545454740524292
0.8571428656578064
0.8753246665000916
0.864935040473938
0.8701298832893372
0.864935040473938
0.8623376488685608
0.8727272748947144
0.8571428656578064
0.8727272748947144
0.86753249168396
0.8181818127632141
0.8597402572631836
0.8701298832893372
0.8545454740524292
0.8467532396316528
0.8753246665000916
0.864935040473938
0.86753249168396
0.8727272748947144
0.8701298832893372
0.8701298832893372
0.8727272748947144
0.86753249168396
0.8363636136054993
0.8389610648155212
0.864935040473938
0.8415584564208984
0.7194805145263672
0.7610389590263367
0.8311688303947449
0.8467532396316528
0.8285714387893677
0.8363636136054993
0.8415584564208984
0.7272727489471436
0.7584415674209595
0.8051947951316833
0.6259739995002747
0.7896103858947754
0.8363636136054993
0.7870129942893982
0.8103896379470825
0.8129870295524597
0.8363636136054993
0.8415584564208984
0.864935040473938
0.8415584564208984
0.8519480228424072
0.8519480228424072
0.8181818127632141
0.8519480228424072
0.8571428656578064
0.8597402572631836
0.86753249168396
0.7454545497894287
0.8233765959739685
0.8467532396316528
0.8597402572631836
0.864935040473938
0.84935063123703
0.8389610648155212
0.8363636136054993
0.864935040473938
0.86753249168396
0.84935063123703
0.86753249168396
0.8701298832893372
0.8701298832893372
0.8701298832893372
0.8701298832893372
0.86753249168396
0.864935040473938
0.8727272748947144
0.8701298832893372
0.864935040473938
0.86753249168396
0.86753249168396
0.8779220581054688
0.8571428656578064
0.8727272748947144
0.86753249168396
0.8701298832893372
0.86753249168396
0.8571428656578064
0.864935040473938
0.6259739995002747
0.7636363506317139
0.7974026203155518
0.8441558480262756
0.8415584564208984
0.8363636136054993
0.84935063123703
0.8623376488685608
0.8467532396316528
0.864935040473938
0.8519480228424072
0.8285714387893677
0.8181818127632141
0.8415584564208984
0.784415602684021
0.8363636136054993
0.8467532396316528
0.84935063123703
0.6441558599472046
0.7038961052894592
0.6155844330787659
0.6935064792633057
0.7116883397102356
0.7272727489471436
0.7974026203155518
0.8571428656578064
0.8545454740524292
0.784415602684021
0.84935063123703
0.8597402572631836
0.8597402572631836
0.8415584564208984
0.8701298832893372
0.8597402572631836
0.864935040473938
0.8701298832893372
0.864935040473938
0.8701298832893372
0.8571428656578064
0.7948051691055298
0.8467532396316528
0.8701298832893372
0.8727272748947144
0.7454545497894287
0.5610389709472656
0.7766233682632446
0.7064934968948364
0.7584415674209595
0.8051947951316833
0.8441558480262756
0.8441558480262756
0.8467532396316528
0.8415584564208984
0.8545454740524292
0.86753249168396
0.8753246665000916
0.8571428656578064
0.86753249168396
0.8441558480262756
0.86753249168396
0.6623376607894897
0.7896103858947754
0.8519480228424072
0.8701298832893372
0.8701298832893372
0.8701298832893372
0.8779220581054688
0.864935040473938
0.8727272748947144
0.7376623153686523
0.8051947951316833
0.8415584564208984
0.864935040473938
0.8207792043685913
0.8441558480262756
0.8545454740524292
0.86753249168396
0.84935063123703
0.8701298832893372
0.86753249168396
0.8441558480262756
0.8103896379470825
0.7896103858947754
0.8233765959739685
0.8571428656578064
0.8779220581054688
0.8597402572631836
0.8701298832893372
0.86753249168396
0.8753246665000916
0.8597402572631836
0.8779220581054688
0.864935040473938
0.8701298832893372
0.8389610648155212
0.8727272748947144
0.8571428656578064
0.8727272748947144
0.8441558480262756
0.8727272748947144
0.7220779061317444
0.7740259766578674
0.8337662220001221
0.8441558480262756
0.8727272748947144
0.6207792162895203
0.7246752977371216
0.7766233682632446
0.7142857313156128
0.7532467246055603
0.768831193447113
0.8129870295524597
0.8233765959739685
0.86753249168396
0.8623376488685608
0.8727272748947144
0.86753249168396
0.8285714387893677
0.8311688303947449
0.8701298832893372
0.84935063123703
0.864935040473938
0.8597402572631836
0.8805195093154907
0.8623376488685608
0.8805195093154907
0.86753249168396
0.8753246665000916
0.86753249168396
0.8753246665000916
0.8701298832893372
0.8753246665000916
0.7454545497894287
0.6649350523948669
0.7662337422370911
0.7090908885002136
0.8181818127632141
0.732467532157898
0.8129870295524597
0.8545454740524292
0.86753249168396
0.86753249168396
0.8701298832893372
0.8727272748947144
0.86753249168396
0.8701298832893372
0.864935040473938
0.8701298832893372
0.8701298832893372
0.8727272748947144
0.8727272748947144
0.8701298832893372
0.8519480228424072
0.8545454740524292
0.8545454740524292
0.84935063123703
0.7480519413948059
0.8519480228424072
0.8623376488685608
0.7766233682632446
0.8545454740524292
0.8519480228424072
0.84935063123703
0.86753249168396
0.8441558480262756
0.8701298832893372
0.8727272748947144
0.7922077775001526
0.8103896379470825
0.8701298832893372
0.8727272748947144
0.7506493330001831
0.7766233682632446
0.8571428656578064
0.7480519413948059
0.8415584564208984
0.86753249168396
0.8727272748947144
0.8753246665000916
0.864935040473938
0.8545454740524292
0.8623376488685608
0.864935040473938
0.8727272748947144
0.8727272748947144
0.8623376488685608
0.8779220581054688
0.8727272748947144
0.86753249168396
0.732467532157898
0.8285714387893677
0.8441558480262756
0.8779220581054688
0.8519480228424072
0.864935040473938
0.8727272748947144
0.8519480228424072
0.8545454740524292
0.86753249168396
0.8597402572631836
0.8727272748947144
0.86753249168396
0.864935040473938
0.8701298832893372
0.7298701405525208
0.5428571701049805
0.6857143044471741
0.6805194616317749
0.6207792162895203
0.7454545497894287
0.8051947951316833
0.7584415674209595
0.8181818127632141
0.8467532396316528
0.8467532396316528
0.8285714387893677
0.8467532396316528
0.8727272748947144
0.8727272748947144
0.8727272748947144
0.86753249168396
0.8779220581054688
0.8155844211578369
0.8701298832893372
0.86753249168396
0.8727272748947144
0.86753249168396
0.86753249168396
0.8701298832893372
0.8701298832893372
0.8753246665000916
0.8727272748947144
0.8727272748947144
0.86753249168396
0.8779220581054688
0.8389610648155212
0.8727272748947144
0.8753246665000916
0.8727272748947144
0.8701298832893372
0.864935040473938
0.8727272748947144
0.8571428656578064
0.8129870295524597
0.8415584564208984
0.8441558480262756
0.8233765959739685
0.8571428656578064
0.8519480228424072
0.8701298832893372
0.8623376488685608
0.8727272748947144
0.8597402572631836
0.864935040473938
0.86753249168396
0.8701298832893372
0.8701298832893372
0.84935063123703
0.8571428656578064
0.8519480228424072
0.8519480228424072
0.8545454740524292
0.8753246665000916
0.8727272748947144
0.8597402572631836
0.86753249168396
0.8727272748947144
0.8597402572631836
0.8597402572631836
0.8207792043685913
0.71688312292099
0.581818163394928
0.7064934968948364
0.6987013220787048
0.6285714507102966
0.7766233682632446
0.8103896379470825
0.8441558480262756
0.8363636136054993
0.86753249168396
0.8519480228424072
0.864935040473938
0.8701298832893372
0.8701298832893372
0.8701298832893372
0.8727272748947144
0.7116883397102356
0.800000011920929
0.8337662220001221
0.8623376488685608
0.8727272748947144
0.8701298832893372
0.8623376488685608
0.8779220581054688
0.8623376488685608
0.8623376488685608
0.86753249168396
0.7428571581840515
0.8259740471839905
0.7532467246055603
0.8441558480262756
0.8623376488685608
0.8805195093154907
0.86753249168396
0.8129870295524597
0.8753246665000916
0.8623376488685608
0.8545454740524292
0.864935040473938
0.8701298832893372
0.8623376488685608
0.8753246665000916
0.8701298832893372
0.7558441758155823
0.8337662220001221
0.8077921867370605
0.8571428656578064
0.8571428656578064
0.8519480228424072
0.864935040473938
0.8441558480262756
0.8545454740524292
0.8623376488685608
0.8129870295524597
0.8571428656578064
0.8597402572631836
0.864935040473938
0.8051947951316833
0.8415584564208984
0.8467532396316528
0.8571428656578064
0.8727272748947144
0.8701298832893372
0.8727272748947144
0.86753249168396
0.7766233682632446
0.8597402572631836
0.8441558480262756
0.86753249168396
0.8727272748947144
0.8753246665000916
0.8701298832893372
0.8727272748947144
0.8727272748947144
0.8753246665000916
0.86753249168396
0.8623376488685608
0.8727272748947144
0.8701298832893372
0.8701298832893372
0.8727272748947144
0.8701298832893372
0.8701298832893372
0.8701298832893372
0.8727272748947144
0.8415584564208984
0.8727272748947144
0.8753246665000916
0.8415584564208984
0.86753249168396
0.86753249168396
0.86753249168396
0.8701298832893372
0.8727272748947144
0.864935040473938
0.8727272748947144
0.8727272748947144
0.8727272748947144
0.8727272748947144
0.8701298832893372
0.8701298832893372
0.8727272748947144
0.8701298832893372
0.71688312292099
0.8155844211578369
0.84935063123703
0.6571428775787354
0.7974026203155518
0.8259740471839905
0.8363636136054993
0.8597402572631836
0.8727272748947144
0.8727272748947144
0.8441558480262756
0.8805195093154907
0.8753246665000916
0.8701298832893372
0.86753249168396
0.8701298832893372
0.8597402572631836
0.7974026203155518
0.8701298832893372
0.8623376488685608
0.6233766078948975
0.8181818127632141
0.7818182110786438
0.784415602684021
0.8233765959739685
0.864935040473938
0.8701298832893372
0.8623376488685608
0.8701298832893372
0.8727272748947144
0.8623376488685608
0.8779220581054688
0.8701298832893372
0.8701298832893372
0.8727272748947144
0.86753249168396
0.86753249168396
0.8779220581054688
0.8701298832893372
0.8701298832893372
0.8311688303947449
0.864935040473938
0.864935040473938
0.864935040473938
0.8519480228424072
0.8779220581054688
0.8623376488685608
0.8701298832893372
0.8701298832893372
0.8363636136054993
0.8701298832893372
0.864935040473938
0.8597402572631836
0.8753246665000916
0.86753249168396
0.7454545497894287
0.8623376488685608
0.864935040473938
0.8571428656578064
0.8623376488685608
0.8701298832893372
0.8727272748947144
0.8805195093154907
0.8727272748947144
0.86753249168396
0.8701298832893372
0.8701298832893372
0.86753249168396
0.8701298832893372
0.8701298832893372
0.8701298832893372
0.8753246665000916
0.8077921867370605
0.8623376488685608
0.8545454740524292
0.86753249168396
0.8545454740524292
0.7792207598686218
0.8545454740524292
0.8597402572631836
0.8259740471839905
0.8805195093154907
0.8727272748947144
0.8571428656578064
0.8753246665000916
0.8701298832893372
0.8753246665000916
0.7948051691055298
0.8597402572631836
0.8701298832893372
0.8623376488685608
0.8805195093154907
0.8753246665000916
0.8623376488685608
0.8779220581054688
0.8779220581054688
0.8337662220001221
0.8701298832893372
0.8727272748947144
0.8753246665000916
0.8701298832893372
0.8467532396316528
0.8779220581054688
0.8805195093154907
0.8727272748947144
0.8753246665000916
0.8727272748947144
0.8727272748947144
0.8753246665000916
0.86753249168396
0.7506493330001831
0.8441558480262756
0.7714285850524902
0.8233765959739685
0.8051947951316833
0.8389610648155212
0.8805195093154907
0.8597402572631836
0.7532467246055603
0.8207792043685913
0.6831169128417969
0.8155844211578369
0.7610389590263367
0.8181818127632141
0.8337662220001221
0.86753249168396
0.8805195093154907
0.8779220581054688
0.86753249168396
0.8779220581054688
0.864935040473938
0.86753249168396
0.8753246665000916
0.8363636136054993
0.8571428656578064
0.8233765959739685
0.8571428656578064
0.8597402572631836
0.8597402572631836
0.7584415674209595
0.8207792043685913
0.7792207598686218
0.8597402572631836
0.768831193447113
0.8467532396316528
0.8441558480262756
0.8753246665000916
0.8727272748947144
0.8701298832893372
0.8753246665000916
0.86753249168396
0.8181818127632141
0.8805195093154907
0.8727272748947144
0.8545454740524292
0.8389610648155212
0.86753249168396
0.8753246665000916
0.86753249168396
0.8727272748947144
0.8519480228424072
0.8831169009208679
0.8779220581054688
0.8727272748947144
0.8727272748947144
0.8779220581054688
0.8155844211578369
0.86753249168396
0.8571428656578064
0.8701298832893372
0.8805195093154907
0.8701298832893372
0.8779220581054688
0.8545454740524292
0.7662337422370911
0.8571428656578064
0.8571428656578064
0.8545454740524292
0.8727272748947144
0.8805195093154907
0.8597402572631836
0.8701298832893372
0.8727272748947144
0.8025974035263062
0.8831169009208679
0.7610389590263367
0.8207792043685913
0.7922077775001526
0.8467532396316528
0.86753249168396
0.8727272748947144
0.8727272748947144
0.8727272748947144
0.864935040473938
0.8805195093154907
0.8701298832893372
0.7454545497894287
0.8441558480262756
0.8467532396316528
0.8519480228424072
0.84935063123703
0.8519480228424072
0.8883116841316223
0.8779220581054688
0.8753246665000916
0.8805195093154907
0.8727272748947144
0.8779220581054688
0.8727272748947144
0.8727272748947144
0.8545454740524292
0.8623376488685608
0.8623376488685608
0.8597402572631836
0.8779220581054688
0.8753246665000916
0.86753249168396
0.8701298832893372
0.8753246665000916
0.8753246665000916
0.8701298832893372
0.8753246665000916
0.8571428656578064
0.8805195093154907
0.7402597665786743
0.8363636136054993
0.8545454740524292
0.8467532396316528
0.8727272748947144
0.8753246665000916
0.8753246665000916
0.8701298832893372
0.86753249168396
0.8779220581054688
0.8805195093154907
0.8753246665000916
0.8311688303947449
0.8779220581054688
0.864935040473938
0.8831169009208679
0.8779220581054688
0.8753246665000916
0.8623376488685608
0.8389610648155212
0.864935040473938
0.86753249168396
0.8779220581054688
0.8727272748947144
0.7870129942893982
0.8597402572631836
0.864935040473938
0.86753249168396
0.8831169009208679
0.8701298832893372
0.8779220581054688
0.8701298832893372
0.864935040473938
0.86753249168396
0.8701298832893372
0.8727272748947144
0.8779220581054688
0.8701298832893372
0.8753246665000916
0.8779220581054688
0.86753249168396
0.8753246665000916
0.8701298832893372
0.8753246665000916
0.8753246665000916
0.8597402572631836
0.7532467246055603
0.8519480228424072
0.8233765959739685
0.8441558480262756
0.8363636136054993
0.8103896379470825
0.8441558480262756
0.86753249168396
0.8701298832893372
0.7896103858947754
0.8597402572631836
0.864935040473938
0.8571428656578064
0.7038961052894592
0.8441558480262756
0.84935063123703
0.8701298832893372
0.8753246665000916
0.8701298832893372
0.8207792043685913
0.8779220581054688
0.8727272748947144
0.8727272748947144
0.8727272748947144
0.8753246665000916
0.86753249168396
0.8753246665000916
0.7584415674209595
0.86753249168396
0.8571428656578064
0.8415584564208984
0.8805195093154907
0.8727272748947144
0.8701298832893372
0.8441558480262756
0.86753249168396
0.6779220700263977
0.8337662220001221
0.8051947951316833
0.6363636255264282
0.8571428656578064
0.84935063123703
0.8311688303947449
0.8571428656578064
0.8623376488685608
0.8519480228424072
0.8545454740524292
0.8727272748947144
0.864935040473938
0.86753249168396
0.8727272748947144
0.8701298832893372
0.864935040473938
0.8701298832893372
0.8753246665000916
0.864935040473938
0.8701298832893372
0.8753246665000916
0.8727272748947144
0.8753246665000916
0.864935040473938
0.8805195093154907
0.8727272748947144
0.8701298832893372
0.8727272748947144
0.8727272748947144
0.86753249168396
0.86753249168396
0.8701298832893372
0.8701298832893372
0.8727272748947144
0.8701298832893372
0.8727272748947144
0.8701298832893372
0.8727272748947144
0.8701298832893372
0.8727272748947144
0.8727272748947144
0.7506493330001831
0.8441558480262756
0.864935040473938
0.8545454740524292
0.864935040473938
0.8779220581054688
0.8701298832893372
0.8831169009208679
0.8701298832893372
0.8779220581054688
0.8727272748947144
0.8623376488685608
0.8701298832893372
0.8727272748947144
0.8701298832893372
0.864935040473938
0.8701298832893372
0.8701298832893372
0.8701298832893372
0.8727272748947144
0.8753246665000916
0.8623376488685608
0.8701298832893372
0.8753246665000916
0.7558441758155823
0.7376623153686523
0.784415602684021
0.8415584564208984
0.8441558480262756
0.8519480228424072
0.7818182110786438
0.7116883397102356
0.8025974035263062
0.8129870295524597
0.7974026203155518
0.7584415674209595
0.7948051691055298
0.7792207598686218
0.8337662220001221
0.864935040473938
0.8623376488685608
0.8805195093154907
0.864935040473938
0.864935040473938
0.86753249168396
0.864935040473938
0.8779220581054688
0.8727272748947144
0.8701298832893372
0.7662337422370911
0.864935040473938
0.8623376488685608
0.8857142925262451
0.8623376488685608
0.8753246665000916
0.8727272748947144
0.8727272748947144
0.8155844211578369
0.8701298832893372
0.84935063123703
0.8051947951316833
0.8545454740524292
0.8571428656578064
0.864935040473938
0.864935040473938
0.8701298832893372
0.8727272748947144
0.86753249168396
0.8727272748947144
0.8753246665000916
0.8727272748947144
0.8727272748947144
0.8727272748947144
0.86753249168396
0.8753246665000916
0.86753249168396
0.84935063123703
0.86753249168396
0.8727272748947144
0.8779220581054688
0.8701298832893372
0.864935040473938
0.8727272748947144
0.8779220581054688
0.8597402572631836
0.8753246665000916
0.86753249168396
0.8727272748947144
0.8701298832893372
0.86753249168396
0.8779220581054688
0.8701298832893372
0.8753246665000916
0.8753246665000916
0.8701298832893372
0.8753246665000916
0.86753249168396
0.8753246665000916
0.7480519413948059
0.8207792043685913
0.8363636136054993
0.8415584564208984
0.8441558480262756
0.8779220581054688
0.8831169009208679
0.8701298832893372
0.8545454740524292
0.7038961052894592
0.8259740471839905
0.8415584564208984
0.8571428656578064
0.8467532396316528
0.86753249168396
0.864935040473938
0.8701298832893372
0.8727272748947144
0.86753249168396
0.8597402572631836
0.8805195093154907
0.8545454740524292
0.8753246665000916
0.8779220581054688
0.8779220581054688
0.8727272748947144
0.8701298832893372
0.8389610648155212
0.8623376488685608
0.8727272748947144
0.8701298832893372
0.86753249168396
0.8753246665000916
0.8727272748947144
0.8571428656578064
0.8597402572631836
0.8623376488685608
0.8701298832893372
0.8727272748947144
0.8727272748947144
0.86753249168396
0.8727272748947144
0.8779220581054688
0.86753249168396
0.8753246665000916
0.8701298832893372
0.8727272748947144
0.8155844211578369
0.8519480228424072
0.8571428656578064
0.8597402572631836
0.864935040473938
0.8207792043685913
0.8545454740524292
0.8701298832893372
0.8571428656578064
0.8415584564208984
0.8597402572631836
0.7922077775001526
0.8519480228424072
0.84935063123703
0.8571428656578064
0.8779220581054688
0.8701298832893372
0.86753249168396
0.864935040473938
0.8337662220001221
0.8519480228424072
0.8415584564208984
0.8701298832893372
0.8623376488685608
0.8831169009208679
0.864935040473938
0.8701298832893372
0.864935040473938
0.8753246665000916
0.8701298832893372
0.8623376488685608
0.86753249168396
0.784415602684021
0.8467532396316528
0.8415584564208984
0.8727272748947144
0.8571428656578064
0.8727272748947144
0.8363636136054993
0.8467532396316528
0.8155844211578369
0.8753246665000916
0.8857142925262451
0.8701298832893372
0.8753246665000916
0.864935040473938
0.8753246665000916
0.8727272748947144
0.8753246665000916
0.8701298832893372
0.8701298832893372
0.8363636136054993
0.864935040473938
0.8597402572631836
0.8753246665000916
0.8259740471839905
0.864935040473938
0.8415584564208984
0.8857142925262451
0.8701298832893372
0.8701298832893372
0.86753249168396
0.8701298832893372
0.8701298832893372
0.8623376488685608
0.8467532396316528
0.8753246665000916
0.8805195093154907
0.8389610648155212
0.8909090757369995
0.8519480228424072
0.8701298832893372
0.8571428656578064
0.8753246665000916
0.8779220581054688
0.8753246665000916
0.8701298832893372
0.8363636136054993
0.84935063123703
0.864935040473938
0.8545454740524292
0.8545454740524292
0.8519480228424072
0.8753246665000916
0.8779220581054688
0.8337662220001221
0.8545454740524292
0.86753249168396
0.8831169009208679
0.8571428656578064
0.8623376488685608
0.8805195093154907
0.8805195093154907
0.7428571581840515
0.8441558480262756
0.8389610648155212
0.8727272748947144
0.8519480228424072
0.7948051691055298
0.8311688303947449
0.8467532396316528
0.8753246665000916
0.86753249168396
0.8779220581054688
0.86753249168396
0.8623376488685608
0.86753249168396
0.8727272748947144
0.8701298832893372
0.8701298832893372
0.8207792043685913
0.8233765959739685
0.7792207598686218
0.8623376488685608
0.864935040473938
0.8701298832893372
0.8727272748947144
0.8727272748947144
0.8805195093154907
0.8623376488685608
0.8805195093154907
0.8415584564208984
0.864935040473938
0.864935040473938
0.8727272748947144
0.8805195093154907
0.8753246665000916
0.8727272748947144
0.8727272748947144
0.8753246665000916
0.8701298832893372
0.8701298832893372
0.8701298832893372
0.8623376488685608
0.8753246665000916
0.8519480228424072
0.8597402572631836
0.864935040473938
0.8805195093154907
0.86753249168396
0.8727272748947144
0.8779220581054688
0.7818182110786438
0.8545454740524292
0.8389610648155212
0.8571428656578064
0.8701298832893372
0.8701298832893372
0.864935040473938
0.8753246665000916
0.8441558480262756
0.86753249168396
0.8545454740524292
0.8389610648155212
0.8285714387893677
0.8805195093154907
0.8545454740524292
0.8727272748947144
0.8701298832893372
0.8727272748947144
0.8701298832893372
0.8727272748947144
0.86753249168396
0.8701298832893372
0.86753249168396
0.86753249168396
0.8545454740524292
0.86753249168396
0.8571428656578064
0.8779220581054688
0.8025974035263062
0.8623376488685608
0.7558441758155823
0.8467532396316528
0.8467532396316528
0.8779220581054688
0.8701298832893372
0.86753249168396
0.8701298832893372
0.8727272748947144
0.8727272748947144
0.8779220581054688
0.8727272748947144
0.8753246665000916
0.8701298832893372
0.86753249168396
0.86753249168396
0.8701298832893372
0.86753249168396
0.8753246665000916
0.8623376488685608
0.864935040473938
0.8779220581054688
0.8831169009208679
0.8571428656578064
0.8597402572631836
0.864935040473938
0.8597402572631836
0.8701298832893372
0.8701298832893372
0.8753246665000916
0.8779220581054688
0.8727272748947144
0.8701298832893372
0.86753249168396
0.864935040473938
0.8779220581054688
0.8753246665000916
0.8623376488685608
0.864935040473938
0.8779220581054688
0.86753249168396
0.8701298832893372
0.86753249168396
0.8727272748947144
0.8701298832893372
0.8545454740524292
0.8597402572631836
0.8545454740524292
0.8779220581054688
0.8597402572631836
0.8831169009208679
0.8727272748947144
0.8753246665000916
0.8623376488685608
0.8753246665000916
0.864935040473938
0.8779220581054688
0.8415584564208984
0.8467532396316528
0.8701298832893372
0.86753249168396
0.86753249168396
0.86753249168396
0.8779220581054688
0.8597402572631836
0.8779220581054688
0.8727272748947144
0.8779220581054688
0.8753246665000916
0.8727272748947144
0.8545454740524292
0.8779220581054688
0.864935040473938
0.86753249168396
0.8753246665000916
0.8727272748947144
0.8753246665000916
0.8519480228424072
0.8597402572631836
0.864935040473938
0.7818182110786438
0.8207792043685913
0.784415602684021
0.8025974035263062
0.732467532157898
0.8753246665000916
0.8779220581054688
0.8597402572631836
0.8779220581054688
0.8727272748947144
0.8727272748947144
0.8753246665000916
0.8779220581054688
0.8727272748947144
0.8727272748947144
0.8701298832893372
0.8701298832893372
0.8753246665000916
0.8779220581054688
0.8727272748947144
0.8701298832893372
0.864935040473938
0.8571428656578064
0.8311688303947449
0.8571428656578064
0.8779220581054688
0.8779220581054688
0.8701298832893372
0.8779220581054688
0.8727272748947144
0.8727272748947144
0.8727272748947144
0.8753246665000916
0.8779220581054688
0.864935040473938
0.8727272748947144
0.8701298832893372
0.864935040473938
0.8701298832893372
0.864935040473938
0.8753246665000916
0.86753249168396
0.8779220581054688
0.8753246665000916
0.8805195093154907
0.8831169009208679
0.86753249168396
0.8701298832893372
0.8779220581054688
0.8753246665000916
0.8701298832893372
0.8727272748947144
0.8753246665000916
0.8753246665000916
0.8753246665000916
0.8727272748947144
0.8701298832893372
0.8753246665000916
0.8753246665000916
0.8727272748947144
0.864935040473938
0.8701298832893372
0.8545454740524292
0.8753246665000916
0.8805195093154907
0.86753249168396
0.8701298832893372
0.86753249168396
0.86753249168396
0.8701298832893372
0.8727272748947144
0.8727272748947144
0.864935040473938
0.8831169009208679
0.8701298832893372
0.8623376488685608
0.8727272748947144
0.8805195093154907
0.8753246665000916
0.8701298832893372
0.8701298832893372
0.86753249168396
0.8545454740524292
0.8025974035263062
0.864935040473938
0.86753249168396
0.8779220581054688
0.864935040473938
0.8571428656578064
0.8623376488685608
0.8779220581054688
0.8623376488685608
0.86753249168396
0.8727272748947144
0.8727272748947144
0.8701298832893372
0.8701298832893372
0.8805195093154907
0.8701298832893372
0.8727272748947144
0.86753249168396
0.8727272748947144
0.8753246665000916
0.8779220581054688
0.8597402572631836
0.8571428656578064
0.8753246665000916
0.8727272748947144
0.8753246665000916
0.86753249168396
0.8545454740524292
0.8779220581054688
0.864935040473938
0.8753246665000916
0.86753249168396
0.864935040473938
0.8727272748947144
0.8727272748947144
0.8727272748947144
0.8701298832893372
0.86753249168396
0.8727272748947144
0.86753249168396
0.8571428656578064
0.8753246665000916
0.8701298832893372
0.8727272748947144
0.86753249168396
0.86753249168396
0.8753246665000916
0.8753246665000916
0.864935040473938
0.86753249168396
0.8779220581054688
0.8779220581054688
0.8753246665000916
0.8727272748947144
0.8701298832893372
0.8805195093154907
0.8727272748947144
0.8701298832893372
0.8727272748947144
0.8753246665000916
0.8831169009208679
0.8623376488685608
0.8597402572631836
0.8753246665000916
0.8727272748947144
0.8701298832893372
0.8779220581054688
0.8753246665000916
0.8753246665000916
0.8753246665000916
0.8701298832893372
0.86753249168396
0.8727272748947144
0.8701298832893372
0.8701298832893372
0.8701298832893372
0.8727272748947144
0.8753246665000916
0.8753246665000916
0.86753249168396
0.8727272748947144
0.8779220581054688
0.8701298832893372
0.86753249168396
0.86753249168396
0.8727272748947144
0.8727272748947144
0.8701298832893372
0.8753246665000916
0.8701298832893372
0.86753249168396
0.864935040473938
0.86753249168396
0.86753249168396
0.8519480228424072
0.8701298832893372
0.8727272748947144
0.8701298832893372
0.86753249168396
0.8805195093154907
0.8701298832893372
0.8727272748947144
0.8727272748947144
0.8727272748947144
0.86753249168396
0.86753249168396
0.8701298832893372
0.8701298832893372
0.8727272748947144
0.86753249168396
0.8727272748947144
0.8753246665000916
0.8701298832893372
0.8701298832893372
0.864935040473938
0.8701298832893372
0.8701298832893372
0.8753246665000916
0.8597402572631836
0.86753249168396
0.864935040473938
0.86753249168396
0.8753246665000916
0.8623376488685608
0.8727272748947144
0.8727272748947144
0.8727272748947144
0.8753246665000916
0.8753246665000916
0.8753246665000916
0.8727272748947144
0.8727272748947144
0.8727272748947144
0.8727272748947144
0.8753246665000916
0.8701298832893372
0.8727272748947144
0.8727272748947144
0.8701298832893372
0.8727272748947144
0.8805195093154907
0.8753246665000916
0.8727272748947144
0.86753249168396
0.8701298832893372
0.86753249168396
0.864935040473938
0.86753249168396
0.8753246665000916
0.8701298832893372
0.8701298832893372
0.864935040473938
0.8779220581054688
0.8753246665000916
0.8753246665000916
0.8753246665000916
0.8779220581054688
0.8727272748947144
0.8753246665000916
0.8779220581054688
0.8753246665000916
0.8727272748947144
0.8701298832893372
0.8701298832893372
0.8701298832893372
0.8779220581054688
0.8727272748947144
0.86753249168396
0.86753249168396
0.8701298832893372
0.8623376488685608
0.864935040473938
0.8753246665000916
0.8727272748947144
0.8727272748947144
0.8753246665000916
0.8753246665000916
0.86753249168396
0.86753249168396
0.864935040473938
0.8701298832893372
0.8727272748947144
0.86753249168396
0.8727272748947144
0.8753246665000916
0.8805195093154907
0.8753246665000916
0.8779220581054688
0.8753246665000916
0.8727272748947144
0.8753246665000916
0.8805195093154907
0.8727272748947144
0.8779220581054688
0.8701298832893372
0.86753249168396
0.8727272748947144
0.8727272748947144
0.8727272748947144
0.86753249168396
0.86753249168396
0.86753249168396
0.8727272748947144
0.8727272748947144
0.8753246665000916
0.8727272748947144
0.8727272748947144
0.8779220581054688
0.8623376488685608
0.864935040473938
0.8727272748947144
0.8753246665000916
0.8753246665000916
0.8701298832893372
0.8701298832893372
0.8701298832893372
0.8753246665000916
0.8727272748947144
0.8727272748947144
0.8701298832893372
0.86753249168396
0.86753249168396
0.8727272748947144
0.8727272748947144
0.8753246665000916
0.8701298832893372
0.8701298832893372
0.8701298832893372
0.8701298832893372
0.8701298832893372
0.8727272748947144
0.8701298832893372
0.8753246665000916
0.8727272748947144
0.8727272748947144
0.8727272748947144
0.8701298832893372
0.8701298832893372
0.8727272748947144
0.8753246665000916
0.8727272748947144
0.8727272748947144
0.8753246665000916
0.8727272748947144
0.8727272748947144
0.86753249168396
0.86753249168396
0.8779220581054688
0.8753246665000916
0.8753246665000916
0.8727272748947144
0.8779220581054688
0.8779220581054688
0.8779220581054688
0.8779220581054688
0.8779220581054688
0.8753246665000916
0.8727272748947144
0.8753246665000916
0.8753246665000916
0.8753246665000916
0.8727272748947144
0.8727272748947144
0.8727272748947144
0.86753249168396
0.86753249168396
0.8727272748947144
0.8753246665000916
0.8727272748947144
0.8753246665000916
0.8753246665000916
0.8753246665000916
0.8727272748947144
0.8753246665000916
0.86753249168396
0.8701298832893372
0.8753246665000916
0.8779220581054688
0.8727272748947144
0.8727272748947144
0.8727272748947144
0.8727272748947144
0.8727272748947144
0.8727272748947144
0.86753249168396
0.8753246665000916
0.8701298832893372
0.86753249168396
0.86753249168396
0.8753246665000916
0.8753246665000916
0.8753246665000916
0.8701298832893372
0.8623376488685608
0.8779220581054688
0.8779220581054688
0.86753249168396
0.8727272748947144
0.8727272748947144
0.8753246665000916
0.8753246665000916
0.8753246665000916
0.8727272748947144
0.8727272748947144
0.8779220581054688
0.8727272748947144
0.8727272748947144
0.8753246665000916
0.8753246665000916
0.8727272748947144
0.8753246665000916
0.8701298832893372
0.8727272748947144
0.8727272748947144
0.8753246665000916
0.8779220581054688
0.8727272748947144
0.8727272748947144
0.8727272748947144
0.8727272748947144
0.8753246665000916
0.8779220581054688
0.8727272748947144
0.8727272748947144
0.8727272748947144
0.86753249168396
0.8701298832893372
