76.60782623291016
75.01981353759766
73.57669830322266
72.06626892089844
70.60127258300781
69.1135482788086
67.67658996582031
66.14643096923828
64.74601745605469
63.38783645629883
61.99936294555664
60.54936218261719
59.302635192871094
58.06731414794922
56.939903259277344
55.695438385009766
54.53071975708008
53.281803131103516
51.996360778808594
50.62322235107422
49.20267105102539
47.832149505615234
46.53246307373047
45.28092575073242
43.917137145996094
42.522037506103516
41.21342468261719
39.94799041748047
38.67963790893555
37.42475891113281
36.18193435668945
34.873809814453125
33.551944732666016
32.166748046875
30.68463134765625
29.183116912841797
27.804309844970703
26.42698860168457
25.131380081176758
23.836999893188477
22.438112258911133
20.895038604736328
19.354848861694336
17.94536781311035
16.49410629272461
15.087550163269043
13.70528793334961
12.320226669311523
10.86352252960205
9.507298469543457
8.123993873596191
6.5872979164123535
5.1616530418396
3.651170253753662
2.1168856620788574
0.948691189289093
0.9356213212013245
1.0375239849090576
0.8429248929023743
0.7697149515151978
0.8226302862167358
0.7806928753852844
0.7517609000205994
0.7461713552474976
0.735586941242218
0.7426101565361023
0.748328685760498
0.725518524646759
0.7165313959121704
0.7131817936897278
0.7081788182258606
0.7150118947029114
0.7055931091308594
0.6969533562660217
0.6937919855117798
0.6927388906478882
0.6865713000297546
0.6863348484039307
0.6899099946022034
0.6961332559585571
0.7032067775726318
0.6842776536941528
0.668745756149292
0.6704721450805664
0.6683559417724609
0.6581577062606812
0.6568393707275391
0.6628707647323608
0.6564124822616577
0.648936927318573
0.6469692587852478
0.6451712250709534
0.6457677483558655
0.6388237476348877
0.6313217282295227
0.6307287216186523
0.6291146278381348
0.6275206208229065
0.6246461272239685
0.6274097561836243
0.6277618408203125
0.6374930739402771
0.6336082816123962
0.6073716878890991
0.6139172911643982
0.6076185703277588
0.6004853248596191
0.5980772376060486
0.5976393818855286
0.5957064628601074
0.61720210313797
0.6635013818740845
0.6346426606178284
0.5862370133399963
0.5964020490646362
0.5923178791999817
0.5863115191459656
0.5874883532524109
0.5788950324058533
0.5868052840232849
0.6024048328399658
0.5739690065383911
0.5898187756538391
0.6011256575584412
0.5683944821357727
0.5728636384010315
0.5648348927497864
0.5782084465026855
0.5773654580116272
0.5523961186408997
0.5840542912483215
0.5743319988250732
0.5586682558059692
0.5570979714393616
0.5772632956504822
0.538025438785553
0.5812621712684631
0.5775312185287476
0.5478432178497314
0.5401894450187683
0.5426844358444214
0.5457952618598938
0.5374970436096191
0.5303340554237366
0.5342502593994141
0.5340046882629395
0.5289940237998962
0.5280258655548096
0.5312488675117493
0.5369981527328491
0.5258404612541199
0.5226225852966309
0.521137535572052
0.5254316329956055
0.5235081315040588
0.5187557339668274
0.517802357673645
0.5109646916389465
0.5126401782035828
0.5101306438446045
0.5087562799453735
0.5074246525764465
0.5110634565353394
0.5067489743232727
0.5084933638572693
0.5099997520446777
0.5016865730285645
0.4998719394207001
0.5014360547065735
0.4998297691345215
0.4986494183540344
0.49928930401802063
0.49504488706588745
0.500119149684906
0.508783757686615
0.4999372959136963
0.48864203691482544
0.4930068552494049
0.4873376786708832
0.5100278854370117
0.5036491751670837
0.4889411926269531
0.48699015378952026
0.48638588190078735
0.5132699012756348
0.4945208728313446
0.4794217348098755
0.5117822289466858
0.5627843737602234
0.5033610463142395
0.48560744524002075
0.5100615620613098
0.4947305917739868
0.49260666966438293
0.5126773118972778
0.48272353410720825
0.47413933277130127
0.47972267866134644
0.4723128080368042
0.46917131543159485
0.4760746955871582
0.47197481989860535
0.46366897225379944
0.4661176800727844
0.46653562784194946
0.4624477028846741
0.4619559943675995
0.46220511198043823
0.4649968147277832
0.46225398778915405
0.4583638608455658
0.45759105682373047
0.45726290345191956
0.457671582698822
0.4554191827774048
0.45593300461769104
0.4587932825088501
0.4569501578807831
0.4522585868835449
0.45762312412261963
0.4548548460006714
0.45047083497047424
0.4507750868797302
0.4572499692440033
0.47887489199638367
0.4513359069824219
0.5069141983985901
0.4756971299648285
0.4544807970523834
0.4783233106136322
0.4458150863647461
0.4693870544433594
0.4563252925872803
0.4442778527736664
0.46700844168663025
0.46039584279060364
0.44211357831954956
0.4402615427970886
0.4439590275287628
0.44452446699142456
0.4596600830554962
0.4641058146953583
0.44043463468551636
0.4483566880226135
0.47103944420814514
0.44961994886398315
0.4419352114200592
0.44461217522621155
0.4513094425201416
0.4815720021724701
0.4501206874847412
0.43589073419570923
0.44738897681236267
0.43450087308883667
0.4360000193119049
0.45271024107933044
0.43722182512283325
0.4656122922897339
0.4497706890106201
0.4292214512825012
0.4295324385166168
0.4418947696685791
0.4519827663898468
0.42773348093032837
0.4471660852432251
0.44833892583847046
0.4288853406906128
0.42371922731399536
0.44303423166275024
0.4389207363128662
0.42137688398361206
0.42264842987060547
0.43606096506118774
0.4972166121006012
0.46143561601638794
0.4199753999710083
0.43633386492729187
0.42716270685195923
0.41869157552719116
0.4177767038345337
0.4750109910964966
0.5344535112380981
0.4534755349159241
0.4383188784122467
0.4675642251968384
0.4528762400150299
0.42360395193099976
0.4145260751247406
0.4161956310272217
0.4183575510978699
0.41563671827316284
0.413918137550354
0.4130825996398926
0.4241870641708374
0.43009063601493835
0.42168989777565
0.41120949387550354
0.413241982460022
0.41817718744277954
0.4133037030696869
0.4090857207775116
0.42634519934654236
0.43917161226272583
0.4137343764305115
0.4090338349342346
0.40593022108078003
0.42121046781539917
0.4155786335468292
0.41480761766433716
0.4135179817676544
0.4094946086406708
0.4091140329837799
0.40409722924232483
0.42109909653663635
0.4166174530982971
0.407827228307724
0.40361934900283813
0.403541624546051
0.403190016746521
0.4028942883014679
0.4029465913772583
0.4147060811519623
0.42036494612693787
0.4030883312225342
0.41568440198898315
0.41090139746665955
0.4153161942958832
0.40361955761909485
0.4348917007446289
0.41742947697639465
0.3999510705471039
0.39944136142730713
0.39856114983558655
0.4388638436794281
0.4786534905433655
0.4119771718978882
0.3987615406513214
0.40141215920448303
0.39890995621681213
0.40097159147262573
0.41405388712882996
0.40429142117500305
0.4341553747653961
0.398937851190567
0.42084357142448425
0.3991057872772217
0.4114179313182831
0.41595980525016785
0.39797326922416687
0.3955293297767639
0.3992111384868622
0.3993970453739166
0.3951564133167267
0.3944651186466217
0.40759333968162537
0.42151588201522827
0.4030962884426117
0.4602240025997162
0.42090436816215515
0.39208000898361206
0.39053499698638916
0.3895770311355591
0.389767587184906
0.3903486430644989
0.3909468650817871
0.38932737708091736
0.3889298141002655
0.44521597027778625
0.4214191734790802
0.40625470876693726
0.40709760785102844
0.3868495523929596
0.41842466592788696
0.39776113629341125
0.38959571719169617
0.3946552574634552
0.39103880524635315
0.387637734413147
0.39150241017341614
0.38698816299438477
0.3966585397720337
0.40612339973449707
0.4035622179508209
0.3908984363079071
0.38565728068351746
0.38429054617881775
0.38401123881340027
0.3874412477016449
0.3935268223285675
0.3943682610988617
0.3883625566959381
0.3852139413356781
0.381326287984848
0.38841935992240906
0.39755433797836304
0.45862361788749695
0.40694162249565125
0.3856240510940552
0.4180338382720947
0.4285370409488678
0.38684991002082825
0.3873141407966614
0.3877450227737427
0.38048067688941956
0.38232654333114624
0.38791704177856445
0.3873027265071869
0.39594992995262146
0.385947048664093
0.38418102264404297
0.3856920301914215
0.38012924790382385
0.3813154101371765
0.3802984058856964
0.3802928626537323
0.3809097707271576
0.4559605121612549
0.5179668664932251
0.40412360429763794
0.40918344259262085
0.46165376901626587
0.3879256844520569
0.3887345790863037
0.38260599970817566
0.3736361563205719
0.3891441822052002
0.3813168704509735
0.3751786947250366
0.38459572196006775
0.378068208694458
0.37464869022369385
0.37660881876945496
0.3769066035747528
0.3764619827270508
0.3752899765968323
0.3814178705215454
0.374859482049942
0.37970679998397827
0.37942686676979065
0.37348875403404236
0.3728567957878113
0.37228676676750183
0.3719855844974518
0.3739309310913086
0.3826409578323364
0.3806191682815552
0.37145355343818665
0.37299174070358276
0.3712523877620697
0.3762276768684387
0.3763538599014282
0.3706783950328827
0.36949586868286133
0.3703814744949341
0.37151259183883667
0.37132489681243896
0.37105101346969604
0.369333416223526
0.3691868484020233
0.37000152468681335
0.37151268124580383
0.37142032384872437
0.37330132722854614
0.3710828125476837
0.4164015054702759
0.48098963499069214
0.3951752185821533
0.3667048215866089
0.37883105874061584
0.37444639205932617
0.3688066005706787
0.3742867112159729
0.36640796065330505
0.4949236810207367
0.464691162109375
0.36726996302604675
0.38897988200187683
0.3828991651535034
0.36724039912223816
0.36842337250709534
0.36716312170028687
0.36469146609306335
0.365551233291626
0.3816274106502533
0.41673678159713745
0.37332552671432495
0.38000887632369995
0.3749810755252838
0.36511096358299255
0.3788658380508423
0.39437049627304077
0.41022956371307373
0.39104774594306946
0.36732184886932373
0.36650505661964417
0.369426429271698
0.367208331823349
0.3663279712200165
0.368593692779541
0.372823566198349
0.3648715019226074
0.3843235373497009
0.41822391748428345
0.37674766778945923
0.3638140857219696
0.36588552594184875
0.36237043142318726
0.3624424636363983
0.36494627594947815
0.42974263429641724
0.46881303191185
0.377307265996933
0.4188689589500427
0.45883888006210327
0.4094926714897156
0.5570582151412964
0.43069472908973694
0.36345726251602173
0.40787452459335327
0.3820073902606964
0.36395329236984253
0.3649905323982239
0.3771136701107025
0.3755318820476532
0.36240601539611816
0.3596915602684021
0.36163535714149475
0.35775047540664673
0.3670390844345093
0.3700370788574219
0.3733530640602112
0.36849144101142883
0.3700328469276428
0.41425809264183044
0.38468655943870544
0.36211705207824707
0.36037516593933105
0.36288484930992126
0.3963747024536133
0.43856489658355713
0.3910177946090698
0.3732977509498596
0.399401992559433
0.3660670220851898
0.3571215569972992
0.3628198206424713
0.36958539485931396
0.38740408420562744
0.35767775774002075
0.3672344982624054
0.38320937752723694
0.3785533607006073
0.3626619577407837
0.3620615601539612
0.35708266496658325
0.3715832829475403
0.36772018671035767
0.36691194772720337
0.35772573947906494
0.3691275119781494
0.3538612425327301
0.3563497066497803
0.35870611667633057
0.3603665232658386
0.3557049036026001
0.35559308528900146
0.35622739791870117
0.35508304834365845
0.35748395323753357
0.35774174332618713
0.3553653955459595
0.35368067026138306
0.37331074476242065
0.3674183189868927
0.3531462550163269
0.3600814938545227
0.35842540860176086
0.38921523094177246
0.36584803462028503
0.3593567907810211
0.38547834753990173
0.3719375729560852
0.3536610007286072
0.3581656217575073
0.35740092396736145
0.3627253472805023
0.36635616421699524
0.363427072763443
0.3540372848510742
0.35538026690483093
0.3690755069255829
0.36727669835090637
0.3519320487976074
0.35311898589134216
0.3522442877292633
0.35476091504096985
0.35060572624206543
0.3682937026023865
0.36284139752388
0.35257425904273987
0.3544018566608429
0.35348284244537354
0.3518299460411072
0.3516981601715088
0.35484829545021057
0.3529040515422821
0.35213935375213623
0.3512115776538849
0.36437278985977173
0.3802589774131775
0.3569566607475281
0.35204532742500305
0.35816502571105957
0.3588293790817261
0.364746630191803
0.35641956329345703
0.35401368141174316
0.3610815703868866
0.3552907407283783
0.3508017361164093
0.35273948311805725
0.3550388813018799
0.3518766164779663
0.3495340049266815
0.3517208993434906
0.3500729203224182
0.34964337944984436
0.3560760021209717
0.34978187084198
0.3501388132572174
0.35063037276268005
0.3598056435585022
0.3548835813999176
0.3551604747772217
0.3492586612701416
0.3491067588329315
0.35087132453918457
0.3502212166786194
0.35202455520629883
0.36441710591316223
0.35308128595352173
0.3498619496822357
0.3554612398147583
0.37767454981803894
0.3681893050670624
0.3527412712574005
0.3637330234050751
0.36186203360557556
0.34917065501213074
0.34852853417396545
0.3509317636489868
0.34684911370277405
0.34743979573249817
0.34692835807800293
0.34977343678474426
0.34696370363235474
0.3478725552558899
0.34959959983825684
0.3477599620819092
0.3470957279205322
0.34801173210144043
0.3578335642814636
0.40149858593940735
0.35941392183303833
0.35605090856552124
0.3529142141342163
0.3501216471195221
0.3512040972709656
0.34724539518356323
0.35697615146636963
0.35652869939804077
0.4052445888519287
0.4666328430175781
0.35859039425849915
0.3639448881149292
0.37427493929862976
0.34336814284324646
0.3643760085105896
0.3540898859500885
0.38619327545166016
0.3638347387313843
0.34661829471588135
0.34642037749290466
0.34557807445526123
0.3452523946762085
0.3452184200286865
0.3467581868171692
0.3478057384490967
0.3450791537761688
0.3450066149234772
0.3596041798591614
0.3472347557544708
0.34878915548324585
0.3483077585697174
0.35003969073295593
0.3750469982624054
0.3607650697231293
0.34445875883102417
0.3543899953365326
0.3934759497642517
0.3941836357116699
0.4046124219894409
0.49984243512153625
0.3545432984828949
0.3777225911617279
0.3528997302055359
0.35411152243614197
0.34879636764526367
0.3438015580177307
0.34407514333724976
0.34789127111434937
0.34605810046195984
0.3441140949726105
0.34902530908584595
0.36260905861854553
0.3422786295413971
0.35604503750801086
0.3447818458080292
0.35732385516166687
0.3486478626728058
0.3473585247993469
0.3468843698501587
0.380700945854187
0.39001622796058655
0.3494592308998108
0.3769819140434265
0.35710078477859497
0.35697680711746216
0.33349862694740295
0.526374340057373
0.5390345454216003
0.35916653275489807
0.3854004442691803
0.3567661643028259
0.34427401423454285
0.35429829359054565
0.44362586736679077
0.399188369512558
0.3459986746311188
0.3685753345489502
0.35241609811782837
0.34296345710754395
0.3505891263484955
0.34640949964523315
0.34242603182792664
0.3412531018257141
0.3596647083759308
0.3531411588191986
0.3873295783996582
0.35812628269195557
0.34168437123298645
0.3414396047592163
0.3459104299545288
0.3467462658882141
0.3448573648929596
0.3418113887310028
0.34628334641456604
0.3478485643863678
0.34447503089904785
0.3627130687236786
0.3594870865345001
0.4828466475009918
0.4680529832839966
0.35390570759773254
0.3465404510498047
0.34680306911468506
0.34335359930992126
0.3443397283554077
0.37503373622894287
0.4279593527317047
0.3601953983306885
0.34254544973373413
0.3914085030555725
0.3931313753128052
0.3445221483707428
0.34220853447914124
0.34604939818382263
0.3402918577194214
0.3408307731151581
0.34078478813171387
0.34296369552612305
0.3624626696109772
0.3953692615032196
0.35874447226524353
0.34846585988998413
0.3568475544452667
0.3426785171031952
0.41251906752586365
0.49397334456443787
0.37362080812454224
0.3512266278266907
0.3623957633972168
0.35205143690109253
0.3858012557029724
0.35282763838768005
0.41271719336509705
0.5122697949409485
0.3812515139579773
0.3485705256462097
0.36822202801704407
0.3508427143096924
0.3387647271156311
0.33996203541755676
0.3472806513309479
0.35252052545547485
0.341255247592926
0.33872056007385254
0.3448347747325897
0.36151620745658875
0.3468521237373352
0.34138423204421997
0.342970073223114
0.3415593206882477
0.3390132486820221
0.338706910610199
0.3470076024532318
0.3395906090736389
0.3386625051498413
0.3389838635921478
0.3398803174495697
0.33830368518829346
0.3462284803390503
0.3474375009536743
0.33865028619766235
0.33940377831459045
0.34454450011253357
0.3389008045196533
0.3412129282951355
0.34098315238952637
0.3927464783191681
0.41095927357673645
0.3476865291595459
0.3416232168674469
0.34697815775871277
0.3409624993801117
0.34484046697616577
0.3384382724761963
0.344992458820343
0.34624072909355164
0.33928659558296204
0.3392403721809387
0.3638113737106323
0.3715764880180359
0.3552059829235077
0.35876861214637756
0.33967331051826477
0.3659059405326843
0.3722879886627197
0.33713069558143616
0.35074445605278015
0.3462772071361542
0.33831509947776794
0.3388650119304657
0.33881431818008423
0.35791391134262085
0.39475342631340027
0.3654658794403076
0.3386284410953522
0.3524182438850403
0.34517645835876465
0.33549991250038147
0.39668500423431396
0.3465577960014343
0.36999019980430603
0.3500819802284241
0.3703257739543915
0.3764893412590027
0.3552364408969879
0.3631979525089264
0.4595299959182739
0.3623814284801483
0.34708261489868164
0.3460371196269989
0.34766796231269836
0.35152602195739746
0.34322550892829895
0.34343692660331726
0.33846670389175415
0.3375582695007324
0.3370324373245239
0.34284740686416626
0.3682887852191925
0.3643551766872406
0.3403065502643585
0.34086334705352783
0.34066420793533325
0.33671632409095764
0.33768683671951294
0.342134952545166
0.36030805110931396
0.34513166546821594
0.3346065580844879
0.34365323185920715
0.3717080056667328
0.3644638955593109
0.3471180200576782
0.3407779037952423
0.33738216757774353
0.3539443016052246
0.3458652198314667
0.33900192379951477
0.3402683436870575
0.33623066544532776
0.335669606924057
0.33629122376441956
0.33675873279571533
0.33667996525764465
0.3362269103527069
0.34101390838623047
0.33634141087532043
0.33766841888427734
0.33657562732696533
0.3360380232334137
0.36521825194358826
0.3855425715446472
0.34117740392684937
0.3612612783908844
0.3624740540981293
0.34005051851272583
0.33648642897605896
0.3651610314846039
0.36804890632629395
0.3869667053222656
0.39948946237564087
0.3417781889438629
0.4049806594848633
0.3562639057636261
0.33966585993766785
0.3645344078540802
0.362949013710022
0.349939227104187
0.3357371687889099
0.33753055334091187
0.34739211201667786
0.4029918909072876
0.36811575293540955
0.33494165539741516
0.42222923040390015
0.4924383759498596
0.3564983010292053
0.35386934876441956
0.37076789140701294
0.34070518612861633
0.33668413758277893
0.34760332107543945
0.33445122838020325
0.3381774425506592
0.3387812077999115
0.3416941165924072
0.3718723654747009
0.34519919753074646
0.3412243723869324
0.3445521891117096
0.35203173756599426
0.33886897563934326
0.3683159351348877
0.387887179851532
0.3693544268608093
0.3356432616710663
0.34391722083091736
0.34219658374786377
0.3366960883140564
0.33386918902397156
0.3339725732803345
0.33352240920066833
0.33802443742752075
0.3366965055465698
0.33376801013946533
0.35652413964271545
0.37685221433639526
0.37642204761505127
0.35801059007644653
0.3374156653881073
0.3436816334724426
0.3320717513561249
0.33715328574180603
0.33623406291007996
0.3424002528190613
0.34301280975341797
0.33598431944847107
0.3369167745113373
0.3408921957015991
0.3379860818386078
0.3367350101470947
0.3376538157463074
0.33849480748176575
0.3850133419036865
0.3507848083972931
0.3346070647239685
0.33296242356300354
0.33577191829681396
0.3374946713447571
0.3366115391254425
0.37701690196990967
0.3979904353618622
0.330646276473999
0.38736099004745483
0.3630475401878357
0.3310786485671997
0.3455401360988617
0.3519080579280853
0.3391040861606598
0.3364340364933014
0.4075588881969452
0.41235023736953735
0.47199535369873047
0.46314936876296997
0.35770052671432495
0.49017518758773804
0.372775137424469
0.3380899131298065
0.347821444272995
0.33810505270957947
0.3394049406051636
0.34569409489631653
0.34732839465141296
0.3367310166358948
0.33497154712677
0.3346715569496155
0.3772205114364624
0.37764424085617065
0.347133606672287
0.34140968322753906
0.33169424533843994
0.33737456798553467
0.33638709783554077
0.33963170647621155
0.341018944978714
0.3352595269680023
0.3342280685901642
0.3344986140727997
0.333186537027359
0.3420795202255249
0.3636447489261627
0.34325268864631653
0.37173351645469666
0.3666442334651947
0.34086930751800537
0.332627534866333
0.41922715306282043
0.49570775032043457
0.3576957881450653
0.35856127738952637
0.3570673167705536
0.3314765393733978
0.3312956392765045
0.332659512758255
0.3337412178516388
0.3569291830062866
0.3640211820602417
0.38100603222846985
0.3880009353160858
0.34538450837135315
0.3347890377044678
0.33828407526016235
0.3373134136199951
0.3330705165863037
0.33244383335113525
0.34508636593818665
0.348294198513031
0.33399030566215515
0.33639344573020935
0.33678126335144043
0.3402429223060608
0.33700841665267944
0.35864731669425964
0.3464902937412262
0.3321610987186432
0.33124348521232605
0.33262673020362854
0.3324681222438812
0.33253583312034607
0.33324307203292847
0.3483419716358185
0.3585089445114136
0.3394189774990082
0.33827611804008484
0.33970022201538086
0.33672085404396057
0.3420490324497223
0.3426119387149811
0.330942839384079
0.3338931202888489
0.3343190848827362
0.331832617521286
0.3401503562927246
0.33566784858703613
0.3317687213420868
0.3333907425403595
0.3326911926269531
0.3315994143486023
0.3416002094745636
0.3543805181980133
0.3351784944534302
0.3350006639957428
0.3334331512451172
0.33613523840904236
0.3405875265598297
0.33169278502464294
0.3342125415802002
0.3317215144634247
0.3309374749660492
0.3317561149597168
0.34575599431991577
0.3535054326057434
0.33203718066215515
0.3336805999279022
0.34021928906440735
0.35332128405570984
0.34908440709114075
0.33014339208602905
0.3494448661804199
0.3494875729084015
0.42959892749786377
0.37965184450149536
0.33723559975624084
0.3448120355606079
0.3346073031425476
0.33468151092529297
0.334399938583374
0.33972057700157166
0.3432682752609253
0.33172065019607544
0.33121776580810547
0.3325790464878082
0.3323463201522827
0.33417391777038574
0.3317395746707916
0.3312978446483612
0.33232396841049194
0.3341491222381592
0.3324934244155884
0.33087846636772156
0.3396575450897217
0.35661613941192627
0.34698089957237244
0.3328666388988495
0.33125096559524536
0.33366504311561584
0.3428703546524048
0.332837849855423
0.3309401869773865
0.3314070403575897
0.3339292109012604
0.33471518754959106
0.33432430028915405
0.33163338899612427
0.3320698142051697
0.332244336605072
0.33143678307533264
0.33059582114219666
0.33130931854248047
0.3304738700389862
0.33194175362586975
0.32960689067840576
0.3385445177555084
0.330326110124588
0.3308897018432617
0.34224632382392883
0.3874951899051666
0.34572747349739075
0.3353768587112427
0.34268975257873535
0.3309735655784607
0.3584260642528534
0.39168646931648254
0.3410591781139374
0.33322760462760925
0.40816956758499146
0.35656046867370605
0.3660646080970764
0.34324193000793457
0.3433504104614258
0.34571629762649536
0.3336719274520874
0.34044092893600464
0.36392733454704285
0.36418020725250244
0.32864490151405334
0.36352723836898804
0.36462050676345825
0.3300777077674866
0.35028207302093506
0.33763208985328674
0.3291131854057312
0.3321865200996399
0.37852853536605835
0.34948286414146423
0.36096420884132385
0.39677107334136963
0.33634695410728455
0.4101622402667999
0.3658928871154785
0.3442324995994568
0.36215507984161377
0.3272438943386078
0.3510150909423828
0.34256091713905334
0.3307482898235321
0.3319016098976135
0.3290724754333496
0.329491525888443
0.33068370819091797
0.33467963337898254
0.3348609507083893
0.3347271978855133
0.3610270023345947
0.33868706226348877
0.33078497648239136
0.33377572894096375
0.3997162878513336
0.39222562313079834
0.33140793442726135
0.3297382593154907
0.3325002193450928
0.330296128988266
0.3312186002731323
0.3295559287071228
0.3348139226436615
0.3311154842376709
0.3288572430610657
0.3303871154785156
0.3331323266029358
0.33381038904190063
0.32975852489471436
0.3279400169849396
0.3389394283294678
0.3349156975746155
0.3999406099319458
0.45835956931114197
0.346280038356781
0.3361797630786896
0.3707723021507263
0.35393789410591125
0.3306583762168884
0.3328338861465454
0.3396240472793579
0.3626077473163605
0.3445219099521637
0.33551186323165894
0.3340957462787628
0.3303135335445404
0.330241858959198
0.3314647674560547
0.3297775983810425
0.34426677227020264
0.3623310327529907
0.3314109146595001
0.3710901737213135
0.4195222556591034
0.3639119267463684
0.32807475328445435
0.33970320224761963
0.3387393057346344
0.33615127205848694
0.3346969485282898
0.3288516104221344
0.3360268175601959
0.3396059274673462
0.3284812867641449
0.34228086471557617
0.33630573749542236
0.33433300256729126
0.37899890542030334
0.3567374348640442
0.33821728825569153
0.3346788287162781
0.32996466755867004
0.32909148931503296
0.32973724603652954
0.3300434648990631
0.3285290598869324
0.3307499289512634
0.33453142642974854
0.32901549339294434
0.3371155261993408
0.3422479033470154
0.3303814232349396
0.3350125253200531
0.35954391956329346
0.3392099440097809
0.32946476340293884
0.34188520908355713
0.35593587160110474
0.3428793251514435
0.3297657072544098
0.3444078266620636
0.3662274181842804
0.35454151034355164
0.33351805806159973
0.3288147747516632
0.32902494072914124
0.3293660581111908
0.3287551999092102
0.3318183124065399
0.33470433950424194
0.3319590091705322
0.32944992184638977
0.32888472080230713
0.3292226493358612
0.3291904628276825
0.3288973271846771
0.32941165566444397
0.3290761709213257
0.32980987429618835
0.3461960554122925
0.35522058606147766
0.33599770069122314
0.33077141642570496
0.3353491425514221
0.3351135551929474
0.3320944011211395
0.3347327411174774
0.33288782835006714
0.3286953866481781
0.3285972774028778
0.32865017652511597
0.3304672837257385
0.3300817608833313
0.329600065946579
0.3284008502960205
0.32865193486213684
0.32841381430625916
0.3295937776565552
0.32911816239356995
0.328022837638855
0.3291849195957184
0.3294496536254883
0.3301493227481842
0.33026644587516785
0.32851099967956543
0.3290005624294281
0.32962483167648315
0.32962870597839355
0.3289976418018341
0.3287662863731384
0.32858574390411377
0.32909563183784485
0.32865288853645325
0.3335495591163635
0.34564030170440674
0.3376113474369049
0.32823678851127625
0.33471202850341797
0.3380102217197418
0.3364902436733246
0.33096805214881897
0.3287349045276642
0.33486950397491455
0.33021607995033264
0.3287432789802551
0.33018678426742554
0.3309912085533142
0.33096227049827576
0.3306639492511749
0.3324219286441803
0.32825973629951477
0.32869917154312134
0.32861050963401794
0.32888728380203247
0.33105480670928955
0.32796093821525574
0.3303258419036865
0.33169829845428467
0.3734442889690399
0.4011126756668091
0.34131139516830444
0.3422659635543823
0.3474830687046051
0.3414405882358551
0.3400768041610718
0.33571574091911316
0.3306017518043518
0.32896238565444946
0.3285272717475891
0.32842132449150085
0.3282516300678253
0.3456149995326996
0.34527745842933655
0.3305821418762207
0.3257846236228943
0.33108431100845337
0.3303161859512329
0.3288308084011078
0.32817575335502625
0.3283596336841583
0.32929718494415283
0.32950612902641296
0.3299351930618286
0.3308188319206238
0.33443936705589294
0.3320733606815338
0.3286435604095459
0.3289279639720917
0.3313802480697632
0.3283897340297699
0.3499481678009033
0.3836212158203125
0.36936354637145996
0.34048163890838623
0.32868701219558716
0.3306434154510498
0.3344366252422333
0.33230674266815186
0.3286842405796051
0.33302924036979675
0.3422732353210449
0.33516162633895874
0.32610493898391724
0.33148470520973206
0.33265507221221924
0.3331189453601837
0.33177676796913147
0.33047184348106384
0.32937827706336975
0.3325127959251404
0.3305383324623108
0.3279983401298523
0.3317721486091614
0.3252578377723694
0.3427635729312897
0.3240419924259186
0.3699890971183777
0.3390093743801117
0.3781801760196686
0.47445982694625854
0.4479714334011078
0.3616415858268738
0.33541375398635864
0.3495178520679474
0.3289839029312134
0.3342939019203186
0.33555057644844055
0.3307211399078369
0.3281445801258087
0.3286353647708893
0.3291586935520172
0.32815298438072205
0.32821306586265564
0.3280707001686096
0.3279801905155182
0.3282463848590851
0.328278511762619
0.33188772201538086
0.3327743411064148
0.33315309882164
0.3343321979045868
0.33197614550590515
0.3286420404911041
0.3292916417121887
0.32832542061805725
0.3286428153514862
0.3281453847885132
0.3286113440990448
0.3288847506046295
0.3284756541252136
0.34249433875083923
0.37002068758010864
0.3484363853931427
0.334015429019928
0.33632412552833557
0.33768680691719055
0.3301919102668762
0.33025237917900085
0.3310701847076416
0.32889387011528015
0.328645259141922
0.3283478915691376
0.32885468006134033
0.3328716456890106
0.33312365412712097
0.330080509185791
0.3274799883365631
0.3284095227718353
0.3289104700088501
0.3304551839828491
0.33152827620506287
0.3300642669200897
0.3279563784599304
0.32885611057281494
0.33091944456100464
0.3472479283809662
0.35798177123069763
0.3412160277366638
0.3289746344089508
0.3277783691883087
0.3284061551094055
0.3281099200248718
0.3278590738773346
0.3500099182128906
0.34636929631233215
0.32632818818092346
0.3304453194141388
0.3311748504638672
0.33177024126052856
0.32966163754463196
0.3286453187465668
0.32831084728240967
0.3278839588165283
0.3278196454048157
0.32975006103515625
0.33237597346305847
0.3288698196411133
0.32833418250083923
0.3287163972854614
0.32797420024871826
0.3293512761592865
0.32793259620666504
0.3285924196243286
0.340729296207428
0.3296990692615509
0.36521509289741516
0.3670172393321991
0.3401127755641937
0.3286316990852356
0.3359825313091278
0.3457397222518921
0.3428824245929718
0.32820942997932434
0.3336045444011688
0.3374905586242676
0.3355085551738739
0.33081871271133423
0.3279270529747009
0.3277398943901062
0.32768431305885315
0.3286885917186737
0.32821497321128845
0.32861945033073425
0.32686832547187805
0.32815492153167725
0.32819876074790955
0.3279685974121094
0.32801446318626404
0.3295748829841614
0.37537938356399536
0.41023069620132446
0.36464062333106995
0.33192163705825806
0.3308020234107971
0.33617323637008667
0.3349323570728302
0.3302403390407562
0.32945019006729126
0.32759174704551697
0.3275461196899414
0.32761815190315247
0.3358728587627411
0.3393487334251404
0.3341338634490967
0.3287681043148041
0.3241485059261322
0.3356340229511261
0.33535072207450867
0.32918035984039307
0.3281437158584595
0.3283945322036743
0.3314664661884308
0.3595733940601349
0.3882151246070862
0.36395421624183655
0.3298832178115845
0.3291047215461731
0.33810940384864807
0.3320521116256714
0.3301393985748291
0.33772772550582886
0.3355879485607147
0.32819369435310364
0.32728374004364014
0.32817813754081726
0.3298012316226959
0.337826132774353
0.3448981046676636
0.32684075832366943
0.35538923740386963
0.36030712723731995
0.33161452412605286
0.32751572132110596
0.3276611864566803
0.32950523495674133
0.33700284361839294
0.33846402168273926
0.33386269211769104
0.32760894298553467
0.3277069628238678
0.3283326327800751
0.3278573453426361
0.32820937037467957
0.32808154821395874
0.32785916328430176
0.32782989740371704
0.32852980494499207
0.32899507880210876
0.33007702231407166
0.3278229236602783
0.32745927572250366
0.3274650275707245
0.3285534083843231
0.32929399609565735
0.3433593809604645
0.3437228798866272
0.32700732350349426
0.33242127299308777
0.3278093934059143
0.3435796797275543
0.34599897265434265
0.3340311646461487
0.33096843957901
0.3319965600967407
0.33064937591552734
0.32855477929115295
0.33150777220726013
0.3405700623989105
0.33832457661628723
0.3346524238586426
0.330532431602478
0.3279929459095001
0.3275667130947113
0.3279629647731781
0.32836660742759705
0.3275125026702881
0.32766103744506836
0.328639417886734
0.33738964796066284
0.3680388629436493
0.33684808015823364
0.328390896320343
0.3295021057128906
0.32962629199028015
0.32781845331192017
0.3270505964756012
0.3290915787220001
0.3276948630809784
0.33788812160491943
0.3702268600463867
0.35261058807373047
0.34049302339553833
0.32930755615234375
0.3344310522079468
0.33889225125312805
0.32710376381874084
0.3268026113510132
0.3325020670890808
0.32666444778442383
0.33137428760528564
0.33132457733154297
0.32993435859680176
0.3280113935470581
0.3275650441646576
0.3274714946746826
0.32905077934265137
0.3332982659339905
0.3293532729148865
0.33072733879089355
0.32949092984199524
0.3387328088283539
0.32738256454467773
0.3339938819408417
0.3369932472705841
0.3365600109100342
0.33839720487594604
0.34443458914756775
0.34400200843811035
0.3358195126056671
0.32818007469177246
0.32658398151397705
0.3295118510723114
0.3304828107357025
0.3320704400539398
0.3476155996322632
0.3431128263473511
0.33311814069747925
0.32719600200653076
0.32906612753868103
0.3293726444244385
0.32875850796699524
0.3297227919101715
0.3433263301849365
0.3540808856487274
0.3459129333496094
0.33162665367126465
0.34160059690475464
0.34213700890541077
0.3311833441257477
0.3489755094051361
0.36227869987487793
0.34103623032569885
0.3287985324859619
0.3552771210670471
0.3985046446323395
0.35735487937927246
0.33580803871154785
0.3435804545879364
0.3308584988117218
0.3292659819126129
0.33298879861831665
0.3267167806625366
0.35103192925453186
0.34602221846580505
0.33135780692100525
0.33022668957710266
0.3417603075504303
0.3679863512516022
0.34755939245224
0.3323976993560791
0.3344053328037262
0.3315248489379883
0.3288578391075134
0.33099475502967834
0.33985191583633423
0.3376747667789459
0.33249011635780334
0.33722296357154846
0.32759809494018555
0.32872986793518066
0.33333155512809753
0.3318707346916199
0.3368576765060425
0.33723223209381104
0.3320104479789734
0.3268037736415863
0.3293612599372864
0.331949919462204
0.330044150352478
0.34341856837272644
0.34585338830947876
0.33648547530174255
0.3306708037853241
0.32686975598335266
0.3292548954486847
0.3276722729206085
0.32731035351753235
0.3289494812488556
0.3280355930328369
0.3272198736667633
0.3317077159881592
0.33666902780532837
0.33245036005973816
0.3297363519668579
0.3265226185321808
0.33325448632240295
0.3325228989124298
0.32887890934944153
0.3275638818740845
0.328715980052948
0.3300684988498688
0.3299795687198639
0.3275406062602997
0.3270912170410156
0.32920193672180176
0.328432559967041
0.3279660642147064
0.3288475275039673
0.32893994450569153
0.3294006884098053
0.32652488350868225
0.33200758695602417
0.332856148481369
0.33030134439468384
0.33023717999458313
0.3379118740558624
0.3380300998687744
0.331119567155838
0.3294212222099304
0.3333534300327301
0.332420289516449
0.3253377377986908
0.3579583466053009
0.40272092819213867
0.3737996518611908
0.3338720500469208
0.3315563201904297
0.34564122557640076
0.38351091742515564
0.4050341546535492
0.3426303565502167
0.3253318667411804
0.34585994482040405
0.3417702913284302
0.3273421823978424
0.32774874567985535
0.3323722779750824
0.33213767409324646
0.32895031571388245
0.33121296763420105
0.3300180435180664
0.327529639005661
0.3273530900478363
0.3317146599292755
0.3322666585445404
0.3320867121219635
0.33207499980926514
0.32814133167266846
0.32649970054626465
0.3283589780330658
0.32858705520629883
0.3282291889190674
0.35027191042900085
0.3812410235404968
0.33982545137405396
0.33540377020835876
0.3535238206386566
0.3422281742095947
0.3304526209831238
0.3338301479816437
0.3451554477214813
0.3387695848941803
0.3294965922832489
0.3273871839046478
0.32814496755599976
0.32903778553009033
0.32878378033638
0.32896775007247925
0.3275926113128662
0.3451206386089325
0.3392936885356903
0.32830432057380676
0.327877938747406
0.3299739956855774
0.32902616262435913
0.32790982723236084
0.32671764492988586
0.32708773016929626
0.3272920548915863
0.32695627212524414
0.3273449242115021
0.3274250030517578
0.32749760150909424
0.3322441577911377
0.32058143615722656
0.4204370081424713
0.5285651087760925
0.44797849655151367
0.3554076552391052
0.32927292585372925
0.3412775695323944
0.3382405936717987
0.32631659507751465
0.32716071605682373
0.3354305922985077
0.3283737897872925
0.32892724871635437
0.3287629187107086
0.3273724615573883
0.33114680647850037
0.3293813169002533
0.3273468315601349
0.3269909918308258
0.32764264941215515
0.3278923034667969
0.3323823809623718
0.335366815328598
0.33237916231155396
0.3292405903339386
0.32831457257270813
0.3326217234134674
0.339057981967926
0.37993481755256653
0.35091033577919006
0.3345344662666321
0.3354243040084839
0.32845810055732727
0.3269157111644745
0.32757607102394104
0.33002299070358276
0.3315044045448303
0.33102288842201233
0.32837554812431335
0.32759973406791687
0.3267951011657715
0.3269329071044922
0.3267417252063751
0.3269980251789093
0.3269345462322235
0.32701876759529114
0.3278890550136566
0.33914345502853394
0.340395987033844
0.33279699087142944
0.32689711451530457
0.3276676833629608
0.32644224166870117
0.32815149426460266
0.33842402696609497
0.3373975157737732
0.33188754320144653
0.32956501841545105
0.32846471667289734
0.32734033465385437
0.327210932970047
0.3268983066082001
0.32727280259132385
0.3284195363521576
0.33297058939933777
0.33356210589408875
0.3316805362701416
0.3312044143676758
0.32890668511390686
0.3302080035209656
0.33216091990470886
0.33438780903816223
0.3330858051776886
0.3310873806476593
0.3275330066680908
0.3269660770893097
0.32748427987098694
0.32699063420295715
0.32669341564178467
0.3266546428203583
0.32854196429252625
0.33060941100120544
0.33017292618751526
0.32782280445098877
0.32658568024635315
0.3266695439815521
0.3265344202518463
0.32660365104675293
0.3269370496273041
0.3268258273601532
0.3271620273590088
0.3269616365432739
0.3435847759246826
0.36136460304260254
0.3663669526576996
0.3501884639263153
0.3354359567165375
0.3300233483314514
0.32641148567199707
0.32676398754119873
0.3318144381046295
0.3496522903442383
0.3513200581073761
0.33680564165115356
0.3292744755744934
0.32687121629714966
0.3284403085708618
0.3250819742679596
0.3452247679233551
0.3510593771934509
0.34546080231666565
0.3373895585536957
0.3296293616294861
0.3273329436779022
0.3314964175224304
0.33064788579940796
0.3299170136451721
0.3291618824005127
0.3279469609260559
0.3277185559272766
0.32755011320114136
0.3268289864063263
0.3298909664154053
0.32871437072753906
0.32652154564857483
0.32651737332344055
0.32813456654548645
0.32653728127479553
0.32741355895996094
0.3276582956314087
0.32815229892730713
0.3280222415924072
0.32770416140556335
0.326721727848053
0.32825204730033875
0.33246108889579773
0.3341284394264221
0.3308562636375427
0.3264353275299072
0.32626789808273315
0.3277352452278137
0.32684236764907837
0.32707470655441284
0.3270108699798584
0.3271348774433136
0.3267954885959625
0.3264135718345642
0.32601413130760193
0.3291763663291931
0.33186545968055725
0.33388757705688477
0.3316413164138794
0.32947954535484314
0.32677561044692993
0.3266534209251404
0.32649922370910645
0.32810544967651367
0.328082799911499
0.32767805457115173
0.3273972272872925
0.3269249200820923
0.32615458965301514
0.3278140127658844
0.3281923830509186
0.32691094279289246
0.33218997716903687
0.33615344762802124
0.3355081081390381
0.3296627104282379
0.3269909918308258
0.3267531394958496
0.3265213668346405
0.3265315592288971
0.3265031576156616
0.3270207941532135
0.32664865255355835
0.32674893736839294
0.32684481143951416
0.32707157731056213
0.3270646929740906
0.33456316590309143
0.33646002411842346
0.3357340693473816
0.3335341513156891
0.32960623502731323
0.3280913829803467
0.32676011323928833
0.3262036144733429
0.32709455490112305
0.3291463851928711
0.33059754967689514
0.3307405710220337
0.3298523426055908
0.3289637267589569
0.3275209665298462
0.3272550702095032
0.3264971673488617
0.3280278742313385
0.32796788215637207
0.3282214105129242
0.32784128189086914
0.32741305232048035
0.3273298144340515
0.32727760076522827
0.32645317912101746
0.326748251914978
0.3264772295951843
0.32650086283683777
0.3267138600349426
0.32728269696235657
0.32923391461372375
0.3306305706501007
0.32937783002853394
0.32755449414253235
0.32758277654647827
0.32648205757141113
0.32656821608543396
0.3266536295413971
0.3273283839225769
0.3285612463951111
0.33278533816337585
0.333074688911438
0.33147647976875305
0.3300575017929077
0.3288918435573578
0.32652565836906433
0.3267757296562195
0.32723376154899597
0.32736653089523315
0.3272746503353119
0.32699036598205566
0.3270169794559479
0.3265047073364258
0.3264930546283722
0.32670214772224426
0.3265950381755829
0.32752156257629395
0.32690292596817017
0.32678675651550293
0.32693126797676086
0.32846930623054504
0.3294004499912262
0.32934480905532837
0.32875391840934753
0.32828348875045776
0.3277153968811035
0.32725998759269714
0.3278323709964752
0.3286963701248169
0.3288005590438843
0.32843464612960815
0.3283888101577759
0.3282051682472229
0.3277525007724762
0.32670101523399353
0.3271217942237854
0.3275142014026642
0.327219694852829
0.3292553722858429
0.33402976393699646
0.336158812046051
0.3358458876609802
0.33052244782447815
0.32720354199409485
0.32659807801246643
0.32670319080352783
0.3265496492385864
0.32694345712661743
0.3277839720249176
0.3281902074813843
0.32814881205558777
0.3280012309551239
0.32790830731391907
0.32733583450317383
0.3274281620979309
0.3268793225288391
0.32692086696624756
0.3269173800945282
0.3268202841281891
0.327483206987381
0.32839393615722656
0.32852768898010254
0.3282372057437897
0.3270147144794464
0.3270837068557739
0.3268353044986725
0.326928973197937
0.3262683153152466
0.32657700777053833
0.32674074172973633
0.3267001211643219
0.3267173171043396
0.32684561610221863
0.3275163769721985
0.327319860458374
0.3271852433681488
0.3262493312358856
0.3264883756637573
0.3272815942764282
0.3273669183254242
0.3273077607154846
0.3271639943122864
0.3272170126438141
0.32753387093544006
0.3288620114326477
0.330357164144516
0.33009400963783264
0.32960429787635803
0.3289986848831177
0.32827213406562805
0.3281025290489197
0.3274485766887665
0.32692432403564453
0.3266741931438446
0.32661736011505127
0.3264826238155365
0.32671502232551575
0.3264719843864441
0.32680174708366394
0.3270217180252075
0.3268534243106842
0.3266142010688782
0.32660600543022156
0.32666507363319397
0.32644784450531006
0.3265376389026642
0.32659199833869934
0.32668617367744446
0.32666462659835815
0.3267267048358917
0.32653459906578064
0.3265344798564911
0.32655230164527893
0.3265160918235779
0.32742661237716675
0.32715579867362976
0.326219379901886
0.3265353739261627
0.32659026980400085
0.3266493082046509
0.32676663994789124
0.3267742991447449
0.3269389271736145
0.3271619975566864
0.3275076448917389
0.32848596572875977
0.3291991949081421
0.3294316828250885
0.3293231427669525
0.3291235566139221
0.32867756485939026
0.32816585898399353
0.32783347368240356
0.327370822429657
0.32702571153640747
0.32671546936035156
0.3266559839248657
0.32663029432296753
0.32642436027526855
0.32647207379341125
0.32658132910728455
0.3264710009098053
0.32636094093322754
0.32689169049263
0.32741373777389526
0.32777270674705505
0.327901691198349
0.3278118073940277
0.32748326659202576
0.3274284899234772
0.3274911642074585
0.327485591173172
0.3272570073604584
0.3267737329006195
0.32679423689842224
0.3265046775341034
0.326517254114151
0.3265934884548187
0.32660436630249023
0.3264177143573761
0.32649633288383484
0.32639387249946594
0.32656094431877136
0.3266677260398865
0.32718709111213684
0.32721954584121704
0.3270527422428131
0.32689523696899414
0.32672396302223206
0.32633426785469055
0.3265596628189087
0.3265208899974823
0.3265734612941742
0.3266019821166992
0.32673582434654236
0.3269285559654236
0.3270108103752136
0.3268992006778717
0.3268391489982605
0.32677021622657776
0.3267133831977844
0.3267190754413605
0.32664966583251953
0.32661736011505127
0.32655128836631775
0.3265891373157501
0.32658177614212036
0.3265921175479889
0.3265460431575775
0.32656916975975037
0.3268527388572693
0.3273104727268219
0.32777249813079834
0.3279809057712555
0.3276525139808655
0.3271847665309906
0.3271542489528656
0.3263619840145111
0.3266477882862091
0.32656821608543396
0.3265620768070221
0.326713889837265
0.3267379105091095
0.3266999423503876
0.32690542936325073
0.32703259587287903
0.3270449638366699
0.3269442021846771
0.3267044425010681
0.3265411853790283
0.326585978269577
0.3263470530509949
0.3264254927635193
0.3264366388320923
0.3264308571815491
0.3264577388763428
0.32642924785614014
0.3264116048812866
0.3264218270778656
0.3264307975769043
0.32642656564712524
0.3263774812221527
0.3264707028865814
0.3263741433620453
0.3264872431755066
0.3264344036579132
0.3265106678009033
0.3265347182750702
0.3264755308628082
0.32650449872016907
0.32643982768058777
0.32656240463256836
0.3265949487686157
0.32630762457847595
0.32644954323768616
0.3267974257469177
0.32653510570526123
0.3266955316066742
0.3266443610191345
0.32661715149879456
0.3266327381134033
0.3269462585449219
0.32690000534057617
0.32711663842201233
0.3276202380657196
0.32765185832977295
0.32809019088745117
0.3279077410697937
0.32773008942604065
0.3274535536766052
0.327333927154541
0.3271254301071167
0.3270774781703949
0.3270731270313263
0.3271197974681854
0.32714298367500305
0.3271377682685852
0.3271920084953308
0.3274669349193573
0.32780611515045166
0.32782649993896484
0.32770195603370667
0.327544629573822
0.327328085899353
0.3272172808647156
0.32727599143981934
0.32697099447250366
0.32679206132888794
0.32678908109664917
0.32659557461738586
0.3265663683414459
0.3264849781990051
0.3265317678451538
0.32660937309265137
0.32693803310394287
0.32710233330726624
0.3273082375526428
0.32725682854652405
0.3272288739681244
0.3271332383155823
0.32705745100975037
0.32725486159324646
0.32729485630989075
0.32743871212005615
0.3285701870918274
0.32882609963417053
0.328858882188797
0.3286730945110321
0.3283599317073822
0.32828953862190247
0.3273067772388458
0.32708805799484253
0.3269213140010834
0.32681599259376526
0.3267832398414612
0.3267670273780823
0.32671070098876953
0.3266809582710266
0.32668617367744446
0.3267141282558441
0.3267945945262909
0.3271341621875763
0.32726719975471497
0.32733243703842163
0.32746201753616333
0.32747548818588257
0.3274272680282593
0.32729339599609375
0.32718005776405334
0.32711806893348694
0.32703742384910583
0.32693958282470703
0.32701265811920166
0.3270256221294403
0.32701244950294495
0.3270133435726166
0.3269703984260559
0.32696622610092163
0.3269381821155548
0.326934814453125
0.32690614461898804
0.32688969373703003
0.3268240988254547
0.3269772529602051
0.3269879221916199
0.326983243227005
0.32699984312057495
0.327095091342926
0.32718798518180847
0.32718369364738464
0.32701995968818665
0.3269328773021698
0.32692331075668335
0.3269388973712921
0.326932430267334
0.32693183422088623
0.32702866196632385
0.3271348774433136
0.3271833658218384
0.3272750675678253
0.3272351920604706
0.3272022008895874
0.3270449936389923
0.3269636929035187
0.3268970251083374
0.3268592357635498
0.3268371820449829
0.3267475664615631
0.32674580812454224
0.3267345130443573
0.32671719789505005
0.32667702436447144
0.32662707567214966
0.3265862464904785
0.32658886909484863
0.3265226185321808
0.32656431198120117
0.32648468017578125
0.3265976309776306
0.32660409808158875
0.32663896679878235
0.3266693651676178
0.3266732394695282
0.32683613896369934
0.3268547058105469
0.32675492763519287
0.32676130533218384
0.32675036787986755
0.32677340507507324
0.3268105387687683
0.3269370198249817
0.32696735858917236
0.3268725574016571
0.32686522603034973
0.32664284110069275
0.32690563797950745
0.32680460810661316
0.32676947116851807
0.3267134428024292
0.3266623616218567
0.326626181602478
0.32665738463401794
0.32677003741264343
0.3268177807331085
0.32697999477386475
0.32702285051345825
0.32703977823257446
0.32705479860305786
0.32703012228012085
0.32699576020240784
0.32700642943382263
0.3269404172897339
0.3268967270851135
0.32689663767814636
0.32684293389320374
0.3268055021762848
0.3267604410648346
0.326742947101593
0.3267107903957367
0.3265860974788666
0.32661715149879456
0.3266567587852478
0.3266521096229553
0.326660692691803
0.3266579210758209
0.32665541768074036
0.32664427161216736
0.32664960622787476
0.32665789127349854
0.32662323117256165
0.32661885023117065
0.32664912939071655
0.32664185762405396
0.3266293406486511
0.3266180455684662
0.3265969753265381
0.3265761435031891
0.32651498913764954
0.32648345828056335
0.3264886140823364
0.3264937698841095
0.32642850279808044
0.3264320194721222
0.3264201283454895
0.32642456889152527
0.32643699645996094
0.3264199197292328
0.32641881704330444
0.32646384835243225
0.326434850692749
0.3264320492744446
0.32644128799438477
0.3264477550983429
0.32644665241241455
0.3264550566673279
0.326450377702713
0.32646438479423523
0.32647910714149475
0.3264978229999542
0.3265005648136139
0.326506644487381
0.326478511095047
0.32650038599967957
0.3264898955821991
0.3266904056072235
0.3266131281852722
0.32668203115463257
0.3266960680484772
0.32669442892074585
0.3266673684120178
0.3266834020614624
0.32655584812164307
0.3266490697860718
0.3265261650085449
0.3263942003250122
0.3263653814792633
0.32639288902282715
0.3263761103153229
0.32644057273864746
0.3264147937297821
0.32642996311187744
0.32642868161201477
0.32642996311187744
0.3263988196849823
0.32640811800956726
0.3264043927192688
0.32640913128852844
0.3263377249240875
0.3265112042427063
0.32659271359443665
0.326566606760025
0.3265834450721741
0.3265865445137024
0.3266143202781677
0.3267013132572174
0.32666170597076416
0.3266778290271759
0.32669445872306824
0.32669326663017273
0.3266904354095459
0.32668638229370117
0.3266889452934265
0.326692134141922
0.32668164372444153
0.326675683259964
0.326680988073349
0.32667359709739685
0.32667219638824463
0.3266386091709137
0.3265921175479889
0.3265869617462158
0.32657405734062195
0.32656940817832947
0.3265664577484131
0.32657483220100403
0.32655608654022217
0.32655447721481323
0.32656607031822205
0.3265632688999176
0.3265635371208191
0.3265618681907654
0.3265613317489624
0.32656919956207275
0.326578825712204
0.32661566138267517
0.32661673426628113
0.3266151249408722
0.3266099691390991
0.3265775740146637
0.32655149698257446
0.3265518248081207
0.32654330134391785
0.32651373744010925
0.3265193700790405
0.3265088200569153
0.32650646567344666
0.3265177309513092
0.32654523849487305
0.3265485465526581
0.3265582323074341
0.32661572098731995
0.32666173577308655
0.32665276527404785
0.3266524076461792
0.32664987444877625
0.32665252685546875
0.3266483545303345
0.32664456963539124
0.3266446590423584
0.32664811611175537
0.32664838433265686
0.32665225863456726
0.3266547620296478
0.32665112614631653
0.3266502618789673
0.3266528248786926
0.32665103673934937
0.32665935158729553
0.32667076587677
0.3266736567020416
0.3266737461090088
0.326664000749588
0.3266638517379761
0.3266325294971466
0.32664376497268677
0.3266618847846985
0.3266681432723999
0.32667410373687744
0.3266821801662445
0.3266795873641968
0.32666975259780884
0.32665279507637024
0.32664692401885986
0.3266274631023407
0.32663464546203613
0.32662707567214966
0.3266211450099945
0.32662394642829895
0.32661622762680054
0.32658204436302185
0.3265623450279236
0.3265635073184967
0.3264937698841095
0.3264818787574768
0.3264721930027008
0.32646653056144714
0.3264676034450531
0.3264584243297577
0.3264583945274353
0.3264464735984802
0.32644620537757874
0.32647505402565
0.3264947533607483
0.3265364468097687
0.3264943063259125
0.32652437686920166
0.3265310227870941
0.3265288174152374
0.32653024792671204
0.3265265226364136
0.3265266716480255
0.3265233635902405
0.32652512192726135
0.3265174925327301
0.326514333486557
0.32651200890541077
0.3265053927898407
0.32652929425239563
0.32653313875198364
0.3265370726585388
0.326537162065506
0.3265233039855957
0.3265175223350525
0.3265158534049988
0.3265139162540436
0.3265037536621094
0.32649609446525574
0.32649651169776917
0.3264957070350647
0.3264977037906647
0.32649776339530945
0.32649606466293335
0.3264971077442169
0.3264957368373871
0.3264915943145752
0.32649269700050354
0.3264937102794647
0.3264979124069214
0.326485276222229
0.3264869749546051
0.3264831602573395
0.3264845907688141
0.3264812231063843
0.32649561762809753
0.32648783922195435
0.32649046182632446
0.3264923691749573
0.3264780342578888
0.3264757990837097
0.3264745771884918
0.32647454738616943
0.3264734447002411
0.32646819949150085
0.3264566957950592
0.3264593780040741
0.32644495368003845
0.3264501690864563
0.32644155621528625
0.32643595337867737
0.32644084095954895
0.32643941044807434
0.32644200325012207
0.32643815875053406
0.32644736766815186
0.32643771171569824
0.3264434337615967
0.3264319598674774
0.32642704248428345
0.3264225423336029
0.32645875215530396
0.3264003098011017
0.3264208734035492
0.32641080021858215
0.3264044523239136
0.32640281319618225
0.3264027535915375
0.3264041244983673
0.32640141248703003
0.3264006972312927
0.32639986276626587
0.32640013098716736
0.326404333114624
0.3263990581035614
0.32640016078948975
0.3263988792896271
0.3264015018939972
0.32640233635902405
0.3263933062553406
0.32639214396476746
0.32638871669769287
0.3263823986053467
0.32638540863990784
0.32638174295425415
0.326385498046875
0.3263867497444153
0.3263763189315796
0.32638323307037354
0.32639020681381226
0.3263879418373108
0.3263789713382721
0.32637840509414673
0.32636868953704834
0.3263925611972809
0.3263901174068451
0.32638898491859436
0.3263852298259735
0.32638800144195557
0.32639220356941223
0.3263898491859436
0.3263852596282959
0.3263862431049347
0.3263842463493347
0.326384574174881
0.3263877034187317
0.32638341188430786
0.326382577419281
0.3263862133026123
0.326384037733078
0.32638245820999146
0.326384037733078
0.3264027535915375
0.32638266682624817
0.3263837993144989
0.32637935876846313
0.32638633251190186
0.3263836205005646
0.3263821005821228
0.32639244198799133
0.3263842761516571
0.326382577419281
0.3263828158378601
0.3263826370239258
0.3263827860355377
0.32638517022132874
0.3263830840587616
0.3263866603374481
0.32638368010520935
0.32638460397720337
0.32638224959373474
0.32638460397720337
0.32638633251190186
0.32638978958129883
0.32637739181518555
0.32638660073280334
0.32638341188430786
0.3263840079307556
0.32638418674468994
0.32638514041900635
0.3263893127441406
0.326382040977478
0.32638245820999146
0.3263820707798004
0.3263835608959198
0.3263853192329407
0.3263816833496094
0.3263821601867676
0.3263825476169586
0.326383113861084
0.3263825476169586
0.32638147473335266
0.32638368010520935
0.3263816237449646
0.32638221979141235
0.3263823390007019
0.32636964321136475
0.32638809084892273
0.3263828158378601
0.3263837993144989
0.3263794481754303
0.32638463377952576
0.32638248801231384
0.32638096809387207
0.3263813257217407
0.3263813257217407
0.32638150453567505
0.3263816833496094
0.3263845145702362
0.326384037733078
0.32638275623321533
0.3263821005821228
0.326383501291275
0.3263830244541168
0.32637566328048706
0.32638001441955566
0.3263782858848572
0.32638654112815857
0.32638633251190186
0.3263837993144989
0.3263835608959198
0.32638296484947205
0.32638251781463623
