0.5679287314414978
0.5679287314414978
0.5679287314414978
0.5679287314414978
0.5679287314414978
0.5679287314414978
0.5679287314414978
0.5679287314414978
0.5679287314414978
0.5679287314414978
0.570155918598175
0.570155918598175
0.570155918598175
0.570155918598175
0.570155918598175
0.570155918598175
0.570155918598175
0.570155918598175
0.5679287314414978
0.5679287314414978
0.5679287314414978
0.5657015442848206
0.5657015442848206
0.5679287314414978
0.5679287314414978
0.570155918598175
0.5723830461502075
0.5723830461502075
0.5723830461502075
0.5723830461502075
0.5746102333068848
0.5746102333068848
0.5657015442848206
0.5746102333068848
0.5946547985076904
0.5612472295761108
0.5545657277107239
0.5968819856643677
0.6124721765518188
0.5812917351722717
0.5545657277107239
0.576837420463562
0.6102449893951416
0.5902004241943359
0.6080178022384644
0.6191536784172058
0.6325166821479797
0.6013363003730774
0.5879732966423035
0.6213808655738831
0.6391982436180115
0.6213808655738831
0.6213808655738831
0.634743869304657
0.6369710564613342
0.6146993041038513
0.6124721765518188
0.634743869304657
0.6458797454833984
0.6570155620574951
0.6570155620574951
0.6592427492141724
0.6614699363708496
0.6636971235275269
0.6659242510795593
0.6726058125495911
0.6703786253929138
0.679287314414978
0.6837416291236877
0.6726058125495911
0.6636971235275269
0.679287314414978
0.6570155620574951
0.679287314414978
0.6770601272583008
0.692650318145752
0.6904231905937195
0.6837416291236877
0.692650318145752
0.6904231905937195
0.692650318145752
0.7126948833465576
0.6993318200111389
0.7060133814811707
0.7060133814811707
0.7060133814811707
0.6993318200111389
0.6948775053024292
0.7193763852119446
0.6748329401016235
0.7082405090332031
0.6837416291236877
0.7149220705032349
0.7171491980552673
0.7171491980552673
0.7171491980552673
0.730512261390686
0.7193763852119446
0.7238307595252991
0.7282850742340088
0.7260578870773315
0.7282850742340088
0.685968816280365
0.6971046924591064
0.7527839541435242
0.7327394485473633
0.7171491980552673
0.74387526512146
0.7416480779647827
0.7327394485473633
0.7260578870773315
0.7461024522781372
0.7193763852119446
0.7171491980552673
0.6993318200111389
0.7572383284568787
0.7461024522781372
0.737193763256073
0.7550111413002014
0.7661470174789429
0.7661470174789429
0.7550111413002014
0.7572383284568787
0.7461024522781372
0.7483296394348145
0.7572383284568787
0.7238307595252991
0.7572383284568787
0.7216035723686218
0.7126948833465576
0.7683741450309753
0.7616926431655884
0.7683741450309753
0.7327394485473633
0.7416480779647827
0.7416480779647827
0.737193763256073
0.7728285193443298
0.7550111413002014
0.7728285193443298
0.7995545864105225
0.7416480779647827
0.7594654560089111
0.7795100212097168
0.781737208366394
0.795100212097168
0.7683741450309753
0.7594654560089111
0.7706013321876526
0.781737208366394
0.795100212097168
0.7861915230751038
0.7995545864105225
0.7527839541435242
0.7906458973884583
0.7839643359184265
0.7973273992538452
0.781737208366394
0.7683741450309753
0.7728285193443298
0.7973273992538452
0.7861915230751038
0.7639198303222656
0.7995545864105225
0.7661470174789429
0.8040089011192322
0.781737208366394
0.7928730249404907
0.7973273992538452
0.7839643359184265
0.795100212097168
0.8062360882759094
0.7928730249404907
0.7928730249404907
0.8084632754325867
0.7928730249404907
0.7861915230751038
0.8017817139625549
0.8040089011192322
0.795100212097168
0.7906458973884583
0.7995545864105225
0.8084632754325867
0.8062360882759094
0.8062360882759094
0.8129175901412964
0.8129175901412964
0.8106904029846191
0.8062360882759094
0.8084632754325867
0.8285077810287476
0.8173719644546509
0.8218262791633606
0.8151447772979736
0.8106904029846191
0.8106904029846191
0.8062360882759094
0.8173719644546509
0.7906458973884583
0.7995545864105225
0.781737208366394
0.8218262791633606
0.8151447772979736
0.8218262791633606
0.8084632754325867
0.8129175901412964
0.8240534663200378
0.8129175901412964
0.8240534663200378
0.8240534663200378
0.8151447772979736
0.8084632754325867
0.8084632754325867
0.8017817139625549
0.8040089011192322
0.8106904029846191
0.8106904029846191
0.8106904029846191
0.8017817139625549
0.8106904029846191
0.8084632754325867
0.8129175901412964
0.8240534663200378
0.8195990920066833
0.832962155342102
0.8240534663200378
0.8151447772979736
0.8195990920066833
0.7995545864105225
0.8040089011192322
0.8240534663200378
0.8129175901412964
0.8195990920066833
0.8351892828941345
0.8173719644546509
0.8173719644546509
0.8195990920066833
0.795100212097168
0.8040089011192322
0.8151447772979736
0.8285077810287476
0.8351892828941345
0.8195990920066833
0.8218262791633606
0.8129175901412964
0.8195990920066833
0.8195990920066833
0.8129175901412964
0.8195990920066833
0.8285077810287476
0.8218262791633606
0.8262805938720703
0.8173719644546509
0.8218262791633606
0.7795100212097168
0.788418710231781
0.8106904029846191
0.8173719644546509
0.8173719644546509
0.8173719644546509
0.8374164700508118
0.8374164700508118
0.839643657207489
0.8440979719161987
0.8262805938720703
0.8262805938720703
0.8195990920066833
0.8307349681854248
0.8240534663200378
0.8218262791633606
0.8195990920066833
0.8351892828941345
0.8374164700508118
0.8351892828941345
0.8307349681854248
0.8173719644546509
0.8195990920066833
0.8129175901412964
0.8151447772979736
0.8307349681854248
0.8418708443641663
0.8440979719161987
0.832962155342102
0.8173719644546509
0.8285077810287476
0.8418708443641663
0.8307349681854248
0.8262805938720703
0.8307349681854248
0.8240534663200378
0.8262805938720703
0.8262805938720703
0.839643657207489
0.832962155342102
0.8062360882759094
0.8240534663200378
0.8240534663200378
0.8262805938720703
0.8195990920066833
0.832962155342102
0.8307349681854248
0.8262805938720703
0.839643657207489
0.8440979719161987
0.8374164700508118
0.7995545864105225
0.8040089011192322
0.8307349681854248
0.8351892828941345
0.8351892828941345
0.8195990920066833
0.8062360882759094
0.8017817139625549
0.8440979719161987
0.8218262791633606
0.8129175901412964
0.8374164700508118
0.8507795333862305
0.8374164700508118
0.8418708443641663
0.839643657207489
0.8351892828941345
0.8440979719161987
0.846325159072876
0.8351892828941345
0.8440979719161987
0.8374164700508118
0.839643657207489
0.8285077810287476
0.8307349681854248
0.8418708443641663
0.846325159072876
0.8418708443641663
0.8285077810287476
0.8040089011192322
0.8307349681854248
0.8440979719161987
0.8351892828941345
0.8173719644546509
0.8418708443641663
0.8440979719161987
0.839643657207489
0.8351892828941345
0.8418708443641663
0.8440979719161987
0.8418708443641663
0.8440979719161987
0.839643657207489
0.8485523462295532
0.839643657207489
0.8440979719161987
0.8485523462295532
0.832962155342102
0.8418708443641663
0.8440979719161987
0.8418708443641663
0.8374164700508118
0.8418708443641663
0.8485523462295532
0.8440979719161987
0.839643657207489
0.8040089011192322
0.8307349681854248
0.8240534663200378
0.8173719644546509
0.8440979719161987
0.8062360882759094
0.7750557065010071
0.839643657207489
0.846325159072876
0.8307349681854248
0.8351892828941345
0.839643657207489
0.8262805938720703
0.8418708443641663
0.8351892828941345
0.839643657207489
0.839643657207489
0.839643657207489
0.8440979719161987
0.8374164700508118
0.832962155342102
0.8418708443641663
0.8485523462295532
0.8485523462295532
0.8440979719161987
0.8351892828941345
0.8418708443641663
0.8440979719161987
0.839643657207489
0.8418708443641663
0.846325159072876
0.846325159072876
0.8507795333862305
0.832962155342102
0.839643657207489
0.846325159072876
0.8418708443641663
0.8507795333862305
0.8418708443641663
0.846325159072876
0.7906458973884583
0.7995545864105225
0.8418708443641663
0.839643657207489
0.839643657207489
0.8440979719161987
0.8262805938720703
0.8351892828941345
0.8440979719161987
0.8485523462295532
0.7906458973884583
0.8040089011192322
0.846325159072876
0.839643657207489
0.846325159072876
0.8440979719161987
0.8418708443641663
0.8307349681854248
0.8374164700508118
0.839643657207489
0.8351892828941345
0.8129175901412964
0.8351892828941345
0.839643657207489
0.8418708443641663
0.8374164700508118
0.832962155342102
0.8351892828941345
0.8351892828941345
0.846325159072876
0.8418708443641663
0.8374164700508118
0.839643657207489
0.8374164700508118
0.8374164700508118
0.839643657207489
0.8418708443641663
0.8351892828941345
0.839643657207489
0.8507795333862305
0.8351892828941345
0.8374164700508118
0.8418708443641663
0.8374164700508118
0.8418708443641663
0.8418708443641663
0.8106904029846191
0.846325159072876
0.8418708443641663
0.8374164700508118
0.8418708443641663
0.8418708443641663
0.8240534663200378
0.8440979719161987
0.7995545864105225
0.7795100212097168
0.8374164700508118
0.8351892828941345
0.8440979719161987
0.8418708443641663
0.832962155342102
0.839643657207489
0.8351892828941345
0.8440979719161987
0.8440979719161987
0.8440979719161987
0.8418708443641663
0.8418708443641663
0.8440979719161987
0.846325159072876
0.7928730249404907
0.8218262791633606
0.8485523462295532
0.846325159072876
0.839643657207489
0.8440979719161987
0.846325159072876
0.8374164700508118
0.8351892828941345
0.8485523462295532
0.8418708443641663
0.839643657207489
0.8440979719161987
0.839643657207489
0.8440979719161987
0.839643657207489
0.8440979719161987
0.8418708443641663
0.8285077810287476
0.832962155342102
0.8374164700508118
0.8151447772979736
0.832962155342102
0.8351892828941345
0.8440979719161987
0.839643657207489
0.8440979719161987
0.8351892828941345
0.832962155342102
0.8307349681854248
0.846325159072876
0.8418708443641663
0.8418708443641663
0.8351892828941345
0.8440979719161987
0.8374164700508118
0.839643657207489
0.8351892828941345
0.846325159072876
0.8240534663200378
0.8418708443641663
0.8285077810287476
0.839643657207489
0.8351892828941345
0.7861915230751038
0.7706013321876526
0.7973273992538452
0.788418710231781
0.8240534663200378
0.846325159072876
0.8418708443641663
0.8374164700508118
0.8440979719161987
0.8351892828941345
0.8418708443641663
0.846325159072876
0.8440979719161987
0.8440979719161987
0.8485523462295532
0.8440979719161987
0.8017817139625549
0.8151447772979736
0.8262805938720703
0.8307349681854248
0.795100212097168
0.8440979719161987
0.8374164700508118
0.839643657207489
0.8418708443641663
0.8418708443641663
0.8418708443641663
0.8374164700508118
0.8440979719161987
0.839643657207489
0.8440979719161987
0.839643657207489
0.832962155342102
0.846325159072876
0.8374164700508118
0.8418708443641663
0.8440979719161987
0.8418708443641663
0.8374164700508118
0.8374164700508118
0.839643657207489
0.839643657207489
0.832962155342102
0.832962155342102
0.839643657207489
0.8374164700508118
0.8351892828941345
0.839643657207489
0.7973273992538452
0.8106904029846191
0.8374164700508118
0.8129175901412964
0.8262805938720703
0.7906458973884583
0.8218262791633606
0.8418708443641663
0.8307349681854248
0.839643657207489
0.8374164700508118
0.8418708443641663
0.846325159072876
0.8418708443641663
0.846325159072876
0.8440979719161987
0.8374164700508118
0.8262805938720703
0.8351892828941345
0.8418708443641663
0.8485523462295532
0.8374164700508118
0.8418708443641663
0.8418708443641663
0.8307349681854248
0.832962155342102
0.8418708443641663
0.8507795333862305
0.8440979719161987
0.8485523462295532
0.8440979719161987
0.8418708443641663
0.8440979719161987
0.839643657207489
0.839643657207489
0.839643657207489
0.8418708443641663
0.8440979719161987
0.8418708443641663
0.8440979719161987
0.781737208366394
0.7750557065010071
0.8351892828941345
0.8374164700508118
0.8440979719161987
0.8285077810287476
0.7973273992538452
0.8351892828941345
0.8374164700508118
0.8374164700508118
0.8507795333862305
0.846325159072876
0.839643657207489
0.8418708443641663
0.8485523462295532
0.839643657207489
0.839643657207489
0.846325159072876
0.8418708443641663
0.839643657207489
0.8485523462295532
0.8440979719161987
0.846325159072876
0.839643657207489
0.8418708443641663
0.8418708443641663
0.8440979719161987
0.846325159072876
0.8440979719161987
0.846325159072876
0.8374164700508118
0.8418708443641663
0.8418708443641663
0.8485523462295532
0.8440979719161987
0.8440979719161987
0.839643657207489
0.839643657207489
0.846325159072876
0.839643657207489
0.8440979719161987
0.8440979719161987
0.846325159072876
0.8485523462295532
0.8440979719161987
0.8485523462295532
0.839643657207489
0.8440979719161987
0.8173719644546509
0.7416480779647827
0.8440979719161987
0.8218262791633606
0.8374164700508118
0.8151447772979736
0.8262805938720703
0.839643657207489
0.8485523462295532
0.839643657207489
0.839643657207489
0.8440979719161987
0.832962155342102
0.8307349681854248
0.8374164700508118
0.8485523462295532
0.8440979719161987
0.8440979719161987
0.8173719644546509
0.832962155342102
0.8062360882759094
0.832962155342102
0.8374164700508118
0.846325159072876
0.8418708443641663
0.8374164700508118
0.8485523462295532
0.8440979719161987
0.8440979719161987
0.8374164700508118
0.8351892828941345
0.8218262791633606
0.8507795333862305
0.8530066609382629
0.8040089011192322
0.8151447772979736
0.8440979719161987
0.839643657207489
0.8485523462295532
0.8440979719161987
0.8418708443641663
0.8307349681854248
0.839643657207489
0.8418708443641663
0.839643657207489
0.846325159072876
0.839643657207489
0.839643657207489
0.8418708443641663
0.8418708443641663
0.846325159072876
0.8418708443641663
0.8418708443641663
0.8374164700508118
0.839643657207489
0.8418708443641663
0.8285077810287476
0.8507795333862305
0.8129175901412964
0.8351892828941345
0.8374164700508118
0.839643657207489
0.8195990920066833
0.839643657207489
0.8530066609382629
0.8374164700508118
0.8440979719161987
0.8440979719161987
0.8552338480949402
0.8440979719161987
0.839643657207489
0.8440979719161987
0.8418708443641663
0.8440979719161987
0.8418708443641663
0.839643657207489
0.839643657207489
0.8440979719161987
0.839643657207489
0.8195990920066833
0.8307349681854248
0.7616926431655884
0.781737208366394
0.8374164700508118
0.846325159072876
0.8440979719161987
0.8507795333862305
0.8440979719161987
0.8307349681854248
0.8285077810287476
0.8530066609382629
0.7683741450309753
0.8017817139625549
0.7683741450309753
0.8374164700508118
0.7906458973884583
0.8262805938720703
0.839643657207489
0.846325159072876
0.846325159072876
0.8440979719161987
0.8418708443641663
0.8440979719161987
0.846325159072876
0.8440979719161987
0.8418708443641663
0.8440979719161987
0.8485523462295532
0.8440979719161987
0.846325159072876
0.8418708443641663
0.846325159072876
0.8440979719161987
0.8485523462295532
0.8440979719161987
0.8307349681854248
0.8129175901412964
0.8530066609382629
0.8440979719161987
0.8351892828941345
0.846325159072876
0.8440979719161987
0.8307349681854248
0.8440979719161987
0.8485523462295532
0.8418708443641663
0.8485523462295532
0.8440979719161987
0.8485523462295532
0.8418708443641663
0.846325159072876
0.846325159072876
0.8507795333862305
0.8530066609382629
0.8485523462295532
0.839643657207489
0.8307349681854248
0.846325159072876
0.846325159072876
0.8418708443641663
0.846325159072876
0.8418708443641663
0.832962155342102
0.8485523462295532
0.8530066609382629
0.8440979719161987
0.8062360882759094
0.7995545864105225
0.8374164700508118
0.8285077810287476
0.839643657207489
0.846325159072876
0.8440979719161987
0.8173719644546509
0.8173719644546509
0.7505567669868469
0.8240534663200378
0.8240534663200378
0.8440979719161987
0.846325159072876
0.8485523462295532
0.8351892828941345
0.8351892828941345
0.8351892828941345
0.846325159072876
0.8440979719161987
0.8507795333862305
0.846325159072876
0.8440979719161987
0.8485523462295532
0.8530066609382629
0.8485523462295532
0.8507795333862305
0.8418708443641663
0.8507795333862305
0.846325159072876
0.8418708443641663
0.8507795333862305
0.8374164700508118
0.8552338480949402
0.8440979719161987
0.8418708443641663
0.8485523462295532
0.8507795333862305
0.8440979719161987
0.8507795333862305
0.8507795333862305
0.846325159072876
0.846325159072876
0.8485523462295532
0.8374164700508118
0.8351892828941345
0.8507795333862305
0.846325159072876
0.8440979719161987
0.8440979719161987
0.846325159072876
0.8485523462295532
0.8507795333862305
0.8507795333862305
0.8440979719161987
0.8440979719161987
0.8440979719161987
0.8440979719161987
0.8440979719161987
0.846325159072876
0.8507795333862305
0.846325159072876
0.8485523462295532
0.8485523462295532
0.8440979719161987
0.8440979719161987
0.846325159072876
0.8262805938720703
0.8106904029846191
0.8485523462295532
0.8351892828941345
0.8307349681854248
0.8440979719161987
0.8507795333862305
0.8440979719161987
0.8552338480949402
0.846325159072876
0.8418708443641663
0.8507795333862305
0.8507795333862305
0.846325159072876
0.846325159072876
0.8440979719161987
0.8440979719161987
0.8485523462295532
0.8485523462295532
0.8440979719161987
0.839643657207489
0.839643657207489
0.839643657207489
0.8440979719161987
0.8285077810287476
0.8262805938720703
0.8418708443641663
0.846325159072876
0.8307349681854248
0.8485523462295532
0.8485523462295532
0.839643657207489
0.8307349681854248
0.8129175901412964
0.8507795333862305
0.846325159072876
0.846325159072876
0.8440979719161987
0.8485523462295532
0.8485523462295532
0.8440979719161987
0.8374164700508118
0.839643657207489
0.839643657207489
0.846325159072876
0.8530066609382629
0.8507795333862305
0.846325159072876
0.8374164700508118
0.8507795333862305
0.8530066609382629
0.8507795333862305
0.8418708443641663
0.8485523462295532
0.8440979719161987
0.846325159072876
0.8507795333862305
0.8552338480949402
0.846325159072876
0.8440979719161987
0.846325159072876
0.839643657207489
0.8418708443641663
0.8440979719161987
0.8374164700508118
0.8507795333862305
0.8507795333862305
0.846325159072876
0.8440979719161987
0.846325159072876
0.8507795333862305
0.8485523462295532
0.8374164700508118
0.8552338480949402
0.8485523462295532
0.8374164700508118
0.8507795333862305
0.8485523462295532
0.8530066609382629
0.846325159072876
0.839643657207489
0.8440979719161987
0.8485523462295532
0.8507795333862305
0.8507795333862305
0.8485523462295532
0.8530066609382629
0.8485523462295532
0.8418708443641663
0.8418708443641663
0.8440979719161987
0.846325159072876
0.8485523462295532
0.8552338480949402
0.8485523462295532
0.8485523462295532
0.8351892828941345
0.8218262791633606
0.8530066609382629
0.8418708443641663
0.8485523462295532
0.8485523462295532
0.8440979719161987
0.8485523462295532
0.8485523462295532
0.8440979719161987
0.8507795333862305
0.846325159072876
0.8530066609382629
0.8485523462295532
0.839643657207489
0.8440979719161987
0.839643657207489
0.8530066609382629
0.839643657207489
0.8507795333862305
0.8485523462295532
0.8485523462295532
0.8485523462295532
0.8307349681854248
0.832962155342102
0.846325159072876
0.8485523462295532
0.8485523462295532
0.8440979719161987
0.8440979719161987
0.846325159072876
0.846325159072876
0.8530066609382629
0.8418708443641663
0.839643657207489
0.846325159072876
0.8530066609382629
0.8418708443641663
0.8485523462295532
0.8507795333862305
0.8507795333862305
0.846325159072876
0.8440979719161987
0.8440979719161987
0.8440979719161987
0.8507795333862305
0.8485523462295532
0.8485523462295532
0.8530066609382629
0.8374164700508118
0.8374164700508118
0.846325159072876
0.8440979719161987
0.832962155342102
0.8418708443641663
0.8485523462295532
0.8440979719161987
0.8485523462295532
0.846325159072876
0.846325159072876
0.8530066609382629
0.8485523462295532
0.839643657207489
0.8440979719161987
0.8440979719161987
0.8440979719161987
0.846325159072876
0.8440979719161987
0.846325159072876
0.8507795333862305
0.846325159072876
0.8440979719161987
0.8440979719161987
0.8440979719161987
0.839643657207489
0.8195990920066833
0.8530066609382629
0.8440979719161987
0.8440979719161987
0.8507795333862305
0.8440979719161987
0.8507795333862305
0.8507795333862305
0.8374164700508118
0.8418708443641663
0.846325159072876
0.8507795333862305
0.8485523462295532
0.8485523462295532
0.8485523462295532
0.8485523462295532
0.8552338480949402
0.8440979719161987
0.846325159072876
0.846325159072876
0.8507795333862305
0.846325159072876
0.8418708443641663
0.8440979719161987
0.8485523462295532
0.846325159072876
0.8507795333862305
0.846325159072876
0.8485523462295532
0.846325159072876
0.8440979719161987
0.846325159072876
0.8440979719161987
0.8552338480949402
0.8440979719161987
0.8218262791633606
0.8418708443641663
0.8507795333862305
0.8507795333862305
0.839643657207489
0.832962155342102
0.8485523462295532
0.8440979719161987
0.8530066609382629
0.8530066609382629
0.8507795333862305
0.8440979719161987
0.8507795333862305
0.846325159072876
0.8418708443641663
0.8307349681854248
0.7973273992538452
0.8574610352516174
0.8418708443641663
0.8374164700508118
0.8418708443641663
0.8440979719161987
0.8440979719161987
0.8485523462295532
0.8507795333862305
0.8507795333862305
0.846325159072876
0.8418708443641663
0.832962155342102
0.8530066609382629
0.8485523462295532
0.8351892828941345
0.8285077810287476
0.8374164700508118
0.839643657207489
0.8485523462295532
0.8485523462295532
0.8440979719161987
0.846325159072876
0.8440979719161987
0.8507795333862305
0.8507795333862305
0.8418708443641663
0.8418708443641663
0.8507795333862305
0.846325159072876
0.8485523462295532
0.8485523462295532
0.8507795333862305
0.8507795333862305
0.8507795333862305
0.8485523462295532
0.8485523462295532
0.8106904029846191
0.839643657207489
0.8507795333862305
0.8351892828941345
0.8418708443641663
0.8530066609382629
0.8530066609382629
0.8440979719161987
0.8374164700508118
0.8440979719161987
0.8485523462295532
0.8485523462295532
0.846325159072876
0.8440979719161987
0.8507795333862305
0.846325159072876
0.8374164700508118
0.8485523462295532
0.8507795333862305
0.8440979719161987
0.8440979719161987
0.8440979719161987
0.8418708443641663
0.8351892828941345
0.839643657207489
0.8485523462295532
0.846325159072876
0.8440979719161987
0.8574610352516174
0.8530066609382629
0.832962155342102
0.8285077810287476
0.8530066609382629
0.8552338480949402
0.8418708443641663
0.8374164700508118
0.8418708443641663
0.8440979719161987
0.8440979719161987
0.846325159072876
0.8485523462295532
0.8507795333862305
0.8485523462295532
0.8485523462295532
0.8485523462295532
0.846325159072876
0.832962155342102
0.8485523462295532
0.8485523462295532
0.8507795333862305
0.846325159072876
0.8507795333862305
0.8485523462295532
0.8485523462295532
0.846325159072876
0.846325159072876
0.8440979719161987
0.8374164700508118
0.8351892828941345
0.846325159072876
0.8507795333862305
0.8440979719161987
0.832962155342102
0.846325159072876
0.846325159072876
0.8485523462295532
0.8485523462295532
0.8485523462295532
0.846325159072876
0.8485523462295532
0.8507795333862305
0.8485523462295532
0.8440979719161987
0.8440979719161987
0.8440979719161987
0.8440979719161987
0.846325159072876
0.8507795333862305
0.8507795333862305
0.8485523462295532
0.8507795333862305
0.8507795333862305
0.8485523462295532
0.846325159072876
0.846325159072876
0.8485523462295532
0.8485523462295532
0.846325159072876
0.8418708443641663
0.8418708443641663
0.8507795333862305
0.8418708443641663
0.8507795333862305
0.846325159072876
0.8440979719161987
0.8418708443641663
0.8440979719161987
0.8507795333862305
0.8440979719161987
0.846325159072876
0.839643657207489
0.8418708443641663
0.8440979719161987
0.8440979719161987
0.8507795333862305
0.8507795333862305
0.846325159072876
0.846325159072876
0.8485523462295532
0.8485523462295532
0.8418708443641663
0.846325159072876
0.8485523462295532
0.8507795333862305
0.846325159072876
0.8440979719161987
0.8485523462295532
0.846325159072876
0.846325159072876
0.8440979719161987
0.8507795333862305
0.846325159072876
0.8485523462295532
0.8507795333862305
0.8507795333862305
0.8507795333862305
0.8530066609382629
0.839643657207489
0.846325159072876
0.8507795333862305
0.8418708443641663
0.8485523462295532
0.8485523462295532
0.8530066609382629
0.8507795333862305
0.8374164700508118
0.8307349681854248
0.8485523462295532
0.8530066609382629
0.846325159072876
0.8507795333862305
0.8507795333862305
0.8485523462295532
0.846325159072876
0.846325159072876
0.8485523462295532
0.846325159072876
0.8530066609382629
0.846325159072876
0.846325159072876
0.846325159072876
0.846325159072876
0.846325159072876
0.8485523462295532
0.8485523462295532
0.846325159072876
0.8507795333862305
0.8485523462295532
0.8530066609382629
0.8530066609382629
0.8530066609382629
0.8440979719161987
0.8351892828941345
0.8507795333862305
0.8507795333862305
0.846325159072876
0.839643657207489
0.8418708443641663
0.839643657207489
0.8440979719161987
0.8485523462295532
0.8485523462295532
0.8418708443641663
0.8351892828941345
0.8418708443641663
0.846325159072876
0.8440979719161987
0.8507795333862305
0.8507795333862305
0.8507795333862305
0.8507795333862305
0.8507795333862305
0.846325159072876
0.8485523462295532
0.8507795333862305
0.8485523462295532
0.8485523462295532
0.8485523462295532
0.846325159072876
0.8507795333862305
0.846325159072876
0.8530066609382629
0.8507795333862305
0.8485523462295532
0.8440979719161987
0.8440979719161987
0.846325159072876
0.8440979719161987
0.8440979719161987
0.8418708443641663
0.839643657207489
0.839643657207489
0.8440979719161987
0.8507795333862305
0.846325159072876
0.8552338480949402
0.8530066609382629
0.8530066609382629
0.8440979719161987
0.8351892828941345
0.8440979719161987
0.8440979719161987
0.8507795333862305
0.8485523462295532
0.8485523462295532
0.8507795333862305
0.8485523462295532
0.846325159072876
0.846325159072876
0.846325159072876
0.846325159072876
0.8507795333862305
0.8485523462295532
0.8507795333862305
0.8507795333862305
0.8507795333862305
0.8485523462295532
0.8485523462295532
0.846325159072876
0.8485523462295532
0.846325159072876
0.8440979719161987
0.8440979719161987
0.839643657207489
0.8374164700508118
0.8418708443641663
0.8507795333862305
0.8507795333862305
0.8507795333862305
0.8418708443641663
0.8418708443641663
0.8418708443641663
0.8440979719161987
0.8485523462295532
0.8485523462295532
0.8507795333862305
0.8530066609382629
0.8507795333862305
0.8440979719161987
0.8440979719161987
0.8418708443641663
0.846325159072876
0.846325159072876
0.8485523462295532
0.8507795333862305
0.8507795333862305
0.8485523462295532
0.8485523462295532
0.846325159072876
0.846325159072876
0.8507795333862305
0.846325159072876
0.846325159072876
0.846325159072876
0.8507795333862305
0.8485523462295532
0.8418708443641663
0.8485523462295532
0.8485523462295532
0.846325159072876
0.8485523462295532
0.8440979719161987
0.8485523462295532
0.8507795333862305
0.8485523462295532
0.8552338480949402
0.8507795333862305
0.8507795333862305
0.8485523462295532
0.8418708443641663
0.839643657207489
0.8418708443641663
0.846325159072876
0.8485523462295532
0.8507795333862305
0.8507795333862305
0.846325159072876
0.8485523462295532
0.846325159072876
0.846325159072876
0.8485523462295532
0.8440979719161987
0.8351892828941345
0.846325159072876
0.8507795333862305
0.8485523462295532
0.846325159072876
0.846325159072876
0.8440979719161987
0.846325159072876
0.8507795333862305
0.8440979719161987
0.8418708443641663
0.8485523462295532
0.846325159072876
0.8485523462295532
0.839643657207489
0.8440979719161987
0.846325159072876
0.8530066609382629
0.8530066609382629
0.8440979719161987
0.8440979719161987
0.8507795333862305
0.846325159072876
0.8530066609382629
0.8530066609382629
0.8530066609382629
0.8440979719161987
0.8507795333862305
0.846325159072876
0.8552338480949402
0.8530066609382629
0.8530066609382629
0.8485523462295532
0.846325159072876
0.8507795333862305
0.846325159072876
0.846325159072876
0.8485523462295532
0.8507795333862305
0.846325159072876
0.8418708443641663
0.8530066609382629
0.8440979719161987
0.8507795333862305
0.8440979719161987
0.8440979719161987
0.8485523462295532
0.8485523462295532
0.8485523462295532
0.8507795333862305
0.846325159072876
0.846325159072876
0.846325159072876
0.8485523462295532
0.8485523462295532
0.8507795333862305
0.8507795333862305
0.846325159072876
0.846325159072876
0.839643657207489
0.8418708443641663
0.8440979719161987
0.8485523462295532
0.846325159072876
0.8530066609382629
0.8507795333862305
0.8507795333862305
0.8485523462295532
0.8485523462295532
0.8507795333862305
0.8507795333862305
0.8485523462295532
0.8440979719161987
0.8485523462295532
0.8485523462295532
0.8485523462295532
0.8485523462295532
0.8485523462295532
0.8485523462295532
0.8530066609382629
0.8485523462295532
0.8530066609382629
0.846325159072876
0.846325159072876
0.846325159072876
0.8507795333862305
0.8507795333862305
0.8485523462295532
0.8507795333862305
0.846325159072876
0.846325159072876
0.846325159072876
0.8485523462295532
0.846325159072876
0.8507795333862305
0.8507795333862305
0.8485523462295532
0.8507795333862305
0.8507795333862305
0.846325159072876
0.846325159072876
0.8485523462295532
0.8507795333862305
0.8507795333862305
0.8507795333862305
0.8485523462295532
0.846325159072876
0.846325159072876
0.846325159072876
0.846325159072876
0.8485523462295532
0.846325159072876
0.8485523462295532
0.8485523462295532
0.8485523462295532
0.8530066609382629
0.8507795333862305
0.846325159072876
0.8552338480949402
0.8507795333862305
0.8507795333862305
0.8552338480949402
0.8485523462295532
0.846325159072876
0.846325159072876
0.8507795333862305
0.8485523462295532
0.8507795333862305
0.8507795333862305
0.8485523462295532
0.846325159072876
0.8485523462295532
0.846325159072876
0.8485523462295532
0.846325159072876
0.8485523462295532
0.8507795333862305
0.8485523462295532
0.846325159072876
0.8507795333862305
0.8485523462295532
0.8485523462295532
0.8507795333862305
0.8507795333862305
0.8485523462295532
0.846325159072876
0.846325159072876
0.846325159072876
0.8485523462295532
0.8485523462295532
0.8507795333862305
0.8507795333862305
0.8485523462295532
0.8485523462295532
0.846325159072876
0.846325159072876
0.8485523462295532
0.8485523462295532
0.8485523462295532
0.8485523462295532
0.8530066609382629
0.8507795333862305
0.8507795333862305
0.846325159072876
0.846325159072876
0.8507795333862305
0.8485523462295532
0.8485523462295532
0.8485523462295532
0.8485523462295532
0.8485523462295532
0.8485523462295532
0.8485523462295532
0.8485523462295532
0.8485523462295532
0.8485523462295532
0.8530066609382629
0.8530066609382629
0.8530066609382629
0.8507795333862305
0.8485523462295532
0.8507795333862305
0.8530066609382629
0.8485523462295532
0.8440979719161987
0.846325159072876
0.8440979719161987
0.8485523462295532
0.8485523462295532
0.8485523462295532
0.846325159072876
0.8485523462295532
0.8485523462295532
0.846325159072876
0.8485523462295532
0.8485523462295532
0.8507795333862305
0.8507795333862305
0.8485523462295532
0.8530066609382629
0.8507795333862305
0.8530066609382629
0.839643657207489
0.8440979719161987
0.8507795333862305
0.8552338480949402
0.8507795333862305
0.8507795333862305
0.846325159072876
0.8530066609382629
0.8485523462295532
0.8485523462295532
0.8485523462295532
0.8485523462295532
0.846325159072876
0.8485523462295532
0.8485523462295532
0.846325159072876
0.8485523462295532
0.8485523462295532
0.8485523462295532
0.8485523462295532
0.8530066609382629
0.8507795333862305
0.8485523462295532
0.8485523462295532
0.8507795333862305
0.8485523462295532
0.8485523462295532
0.846325159072876
0.8440979719161987
0.8440979719161987
0.8440979719161987
0.846325159072876
0.8485523462295532
0.8485523462295532
0.8507795333862305
0.8530066609382629
0.8530066609382629
0.8530066609382629
0.8485523462295532
0.8485523462295532
0.8485523462295532
0.8485523462295532
0.8485523462295532
0.8530066609382629
0.8507795333862305
0.8507795333862305
0.8530066609382629
0.8507795333862305
0.8507795333862305
0.8507795333862305
0.8507795333862305
0.8507795333862305
0.8485523462295532
0.8485523462295532
0.8485523462295532
0.8485523462295532
0.8440979719161987
0.846325159072876
0.846325159072876
0.846325159072876
0.8440979719161987
0.846325159072876
0.8530066609382629
0.8530066609382629
0.846325159072876
0.8485523462295532
0.8507795333862305
0.8530066609382629
0.8530066609382629
0.8530066609382629
0.8507795333862305
0.8440979719161987
0.846325159072876
0.8440979719161987
0.846325159072876
0.8507795333862305
0.8552338480949402
0.8530066609382629
0.8507795333862305
0.8485523462295532
0.8507795333862305
0.8485523462295532
0.8485523462295532
0.8485523462295532
0.8485523462295532
0.8485523462295532
0.8485523462295532
0.8485523462295532
0.8485523462295532
0.8507795333862305
0.8507795333862305
0.8507795333862305
0.8485523462295532
0.8485523462295532
0.8485523462295532
0.8485523462295532
0.8485523462295532
0.8530066609382629
0.8530066609382629
0.8530066609382629
0.8507795333862305
0.8507795333862305
0.8485523462295532
0.8530066609382629
0.8530066609382629
0.8507795333862305
0.8485523462295532
0.8507795333862305
0.8507795333862305
0.8530066609382629
0.846325159072876
0.8485523462295532
0.8485523462295532
0.8485523462295532
0.8485523462295532
0.8507795333862305
0.8507795333862305
0.8485523462295532
0.8507795333862305
0.8530066609382629
0.8552338480949402
0.846325159072876
0.8507795333862305
0.8530066609382629
0.8507795333862305
0.8530066609382629
0.8530066609382629
0.8507795333862305
0.8530066609382629
0.8507795333862305
0.8485523462295532
0.8485523462295532
0.8485523462295532
0.8485523462295532
0.8485523462295532
0.8485523462295532
0.8485523462295532
0.8485523462295532
0.8485523462295532
0.8530066609382629
0.8507795333862305
0.8507795333862305
0.8485523462295532
0.8507795333862305
0.8530066609382629
0.8485523462295532
0.8507795333862305
0.8485523462295532
0.8530066609382629
0.8507795333862305
0.8507795333862305
0.8507795333862305
0.8507795333862305
0.8507795333862305
0.8485523462295532
0.8485523462295532
0.8485523462295532
0.8485523462295532
0.8507795333862305
0.8485523462295532
0.8485523462295532
0.8485523462295532
0.846325159072876
0.846325159072876
0.8507795333862305
0.8530066609382629
0.8507795333862305
0.8485523462295532
0.8485523462295532
0.8507795333862305
0.8485523462295532
0.8530066609382629
0.846325159072876
0.8485523462295532
0.846325159072876
0.8485523462295532
0.8485523462295532
0.8485523462295532
0.8507795333862305
0.8530066609382629
0.846325159072876
0.8440979719161987
0.8485523462295532
0.846325159072876
0.846325159072876
0.846325159072876
0.8440979719161987
0.846325159072876
0.846325159072876
0.846325159072876
0.8485523462295532
0.846325159072876
0.8485523462295532
0.8485523462295532
0.8485523462295532
0.8507795333862305
0.8507795333862305
0.8507795333862305
0.8507795333862305
0.8507795333862305
0.8507795333862305
0.8530066609382629
0.8507795333862305
0.8485523462295532
0.8485523462295532
0.8485523462295532
0.846325159072876
0.8485523462295532
0.846325159072876
0.8440979719161987
0.846325159072876
0.8485523462295532
0.8485523462295532
0.8507795333862305
0.8507795333862305
0.8485523462295532
0.846325159072876
0.8440979719161987
0.846325159072876
0.846325159072876
0.8440979719161987
0.846325159072876
0.846325159072876
0.8507795333862305
0.8530066609382629
0.8530066609382629
0.8507795333862305
0.8485523462295532
0.8485523462295532
0.8485523462295532
0.8485523462295532
0.8507795333862305
0.8507795333862305
0.8507795333862305
0.8507795333862305
0.8507795333862305
0.846325159072876
0.8485523462295532
0.8485523462295532
0.8507795333862305
0.846325159072876
0.8485523462295532
0.8440979719161987
0.8507795333862305
0.8530066609382629
0.8507795333862305
0.8485523462295532
0.8485523462295532
0.8485523462295532
0.8485523462295532
0.8485523462295532
0.8485523462295532
0.8485523462295532
0.8485523462295532
0.8485523462295532
0.846325159072876
0.8485523462295532
0.846325159072876
0.846325159072876
0.846325159072876
0.846325159072876
0.846325159072876
0.846325159072876
0.8485523462295532
0.8485523462295532
0.8485523462295532
0.8485523462295532
0.8485523462295532
0.8552338480949402
0.8485523462295532
0.8485523462295532
0.8485523462295532
0.8485523462295532
0.8485523462295532
0.8485523462295532
0.8485523462295532
0.8485523462295532
0.8485523462295532
0.8485523462295532
0.8507795333862305
0.8507795333862305
0.8507795333862305
0.8507795333862305
0.8507795333862305
0.8507795333862305
0.8507795333862305
0.8507795333862305
0.8485523462295532
0.8485523462295532
0.846325159072876
0.8485523462295532
0.8485523462295532
0.8485523462295532
0.8485523462295532
0.8485523462295532
0.8485523462295532
0.8485523462295532
0.8507795333862305
0.8485523462295532
0.8485523462295532
0.8507795333862305
0.8507795333862305
0.8507795333862305
0.8485523462295532
0.8485523462295532
0.8485523462295532
0.846325159072876
0.8440979719161987
0.846325159072876
0.8440979719161987
0.846325159072876
0.846325159072876
0.8440979719161987
0.846325159072876
0.846325159072876
0.846325159072876
0.8485523462295532
0.8485523462295532
0.8485523462295532
0.8485523462295532
0.8485523462295532
0.8485523462295532
0.8485523462295532
0.8485523462295532
0.8485523462295532
0.8485523462295532
0.8485523462295532
0.8485523462295532
0.8485523462295532
0.8485523462295532
0.8485523462295532
0.8485523462295532
0.8485523462295532
0.8485523462295532
0.8485523462295532
0.8485523462295532
0.8485523462295532
0.8485523462295532
0.8485523462295532
0.8485523462295532
0.8485523462295532
0.8485523462295532
0.8485523462295532
0.8507795333862305
0.8530066609382629
0.8507795333862305
0.8507795333862305
0.8507795333862305
0.8507795333862305
0.8507795333862305
0.8507795333862305
0.8530066609382629
0.8530066609382629
0.8507795333862305
0.8507795333862305
0.8485523462295532
0.8485523462295532
0.8485523462295532
0.8507795333862305
0.8507795333862305
0.8507795333862305
0.8507795333862305
0.8507795333862305
0.8530066609382629
0.8507795333862305
0.8485523462295532
0.8485523462295532
0.8485523462295532
0.8485523462295532
0.8485523462295532
0.8485523462295532
0.8485523462295532
0.8485523462295532
0.8485523462295532
0.8485523462295532
0.8507795333862305
0.8507795333862305
0.8507795333862305
0.8507795333862305
0.8507795333862305
0.8507795333862305
0.8507795333862305
0.8507795333862305
0.8507795333862305
0.8507795333862305
0.8507795333862305
0.8507795333862305
0.8507795333862305
0.8507795333862305
0.8507795333862305
0.8485523462295532
0.8485523462295532
0.8485523462295532
0.8485523462295532
0.8485523462295532
0.8485523462295532
0.8485523462295532
0.8485523462295532
0.8485523462295532
0.8485523462295532
0.8485523462295532
0.8485523462295532
0.8485523462295532
0.8485523462295532
0.8485523462295532
0.8485523462295532
0.8485523462295532
0.8485523462295532
0.8485523462295532
0.8485523462295532
0.8485523462295532
0.8485523462295532
0.8485523462295532
0.8485523462295532
0.8485523462295532
0.8485523462295532
0.8485523462295532
0.8485523462295532
0.8485523462295532
0.8485523462295532
0.8485523462295532
0.8485523462295532
0.8485523462295532
0.8485523462295532
0.8485523462295532
0.8485523462295532
0.8485523462295532
0.8485523462295532
0.8485523462295532
0.8485523462295532
0.8485523462295532
0.8485523462295532
0.8485523462295532
0.8485523462295532
0.8485523462295532
0.8485523462295532
0.8485523462295532
0.8485523462295532
0.8485523462295532
0.8485523462295532
0.8485523462295532
0.8485523462295532
0.8485523462295532
0.8485523462295532
0.846325159072876
0.8485523462295532
0.8485523462295532
0.8485523462295532
0.8485523462295532
0.8485523462295532
0.8485523462295532
0.8485523462295532
0.8485523462295532
0.8485523462295532
0.8485523462295532
0.8485523462295532
0.8485523462295532
0.8485523462295532
0.8485523462295532
0.8485523462295532
0.8485523462295532
0.8485523462295532
0.8485523462295532
0.8485523462295532
0.8485523462295532
0.8485523462295532
0.8485523462295532
0.8485523462295532
0.8485523462295532
0.8485523462295532
0.8485523462295532
0.8485523462295532
0.8485523462295532
0.8507795333862305
0.8507795333862305
0.8507795333862305
0.8507795333862305
0.8507795333862305
0.8507795333862305
0.8507795333862305
0.8507795333862305
0.8507795333862305
0.8507795333862305
0.8530066609382629
0.8507795333862305
0.8507795333862305
0.8507795333862305
0.8507795333862305
0.8507795333862305
0.8507795333862305
0.8507795333862305
0.8507795333862305
0.8507795333862305
0.8485523462295532
0.8485523462295532
0.8485523462295532
0.8485523462295532
0.8485523462295532
0.8485523462295532
0.8485523462295532
0.8485523462295532
0.8485523462295532
0.8485523462295532
0.8485523462295532
0.8485523462295532
0.8485523462295532
0.8485523462295532
0.8485523462295532
0.8485523462295532
0.8485523462295532
0.8485523462295532
0.8485523462295532
0.8485523462295532
0.8485523462295532
0.8485523462295532
0.8485523462295532
0.8485523462295532
0.8485523462295532
0.8485523462295532
0.8485523462295532
0.8485523462295532
0.8485523462295532
0.8485523462295532
0.8485523462295532
0.8485523462295532
0.8485523462295532
0.8485523462295532
0.8485523462295532
0.8485523462295532
0.8485523462295532
0.8485523462295532
0.8485523462295532
0.8485523462295532
0.8485523462295532
0.8485523462295532
0.8485523462295532
0.8485523462295532
0.8485523462295532
0.8485523462295532
0.8485523462295532
0.8485523462295532
0.8485523462295532
0.8485523462295532
0.8507795333862305
0.8507795333862305
0.8507795333862305
0.8507795333862305
0.8485523462295532
0.8485523462295532
0.8485523462295532
0.8507795333862305
0.8507795333862305
0.8507795333862305
0.8507795333862305
0.8507795333862305
0.8507795333862305
0.8507795333862305
0.8507795333862305
0.8507795333862305
0.8507795333862305
0.8530066609382629
0.8530066609382629
0.8507795333862305
0.8507795333862305
0.8507795333862305
0.8507795333862305
0.8530066609382629
0.8530066609382629
0.8530066609382629
0.8507795333862305
0.8507795333862305
0.8507795333862305
0.8507795333862305
0.8507795333862305
0.8507795333862305
0.8507795333862305
0.8507795333862305
0.8507795333862305
0.8507795333862305
0.8507795333862305
0.8507795333862305
0.8507795333862305
0.8507795333862305
0.8485523462295532
0.8485523462295532
0.8485523462295532
0.8485523462295532
0.8507795333862305
0.8507795333862305
0.8507795333862305
0.8507795333862305
0.8485523462295532
0.8485523462295532
0.8485523462295532
0.8485523462295532
0.8485523462295532
0.8507795333862305
0.8507795333862305
0.8507795333862305
0.8507795333862305
0.8507795333862305
0.8507795333862305
0.8507795333862305
0.8507795333862305
0.8507795333862305
0.8507795333862305
0.8507795333862305
0.8507795333862305
0.8507795333862305
0.8507795333862305
0.8507795333862305
0.8507795333862305
0.8507795333862305
0.8507795333862305
0.8507795333862305
0.8507795333862305
0.8507795333862305
0.8507795333862305
0.8507795333862305
0.8507795333862305
0.8507795333862305
0.8507795333862305
0.8507795333862305
0.8507795333862305
0.8507795333862305
0.8507795333862305
0.8507795333862305
0.8507795333862305
0.8507795333862305
0.8507795333862305
0.8507795333862305
0.8507795333862305
0.8507795333862305
0.8507795333862305
0.8507795333862305
0.8507795333862305
0.8507795333862305
0.8507795333862305
0.8507795333862305
0.8507795333862305
0.8507795333862305
0.8507795333862305
0.8507795333862305
0.8507795333862305
0.8507795333862305
0.8507795333862305
0.8507795333862305
0.8507795333862305
0.8507795333862305
0.8485523462295532
0.8485523462295532
0.8485523462295532
0.8485523462295532
0.8485523462295532
0.8485523462295532
0.8485523462295532
0.8485523462295532
0.8485523462295532
0.8485523462295532
0.8485523462295532
0.8485523462295532
0.8485523462295532
0.8485523462295532
0.8485523462295532
0.8507795333862305
0.8507795333862305
0.8507795333862305
0.8507795333862305
0.8507795333862305
0.8507795333862305
0.8485523462295532
0.8485523462295532
0.8485523462295532
0.8485523462295532
0.8485523462295532
0.8485523462295532
0.8485523462295532
0.8485523462295532
0.8485523462295532
0.8485523462295532
0.8485523462295532
0.8485523462295532
0.8485523462295532
0.8485523462295532
0.8485523462295532
0.8485523462295532
0.8485523462295532
0.8485523462295532
0.8485523462295532
0.8485523462295532
0.8485523462295532
0.8485523462295532
0.8485523462295532
0.8485523462295532
0.8485523462295532
0.8485523462295532
0.8485523462295532
0.8485523462295532
0.8485523462295532
0.8485523462295532
0.8485523462295532
0.8485523462295532
0.8485523462295532
0.8485523462295532
0.8485523462295532
0.8485523462295532
0.8485523462295532
