15.9205322265625
7.155938148498535
5.0791730880737305
8.07103443145752
6.783321857452393
17.626075744628906
8.749556541442871
6.199584007263184
3.3481192588806152
1.2818902730941772
1.4931097030639648
0.7030510902404785
0.7151937484741211
1.8961844444274902
1.3382513523101807
1.6318081617355347
1.0334750413894653
1.8877968788146973
0.9757865071296692
0.5265864729881287
0.5407366156578064
0.6982183456420898
0.5285745859146118
0.6804919838905334
1.9181723594665527
1.7443691492080688
0.7108063101768494
0.5485783219337463
0.5121541023254395
3.643475294113159
2.217848300933838
1.2238949537277222
9.0416841506958
7.351983547210693
3.587887763977051
2.4696948528289795
1.0556026697158813
0.7992945909500122
0.5865347981452942
0.45944342017173767
0.7995516657829285
0.6680207252502441
0.4493865668773651
0.9483490586280823
5.622712135314941
3.1413891315460205
4.09232234954834
4.513542175292969
0.7786352634429932
0.5431070327758789
3.270847797393799
1.35090970993042
1.5776015520095825
5.018628120422363
2.6276772022247314
3.2019259929656982
2.550266981124878
2.244978666305542
3.5633552074432373
5.0290207862854
2.756819248199463
4.164754390716553
4.460512638092041
2.261965036392212
1.9537148475646973
2.3012170791625977
1.564308762550354
1.0832611322402954
0.9664853811264038
0.5179601311683655
0.5452480316162109
0.5507267713546753
1.7836562395095825
2.480912446975708
1.0440762042999268
1.0361337661743164
0.9021593332290649
3.729886054992676
0.8875078558921814
1.170370101928711
1.281457781791687
1.0504755973815918
0.7571303248405457
0.555656373500824
0.6714653372764587
0.818618655204773
0.8056151270866394
1.6826703548431396
1.2261451482772827
1.2847871780395508
0.7707391381263733
0.8061264753341675
0.5392611622810364
9.416064262390137
5.274808406829834
4.189363956451416
3.4634640216827393
2.217967987060547
0.928207278251648
1.4921265840530396
1.2158790826797485
0.654524564743042
0.935479998588562
1.275252103805542
1.0373263359069824
0.9464792609214783
1.2093398571014404
0.7848029732704163
0.5792750120162964
0.5425235033035278
0.5283150672912598
0.5687832832336426
0.6249686479568481
0.5709459781646729
3.1878650188446045
0.9865308403968811
0.6417738199234009
1.240387201309204
1.1373106241226196
0.7695205211639404
0.4976910650730133
0.5491082668304443
6.097280025482178
4.043423652648926
3.3097269535064697
0.684188187122345
0.5424282550811768
0.5495873093605042
0.5175430774688721
0.5254623889923096
4.138463973999023
2.483103036880493
0.6729162335395813
0.7613506317138672
0.5169717073440552
0.5345275402069092
0.5734703540802002
0.7506545782089233
0.6887544393539429
0.5731935501098633
0.6296391487121582
0.6700031757354736
2.619335412979126
2.5886380672454834
1.4108904600143433
0.7088959217071533
0.5546566843986511
0.517787516117096
0.5176847577095032
0.5542179942131042
4.101535797119141
6.146841049194336
2.131319522857666
1.5292218923568726
0.8616954684257507
0.7899028658866882
1.8053990602493286
1.3806607723236084
0.6200225353240967
0.7379016280174255
1.053643822669983
1.1955780982971191
0.5814493298530579
0.7264304161071777
0.6024392247200012
0.7175690531730652
0.5074689388275146
0.5301167964935303
0.4826536178588867
0.6299012303352356
1.310131549835205
1.7718297243118286
1.437610387802124
1.3803491592407227
0.6126967072486877
0.5246953368186951
0.5609442591667175
0.4899565577507019
0.47629380226135254
1.625592827796936
1.0860612392425537
0.5855267643928528
0.4961263835430145
2.2821147441864014
1.8814021348953247
1.0777697563171387
2.135960817337036
1.462692379951477
0.6303088068962097
0.5438565611839294
0.5484193563461304
0.5501141548156738
0.5808070302009583
0.48099061846733093
0.4773878753185272
1.2438321113586426
0.7195766568183899
0.9561663269996643
1.094042420387268
1.0910075902938843
0.5836340188980103
0.80992591381073
0.5431563854217529
0.651456356048584
0.5478927493095398
0.4686025381088257
0.4670628309249878
0.48967245221138
0.48874279856681824
0.4954535961151123
0.4599025249481201
0.5030467510223389
0.48771998286247253
0.5105745792388916
0.6923374533653259
0.7455223798751831
0.4995914399623871
0.4731352925300598
0.537559449672699
0.6066706776618958
0.6149966716766357
0.520503580570221
0.4501762390136719
0.4523053765296936
0.6219238638877869
0.5031144022941589
0.4560537040233612
0.5064612030982971
0.4487829804420471
0.5019775032997131
0.6138277649879456
0.5483787655830383
0.4529460370540619
1.2008925676345825
0.6108481287956238
0.45252490043640137
0.4678965210914612
0.5959749817848206
0.5651438236236572
0.4540098309516907
0.6163138151168823
0.4893702566623688
0.45830434560775757
0.4206509590148926
0.4333427846431732
1.5403695106506348
0.7209073305130005
0.4356048107147217
0.42167171835899353
0.49049973487854004
0.5843642354011536
2.0126702785491943
3.0718448162078857
2.3014349937438965
2.054297685623169
1.823337197303772
1.34677255153656
1.6663031578063965
0.6972163915634155
0.4981784522533417
2.7144362926483154
1.6204355955123901
0.5475923418998718
0.6041971445083618
0.4557799994945526
1.3772491216659546
0.6871769428253174
0.4639701843261719
0.498203307390213
0.6886956095695496
0.49999362230300903
0.4530729353427887
3.9098751544952393
2.589975357055664
1.9977234601974487
0.7580463290214539
0.4740147888660431
0.5231591463088989
0.490376740694046
0.775549054145813
0.4908900260925293
0.49489957094192505
0.4469062089920044
0.5279018878936768
1.886867880821228
1.131689429283142
0.6912553310394287
0.500978946685791
1.8840253353118896
1.7195740938186646
0.7006018161773682
0.480886846780777
0.4327140152454376
0.49602431058883667
0.5196950435638428
0.5108500719070435
0.43876340985298157
0.4244232475757599
0.4574447274208069
0.4702194035053253
0.43025848269462585
0.554368257522583
0.48450392484664917
0.4382953643798828
0.43693023920059204
0.44042208790779114
0.44932177662849426
1.7716543674468994
0.9488808512687683
0.5857160687446594
2.2513585090637207
0.8905724883079529
2.279768943786621
1.6020241975784302
0.7018401026725769
0.654351532459259
0.7965800166130066
0.5097399353981018
0.45253491401672363
0.466413676738739
0.6882777214050293
0.564480185508728
0.44611406326293945
0.4414728581905365
0.479705274105072
0.4827510714530945
0.47302666306495667
0.4198761582374573
0.5730490684509277
0.4435822367668152
0.46667614579200745
0.4337015450000763
0.4321476221084595
0.45435747504234314
0.733128547668457
0.4289965331554413
0.4123907685279846
0.4769952893257141
0.48154696822166443
2.374040365219116
1.6931359767913818
1.6895132064819336
1.1889386177062988
1.1126781702041626
0.5298570394515991
0.5492650270462036
0.46809107065200806
0.4460320472717285
0.4183538556098938
0.42198753356933594
0.43362632393836975
0.4477759301662445
0.4349101185798645
0.41590049862861633
0.422860711812973
0.41159266233444214
0.46242862939834595
3.5424954891204834
2.7469098567962646
2.2690553665161133
0.8142898678779602
0.8291011452674866
0.6128670573234558
1.1410638093948364
2.6045494079589844
0.9717695116996765
1.0137981176376343
3.2012887001037598
0.7155185341835022
0.4587478041648865
1.4933193922042847
0.7140942811965942
0.8009911179542542
0.5277231931686401
0.4580409824848175
0.455513060092926
0.4757132828235626
0.44553714990615845
0.4220111668109894
2.1552510261535645
1.1708160638809204
0.6988245248794556
0.44801419973373413
0.4575972557067871
0.432407945394516
0.4238746464252472
0.5978269577026367
0.45239871740341187
0.9687107801437378
0.6274730563163757
0.5604752898216248
0.5142093300819397
0.562423825263977
0.5152740478515625
0.4414064288139343
0.5339694023132324
0.4497794508934021
0.4447746276855469
0.4779617190361023
0.5204265713691711
0.6214534044265747
0.7494980096817017
0.48697006702423096
0.4291169345378876
0.41501039266586304
0.4491081237792969
0.42034435272216797
0.5979390144348145
0.5201538801193237
0.4347188174724579
0.44089075922966003
0.4201136529445648
2.9647469520568848
2.8161792755126953
2.028022527694702
0.7870352268218994
0.5702195763587952
0.6134072542190552
0.49191775918006897
0.42731887102127075
0.4309501051902771
0.42492401599884033
0.4600708782672882
1.2654240131378174
0.456493079662323
0.41190505027770996
0.4137417674064636
0.4289749264717102
0.47644931077957153
0.4522560238838196
0.41711634397506714
0.45267805457115173
0.404878705739975
0.405749648809433
0.4017384350299835
0.40880563855171204
0.40785276889801025
0.4132474958896637
0.4107890725135803
0.40474921464920044
0.4077621102333069
0.4053769111633301
0.39908772706985474
0.9983524084091187
0.6734246611595154
1.0651376247406006
0.90424644947052
0.5554900169372559
0.4278646409511566
0.659260094165802
0.5254046320915222
0.4491705298423767
2.7911736965179443
2.668869972229004
1.211634874343872
1.3765270709991455
1.0675630569458008
0.8886129856109619
0.5304781198501587
0.44204002618789673
2.433793783187866
1.9561249017715454
1.081160306930542
1.6551364660263062
0.7325436472892761
1.040454387664795
0.5556286573410034
0.9396021366119385
0.693718671798706
0.5432717800140381
0.46718913316726685
1.108367919921875
0.8637767434120178
0.5063846707344055
0.5340718030929565
0.545031726360321
0.4847719371318817
0.610916793346405
0.6363642811775208
0.4590623676776886
0.465299516916275
0.5244171023368835
0.4451707601547241
0.4282146096229553
0.4484272301197052
0.44341912865638733
0.8529883027076721
0.49683868885040283
0.4179340600967407
0.4180399179458618
0.5952926278114319
0.4631730914115906
0.46436014771461487
0.8580164313316345
1.6246592998504639
1.731459617614746
0.7172362804412842
0.6864388585090637
0.5000916719436646
0.46598365902900696
0.7392417192459106
0.5082515478134155
0.4322623312473297
1.1918033361434937
0.5852186679840088
0.8570811152458191
0.85964435338974
1.0356559753417969
0.45388755202293396
0.4262743294239044
0.4344923496246338
0.4098397195339203
0.433615118265152
3.225302219390869
2.0794224739074707
1.857250690460205
0.6548482775688171
0.5265135169029236
0.44313952326774597
0.4753949046134949
0.41366860270500183
0.5432576537132263
0.41574135422706604
0.41804179549217224
0.4061463177204132
0.42564547061920166
0.4363812208175659
0.5534836053848267
0.4270375072956085
0.4331824481487274
0.43369290232658386
1.320379376411438
3.30253267288208
1.7448467016220093
1.236018419265747
0.5435749292373657
0.5755022168159485
0.7096872329711914
0.47208526730537415
0.43582436442375183
2.5960748195648193
0.9737470746040344
0.9554203748703003
0.6413862705230713
0.597829282283783
1.2073397636413574
1.0787384510040283
0.6155489087104797
0.5267016291618347
0.4410156011581421
0.4933830797672272
0.44161292910575867
0.42440250515937805
0.435901403427124
0.4257887303829193
0.4410177767276764
0.42961373925209045
0.5442692041397095
0.524368166923523
0.49039971828460693
0.4674503207206726
0.44027382135391235
0.4250450134277344
0.7678803205490112
0.5987923741340637
1.1200376749038696
0.678275465965271
0.6003362536430359
1.1787298917770386
0.8702061772346497
0.6591960787773132
0.49653947353363037
0.47409340739250183
0.4187611937522888
0.41009414196014404
0.4159103035926819
0.6201996207237244
0.5148668885231018
0.42871102690696716
0.4245277941226959
0.47503209114074707
0.4691833555698395
0.4106203615665436
0.43389463424682617
0.4475894868373871
0.4254480004310608
0.42950674891471863
0.4238816499710083
0.4109237790107727
0.40252962708473206
0.9195313453674316
0.7189612984657288
0.5222201943397522
0.44232168793678284
1.4537080526351929
0.9286872744560242
0.8193790316581726
0.6445409655570984
0.48817145824432373
0.4072107970714569
0.41326743364334106
0.5355082154273987
0.729129433631897
0.6351222991943359
0.5554038286209106
0.5435720086097717
0.4467318058013916
0.5871970057487488
0.6176697015762329
0.49896231293678284
0.48175156116485596
0.49230191111564636
0.4017528295516968
0.42904132604599
0.42408689856529236
0.39893975853919983
0.6503591537475586
0.5087614059448242
0.42447715997695923
0.41889193654060364
0.44006919860839844
0.42645394802093506
0.4228130877017975
0.4651823341846466
0.455610454082489
0.4375104308128357
0.45984190702438354
0.4399818181991577
0.39909523725509644
0.39517176151275635
0.3998207151889801
0.39896413683891296
1.058472990989685
1.0327281951904297
0.7183613181114197
0.6049277186393738
0.45281872153282166
0.5621850490570068
0.47975826263427734
0.47937726974487305
0.41699638962745667
0.3884541094303131
0.40973833203315735
0.41864481568336487
0.4103916585445404
0.4680864214897156
0.40634092688560486
0.3812355399131775
0.382598340511322
0.38606199622154236
0.38654738664627075
0.3840562105178833
0.3907860219478607
0.3836601972579956
0.38725683093070984
0.43516865372657776
0.39053645730018616
0.38469576835632324
0.3776969015598297
0.40053591132164
0.4876416027545929
0.5391100645065308
0.41399019956588745
0.4970970153808594
0.38447311520576477
0.3969709873199463
0.38152655959129333
0.3899517357349396
0.40563780069351196
0.43416115641593933
0.40299394726753235
0.394001841545105
0.40867146849632263
0.45335280895233154
0.4068160355091095
0.4133315086364746
0.4457778036594391
0.38681527972221375
0.4672669470310211
1.0130805969238281
1.0465503931045532
0.7723532319068909
0.6928402185440063
0.8167983889579773
0.6101338863372803
0.5250362157821655
0.4201107621192932
0.43323835730552673
0.42232590913772583
0.4389892518520355
0.8188806176185608
0.656467616558075
0.4735715389251709
0.39075973629951477
0.40097835659980774
0.38768213987350464
0.7587903738021851
0.6288058757781982
0.41928133368492126
0.40922126173973083
0.45089149475097656
0.4081699848175049
0.38533779978752136
0.4264243543148041
0.3995027542114258
0.3989391028881073
0.4409860670566559
0.46904754638671875
0.44145476818084717
0.40064874291419983
0.38462233543395996
0.40399762988090515
0.3823547065258026
0.3886016309261322
0.38594844937324524
1.096448302268982
1.1119258403778076
0.6702109575271606
0.5706374645233154
0.5481424927711487
0.4087009131908417
0.3979315757751465
0.38743990659713745
0.3895775079727173
0.7331607937812805
0.82692551612854
0.7468977570533752
0.5782774090766907
0.42889007925987244
0.3948848843574524
0.3864233195781708
0.4147234559059143
0.38366463780403137
0.393871933221817
0.38261252641677856
0.445136159658432
0.39372989535331726
0.3995937705039978
0.39139124751091003
0.4682917594909668
0.4742327332496643
0.4010680317878723
0.39144325256347656
0.9834511876106262
0.8571180701255798
0.5368528962135315
0.418832004070282
0.4658406972885132
0.3845770061016083
0.4128316044807434
1.067407488822937
0.9526455402374268
0.620688259601593
0.4009387195110321
0.5291604995727539
0.5480191111564636
1.4389240741729736
1.5313595533370972
0.6094820499420166
0.45768579840660095
0.383931428194046
0.3926067352294922
0.3941923975944519
0.45888790488243103
0.4347863793373108
0.3941628634929657
0.4058452844619751
0.41960597038269043
0.43802958726882935
0.39523449540138245
0.7571211457252502
0.7207465767860413
0.40868303179740906
0.41056230664253235
2.248838186264038
0.7364970445632935
0.437622994184494
0.40596672892570496
0.4429970383644104
1.9054558277130127
1.4528083801269531
0.6819567680358887
0.6916694045066833
0.453021764755249
0.396060049533844
0.4026617705821991
0.4078432619571686
0.3883650600910187
0.39537063241004944
0.4003179967403412
0.3861196041107178
0.3918839395046234
0.5269855260848999
0.4364108443260193
0.4842064082622528
1.1452871561050415
1.020390272140503
0.7202445268630981
0.4631202816963196
0.6124051809310913
0.6252932548522949
0.5026578903198242
0.421743243932724
0.40856531262397766
0.4133378565311432
0.6745529174804688
0.4686722159385681
0.4113932251930237
0.4136912226676941
0.5212596654891968
0.43278443813323975
0.38602665066719055
0.3902907371520996
0.4067467451095581
0.4151833653450012
0.3914473056793213
0.3867645859718323
0.3863053321838379
0.4074944853782654
0.5210541486740112
0.41198205947875977
1.796534776687622
0.5257877707481384
0.457086443901062
0.4057236611843109
0.42152851819992065
0.40360400080680847
0.7920316457748413
0.5317627191543579
0.4332883656024933
0.39931225776672363
0.4558579921722412
0.4325711131095886
0.4144308865070343
0.38475659489631653
0.38893142342567444
0.3825952708721161
0.38610050082206726
0.3849601447582245
0.3813711404800415
0.3849920928478241
0.3972860276699066
0.5879521369934082
0.46420836448669434
0.4131695628166199
0.39848586916923523
0.39237141609191895
0.382417768239975
0.3824947476387024
0.6984737515449524
0.5035457015037537
0.4134129583835602
0.5403663516044617
0.7658712863922119
0.4967915713787079
0.4244787096977234
0.3868587613105774
0.3807937502861023
0.38370203971862793
0.3808235824108124
0.3819498121738434
0.3941064476966858
0.38386598229408264
0.3862014710903168
0.38974758982658386
0.38589179515838623
0.3923746943473816
0.393176794052124
0.37961915135383606
0.38463184237480164
0.381355881690979
0.3807133734226227
0.38409966230392456
0.38028115034103394
0.37943702936172485
0.37884020805358887
0.3787328004837036
0.37863239645957947
0.5087150931358337
0.457218736410141
0.4152102470397949
0.37798410654067993
0.42187196016311646
0.4098747670650482
0.3994329571723938
0.3762012720108032
0.43491601943969727
0.389977365732193
0.43981966376304626
0.3968146741390228
0.6520330309867859
0.5017131567001343
0.6203280091285706
0.4789140820503235
0.41381868720054626
0.40183377265930176
0.38696208596229553
0.41863203048706055
0.4161544740200043
0.7527861595153809
0.5482164025306702
0.6876848936080933
0.38716864585876465
0.37776699662208557
0.37758302688598633
0.4675082266330719
0.45101213455200195
0.4130190908908844
0.38467350602149963
0.405264288187027
0.38457801938056946
0.39376115798950195
0.3779011070728302
0.38956278562545776
0.3781891167163849
0.37943577766418457
0.7414814829826355
0.49305254220962524
0.44126856327056885
0.43295255303382874
0.3948429226875305
0.39914631843566895
0.4009479284286499
0.3772139549255371
0.38778579235076904
0.38082820177078247
0.37503597140312195
0.3768112361431122
0.37352174520492554
0.37291112542152405
0.3739449679851532
0.3773108124732971
0.384328156709671
0.37561774253845215
0.3762931525707245
0.37881192564964294
0.395516961812973
0.41669049859046936
0.38416069746017456
0.9807536602020264
0.6356388330459595
0.49637141823768616
0.4969508945941925
0.4419376850128174
0.42655807733535767
0.5802179574966431
0.4937048554420471
0.3860902190208435
0.37789130210876465
0.3812732398509979
0.3822879493236542
0.3731101155281067
0.3790489435195923
0.4134748876094818
0.38155344128608704
0.3776282072067261
0.3829435110092163
0.3772549331188202
0.38074809312820435
0.38174325227737427
0.38570988178253174
0.3796294629573822
0.3742447793483734
0.39149683713912964
0.37645789980888367
0.5161678194999695
0.4340893030166626
0.3931421637535095
0.4481280446052551
0.38796013593673706
0.430995374917984
0.3961891233921051
0.3784653842449188
0.3912030756473541
0.3926061987876892
0.42676037549972534
0.3858524262905121
0.8739179372787476
0.6582283973693848
0.49452483654022217
0.42850998044013977
0.4103614389896393
0.38995712995529175
0.4101659953594208
0.7703307271003723
0.649726152420044
0.4840257167816162
0.5526707768440247
0.4269874393939972
0.44763073325157166
0.41310667991638184
1.2469431161880493
0.5837467312812805
0.4077843129634857
0.38630232214927673
0.3773912191390991
0.37606948614120483
0.3751792013645172
0.38429152965545654
0.4037245213985443
0.39131900668144226
0.3891170620918274
0.3855779469013214
0.4426705539226532
0.395319402217865
0.38379356265068054
0.3762497305870056
0.9627326130867004
1.1775429248809814
0.5994040369987488
0.4270004332065582
0.38281694054603577
0.3858334720134735
0.3861986994743347
0.38801437616348267
0.6289368271827698
0.6100655794143677
0.4749448895454407
0.4425708055496216
0.4304180443286896
0.47649359703063965
0.5464164614677429
0.4712372422218323
0.44589078426361084
0.4773487150669098
0.4081580340862274
0.48060739040374756
0.50359708070755
0.42638298869132996
0.3961237370967865
0.3858010172843933
0.43280890583992004
0.46657735109329224
0.4258483052253723
0.43552881479263306
0.39670661091804504
0.41076719760894775
0.4144974648952484
0.42444249987602234
0.4017345607280731
0.6431517601013184
0.5005350112915039
0.4751052260398865
0.42081013321876526
0.37696966528892517
0.3938416838645935
0.405349999666214
0.385261595249176
0.37343496084213257
0.3963896930217743
0.4087623953819275
0.3770720660686493
0.37293052673339844
0.44543612003326416
0.40977343916893005
0.516727864742279
0.39186495542526245
0.3958306312561035
0.39185631275177
0.3757234811782837
0.3709767758846283
0.47117578983306885
0.3784547746181488
0.38578271865844727
0.3897545635700226
0.37290409207344055
0.37375372648239136
0.38203078508377075
0.37784743309020996
0.39896082878112793
0.37446555495262146
0.3894287943840027
0.37666159868240356
0.48033052682876587
0.41855403780937195
0.3933538496494293
0.3931504786014557
0.3808726668357849
0.3711412250995636
0.3709140717983246
0.37357959151268005
0.3721524477005005
0.3706199824810028
0.3758864998817444
0.38001683354377747
0.39237019419670105
0.3846032917499542
0.37526220083236694
0.3719971477985382
0.3723905682563782
0.3905785381793976
0.3731904625892639
0.3760979473590851
0.37390539050102234
0.3707086741924286
0.39661431312561035
0.3863676190376282
0.3727695941925049
0.5375626087188721
0.44395604729652405
0.37888026237487793
0.45283186435699463
0.367558091878891
0.4866791367530823
0.3737984895706177
0.39943623542785645
0.42698052525520325
0.3804125189781189
0.3962765336036682
0.36931997537612915
0.37329915165901184
0.3693114221096039
0.36824411153793335
0.3732244670391083
0.41353100538253784
0.8042316436767578
0.4917509853839874
0.39273321628570557
0.42498624324798584
0.4101389944553375
0.36981362104415894
0.37064898014068604
0.37400832772254944
0.3943023383617401
0.3671601116657257
0.4713180363178253
0.3769502341747284
0.3706246316432953
0.4078890383243561
0.3802476227283478
0.3902619779109955
0.36840856075286865
0.3779654800891876
0.3812103271484375
0.37134188413619995
0.370948851108551
0.36958763003349304
0.3682584762573242
0.3656146228313446
0.3704841732978821
0.368430495262146
0.3767904043197632
0.3672826588153839
0.36628884077072144
0.37926825881004333
0.4171404242515564
0.3826664388179779
0.38206708431243896
0.3689723014831543
0.3685484528541565
0.36890241503715515
0.5865346193313599
0.6642448902130127
0.4443281590938568
0.4021298289299011
0.3899160623550415
0.376961350440979
0.3747701048851013
0.38739311695098877
0.3820626735687256
0.39058685302734375
0.480739027261734
0.3870595693588257
0.3750860393047333
0.3825450837612152
0.47066545486450195
0.38259291648864746
0.48103195428848267
0.4441988468170166
0.3967020809650421
0.3877743184566498
0.567526638507843
0.4134204089641571
0.36254072189331055
0.3822319805622101
0.36777597665786743
0.36745017766952515
0.36783331632614136
0.3726271092891693
0.36669108271598816
0.3919745683670044
0.3681219518184662
0.36794400215148926
0.37863147258758545
0.40075773000717163
0.3688642978668213
0.36421141028404236
0.3674560487270355
0.36655130982398987
0.36482343077659607
0.36562517285346985
0.36867523193359375
0.3659573197364807
0.3684438467025757
0.3661750555038452
0.36529409885406494
0.3679245114326477
0.36851438879966736
0.37705379724502563
0.3671371638774872
0.36798614263534546
0.37428173422813416
0.5320801734924316
0.3904785215854645
0.3743646442890167
0.38210564851760864
0.7703649401664734
0.47308093309402466
0.3847200274467468
0.3755931854248047
0.37242814898490906
0.3771938681602478
0.36954477429389954
0.36522406339645386
0.37146279215812683
0.3678286671638489
0.3674337565898895
0.3827948570251465
0.37741225957870483
0.37054893374443054
0.36506497859954834
0.3640918731689453
0.5171698927879333
0.37692832946777344
0.5545806288719177
0.410581111907959
0.3842310905456543
0.4005259871482849
0.37271958589553833
0.3674434721469879
0.36626335978507996
0.373293936252594
0.400826632976532
0.3753645122051239
0.36993327736854553
0.6754931807518005
0.7492361664772034
0.6832726001739502
0.4505583643913269
0.4015003442764282
0.3741835057735443
0.37139657139778137
0.3718355894088745
0.36992645263671875
0.42546653747558594
0.37440404295921326
0.36744943261146545
0.3682369589805603
0.36824682354927063
0.380013108253479
0.38683250546455383
0.37921297550201416
0.3666341006755829
0.3821300268173218
0.3676471412181854
0.37448203563690186
0.37420374155044556
0.3804914057254791
0.387719988822937
0.3964220881462097
0.42116039991378784
0.38467901945114136
0.3701007664203644
0.36592140793800354
0.36869221925735474
0.40962064266204834
0.8890857696533203
0.4717887043952942
0.45679372549057007
0.605783998966217
0.399754136800766
0.3983907103538513
0.38359642028808594
0.3745337426662445
0.373357355594635
0.36974823474884033
0.5147320628166199
0.3667243421077728
0.374602347612381
0.3755486309528351
0.37071624398231506
0.36847203969955444
0.36642229557037354
0.36453479528427124
0.36464834213256836
0.36857277154922485
0.36429059505462646
0.5227206945419312
0.4163232147693634
0.45429107546806335
0.38367950916290283
0.40063920617103577
0.37328776717185974
0.36611050367355347
0.3650114834308624
0.3648442327976227
0.500596821308136
0.4035351872444153
0.3626713752746582
0.3824210464954376
0.3713070750236511
0.36549174785614014
0.3644486665725708
0.36521241068840027
0.36478209495544434
0.36470645666122437
0.375230610370636
0.37647509574890137
0.3718947172164917
0.3643496036529541
0.36729612946510315
0.36506763100624084
0.3680293560028076
0.3703271150588989
0.36296921968460083
0.3739725947380066
0.3832281231880188
0.3906911015510559
0.3800167441368103
0.3675108253955841
0.3763832449913025
0.36548736691474915
0.36434829235076904
0.3657975494861603
0.3643365800380707
0.3615822196006775
0.3687877655029297
0.37533044815063477
0.36670032143592834
0.3788067102432251
0.3697178065776825
0.38437339663505554
0.3744446635246277
0.3675541281700134
0.3659299910068512
0.3987370431423187
0.36752134561538696
0.3637393116950989
0.37212660908699036
0.38676056265830994
0.3953920006752014
0.36487051844596863
0.36992838978767395
0.36955544352531433
0.36737629771232605
0.3689658045768738
0.36652871966362
0.36771392822265625
0.3640057444572449
0.36367806792259216
0.36637115478515625
0.3639827072620392
0.36390966176986694
0.37274301052093506
0.3620426058769226
0.36564964056015015
0.36239928007125854
0.36313754320144653
0.3629069924354553
0.36152055859565735
0.3633350729942322
0.3650420606136322
0.36252260208129883
0.3667116165161133
0.3659229278564453
0.3636496961116791
0.36237603425979614
0.44690269231796265
0.38522544503211975
0.3885402977466583
0.41349855065345764
0.380553662776947
0.3742019236087799
0.3634049892425537
0.3634073734283447
0.3618280589580536
0.36321407556533813
0.36482614278793335
0.36237531900405884
0.36675193905830383
0.36595264077186584
0.3700631260871887
0.49920880794525146
0.4173282980918884
0.40319332480430603
0.4826160669326782
0.41029092669487
0.4203121066093445
0.38341251015663147
0.5076808929443359
0.4161924719810486
0.38077884912490845
0.36516353487968445
0.3642655611038208
0.38003912568092346
0.36689993739128113
0.36724287271499634
0.36250364780426025
0.3630865514278412
0.364204078912735
0.3645052909851074
0.3653542399406433
0.3642224669456482
0.3627578914165497
0.36226674914360046
0.36323145031929016
0.36553141474723816
0.36265188455581665
0.42529550194740295
0.4822268486022949
0.41846761107444763
0.3998044729232788
0.3663727343082428
0.36892056465148926
0.3624858558177948
0.3654729127883911
0.3640179932117462
0.36449533700942993
0.3874742090702057
0.3674413859844208
0.3731820285320282
0.3889960050582886
0.3771269619464874
0.38437435030937195
0.3889026939868927
0.3648033142089844
0.3681420385837555
0.367087185382843
0.4910237193107605
0.40540221333503723
0.4200717508792877
0.3647523522377014
0.3770967423915863
0.3979049026966095
0.44040751457214355
0.3820401430130005
0.39361801743507385
0.3642445504665375
0.3668529689311981
0.36813050508499146
0.36712536215782166
0.36335495114326477
0.3634639382362366
0.3668076694011688
0.36282140016555786
0.3631534278392792
0.3601406514644623
0.36312371492385864
0.36330270767211914
0.3631511926651001
0.3624241352081299
0.3795895278453827
0.4037168025970459
0.3720756471157074
0.3643552362918854
0.36501067876815796
0.3629493713378906
0.3629208505153656
0.36279797554016113
0.3618410527706146
0.3793025016784668
0.3783012628555298
0.38230767846107483
0.37576448917388916
0.3650535047054291
0.3654089868068695
0.36160197854042053
0.37323734164237976
0.3721369504928589
0.3606713116168976
0.3790222108364105
0.3733818233013153
0.36771348118782043
0.36599478125572205
0.3633679151535034
0.36566030979156494
0.36287936568260193
0.363596647977829
0.36226844787597656
0.3615823984146118
0.36264660954475403
0.3611489236354828
0.36217179894447327
0.37216827273368835
0.380635142326355
0.3669971823692322
0.361803263425827
0.36243194341659546
0.36804795265197754
0.36120307445526123
0.386118084192276
0.36964327096939087
0.3719727098941803
0.37145668268203735
0.36847352981567383
0.36353904008865356
0.3614628314971924
0.3617234230041504
0.3644609749317169
0.36198174953460693
0.36791518330574036
0.3621208965778351
0.3661190867424011
0.36146533489227295
0.36389121413230896
0.3735146224498749
0.3778708577156067
0.3640138804912567
0.3624067008495331
0.3634977340698242
0.36459189653396606
0.36437928676605225
0.36521464586257935
0.37597230076789856
0.3696989119052887
0.3651912808418274
0.3626524806022644
0.36255571246147156
0.3651508092880249
0.363961786031723
0.3654615879058838
0.36865368485450745
0.37366920709609985
0.3631869852542877
0.3626238703727722
0.36937177181243896
0.36378175020217896
0.36129242181777954
0.36557871103286743
0.36451292037963867
0.3629194498062134
0.3687552213668823
0.37091898918151855
0.38477495312690735
0.3649345636367798
0.36381006240844727
0.3612804114818573
0.3685480058193207
0.3836820125579834
0.36518678069114685
0.37312713265419006
0.3824131488800049
0.3675074577331543
0.36059102416038513
0.36100369691848755
0.3611206114292145
0.3781164288520813
0.39867526292800903
0.37816667556762695
0.36387306451797485
0.36105042695999146
0.3629550635814667
0.3704807460308075
0.37537550926208496
0.36356550455093384
0.3656676709651947
0.3633576035499573
0.3603769540786743
0.3621525764465332
0.3615660071372986
0.3609526455402374
0.36151161789894104
0.36083340644836426
0.3606840670108795
0.3605234622955322
0.37728768587112427
0.39152732491493225
0.36429929733276367
0.360512375831604
0.36282727122306824
0.36179664731025696
0.36059319972991943
0.3729129433631897
0.3754159212112427
0.3927544951438904
0.3964211940765381
0.3688686788082123
0.36158910393714905
0.36502164602279663
0.3712323307991028
0.36545780301094055
0.36276063323020935
0.36065319180488586
0.3780987560749054
0.39232033491134644
0.3677830994129181
0.36278942227363586
0.3698018491268158
0.3717658519744873
0.3654137849807739
0.3616708815097809
0.37504544854164124
0.38663598895072937
0.3715554177761078
0.3660358786582947
0.4222326874732971
0.3955634832382202
0.36749497056007385
0.3687649965286255
0.3934071362018585
0.3811527192592621
0.3634551763534546
0.3626125454902649
0.3667144775390625
0.3590562343597412
0.36115607619285583
0.36510372161865234
0.3715588450431824
0.3704032301902771
0.3640757203102112
0.3610631823539734
0.36053526401519775
0.3605477511882782
0.3607941269874573
0.3607921898365021
0.3599761128425598
0.35922542214393616
0.3637528419494629
0.36196985840797424
0.3630099296569824
0.361564040184021
0.36304980516433716
0.36093029379844666
0.36096641421318054
0.36042481660842896
0.360583633184433
0.3602217435836792
0.3642236292362213
0.3616271913051605
0.3620743453502655
0.3618685007095337
0.36817795038223267
0.3683682382106781
0.37169763445854187
0.38588055968284607
0.3710605502128601
0.36393648386001587
0.36230137944221497
0.3602176606655121
0.359733909368515
0.3608372211456299
0.36071330308914185
0.36000585556030273
0.36052364110946655
0.36037155985832214
0.36039718985557556
0.3624753952026367
0.36273491382598877
0.3615104556083679
0.3604004383087158
0.3602074384689331
0.36409053206443787
0.37174326181411743
0.3642819821834564
0.36043041944503784
0.3610510528087616
0.36150503158569336
0.36149439215660095
0.3618442416191101
0.3618426024913788
0.36136552691459656
0.3614825904369354
0.36519795656204224
0.3649428188800812
0.36529502272605896
0.36504197120666504
0.3620135188102722
0.36105960607528687
0.36132189631462097
0.36461466550827026
0.36627617478370667
0.36561086773872375
0.362729012966156
0.3611270785331726
0.3607809543609619
0.3623252809047699
0.3626788854598999
0.3615358769893646
0.36095765233039856
0.3621423840522766
0.36503273248672485
0.36828866600990295
0.3692939877510071
0.36531201004981995
0.3617601990699768
0.36204901337623596
0.36631181836128235
0.35986995697021484
0.36034977436065674
0.3609505593776703
0.36053529381752014
0.3579629957675934
0.3667282462120056
0.36675184965133667
0.36550527811050415
0.3604024350643158
0.3604848384857178
0.36015328764915466
0.3602967858314514
0.36019957065582275
0.36231401562690735
0.3613473176956177
0.36098456382751465
0.36129191517829895
0.36056461930274963
0.3601524233818054
0.3601383864879608
0.359870046377182
0.3604564070701599
0.3600948750972748
0.36017176508903503
0.36053311824798584
0.3602432608604431
0.3603416681289673
0.3600189983844757
0.36454010009765625
0.36786362528800964
0.3648574650287628
0.36184629797935486
0.3604097068309784
0.36039939522743225
0.36053386330604553
0.3620237708091736
0.3628647029399872
0.3608442544937134
0.36361393332481384
0.36596399545669556
0.3636105954647064
0.36181819438934326
0.3690069019794464
0.36937835812568665
0.3648533523082733
0.3610436022281647
0.35990914702415466
0.36161813139915466
0.36314666271209717
