15.019293785095215
13.978224754333496
13.084335327148438
12.224750518798828
11.304712295532227
10.32332706451416
9.382604598999023
8.492676734924316
7.6693620681762695
6.862898826599121
5.947258472442627
5.002327919006348
4.078049659729004
3.0827105045318604
2.1981284618377686
1.4381321668624878
0.7677486538887024
0.5330020189285278
0.7193645238876343
0.7158569097518921
0.5586053133010864
0.5155848264694214
0.5582931041717529
0.5508396029472351
0.51921147108078
0.5041552186012268
0.5059159398078918
0.51214200258255
0.5011082291603088
0.5095928311347961
0.5038131475448608
0.5010621547698975
0.5031181573867798
0.5049863457679749
0.5342627167701721
0.5431568026542664
0.5126127004623413
0.49542948603630066
0.5126308798789978
0.5010197758674622
0.49692845344543457
0.49604541063308716
0.4942381680011749
0.49653753638267517
0.5200036764144897
0.5323519706726074
0.5068362951278687
0.4920075833797455
0.49387770891189575
0.4917188584804535
0.5041791200637817
0.5194216966629028
0.5012645721435547
0.487545371055603
0.4884212911128998
0.48837143182754517
0.48628610372543335
0.4858630299568176
0.48990580439567566
0.5012289881706238
0.49110978841781616
0.48762550950050354
0.48290178179740906
0.5118371248245239
0.5934805870056152
0.5148856043815613
0.504980742931366
0.5046427845954895
0.48079174757003784
0.5289978981018066
0.5609666109085083
0.498512327671051
0.4758274555206299
0.49379608035087585
0.48288121819496155
0.47834962606430054
0.4758112132549286
0.47999107837677
0.493843674659729
0.4791524410247803
0.5053456425666809
0.5068445801734924
0.4742773771286011
0.4703659117221832
0.470375657081604
0.47665682435035706
0.48103785514831543
0.4707214832305908
0.4757255017757416
0.47414353489875793
0.4732857942581177
0.47308143973350525
0.4687288999557495
0.48143628239631653
0.47472691535949707
0.47749656438827515
0.4708007276058197
0.47285500168800354
0.4643787741661072
0.4778766632080078
0.48446837067604065
0.5182488560676575
0.5238671898841858
0.46426358819007874
0.4861833453178406
0.4771746098995209
0.4686046242713928
0.47701480984687805
0.4715334177017212
0.46753841638565063
0.48570114374160767
0.482637882232666
0.4671657383441925
0.4602026641368866
0.4591195285320282
0.45960336923599243
0.470680832862854
0.4674501121044159
0.45828360319137573
0.4690346419811249
0.467557817697525
0.4555826485157013
0.4673239588737488
0.4599643051624298
0.45491570234298706
0.4546252489089966
0.4552309513092041
0.4814302921295166
0.4890596270561218
0.45657578110694885
0.4646472930908203
0.4692424535751343
0.4536963105201721
0.4642305374145508
0.4658430218696594
0.47403720021247864
0.459519624710083
0.45962539315223694
0.4516095817089081
0.4534262716770172
0.45436447858810425
0.453043133020401
0.4511275589466095
0.45875707268714905
0.4780162274837494
0.5031916499137878
0.4490957260131836
0.49336618185043335
0.46331658959388733
0.44890135526657104
0.45350638031959534
0.4530313014984131
0.4462563693523407
0.4461735188961029
0.44708865880966187
0.4466991126537323
0.4943050146102905
0.5123950839042664
0.45487838983535767
0.4495227336883545
0.45397189259529114
0.44534045457839966
0.44510069489479065
0.4473709762096405
0.446240097284317
0.48091548681259155
0.519354522228241
0.44989290833473206
0.4609505236148834
0.4595855474472046
0.45015814900398254
0.4878816604614258
0.4416347146034241
0.4523060619831085
0.4439966380596161
0.4462982714176178
0.4431317150592804
0.4883926212787628
0.4709649980068207
0.45631831884384155
0.47498252987861633
0.4454496502876282
0.48237544298171997
0.49219977855682373
0.44278135895729065
0.4733425974845886
0.4492071568965912
0.45108264684677124
0.44920986890792847
0.44833046197891235
0.44102388620376587
0.43782874941825867
0.43866127729415894
0.45359084010124207
0.44887349009513855
0.44499915838241577
0.4462687075138092
0.47634178400039673
0.44346320629119873
0.47333040833473206
0.4557931125164032
0.44078776240348816
0.4483465254306793
0.44509127736091614
0.4551208019256592
0.47019127011299133
0.44203248620033264
0.4512866735458374
0.4478553533554077
0.44007816910743713
0.4560076892375946
0.43828651309013367
0.43467050790786743
0.44601646065711975
0.4544333219528198
0.4338902235031128
0.4371896982192993
0.438105970621109
0.4328327178955078
0.43163448572158813
0.43413954973220825
0.43264180421829224
0.4391968250274658
0.42916592955589294
0.4305310547351837
0.44050145149230957
0.4401531219482422
0.4697229564189911
0.4321582317352295
0.4428800642490387
0.4425395429134369
0.4324454963207245
0.4525879919528961
0.42629069089889526
0.43592092394828796
0.4371575713157654
0.428227037191391
0.43098026514053345
0.4379239082336426
0.43119898438453674
0.4300331771373749
0.4292515218257904
0.42658331990242004
0.4258546829223633
0.44017237424850464
0.4470555782318115
0.4255485236644745
0.44414210319519043
0.44081026315689087
0.42842239141464233
0.4251605272293091
0.42652979493141174
0.4290850758552551
0.4277409017086029
0.4438621401786804
0.4978834092617035
0.4222370684146881
0.43742257356643677
0.4339864253997803
0.43310537934303284
0.4324527084827423
0.423809289932251
0.42363110184669495
0.4259684085845947
0.43015047907829285
0.43141797184944153
0.42579299211502075
0.4235915541648865
0.4263303279876709
0.42428988218307495
0.4242975413799286
0.4831208288669586
0.5019538402557373
0.42323213815689087
0.4518399238586426
0.42678290605545044
0.43213337659835815
0.44724124670028687
0.48929911851882935
0.4492050111293793
0.4821252226829529
0.4474208354949951
0.4202137291431427
0.43546581268310547
0.42688730359077454
0.42327338457107544
0.42383721470832825
0.42272117733955383
0.4215146005153656
0.4322322607040405
0.4212374985218048
0.4192151725292206
0.4222370684146881
0.42184439301490784
0.41968852281570435
0.4198331832885742
0.4212926924228668
0.4245873689651489
0.4269016981124878
0.41682004928588867
0.42693087458610535
0.42280539870262146
0.4209321439266205
0.4491298496723175
0.48709195852279663
0.4292711913585663
0.42430993914604187
0.4276849329471588
0.4817311465740204
0.425138920545578
0.43654730916023254
0.44033244252204895
0.4207873046398163
0.4295083284378052
0.43212804198265076
0.43942078948020935
0.5142890214920044
0.43225690722465515
0.418168306350708
0.4221092462539673
0.41624554991722107
0.41799256205558777
0.4378734827041626
0.43010470271110535
0.4254111349582672
0.4135302007198334
0.45415565371513367
0.43061357736587524
0.4185321033000946
0.419382244348526
0.42333686351776123
0.4122440814971924
0.42884373664855957
0.4216654598712921
0.4293891191482544
0.4200696051120758
0.41388919949531555
0.41633278131484985
0.4200609028339386
0.44089266657829285
0.41763147711753845
0.4138350486755371
0.42048534750938416
0.42070838809013367
0.4172000586986542
0.4180993437767029
0.47440406680107117
0.4778388738632202
0.42667338252067566
0.41264888644218445
0.41864821314811707
0.41621437668800354
0.4136795699596405
0.4138629138469696
0.4190616309642792
0.4203166663646698
0.41399717330932617
0.41636282205581665
0.4180586338043213
0.4130845069885254
0.41649070382118225
0.4141279458999634
0.4133226275444031
0.4135153293609619
0.41235893964767456
0.413873553276062
0.41542965173721313
0.4141892194747925
0.4155004024505615
0.4125754237174988
0.4110822379589081
0.4131277799606323
0.4103177785873413
0.46782296895980835
0.4859524667263031
0.42157405614852905
0.41319674253463745
0.43707597255706787
0.44164881110191345
0.4107948839664459
0.4124736785888672
0.4108544588088989
0.41104549169540405
0.4145088195800781
0.4106278419494629
0.4717105031013489
0.4703926742076874
0.44071367383003235
0.4166022539138794
0.43159955739974976
0.4941520690917969
0.4502469003200531
0.4131930470466614
0.4304037094116211
0.43969494104385376
0.4995969831943512
0.4207523763179779
0.42770275473594666
0.4468194246292114
0.4137088358402252
0.41434603929519653
0.43422552943229675
0.4165121912956238
0.4099240005016327
0.41146528720855713
0.4180169999599457
0.4238719940185547
0.41777998208999634
0.4099157154560089
0.4127678871154785
0.41336947679519653
0.4106164276599884
0.41864845156669617
0.4185143709182739
0.5235029458999634
0.5944632887840271
0.4252013564109802
0.41935858130455017
0.41996756196022034
0.41114872694015503
0.41690197587013245
0.41389480233192444
0.40826430916786194
0.4091215133666992
0.42148321866989136
0.42856907844543457
0.40952014923095703
0.41163474321365356
0.41038060188293457
0.4101096987724304
0.41308432817459106
0.47362396121025085
0.478148877620697
0.4195493459701538
0.4495736062526703
0.41311556100845337
0.42389386892318726
0.46218281984329224
0.41533735394477844
0.41986924409866333
0.415075421333313
0.4085509479045868
0.4753689765930176
0.41888779401779175
0.44623899459838867
0.4167001247406006
0.4072224795818329
0.4058419167995453
0.4095592200756073
0.41121408343315125
0.4062332212924957
0.46311062574386597
0.49163851141929626
0.41646018624305725
0.4137628972530365
0.41225844621658325
0.4087497293949127
0.4137423634529114
0.41014364361763
0.4088101387023926
0.40616634488105774
0.4063306152820587
0.40554511547088623
0.4512595236301422
0.49588140845298767
0.4231380522251129
0.4134894609451294
0.4140316843986511
0.4098547399044037
0.4109564423561096
0.4325115978717804
0.4740806818008423
0.42681995034217834
0.4181090295314789
0.4208258390426636
0.4061208963394165
0.48564738035202026
0.5229913592338562
0.40132004022598267
0.5071085691452026
0.44401103258132935
0.40822669863700867
0.4262210428714752
0.4142519235610962
0.4056852459907532
0.44779306650161743
0.5475070476531982
0.4980805218219757
0.4124823808670044
0.5190884470939636
0.5347897410392761
0.41943126916885376
0.40485867857933044
0.41083529591560364
0.4121197760105133
0.4038722515106201
0.4328908622264862
0.40956205129623413
0.4106820821762085
0.4082064628601074
0.4082077443599701
0.40788382291793823
0.40977412462234497
0.4281730353832245
0.4660496711730957
0.42518797516822815
0.40736621618270874
0.42606422305107117
0.40946489572525024
0.4212353229522705
0.4220831096172333
0.4026668071746826
0.40394657850265503
0.40768155455589294
0.4037897288799286
0.41354116797447205
0.415411114692688
0.40643247961997986
0.40538957715034485
0.4043652415275574
0.4052053689956665
0.40604060888290405
0.4137852191925049
0.41892001032829285
0.4101627767086029
0.41636139154434204
0.4112703800201416
0.4255506098270416
0.4858172535896301
0.4561258554458618
0.413830429315567
0.4058254063129425
0.4057469964027405
0.4020116627216339
0.40424928069114685
0.40252718329429626
0.4024764597415924
0.40294012427330017
0.40347567200660706
0.4041330814361572
0.40222102403640747
0.40365123748779297
0.4002508819103241
0.43162718415260315
0.4229186475276947
0.40003326535224915
0.403920978307724
0.4039275646209717
0.4021915793418884
0.40249767899513245
0.410682737827301
0.4131041467189789
0.41044703125953674
0.4355829060077667
0.40430551767349243
0.42917683720588684
0.46076375246047974
0.4389535188674927
0.49946317076683044
0.42538586258888245
0.4399716258049011
0.48199984431266785
0.40909454226493835
0.41307300329208374
0.4101114571094513
0.4017465114593506
0.40218475461006165
0.4019368886947632
0.40241995453834534
0.4057469367980957
0.401208758354187
0.4473057985305786
0.41556209325790405
0.4235059916973114
0.4070882499217987
0.40892714262008667
0.42035600543022156
0.4094788730144501
0.4010655879974365
0.4008454978466034
0.404263973236084
0.4032571315765381
0.40570202469825745
0.4101754128932953
0.41598832607269287
0.4099661111831665
0.44381219148635864
0.49105653166770935
0.45612242817878723
0.42639926075935364
0.5377992987632751
0.415546178817749
0.5513250827789307
0.4695083200931549
0.40086108446121216
0.4348047077655792
0.44410642981529236
0.41401737928390503
0.4014374017715454
0.41140028834342957
0.40246647596359253
0.4000697731971741
0.40032002329826355
0.40035611391067505
0.4016034007072449
0.4008374512195587
0.4007662534713745
0.40993359684944153
0.5224805474281311
0.42306655645370483
0.5193020701408386
0.5793412327766418
0.4500998556613922
0.4025265574455261
0.40731334686279297
0.4075644910335541
0.40543606877326965
0.415378600358963
0.4135771691799164
0.39934465289115906
0.4514665901660919
0.49059513211250305
0.40718981623649597
0.42176541686058044
0.4304696023464203
0.4069632291793823
0.40162193775177
0.4003458023071289
0.4463120698928833
0.4405084550380707
0.42555299401283264
0.5128009915351868
0.42548230290412903
0.4095100164413452
0.4241420030593872
0.4011864960193634
0.4121274948120117
0.4435580372810364
0.39896219968795776
0.4031224250793457
0.396217942237854
0.4018747806549072
0.4029281437397003
0.4067763686180115
0.4183952212333679
0.45323196053504944
0.40819162130355835
0.40313559770584106
0.40830785036087036
0.39755842089653015
0.3996393382549286
0.40057405829429626
0.4291124641895294
0.4328280985355377
0.41970953345298767
0.44867396354675293
0.42132568359375
0.4132097065448761
0.4239077568054199
0.39738160371780396
0.4020683765411377
0.40337294340133667
0.4003344476222992
0.3994768559932709
0.4018462896347046
0.43271559476852417
0.49549129605293274
0.4144901633262634
0.4088226854801178
0.41776686906814575
0.4705718457698822
0.5067135095596313
0.4562586545944214
0.43451496958732605
0.40524372458457947
0.5342397093772888
0.4460323750972748
0.41346970200538635
0.4403248131275177
0.40506961941719055
0.3995693027973175
0.40207019448280334
0.4215686023235321
0.4598027765750885
0.41296130418777466
0.40146225690841675
0.40689605474472046
0.4005276560783386
0.39851412177085876
0.39784663915634155
0.4075056314468384
0.4163970947265625
0.41409870982170105
0.40377432107925415
0.39734041690826416
0.40580862760543823
0.39686933159828186
0.39819639921188354
0.4193810224533081
0.4201667308807373
0.3994353115558624
0.4025830328464508
0.4367348849773407
0.49175140261650085
0.43332070112228394
0.40316876769065857
0.3954204320907593
0.3981691896915436
0.40897247195243835
0.451824814081192
0.42720288038253784
0.40267249941825867
0.4060512185096741
0.40731701254844666
0.40045642852783203
0.3959334194660187
0.39794623851776123
0.39741626381874084
0.39707469940185547
0.3955220878124237
0.40413016080856323
0.40614452958106995
0.3950822949409485
0.39899367094039917
0.39868026971817017
0.3971187174320221
0.402217298746109
0.419323205947876
0.4154074192047119
0.4059455990791321
0.4025673568248749
0.39717239141464233
0.3961775302886963
0.4071604013442993
0.4033757448196411
0.3968869149684906
0.39706918597221375
0.40524283051490784
0.40433257818222046
0.3982033133506775
0.39854270219802856
0.3972039520740509
0.3968361020088196
0.3961822986602783
0.39899370074272156
0.41679486632347107
0.4452289342880249
0.4277169406414032
0.3940475583076477
0.4115343391895294
0.4215715825557709
0.4070672392845154
0.3986968994140625
0.39667952060699463
0.3981345295906067
0.3980962038040161
0.3958747088909149
0.39602240920066833
0.3959610164165497
0.39607492089271545
0.39632919430732727
0.3962169885635376
0.4018114507198334
0.41671043634414673
0.40796220302581787
0.39895692467689514
0.39793163537979126
0.39775118231773376
0.3952086269855499
0.3962520360946655
0.3966074585914612
0.3977644741535187
0.3966102600097656
0.3972117006778717
0.43244072794914246
0.45802611112594604
0.4093749225139618
0.41177329421043396
0.4197065830230713
0.41035395860671997
0.39920273423194885
0.3957372307777405
0.3964223265647888
0.3967962861061096
0.396851122379303
0.3988005816936493
0.3955976068973541
0.39599743485450745
0.3961634933948517
0.3993854522705078
0.39555367827415466
0.39579910039901733
0.4112951457500458
0.4084821045398712
0.3976934254169464
0.3982788324356079
0.398112416267395
0.396176278591156
0.3966120481491089
0.3964097797870636
0.3955000638961792
0.3957608938217163
0.39538756012916565
0.3963731825351715
0.3975328207015991
0.39960363507270813
0.39815089106559753
0.3972751796245575
0.3991498649120331
0.39825186133384705
0.3994947671890259
0.4044802188873291
0.4007318317890167
0.3988550901412964
0.39706239104270935
0.3941560983657837
0.3959977626800537
0.3975990414619446
0.3976173400878906
0.39689701795578003
0.3953149616718292
0.39532846212387085
0.39532995223999023
0.3943514823913574
0.40624624490737915
0.39849263429641724
0.39863136410713196
0.405525803565979
0.40114620327949524
0.3976510167121887
0.3951745927333832
0.3967113196849823
0.39871183037757874
0.3988633155822754
0.3977331221103668
0.39489758014678955
0.4078942537307739
0.4015255272388458
0.395893394947052
0.395980566740036
0.3965999186038971
0.3964420557022095
0.39565902948379517
0.39569351077079773
0.394846647977829
0.3948158323764801
0.3954409956932068
0.3968154191970825
0.3966621458530426
0.3962753415107727
0.39610615372657776
0.3997856080532074
0.4125880002975464
0.41446250677108765
0.4042178690433502
0.39726752042770386
0.3960146903991699
0.3974372148513794
0.39780786633491516
0.3964473605155945
0.39685285091400146
0.39753982424736023
0.3976428806781769
0.39441266655921936
0.3961319625377655
0.39670661091804504
0.3953929841518402
0.3967999219894409
0.4017477035522461
0.40255066752433777
0.39948973059654236
0.3989807367324829
0.4078710377216339
0.40935584902763367
0.4003823399543762
0.39550456404685974
0.39801251888275146
0.39787834882736206
0.40474626421928406
0.4197387099266052
0.42138081789016724
0.4065142571926117
0.39761489629745483
0.39516937732696533
0.39892473816871643
0.40436267852783203
0.41000044345855713
0.4115963876247406
0.40357524156570435
0.3946217894554138
0.3967665135860443
0.40305206179618835
0.4278984069824219
0.4362184405326843
0.42012855410575867
0.40478843450546265
0.3973017930984497
0.3944150507450104
0.39663684368133545
0.3974982500076294
0.39407479763031006
0.39498600363731384
0.3951230049133301
0.3951196074485779
0.39530783891677856
0.395145058631897
0.39511382579803467
0.39527207612991333
0.39502954483032227
0.39524248242378235
0.3955712616443634
0.39531388878822327
0.3956095278263092
0.39618420600891113
0.39852654933929443
0.40180703997612
0.40159928798675537
0.4084625244140625
0.41817715764045715
0.41335242986679077
0.4050351083278656
0.3970169425010681
0.3965059220790863
0.39523544907569885
0.3955806493759155
0.3958989977836609
0.40318021178245544
0.4125627279281616
0.41162756085395813
0.4065849184989929
0.4000627398490906
0.39608344435691833
0.39487841725349426
0.3956005871295929
0.39541786909103394
0.40080755949020386
0.40713781118392944
0.4054681062698364
0.39989331364631653
0.39599817991256714
0.39732977747917175
0.40952977538108826
0.4104886054992676
0.40502434968948364
0.3998472988605499
0.3976929187774658
0.3964008390903473
0.3951497972011566
0.3948422968387604
0.39474719762802124
0.3947273790836334
0.3951466977596283
0.3952857255935669
0.39503490924835205
0.3950633406639099
0.39553505182266235
0.394787073135376
0.39843422174453735
0.4074825048446655
0.40933969616889954
0.40744465589523315
0.3992997407913208
0.39343613386154175
0.39484620094299316
0.3949105441570282
0.39474964141845703
0.39446040987968445
0.39691561460494995
0.39893895387649536
0.39943668246269226
0.39695683121681213
0.42047956585884094
0.43739408254623413
0.4249522387981415
0.41441822052001953
0.41179710626602173
0.40225785970687866
0.3940560221672058
0.3944607377052307
0.39441728591918945
0.39542630314826965
0.3957846462726593
0.39470362663269043
0.3953074812889099
0.3987845480442047
0.4021393358707428
0.4011176824569702
0.39817574620246887
0.3976712226867676
0.39932313561439514
0.4032853841781616
0.40188783407211304
0.39459094405174255
0.39692923426628113
0.39539384841918945
0.3959897756576538
0.39448872208595276
0.39663949608802795
0.39648231863975525
0.39834457635879517
0.4022377133369446
0.3993215262889862
0.39633315801620483
0.3986586332321167
0.3994823098182678
0.40963202714920044
0.42503198981285095
0.39902162551879883
0.39436087012290955
0.3960581123828888
0.39721745252609253
0.3971162736415863
0.39508578181266785
0.39450913667678833
0.39828819036483765
0.40930336713790894
0.42271310091018677
0.4201308488845825
0.409694105386734
0.4008977711200714
0.39610555768013
0.39780187606811523
0.415159672498703
0.4168125092983246
0.4116145670413971
0.4063696563243866
0.39685240387916565
0.40844807028770447
0.4191080331802368
0.42020100355148315
0.4062162935733795
0.3951685428619385
0.41196635365486145
0.4100368022918701
0.40104952454566956
0.3951290249824524
0.39483442902565
0.3961593508720398
0.3959818482398987
0.39564067125320435
0.3958194851875305
0.39525967836380005
0.3943437337875366
0.3943844437599182
0.39452868700027466
0.3943752646446228
0.39438751339912415
0.3950183093547821
0.3941551148891449
0.3948117196559906
0.39575764536857605
0.3968822658061981
0.399716854095459
0.40350794792175293
0.4029875099658966
0.4015931785106659
0.400178998708725
0.40111586451530457
0.4098716676235199
0.415257066488266
0.41876643896102905
0.41898173093795776
0.41249537467956543
0.4074927568435669
0.40282556414604187
0.3966430127620697
0.3957119882106781
0.39417949318885803
0.39433804154396057
0.3945170044898987
0.3944386839866638
0.3943154811859131
0.3956420421600342
0.40084728598594666
0.40842586755752563
0.41226786375045776
0.4150553047657013
0.42752835154533386
0.4363306760787964
0.43563613295555115
0.4227178394794464
0.4078163206577301
0.40043896436691284
0.3944927155971527
0.3944944739341736
0.394866943359375
0.3950253427028656
0.3948855996131897
0.3947834372520447
0.3962756097316742
0.3971121907234192
0.39746934175491333
0.3974006772041321
0.396415650844574
0.39551660418510437
0.3944478929042816
0.39432933926582336
0.3944035470485687
0.3942927420139313
0.3947719633579254
0.39452308416366577
0.3958002030849457
0.4003060460090637
0.3990844190120697
0.3949810862541199
0.3947930932044983
0.3944427967071533
0.3939894437789917
0.39457422494888306
0.3954618573188782
0.3945641815662384
0.3942115604877472
0.3942923843860626
0.3942747116088867
0.39392003417015076
0.3942444324493408
0.3942378759384155
0.39432162046432495
0.39615532755851746
0.39710330963134766
0.39704596996307373
0.39619240164756775
0.3944670855998993
0.3944470286369324
0.3948349356651306
0.394643634557724
0.3951984941959381
0.39473259449005127
0.3944186866283417
0.3943067789077759
0.3942568898200989
0.3946192264556885
0.3941267430782318
0.39433997869491577
0.3944113552570343
0.39439743757247925
0.3943931460380554
0.3939777612686157
0.3942091166973114
0.3945387005805969
0.39427998661994934
0.3942706286907196
0.3943880498409271
0.3942681849002838
0.39412766695022583
0.3948020935058594
0.39512041211128235
0.3950705826282501
0.394626259803772
0.39448246359825134
0.39445894956588745
0.39435523748397827
0.3942079544067383
0.39424237608909607
0.3941463232040405
0.39458516240119934
0.39425724744796753
0.3946765065193176
0.39434948563575745
0.39440855383872986
0.39438754320144653
0.39464646577835083
0.3943133056163788
0.39439621567726135
0.39411482214927673
0.3941650390625
0.3944585919380188
0.39513203501701355
0.3953566551208496
0.39512479305267334
0.39479541778564453
0.3943248987197876
0.3941451609134674
0.3943788409233093
0.39448311924934387
0.3951522409915924
0.3948323130607605
0.3947255313396454
0.3946077525615692
0.3945620656013489
0.39450669288635254
0.3944019675254822
0.3942122161388397
0.3942851424217224
0.3943325877189636
0.39417964220046997
0.3948923647403717
0.3954046666622162
0.3957972526550293
0.39605262875556946
0.3966671824455261
0.39662936329841614
0.3959289789199829
0.3956935703754425
0.3952585756778717
0.39435556530952454
0.394070029258728
0.39413586258888245
0.3939901292324066
0.3936639428138733
0.3952772319316864
0.39602139592170715
0.3959764242172241
0.39589813351631165
0.3957831859588623
0.39671391248703003
0.40176528692245483
0.4049958884716034
0.40615662932395935
0.40483564138412476
0.4021760821342468
0.3999369144439697
0.3989643454551697
0.3980823755264282
0.3973289728164673
0.39689135551452637
0.39620649814605713
0.39713427424430847
0.3991425931453705
0.3989133834838867
0.39801913499832153
0.3967774510383606
0.3960549533367157
0.3936587870121002
0.39338162541389465
0.39446204900741577
0.3942278027534485
0.39400824904441833
0.3940468728542328
0.3940742313861847
0.39402300119400024
0.3940168023109436
0.39404428005218506
0.3939725458621979
0.39428946375846863
0.3943637013435364
0.3948262333869934
0.3947228491306305
0.395671010017395
0.3963204622268677
0.39655357599258423
0.3965652287006378
0.3964304029941559
0.3961731493473053
0.3960559368133545
0.39580589532852173
0.3956286609172821
0.39551737904548645
0.3945920765399933
0.3945895731449127
0.3943028748035431
0.394382119178772
0.3941798806190491
0.3941692113876343
0.3941538631916046
0.39413726329803467
0.3941737115383148
0.3941928744316101
0.39420852065086365
0.3942413032054901
0.39444252848625183
0.39451733231544495
0.3940120339393616
0.3942526578903198
0.39403286576271057
0.3940727114677429
0.39413124322891235
0.3941095471382141
0.394368976354599
0.39449599385261536
0.394989937543869
0.39564067125320435
0.3963816165924072
0.39695799350738525
0.39716461300849915
0.3970451354980469
0.39685314893722534
0.396508127450943
0.3962100148200989
0.3959900140762329
0.3958439230918884
0.3955994248390198
0.39546212553977966
0.39565154910087585
0.3954051733016968
0.39514800906181335
0.39494597911834717
0.39467212557792664
0.3944850564002991
0.3943086564540863
0.3942176103591919
0.3943334221839905
0.39350512623786926
0.39420977234840393
0.3942432105541229
0.3942102789878845
0.39413121342658997
0.3941694498062134
0.3941493332386017
0.39423680305480957
0.39428532123565674
0.3941347599029541
0.3939378261566162
0.3940180242061615
0.394025057554245
0.3940053880214691
0.3940698206424713
0.39405548572540283
0.3940141499042511
0.39400190114974976
0.394090473651886
0.39399778842926025
0.3940048813819885
0.3939947783946991
0.39403870701789856
0.3939398527145386
0.394013911485672
0.3939973711967468
0.39399489760398865
0.39399269223213196
0.39402562379837036
0.39403146505355835
0.3940482437610626
0.394061416387558
0.3940325379371643
0.3942120671272278
0.3943041265010834
0.39452365040779114
0.39429783821105957
0.3940194845199585
0.39424407482147217
0.39409640431404114
0.3940061330795288
0.3940046429634094
0.3940190374851227
0.39381518959999084
0.39422407746315
0.39423733949661255
0.39432406425476074
0.39419668912887573
0.39425283670425415
0.3941018879413605
0.39410585165023804
0.3941626250743866
0.3940575122833252
0.39396873116493225
0.3939721882343292
0.3939831256866455
0.3939405679702759
0.39401665329933167
0.3940185010433197
0.3940330445766449
0.3941079378128052
0.3940439522266388
0.3941271901130676
0.39405956864356995
0.3939826190471649
0.3939872980117798
0.3939644992351532
0.3939953148365021
0.39399829506874084
0.39400845766067505
0.3940405547618866
0.3939850330352783
0.39401179552078247
0.39393866062164307
0.3941745460033417
0.394244909286499
0.39433014392852783
0.39443835616111755
0.39465585350990295
0.3946349024772644
0.3945436477661133
0.39444416761398315
0.3944242298603058
0.3942438066005707
0.3942405581474304
0.3942197561264038
0.394189715385437
0.39423564076423645
0.3942960798740387
0.39425092935562134
0.3942334055900574
0.39423033595085144
0.39423325657844543
0.3942350745201111
0.3942258059978485
0.3942095935344696
0.39421796798706055
0.39421990513801575
0.39415228366851807
0.3940954804420471
0.3940775692462921
0.3940890431404114
0.3941824734210968
0.39420846104621887
0.3944518566131592
0.39449211955070496
0.3945052921772003
0.3945806324481964
0.39455491304397583
0.39454126358032227
0.39445334672927856
0.39435434341430664
0.3942832350730896
0.3943028748035431
0.39429181814193726
0.39428022503852844
0.39423519372940063
0.3941812217235565
0.3941901624202728
0.3940289318561554
0.3938989043235779
0.39404499530792236
0.3940257728099823
0.3940189778804779
0.3940352499485016
0.3939064145088196
0.3942508101463318
0.394235759973526
0.3942578136920929
0.3942793309688568
0.3942801356315613
0.39424362778663635
0.394226610660553
0.3941805362701416
0.39417847990989685
0.39422497153282166
0.3940761089324951
0.39414912462234497
0.39405933022499084
0.3940467834472656
0.39404022693634033
0.3940083980560303
0.3939829468727112
0.39414525032043457
0.3943052887916565
0.3945350646972656
0.3945866525173187
0.3946067988872528
0.3945794999599457
0.39457347989082336
0.39456436038017273
0.39454108476638794
0.39448317885398865
0.3944115936756134
0.3944787383079529
0.3944740295410156
0.39448609948158264
0.39446523785591125
0.39445358514785767
0.3944553732872009
0.3943536877632141
0.3943033814430237
0.3942733108997345
0.3942686915397644
0.3942592442035675
0.3942580819129944
0.39423251152038574
0.39420178532600403
0.3942011296749115
0.3942197263240814
0.3942264914512634
0.3942326009273529
0.3942243754863739
0.3942151963710785
0.394227534532547
0.39423295855522156
0.3943139314651489
0.39436984062194824
0.3943392336368561
0.3943506181240082
0.39431148767471313
0.39428722858428955
0.3942919969558716
0.39431747794151306
0.3943111002445221
0.39430350065231323
0.39430058002471924
0.3942321240901947
0.39420977234840393
0.3940317928791046
0.394065260887146
0.39393603801727295
0.3940303325653076
0.3939458727836609
0.3939650058746338
0.39396023750305176
0.3939743638038635
0.3939529359340668
0.393954873085022
0.3939521908760071
0.39394208788871765
0.39396002888679504
0.3939552307128906
0.3939562737941742
0.3939705491065979
