0.5825545191764832
0.5841121673583984
0.5919002890586853
0.5887850522994995
0.604361355304718
0.6121495366096497
0.6619937419891357
0.7102803587913513
0.6822429895401001
0.7476635575294495
0.7383177280426025
0.7663551568984985
0.7866043448448181
0.777258574962616
0.7897196412086487
0.7866043448448181
0.781931459903717
0.7912772297859192
0.7897196412086487
0.7881619930267334
0.7881619930267334
0.7881619930267334
0.8037382960319519
0.7912772297859192
0.7928348779678345
0.7928348779678345
0.7928348779678345
0.7881619930267334
0.8006230592727661
0.8052959442138672
0.8006230592727661
0.8052959442138672
0.8146417737007141
0.8146417737007141
0.8068535923957825
0.7975077629089355
0.7803738117218018
0.8021807074546814
0.8052959442138672
0.8068535923957825
0.8146417737007141
0.8115264773368835
0.8146417737007141
0.8115264773368835
0.7866043448448181
0.8193146586418152
0.8006230592727661
0.8239875435829163
0.8115264773368835
0.8115264773368835
0.8177570104598999
0.8193146586418152
0.8208722472190857
0.8208722472190857
0.8115264773368835
0.8208722472190857
0.7866043448448181
0.8193146586418152
0.8161993622779846
0.8099688291549683
0.8239875435829163
0.8115264773368835
0.8052959442138672
0.8286604285240173
0.7570093274116516
0.8115264773368835
0.8052959442138672
0.781931459903717
0.822429895401001
0.8333333134651184
0.8286604285240173
0.8302180767059326
0.8286604285240173
0.8333333134651184
0.8255451917648315
0.8177570104598999
0.8021807074546814
0.8348909616470337
0.8239875435829163
0.8239875435829163
0.827102780342102
0.8286604285240173
0.8333333134651184
0.8208722472190857
0.8317757248878479
0.8395638465881348
0.8286604285240173
0.8286604285240173
0.8395638465881348
0.8348909616470337
0.8286604285240173
0.8348909616470337
0.8426791429519653
0.8302180767059326
0.8348909616470337
0.8255451917648315
0.8161993622779846
0.8380062580108643
0.8255451917648315
0.8348909616470337
0.827102780342102
0.8317757248878479
0.8302180767059326
0.8348909616470337
0.8426791429519653
0.8395638465881348
0.8426791429519653
0.8333333134651184
0.836448609828949
0.8317757248878479
0.8348909616470337
0.8021807074546814
0.8239875435829163
0.836448609828949
0.8395638465881348
0.8208722472190857
0.8239875435829163
0.8395638465881348
0.827102780342102
0.8317757248878479
0.8302180767059326
0.8380062580108643
0.8333333134651184
0.8255451917648315
0.8317757248878479
0.84112149477005
0.8348909616470337
0.8317757248878479
0.84112149477005
0.8333333134651184
0.8255451917648315
0.8380062580108643
0.84112149477005
0.8317757248878479
0.8302180767059326
0.8333333134651184
0.84112149477005
0.8286604285240173
0.836448609828949
0.767912745475769
0.8333333134651184
0.8193146586418152
0.8426791429519653
0.8317757248878479
0.8255451917648315
0.8426791429519653
0.8380062580108643
0.8457943797111511
0.8302180767059326
0.8395638465881348
0.8130841255187988
0.8473520278930664
0.8348909616470337
0.8333333134651184
0.8333333134651184
0.8426791429519653
0.8426791429519653
0.827102780342102
0.8426791429519653
0.8380062580108643
0.8333333134651184
0.827102780342102
0.8395638465881348
0.836448609828949
0.8317757248878479
0.8395638465881348
0.8380062580108643
0.8426791429519653
0.8208722472190857
0.8442367315292358
0.8208722472190857
0.8317757248878479
0.836448609828949
0.8302180767059326
0.8333333134651184
0.8302180767059326
0.827102780342102
0.8489096760749817
0.836448609828949
0.827102780342102
0.8395638465881348
0.8208722472190857
0.8457943797111511
0.8317757248878479
0.8177570104598999
0.8380062580108643
0.8302180767059326
0.8239875435829163
0.8286604285240173
0.8395638465881348
0.836448609828949
0.84112149477005
0.8317757248878479
0.8426791429519653
0.84112149477005
0.8348909616470337
0.8302180767059326
0.8457943797111511
0.8395638465881348
0.8302180767059326
0.8380062580108643
0.8380062580108643
0.8380062580108643
0.8442367315292358
0.8348909616470337
0.84112149477005
0.8380062580108643
0.84112149477005
0.8348909616470337
0.8442367315292358
0.8395638465881348
0.8115264773368835
0.8473520278930664
0.822429895401001
0.8457943797111511
0.8348909616470337
0.8333333134651184
0.8442367315292358
0.8395638465881348
0.8317757248878479
0.8348909616470337
0.836448609828949
0.8520249128341675
0.8099688291549683
0.8099688291549683
0.8099688291549683
0.8193146586418152
0.8457943797111511
0.8473520278930664
0.84112149477005
0.8457943797111511
0.8333333134651184
0.836448609828949
0.8395638465881348
0.836448609828949
0.8426791429519653
0.836448609828949
0.8426791429519653
0.84112149477005
0.8426791429519653
0.8317757248878479
0.84112149477005
0.836448609828949
0.836448609828949
0.8442367315292358
0.8457943797111511
0.836448609828949
0.8457943797111511
0.836448609828949
0.8442367315292358
0.8426791429519653
0.8348909616470337
0.8380062580108643
0.8348909616470337
0.8286604285240173
0.8380062580108643
0.8426791429519653
0.8395638465881348
0.8348909616470337
0.8473520278930664
0.8380062580108643
0.8348909616470337
0.8473520278930664
0.8348909616470337
0.8208722472190857
0.8457943797111511
0.822429895401001
0.8473520278930664
0.8084112405776978
0.8395638465881348
0.8286604285240173
0.8442367315292358
0.8348909616470337
0.8348909616470337
0.84112149477005
0.8348909616470337
0.8395638465881348
0.8489096760749817
0.8333333134651184
0.8395638465881348
0.8333333134651184
0.84112149477005
0.8380062580108643
0.836448609828949
0.8457943797111511
0.8520249128341675
0.8489096760749817
0.84112149477005
0.8426791429519653
0.8380062580108643
0.8426791429519653
0.84112149477005
0.8426791429519653
0.8380062580108643
0.8395638465881348
0.8380062580108643
0.8333333134651184
0.8426791429519653
0.8395638465881348
0.8457943797111511
0.8380062580108643
0.8348909616470337
0.8395638465881348
0.8442367315292358
0.8333333134651184
0.8317757248878479
0.8457943797111511
0.8348909616470337
0.8395638465881348
0.8457943797111511
0.8380062580108643
0.8302180767059326
0.8317757248878479
0.8317757248878479
0.8380062580108643
0.8457943797111511
0.8380062580108643
0.8473520278930664
0.8380062580108643
0.8426791429519653
0.836448609828949
0.8442367315292358
0.8442367315292358
0.8442367315292358
0.836448609828949
0.8426791429519653
0.8442367315292358
0.8395638465881348
0.84112149477005
0.8021807074546814
0.84112149477005
0.8442367315292358
0.8380062580108643
0.8380062580108643
0.8442367315292358
0.84112149477005
0.8457943797111511
0.8442367315292358
0.8457943797111511
0.836448609828949
0.8380062580108643
0.8380062580108643
0.84112149477005
0.84112149477005
0.8380062580108643
0.8457943797111511
0.8380062580108643
0.84112149477005
0.8348909616470337
0.8442367315292358
0.8442367315292358
0.84112149477005
0.836448609828949
0.8302180767059326
0.8426791429519653
0.8380062580108643
0.84112149477005
0.8442367315292358
0.8380062580108643
0.8426791429519653
0.8395638465881348
0.84112149477005
0.8442367315292358
0.8426791429519653
0.8348909616470337
0.836448609828949
0.8380062580108643
0.8473520278930664
0.8426791429519653
0.84112149477005
0.8473520278930664
0.8380062580108643
0.8489096760749817
0.8395638465881348
0.8348909616470337
0.8380062580108643
0.8333333134651184
0.8333333134651184
0.8317757248878479
0.8473520278930664
0.8426791429519653
0.8442367315292358
0.8333333134651184
0.8333333134651184
0.8380062580108643
0.8317757248878479
0.84112149477005
0.8426791429519653
0.8457943797111511
0.8302180767059326
0.8457943797111511
0.8348909616470337
0.8535825610160828
0.8255451917648315
0.8489096760749817
0.8286604285240173
0.8286604285240173
0.8489096760749817
0.8380062580108643
0.8504672646522522
0.8442367315292358
0.8395638465881348
0.8489096760749817
0.8380062580108643
0.8442367315292358
0.836448609828949
0.8457943797111511
0.836448609828949
0.8473520278930664
0.8457943797111511
0.8380062580108643
0.8442367315292358
0.8473520278930664
0.8380062580108643
0.8006230592727661
0.8473520278930664
0.836448609828949
0.8380062580108643
0.8489096760749817
0.8426791429519653
0.8442367315292358
0.836448609828949
0.836448609828949
0.827102780342102
0.8333333134651184
0.8380062580108643
0.84112149477005
0.8426791429519653
0.8426791429519653
0.8442367315292358
0.8395638465881348
0.8442367315292358
0.8457943797111511
0.8302180767059326
0.84112149477005
0.8457943797111511
0.827102780342102
0.8348909616470337
0.8333333134651184
0.8442367315292358
0.84112149477005
0.8380062580108643
0.8333333134651184
0.8426791429519653
0.8442367315292358
0.84112149477005
0.8457943797111511
0.8115264773368835
0.8426791429519653
0.8255451917648315
0.8302180767059326
0.8302180767059326
0.8286604285240173
0.8395638465881348
0.8504672646522522
0.8520249128341675
0.8457943797111511
0.8442367315292358
0.8395638465881348
0.8457943797111511
0.8473520278930664
0.8442367315292358
0.84112149477005
0.8395638465881348
0.84112149477005
0.8426791429519653
0.8380062580108643
0.8426791429519653
0.84112149477005
0.8395638465881348
0.84112149477005
0.8442367315292358
0.8426791429519653
0.8489096760749817
0.8473520278930664
0.84112149477005
0.8457943797111511
0.8426791429519653
0.8457943797111511
0.8286604285240173
0.8426791429519653
0.8442367315292358
0.8442367315292358
0.8426791429519653
0.8426791429519653
0.8426791429519653
0.8380062580108643
0.8520249128341675
0.8489096760749817
0.8348909616470337
0.8348909616470337
0.8489096760749817
0.8457943797111511
0.84112149477005
0.8442367315292358
0.8395638465881348
0.8426791429519653
0.8504672646522522
0.84112149477005
0.8395638465881348
0.8457943797111511
0.8442367315292358
0.8504672646522522
0.836448609828949
0.8442367315292358
0.8489096760749817
0.84112149477005
0.8442367315292358
0.8442367315292358
0.8442367315292358
0.8442367315292358
0.8520249128341675
0.8395638465881348
0.84112149477005
0.8426791429519653
0.8489096760749817
0.8473520278930664
0.84112149477005
0.8286604285240173
0.822429895401001
0.822429895401001
0.8504672646522522
0.8426791429519653
0.84112149477005
0.8426791429519653
0.8426791429519653
0.8489096760749817
0.8442367315292358
0.8426791429519653
0.8442367315292358
0.8442367315292358
0.8426791429519653
0.8489096760749817
0.8442367315292358
0.8426791429519653
0.8473520278930664
0.8473520278930664
0.8489096760749817
0.84112149477005
0.84112149477005
0.8099688291549683
0.84112149477005
0.8239875435829163
0.855140209197998
0.8473520278930664
0.8489096760749817
0.8489096760749817
0.84112149477005
0.822429895401001
0.8395638465881348
0.8442367315292358
0.8426791429519653
0.8426791429519653
0.8473520278930664
0.8395638465881348
0.8489096760749817
0.8426791429519653
0.8473520278930664
0.8426791429519653
0.827102780342102
0.8380062580108643
0.8489096760749817
0.8380062580108643
0.8504672646522522
0.8473520278930664
0.8473520278930664
0.84112149477005
0.8395638465881348
0.8395638465881348
0.8146417737007141
0.84112149477005
0.8442367315292358
0.8489096760749817
0.8489096760749817
0.8442367315292358
0.8457943797111511
0.8457943797111511
0.8473520278930664
0.8457943797111511
0.8489096760749817
0.8457943797111511
0.8473520278930664
0.8504672646522522
0.8442367315292358
0.827102780342102
0.8489096760749817
0.8239875435829163
0.8457943797111511
0.8395638465881348
0.8426791429519653
0.8504672646522522
0.8457943797111511
0.8520249128341675
0.8037382960319519
0.8380062580108643
0.8426791429519653
0.8473520278930664
0.8457943797111511
0.8489096760749817
0.8535825610160828
0.8489096760749817
0.8520249128341675
0.8489096760749817
0.8442367315292358
0.8426791429519653
0.8457943797111511
0.8473520278930664
0.8457943797111511
0.8442367315292358
0.8380062580108643
0.8348909616470337
0.8473520278930664
0.8426791429519653
0.8426791429519653
0.8473520278930664
0.8457943797111511
0.8489096760749817
0.8457943797111511
0.8442367315292358
0.8442367315292358
0.8504672646522522
0.8489096760749817
0.8333333134651184
0.8021807074546814
0.8457943797111511
0.8457943797111511
0.8473520278930664
0.8489096760749817
0.8457943797111511
0.8520249128341675
0.8286604285240173
0.836448609828949
0.8442367315292358
0.8457943797111511
0.8442367315292358
0.8520249128341675
0.8068535923957825
0.8457943797111511
0.8457943797111511
0.8473520278930664
0.8520249128341675
0.8457943797111511
0.8473520278930664
0.8457943797111511
0.8473520278930664
0.8426791429519653
0.8442367315292358
0.8457943797111511
0.8489096760749817
0.8489096760749817
0.8442367315292358
0.8489096760749817
0.8395638465881348
0.8504672646522522
0.8489096760749817
0.8426791429519653
0.8442367315292358
0.8426791429519653
0.8473520278930664
0.8380062580108643
0.8457943797111511
0.8426791429519653
0.8442367315292358
0.8302180767059326
0.8333333134651184
0.8426791429519653
0.8442367315292358
0.8426791429519653
0.8426791429519653
0.8426791429519653
0.8504672646522522
0.8317757248878479
0.8395638465881348
0.8489096760749817
0.8520249128341675
0.8504672646522522
0.827102780342102
0.8504672646522522
0.8473520278930664
0.8442367315292358
0.8442367315292358
0.8520249128341675
0.84112149477005
0.8504672646522522
0.8426791429519653
0.8286604285240173
0.8442367315292358
0.8395638465881348
0.8426791429519653
0.8473520278930664
0.84112149477005
0.8457943797111511
0.8489096760749817
0.84112149477005
0.8395638465881348
0.836448609828949
0.8426791429519653
0.8395638465881348
0.8457943797111511
0.84112149477005
0.8473520278930664
0.8426791429519653
0.8442367315292358
0.8442367315292358
0.8473520278930664
0.8473520278930664
0.8489096760749817
0.8426791429519653
0.8442367315292358
0.8457943797111511
0.8504672646522522
0.8504672646522522
0.8489096760749817
0.8489096760749817
0.8489096760749817
0.8504672646522522
0.8489096760749817
0.84112149477005
0.8395638465881348
0.84112149477005
0.8473520278930664
0.8457943797111511
0.8504672646522522
0.8457943797111511
0.8504672646522522
0.8380062580108643
0.84112149477005
0.8473520278930664
0.8457943797111511
0.8489096760749817
0.8504672646522522
0.8426791429519653
0.8442367315292358
0.8489096760749817
0.84112149477005
0.8457943797111511
0.8473520278930664
0.8489096760749817
0.8473520278930664
0.8473520278930664
0.8442367315292358
0.8473520278930664
0.8457943797111511
0.8457943797111511
0.8457943797111511
0.8473520278930664
0.8504672646522522
0.8473520278930664
0.8457943797111511
0.8457943797111511
0.8520249128341675
0.8489096760749817
0.8473520278930664
0.8489096760749817
0.8489096760749817
0.8489096760749817
0.8504672646522522
0.8504672646522522
0.8520249128341675
0.8333333134651184
0.8520249128341675
0.8457943797111511
0.8473520278930664
0.8473520278930664
0.8473520278930664
0.8489096760749817
0.8473520278930664
0.8457943797111511
0.8457943797111511
0.8473520278930664
0.8473520278930664
0.8473520278930664
0.8520249128341675
0.8442367315292358
0.8504672646522522
0.8489096760749817
0.8457943797111511
0.836448609828949
0.84112149477005
0.8473520278930664
0.8473520278930664
0.8489096760749817
0.8442367315292358
0.8489096760749817
0.8473520278930664
0.8457943797111511
0.8426791429519653
0.8380062580108643
0.8504672646522522
0.8473520278930664
0.8489096760749817
0.8473520278930664
0.8457943797111511
0.8442367315292358
0.84112149477005
0.8504672646522522
0.8457943797111511
0.8473520278930664
0.8457943797111511
0.8457943797111511
0.8489096760749817
0.8473520278930664
0.8457943797111511
0.8473520278930664
0.8442367315292358
0.8426791429519653
0.8504672646522522
0.8457943797111511
0.8457943797111511
0.8473520278930664
0.8473520278930664
0.8457943797111511
0.8473520278930664
0.8395638465881348
0.8473520278930664
0.8489096760749817
0.8473520278930664
0.8457943797111511
0.8473520278930664
0.8489096760749817
0.8489096760749817
0.8504672646522522
0.8504672646522522
0.8489096760749817
0.8457943797111511
0.8489096760749817
0.8473520278930664
0.8473520278930664
0.8520249128341675
0.8457943797111511
0.8380062580108643
0.836448609828949
0.8489096760749817
0.8457943797111511
0.8489096760749817
0.8395638465881348
0.8457943797111511
0.8489096760749817
0.8504672646522522
0.8473520278930664
0.8473520278930664
0.8457943797111511
0.8489096760749817
0.8489096760749817
0.8489096760749817
0.8489096760749817
0.8489096760749817
0.8489096760749817
0.8442367315292358
0.8457943797111511
0.8504672646522522
0.8489096760749817
0.8473520278930664
0.8442367315292358
0.8520249128341675
0.8520249128341675
0.8504672646522522
0.8504672646522522
0.8504672646522522
0.8504672646522522
0.8473520278930664
0.8504672646522522
0.8504672646522522
0.8520249128341675
0.8473520278930664
0.8473520278930664
0.8426791429519653
0.8504672646522522
0.8489096760749817
0.8489096760749817
0.8489096760749817
0.8489096760749817
0.8473520278930664
0.8473520278930664
0.8473520278930664
0.8489096760749817
0.8504672646522522
0.8473520278930664
0.8442367315292358
0.8457943797111511
0.8489096760749817
0.8504672646522522
0.8457943797111511
0.8489096760749817
0.8504672646522522
0.8489096760749817
0.8457943797111511
0.8426791429519653
0.8473520278930664
0.8504672646522522
0.8504672646522522
0.8473520278930664
0.8504672646522522
0.8489096760749817
0.8457943797111511
0.8473520278930664
0.8504672646522522
0.8489096760749817
0.8473520278930664
0.8520249128341675
0.8473520278930664
0.84112149477005
0.8442367315292358
0.8442367315292358
0.8566977977752686
0.8473520278930664
0.8473520278930664
0.8489096760749817
0.8426791429519653
0.8426791429519653
0.8442367315292358
0.8426791429519653
0.8489096760749817
0.8473520278930664
0.8520249128341675
0.8489096760749817
0.8489096760749817
0.8457943797111511
0.8489096760749817
0.8442367315292358
0.8504672646522522
0.8489096760749817
0.8504672646522522
0.8489096760749817
0.8473520278930664
0.8473520278930664
0.8504672646522522
0.8489096760749817
0.8489096760749817
0.8489096760749817
0.8426791429519653
0.8504672646522522
0.8489096760749817
0.8489096760749817
0.8489096760749817
0.8442367315292358
0.8473520278930664
0.8457943797111511
0.8473520278930664
0.8426791429519653
0.8473520278930664
0.8457943797111511
0.8457943797111511
0.8426791429519653
0.8473520278930664
0.8442367315292358
0.8473520278930664
0.8489096760749817
0.8489096760749817
0.8489096760749817
0.8504672646522522
0.8504672646522522
0.8442367315292358
0.8489096760749817
0.8457943797111511
0.8473520278930664
0.8489096760749817
0.8473520278930664
0.8489096760749817
0.8473520278930664
0.8489096760749817
0.8489096760749817
0.8473520278930664
0.8426791429519653
0.8426791429519653
0.8473520278930664
0.8535825610160828
0.8489096760749817
0.8489096760749817
0.8504672646522522
0.8504672646522522
0.8504672646522522
0.8473520278930664
0.8426791429519653
0.8489096760749817
0.8457943797111511
0.8489096760749817
0.8442367315292358
0.8442367315292358
0.8489096760749817
0.8473520278930664
0.8380062580108643
0.8457943797111511
0.8473520278930664
0.8489096760749817
0.8504672646522522
0.8520249128341675
0.8520249128341675
0.8504672646522522
0.8504672646522522
0.8473520278930664
0.8473520278930664
0.8535825610160828
0.8520249128341675
0.8489096760749817
0.8473520278930664
0.8457943797111511
0.8457943797111511
0.8489096760749817
0.8489096760749817
0.8457943797111511
0.8473520278930664
0.8504672646522522
0.8504672646522522
0.8395638465881348
0.84112149477005
0.8520249128341675
0.8442367315292358
0.8520249128341675
0.8473520278930664
0.8489096760749817
0.8473520278930664
0.8457943797111511
0.8442367315292358
0.8457943797111511
0.8457943797111511
0.8489096760749817
0.8473520278930664
0.8489096760749817
0.8504672646522522
0.8504672646522522
0.8473520278930664
0.8504672646522522
0.8473520278930664
0.8442367315292358
0.8520249128341675
0.8489096760749817
0.8520249128341675
0.8473520278930664
0.8473520278930664
0.8489096760749817
0.8504672646522522
0.8504672646522522
0.8426791429519653
0.8426791429519653
0.8489096760749817
0.8489096760749817
0.8473520278930664
0.8473520278930664
0.8473520278930664
0.8473520278930664
0.8520249128341675
0.8473520278930664
0.8457943797111511
0.8457943797111511
0.8504672646522522
0.8520249128341675
0.8473520278930664
0.8504672646522522
0.8489096760749817
0.8520249128341675
0.8504672646522522
0.8457943797111511
0.8520249128341675
0.8504672646522522
0.8489096760749817
0.8489096760749817
0.8489096760749817
0.8489096760749817
0.8473520278930664
0.8473520278930664
0.8489096760749817
0.8489096760749817
0.8520249128341675
0.8489096760749817
0.8457943797111511
0.8457943797111511
0.8520249128341675
0.8504672646522522
0.8504672646522522
0.8504672646522522
0.8504672646522522
0.8426791429519653
0.8457943797111511
0.8442367315292358
0.84112149477005
0.8520249128341675
0.8442367315292358
0.8489096760749817
0.8489096760749817
0.8426791429519653
0.8395638465881348
0.8380062580108643
0.8489096760749817
0.8504672646522522
0.8426791429519653
0.8504672646522522
0.84112149477005
0.8457943797111511
0.8395638465881348
0.8535825610160828
0.8457943797111511
0.8457943797111511
0.8504672646522522
0.8489096760749817
0.8504672646522522
0.8489096760749817
0.8489096760749817
0.8473520278930664
0.8426791429519653
0.8504672646522522
0.8489096760749817
0.8520249128341675
0.8473520278930664
0.8442367315292358
0.8520249128341675
0.8504672646522522
0.8504672646522522
0.8473520278930664
0.8489096760749817
0.8504672646522522
0.8504672646522522
0.8442367315292358
0.8473520278930664
0.8504672646522522
0.8489096760749817
0.8473520278930664
0.8504672646522522
0.8504672646522522
0.8473520278930664
0.8442367315292358
0.8489096760749817
0.8489096760749817
0.8504672646522522
0.8489096760749817
0.8520249128341675
0.8504672646522522
0.8504672646522522
0.8504672646522522
0.8504672646522522
0.8489096760749817
0.8520249128341675
0.8457943797111511
0.8457943797111511
0.8504672646522522
0.8489096760749817
0.8426791429519653
0.8457943797111511
0.8489096760749817
0.8504672646522522
0.8457943797111511
0.8489096760749817
0.8489096760749817
0.8504672646522522
0.8504672646522522
0.8504672646522522
0.8504672646522522
0.8535825610160828
0.8489096760749817
0.8473520278930664
0.8473520278930664
0.84112149477005
0.8457943797111511
0.8504672646522522
0.8489096760749817
0.8442367315292358
0.8442367315292358
0.8520249128341675
0.8489096760749817
0.8520249128341675
0.8504672646522522
0.8489096760749817
0.8504672646522522
0.8489096760749817
0.8520249128341675
0.8535825610160828
0.8489096760749817
0.8504672646522522
0.8504672646522522
0.8504672646522522
0.8473520278930664
0.8442367315292358
0.8489096760749817
0.8504672646522522
0.8535825610160828
0.8504672646522522
0.8457943797111511
0.8504672646522522
0.8504672646522522
0.8489096760749817
0.8489096760749817
0.8473520278930664
0.8442367315292358
0.8473520278930664
0.8457943797111511
0.8473520278930664
0.8489096760749817
0.8489096760749817
0.8473520278930664
0.8504672646522522
0.8442367315292358
0.8473520278930664
0.8489096760749817
0.8504672646522522
0.8504672646522522
0.8442367315292358
0.8457943797111511
0.8504672646522522
0.8489096760749817
0.8489096760749817
0.8520249128341675
0.8504672646522522
0.855140209197998
0.8457943797111511
0.8457943797111511
0.8457943797111511
0.8504672646522522
0.8504672646522522
0.8489096760749817
0.8473520278930664
0.8442367315292358
0.8535825610160828
0.8489096760749817
0.8520249128341675
0.8504672646522522
0.8520249128341675
0.8489096760749817
0.8457943797111511
0.8520249128341675
0.8442367315292358
0.8473520278930664
0.8489096760749817
0.8473520278930664
0.8504672646522522
0.8457943797111511
0.8504672646522522
0.8520249128341675
0.8426791429519653
0.8489096760749817
0.8520249128341675
0.8520249128341675
0.8520249128341675
0.8535825610160828
0.8504672646522522
0.8520249128341675
0.8473520278930664
0.8442367315292358
0.8473520278930664
0.8504672646522522
0.8489096760749817
0.8504672646522522
0.8489096760749817
0.8504672646522522
0.8489096760749817
0.8489096760749817
0.8473520278930664
0.8489096760749817
0.8489096760749817
0.8504672646522522
0.8489096760749817
0.8504672646522522
0.8489096760749817
0.8504672646522522
0.8504672646522522
0.8504672646522522
0.8504672646522522
0.8504672646522522
0.8473520278930664
0.8457943797111511
0.8520249128341675
0.8489096760749817
0.8504672646522522
0.8520249128341675
0.8504672646522522
0.8504672646522522
0.8504672646522522
0.8520249128341675
0.8520249128341675
0.8504672646522522
0.8504672646522522
0.8504672646522522
0.8504672646522522
0.8489096760749817
0.8520249128341675
0.8504672646522522
0.8504672646522522
0.8520249128341675
0.8504672646522522
0.8489096760749817
0.8520249128341675
0.8504672646522522
0.8504672646522522
0.8504672646522522
0.8504672646522522
0.8535825610160828
0.8442367315292358
0.8442367315292358
0.8457943797111511
0.8489096760749817
0.8520249128341675
0.8504672646522522
0.8504672646522522
0.8489096760749817
0.8489096760749817
0.8504672646522522
0.8504672646522522
0.8504672646522522
0.8473520278930664
0.8504672646522522
0.8520249128341675
0.8520249128341675
0.8504672646522522
0.8520249128341675
0.8520249128341675
0.8504672646522522
0.8520249128341675
0.8520249128341675
0.8489096760749817
0.8489096760749817
0.8473520278930664
0.8520249128341675
0.8473520278930664
0.8489096760749817
0.8489096760749817
0.8489096760749817
0.8504672646522522
0.8489096760749817
0.8504672646522522
0.8489096760749817
0.8504672646522522
0.8489096760749817
0.8520249128341675
0.8489096760749817
0.8504672646522522
0.8520249128341675
0.8520249128341675
0.8520249128341675
0.8489096760749817
0.8520249128341675
0.8504672646522522
0.8504672646522522
0.8520249128341675
0.8504672646522522
0.8504672646522522
0.8504672646522522
0.8489096760749817
0.8489096760749817
0.8504672646522522
0.8520249128341675
0.8504672646522522
0.8504672646522522
0.8504672646522522
0.8504672646522522
0.8504672646522522
0.8442367315292358
0.8457943797111511
0.8535825610160828
0.8489096760749817
0.8489096760749817
0.8489096760749817
0.8520249128341675
0.8504672646522522
0.8504672646522522
0.8489096760749817
0.8473520278930664
0.8473520278930664
0.8504672646522522
0.8504672646522522
0.8504672646522522
0.8489096760749817
0.8535825610160828
0.8442367315292358
0.8442367315292358
0.8504672646522522
0.8520249128341675
0.8520249128341675
0.8520249128341675
0.8489096760749817
0.8504672646522522
0.8520249128341675
0.8489096760749817
0.8504672646522522
0.8504672646522522
0.8489096760749817
0.8504672646522522
0.8489096760749817
0.8504672646522522
0.8504672646522522
0.8489096760749817
0.8504672646522522
0.8489096760749817
0.8504672646522522
0.8504672646522522
0.8504672646522522
0.8520249128341675
0.8473520278930664
0.8442367315292358
0.8457943797111511
0.8489096760749817
0.8504672646522522
0.8489096760749817
0.8504672646522522
0.8489096760749817
0.8473520278930664
0.8504672646522522
0.8520249128341675
0.8489096760749817
0.8504672646522522
0.8504672646522522
0.8504672646522522
0.8473520278930664
0.8473520278930664
0.8489096760749817
0.8504672646522522
0.8489096760749817
0.8489096760749817
0.8520249128341675
0.8504672646522522
0.8504672646522522
0.8520249128341675
0.8504672646522522
0.8520249128341675
0.8520249128341675
0.8504672646522522
0.8489096760749817
0.8504672646522522
0.8504672646522522
0.8504672646522522
0.8504672646522522
0.8504672646522522
0.8504672646522522
0.8504672646522522
0.8520249128341675
0.8504672646522522
0.8520249128341675
0.8520249128341675
0.8504672646522522
0.8489096760749817
0.8489096760749817
0.8473520278930664
0.8504672646522522
0.8473520278930664
0.8504672646522522
0.8504672646522522
0.8489096760749817
0.8489096760749817
0.8489096760749817
0.8489096760749817
0.8489096760749817
0.8520249128341675
0.8520249128341675
0.8520249128341675
0.8504672646522522
0.8489096760749817
0.8504672646522522
0.8504672646522522
0.8504672646522522
0.8489096760749817
0.8504672646522522
0.8489096760749817
0.8520249128341675
0.8504672646522522
0.8489096760749817
0.8504672646522522
0.8520249128341675
0.8520249128341675
0.8504672646522522
0.8504672646522522
0.8520249128341675
0.8489096760749817
0.8504672646522522
0.8520249128341675
0.8504672646522522
0.8473520278930664
0.8489096760749817
0.8489096760749817
0.8489096760749817
0.8504672646522522
0.8504672646522522
0.8504672646522522
0.8473520278930664
0.8504672646522522
0.8520249128341675
0.8489096760749817
0.8489096760749817
0.8473520278930664
0.8504672646522522
0.8504672646522522
0.8504672646522522
0.8520249128341675
0.8489096760749817
0.8504672646522522
0.8489096760749817
0.8504672646522522
0.8520249128341675
0.8504672646522522
0.8504672646522522
0.8504672646522522
0.8504672646522522
0.8489096760749817
0.8504672646522522
0.8520249128341675
0.8520249128341675
0.8504672646522522
0.8504672646522522
0.8504672646522522
0.8489096760749817
0.8504672646522522
0.8504672646522522
0.8473520278930664
0.8489096760749817
0.8489096760749817
0.8489096760749817
0.8504672646522522
0.8504672646522522
0.8504672646522522
0.8504672646522522
0.8504672646522522
0.8504672646522522
0.8489096760749817
0.8504672646522522
0.8520249128341675
0.8520249128341675
0.8520249128341675
0.8520249128341675
0.8520249128341675
0.8504672646522522
0.8520249128341675
0.8520249128341675
0.8504672646522522
0.8504672646522522
0.8504672646522522
0.8504672646522522
0.8489096760749817
0.8489096760749817
0.8473520278930664
0.8504672646522522
0.8504672646522522
0.8489096760749817
0.8504672646522522
0.8489096760749817
0.8473520278930664
0.8489096760749817
0.8473520278930664
0.8489096760749817
0.8504672646522522
0.8504672646522522
0.8504672646522522
0.8504672646522522
0.8504672646522522
0.8489096760749817
0.8504672646522522
0.8504672646522522
0.8504672646522522
0.8504672646522522
0.8489096760749817
0.8504672646522522
0.8504672646522522
0.8504672646522522
0.8489096760749817
0.8504672646522522
0.8489096760749817
0.8504672646522522
0.8504672646522522
0.8504672646522522
0.8473520278930664
0.8489096760749817
0.8489096760749817
0.8473520278930664
0.8473520278930664
0.8473520278930664
0.8473520278930664
0.8489096760749817
0.8504672646522522
0.8504672646522522
0.8504672646522522
0.8504672646522522
0.8489096760749817
0.8504672646522522
0.8504672646522522
0.8504672646522522
0.8504672646522522
0.8473520278930664
0.8489096760749817
0.8473520278930664
0.8489096760749817
0.8504672646522522
0.8504672646522522
0.8489096760749817
0.8489096760749817
0.8489096760749817
0.8489096760749817
0.8473520278930664
0.8489096760749817
0.8489096760749817
0.8473520278930664
0.8473520278930664
0.8489096760749817
0.8489096760749817
0.8489096760749817
0.8473520278930664
0.8504672646522522
0.8504672646522522
0.8504672646522522
0.8504672646522522
0.8504672646522522
0.8504672646522522
0.8504672646522522
0.8504672646522522
0.8504672646522522
0.8504672646522522
0.8489096760749817
0.8489096760749817
0.8489096760749817
0.8489096760749817
0.8504672646522522
0.8520249128341675
0.8520249128341675
0.8520249128341675
0.8520249128341675
0.8520249128341675
0.8520249128341675
0.8520249128341675
0.8520249128341675
0.8520249128341675
0.8504672646522522
0.8504672646522522
0.8520249128341675
0.8520249128341675
0.8520249128341675
0.8520249128341675
0.8504672646522522
0.8535825610160828
0.8520249128341675
0.8520249128341675
0.8520249128341675
0.8520249128341675
0.8520249128341675
0.8520249128341675
0.8520249128341675
0.8504672646522522
0.8520249128341675
0.8520249128341675
0.8520249128341675
0.8520249128341675
0.8504672646522522
0.8504672646522522
0.8504672646522522
0.8504672646522522
0.8504672646522522
0.8504672646522522
0.8504672646522522
0.8504672646522522
0.8489096760749817
0.8473520278930664
0.8473520278930664
0.8473520278930664
0.8473520278930664
0.8473520278930664
0.8473520278930664
0.8473520278930664
0.8473520278930664
0.8473520278930664
0.8473520278930664
0.8473520278930664
0.8489096760749817
0.8504672646522522
0.8489096760749817
0.8489096760749817
0.8504672646522522
0.8504672646522522
0.8504672646522522
0.8504672646522522
0.8489096760749817
0.8504672646522522
0.8504672646522522
0.8489096760749817
0.8489096760749817
0.8489096760749817
0.8489096760749817
0.8489096760749817
0.8489096760749817
0.8504672646522522
0.8489096760749817
0.8504672646522522
0.8504672646522522
0.8489096760749817
0.8489096760749817
0.8489096760749817
0.8489096760749817
0.8473520278930664
0.8489096760749817
0.8504672646522522
0.8504672646522522
0.8489096760749817
0.8504672646522522
0.8489096760749817
0.8473520278930664
0.8489096760749817
0.8489096760749817
0.8489096760749817
0.8489096760749817
0.8489096760749817
0.8504672646522522
0.8504672646522522
0.8504672646522522
0.8504672646522522
0.8504672646522522
0.8504672646522522
0.8504672646522522
0.8504672646522522
0.8504672646522522
0.8504672646522522
0.8504672646522522
0.8504672646522522
0.8504672646522522
0.8504672646522522
0.8504672646522522
0.8504672646522522
0.8504672646522522
0.8489096760749817
0.8489096760749817
0.8489096760749817
0.8489096760749817
0.8489096760749817
0.8504672646522522
0.8504672646522522
0.8504672646522522
0.8504672646522522
0.8504672646522522
0.8504672646522522
0.8504672646522522
0.8504672646522522
0.8504672646522522
0.8504672646522522
0.8504672646522522
0.8504672646522522
0.8504672646522522
0.8504672646522522
0.8504672646522522
0.8504672646522522
0.8504672646522522
0.8504672646522522
0.8504672646522522
0.8504672646522522
0.8504672646522522
0.8504672646522522
0.8504672646522522
0.8504672646522522
0.8504672646522522
0.8504672646522522
0.8504672646522522
0.8504672646522522
0.8504672646522522
0.8504672646522522
0.8504672646522522
0.8489096760749817
0.8504672646522522
0.8504672646522522
0.8504672646522522
0.8504672646522522
0.8504672646522522
0.8504672646522522
0.8504672646522522
0.8504672646522522
0.8504672646522522
0.8504672646522522
0.8504672646522522
0.8504672646522522
0.8504672646522522
0.8504672646522522
0.8504672646522522
0.8504672646522522
0.8504672646522522
0.8504672646522522
0.8504672646522522
0.8504672646522522
0.8504672646522522
0.8504672646522522
0.8504672646522522
0.8504672646522522
0.8504672646522522
0.8504672646522522
0.8504672646522522
0.8504672646522522
0.8504672646522522
0.8504672646522522
0.8504672646522522
0.8504672646522522
0.8504672646522522
0.8504672646522522
0.8504672646522522
0.8504672646522522
0.8504672646522522
0.8504672646522522
0.8504672646522522
0.8504672646522522
0.8504672646522522
0.8504672646522522
0.8504672646522522
0.8504672646522522
0.8504672646522522
0.8504672646522522
0.8504672646522522
0.8504672646522522
0.8504672646522522
0.8504672646522522
0.8504672646522522
0.8504672646522522
0.8504672646522522
0.8504672646522522
0.8504672646522522
0.8504672646522522
0.8504672646522522
0.8504672646522522
0.8504672646522522
0.8504672646522522
0.8504672646522522
0.8504672646522522
0.8504672646522522
0.8504672646522522
0.8504672646522522
0.8504672646522522
0.8504672646522522
0.8504672646522522
0.8504672646522522
0.8504672646522522
0.8504672646522522
0.8504672646522522
0.8504672646522522
0.8504672646522522
0.8504672646522522
0.8504672646522522
0.8504672646522522
0.8504672646522522
0.8504672646522522
0.8504672646522522
0.8504672646522522
0.8504672646522522
0.8504672646522522
0.8504672646522522
0.8504672646522522
0.8504672646522522
0.8504672646522522
0.8504672646522522
0.8504672646522522
0.8504672646522522
0.8504672646522522
0.8504672646522522
0.8504672646522522
0.8504672646522522
0.8504672646522522
0.8504672646522522
0.8504672646522522
0.8504672646522522
0.8504672646522522
0.8504672646522522
0.8504672646522522
0.8504672646522522
0.8504672646522522
0.8504672646522522
0.8504672646522522
0.8504672646522522
0.8504672646522522
0.8504672646522522
0.8504672646522522
0.8504672646522522
0.8504672646522522
0.8504672646522522
0.8504672646522522
0.8504672646522522
0.8504672646522522
0.8504672646522522
0.8504672646522522
0.8504672646522522
0.8504672646522522
0.8504672646522522
0.8504672646522522
0.8504672646522522
0.8504672646522522
0.8504672646522522
0.8504672646522522
0.8504672646522522
0.8504672646522522
0.8504672646522522
0.8504672646522522
0.8504672646522522
0.8504672646522522
0.8504672646522522
0.8504672646522522
0.8504672646522522
0.8504672646522522
0.8504672646522522
0.8504672646522522
0.8504672646522522
0.8504672646522522
0.8504672646522522
