44.400291442871094
42.38002395629883
40.40226745605469
38.32889175415039
36.341922760009766
34.37431716918945
32.26641845703125
30.176273345947266
28.077613830566406
26.000755310058594
24.067134857177734
22.099689483642578
20.140350341796875
18.032485961914062
15.934728622436523
13.945087432861328
12.005681991577148
10.053518295288086
8.179620742797852
6.1935601234436035
4.074238300323486
2.087601900100708
0.8042030334472656
0.8281292915344238
0.7071142196655273
0.7155870795249939
0.6878271102905273
0.6820355653762817
0.6772748231887817
0.672196090221405
0.6615138649940491
0.6639634966850281
0.6687555313110352
0.6605979204177856
0.6509285569190979
0.637331485748291
0.6287762522697449
0.633689284324646
0.6202236413955688
0.6193729043006897
0.6127325296401978
0.6078478097915649
0.6121261715888977
0.5969659686088562
0.5943780541419983
0.5898695588111877
0.5875793099403381
0.5912404656410217
0.5776798129081726
0.5733147263526917
0.574073076248169
0.5717751383781433
0.5666477680206299
0.5582959651947021
0.5541279315948486
0.5545167326927185
0.5578793287277222
0.5444062352180481
0.5487769246101379
0.5439294576644897
0.5413520932197571
0.5320214033126831
0.5317667126655579
0.5285605788230896
0.5244491100311279
0.5283191204071045
0.5225245952606201
0.5259111523628235
0.5204681158065796
0.5114403963088989
0.5085319876670837
0.5101239085197449
0.5045150518417358
0.5070090889930725
0.498760849237442
0.4988388121128082
0.49830564856529236
0.492097407579422
0.49200719594955444
0.4894914925098419
0.48543623089790344
0.4836941659450531
0.48228517174720764
0.4860391616821289
0.48700374364852905
0.47647446393966675
0.47784632444381714
0.47920531034469604
0.4711012840270996
0.4696187973022461
0.4672706723213196
0.47839635610580444
0.462801069021225
0.46451860666275024
0.46246305108070374
0.4585496783256531
0.4640998840332031
0.45592597126960754
0.46224406361579895
0.4572356045246124
0.5017896294593811
0.45029643177986145
0.4524614214897156
0.44608110189437866
0.45129385590553284
0.4440891742706299
0.4463898837566376
0.4411456286907196
0.44013336300849915
0.44405409693717957
0.4389340877532959
0.4362677037715912
0.44344112277030945
0.4407990872859955
0.4326445162296295
0.44139304757118225
0.43009620904922485
0.4341892600059509
0.43089160323143005
0.4481889009475708
0.4634339511394501
0.44127020239830017
0.44047248363494873
0.42470744252204895
0.43735989928245544
0.4235902726650238
0.4212108850479126
0.4231438636779785
0.4228518605232239
0.4343029260635376
0.4182336628437042
0.4172861874103546
0.4231979548931122
0.42658084630966187
0.41493159532546997
0.41420862078666687
0.4150909185409546
0.4139229357242584
0.41577738523483276
0.41243937611579895
0.41301363706588745
0.4286106526851654
0.4152272939682007
0.4173426032066345
0.40992337465286255
0.415143221616745
0.41212573647499084
0.41720980405807495
0.4137887954711914
0.41559898853302
0.4077913761138916
0.4367777407169342
0.40731891989707947
0.40415090322494507
0.403017520904541
0.4074679911136627
0.4090738296508789
0.40005308389663696
0.41112691164016724
0.413960725069046
0.3995283842086792
0.39723798632621765
0.39944443106651306
0.4403882920742035
0.4010622501373291
0.40074095129966736
0.39973536133766174
0.39688605070114136
0.39416182041168213
0.39492011070251465
0.4411853551864624
0.40757784247398376
0.4113924503326416
0.39344871044158936
0.3996581435203552
0.40714946389198303
0.39590197801589966
0.395836740732193
0.42113736271858215
0.3937622010707855
0.3923751711845398
0.390618234872818
0.3911494016647339
0.38839608430862427
0.39086174964904785
0.42394930124282837
0.39597636461257935
0.386277437210083
0.3865927457809448
0.3898213803768158
0.41129976511001587
0.40074267983436584
0.3950953781604767
0.38831207156181335
0.42040255665779114
0.391964852809906
0.3862876892089844
0.39087948203086853
0.3872886598110199
0.38778090476989746
0.3919869661331177
0.3817332684993744
0.38550955057144165
0.3890945613384247
0.3822856545448303
0.38436585664749146
0.3839428424835205
0.3820596933364868
0.3818618059158325
0.3944927752017975
0.3841756582260132
0.38119009137153625
0.38664814829826355
0.38030025362968445
0.3800899088382721
0.38131120800971985
0.3814518451690674
0.3789066672325134
0.3925323784351349
0.3945421278476715
0.37844204902648926
0.400371789932251
0.37822937965393066
0.3892136812210083
0.39082515239715576
0.3813393712043762
0.37886619567871094
0.38871344923973083
0.382656991481781
0.3778477907180786
0.3917871415615082
0.3872024714946747
0.38066184520721436
0.3787182867527008
0.3789747357368469
0.3979186415672302
0.3926592767238617
0.38577666878700256
0.3742232322692871
0.3747032880783081
0.40792983770370483
0.3809100091457367
0.3741263151168823
0.3795243203639984
0.3810877203941345
0.3746916353702545
0.37517186999320984
0.37479323148727417
0.3751029968261719
0.3780266344547272
0.37475791573524475
0.3732483386993408
0.37839290499687195
0.37512123584747314
0.3758128881454468
0.37885767221450806
0.39323022961616516
0.38447457551956177
0.3769305944442749
0.376651406288147
0.37472930550575256
0.3730123043060303
0.37540677189826965
0.3766513466835022
0.3735205829143524
0.3928031027317047
0.3705967366695404
0.3751590847969055
0.3792475759983063
0.3754890561103821
0.39622730016708374
0.4366952180862427
0.3739323019981384
0.3737744688987732
0.3712155222892761
0.37326955795288086
0.37954002618789673
0.3765823245048523
0.3868708312511444
0.37392276525497437
0.3857800364494324
0.3713454306125641
0.3717939853668213
0.37428605556488037
0.36972764134407043
0.3704695999622345
0.38407137989997864
0.3707764446735382
0.3714871406555176
0.3703489601612091
0.37077751755714417
0.3888291120529175
0.3711022436618805
0.3722064197063446
0.36914777755737305
0.36900976300239563
0.3718372583389282
0.3713518977165222
0.36965373158454895
0.36812129616737366
0.3711300194263458
0.3691289722919464
0.36848533153533936
0.3887484669685364
0.3731802701950073
0.36899229884147644
0.36996468901634216
0.3686106503009796
0.4280431568622589
0.38880249857902527
0.37694257497787476
0.37146270275115967
0.4530308246612549
0.3765622079372406
0.37054330110549927
0.4272501468658447
0.36972710490226746
0.3707175850868225
0.3762276768684387
0.38879838585853577
0.3685813546180725
0.3695911765098572
0.36805349588394165
0.3678258955478668
0.36892542243003845
0.368130624294281
0.3679070770740509
0.376926988363266
0.36943143606185913
0.36706799268722534
0.36794206500053406
0.3743455708026886
0.387535035610199
0.39145925641059875
0.3703552782535553
0.368054062128067
0.36652204394340515
0.3661794662475586
0.3718721568584442
0.3715810477733612
0.386564701795578
0.3885873258113861
0.3693408668041229
0.3727497160434723
0.3690710663795471
0.36920472979545593
0.3661841154098511
0.3662049174308777
0.3673809766769409
0.3733777701854706
0.36746975779533386
0.3952180743217468
0.38320425152778625
0.3691258728504181
0.3707699477672577
0.36844882369041443
0.3667663037776947
0.37573471665382385
0.3697488009929657
0.37348225712776184
0.36525553464889526
0.36582645773887634
0.37742868065834045
0.3760811388492584
0.3719695210456848
0.3745390772819519
0.36843162775039673
0.40973809361457825
0.377555787563324
0.38884785771369934
0.3734714388847351
0.375321626663208
0.3643680512905121
0.366532564163208
0.4175526201725006
0.4250103831291199
0.37217089533805847
0.38959434628486633
0.3785085380077362
0.37244781851768494
0.37984511256217957
0.3647128939628601
0.36568090319633484
0.3661828339099884
0.3673951029777527
0.36578938364982605
0.36896392703056335
0.36567258834838867
0.3637463450431824
0.36516302824020386
0.3721325099468231
0.3653176724910736
0.365671306848526
0.36432310938835144
0.36454349756240845
0.364519327878952
0.36938682198524475
0.38173627853393555
0.3666061460971832
0.37357622385025024
0.3693578839302063
0.36713603138923645
0.3703813850879669
0.36808091402053833
0.36431175470352173
0.36532753705978394
0.36556476354599
0.36786141991615295
0.39214885234832764
0.3888866901397705
0.4466208219528198
0.37340986728668213
0.36848217248916626
0.36958611011505127
0.36332449316978455
0.36327359080314636
0.36519655585289
0.369294673204422
0.36433911323547363
0.3649616241455078
0.36331912875175476
0.37432414293289185
0.364508718252182
0.3765425980091095
0.37480172514915466
0.3647182285785675
0.3651145100593567
0.362974613904953
0.36263740062713623
0.3633033335208893
0.36992979049682617
0.3619482219219208
0.36850908398628235
0.36422982811927795
0.3712213635444641
0.3639064133167267
0.362558513879776
0.36344006657600403
0.36452385783195496
0.3826381266117096
0.3665408492088318
0.3637225329875946
0.36595651507377625
0.3621363043785095
0.3624010682106018
0.36801254749298096
0.36575156450271606
0.36528480052948
0.3702430725097656
0.3624728322029114
0.36564698815345764
0.41578537225723267
0.37824568152427673
0.3632720112800598
0.36407873034477234
0.3846123516559601
0.36298829317092896
0.3696659803390503
0.4187122583389282
0.36570262908935547
0.3626549243927002
0.4044077396392822
0.3625747263431549
0.3683396875858307
0.3624827563762665
0.3616199493408203
0.36309316754341125
0.363120973110199
0.36826255917549133
0.36244475841522217
0.3691941797733307
0.36236047744750977
0.3772946894168854
0.36160168051719666
0.4059438407421112
0.4702834486961365
0.39026811718940735
0.3649700880050659
0.36074838042259216
0.36551856994628906
0.36261963844299316
0.4005693197250366
0.3851816654205322
0.36703401803970337
0.3606092631816864
0.36712050437927246
0.36196404695510864
0.3662399351596832
0.40620094537734985
0.37575066089630127
0.3677090108394623
0.36206793785095215
0.36262619495391846
0.3635651171207428
0.36132553219795227
0.3631843626499176
0.36843231320381165
0.37401166558265686
0.36340782046318054
0.3981989920139313
0.37825921177864075
0.3746391832828522
0.36797985434532166
0.36435002088546753
0.36366942524909973
0.36286062002182007
0.36360254883766174
0.3685934245586395
0.3618362247943878
0.3839587867259979
0.3664988577365875
0.3997223675251007
0.3618934154510498
0.3645269572734833
0.3621397316455841
0.3618450462818146
0.3632565438747406
0.36066457629203796
0.3636057674884796
0.4254637658596039
0.46126896142959595
0.37260040640830994
0.3662256598472595
0.36328715085983276
0.3604789972305298
0.36261993646621704
0.36311134696006775
0.3610597550868988
0.38004931807518005
0.40678173303604126
0.37775084376335144
0.3716050982475281
0.36104586720466614
0.3694767355918884
0.3749748766422272
0.3677530288696289
0.3715521991252899
0.36241739988327026
0.3608623743057251
0.3641277253627777
0.3631657361984253
0.38136735558509827
0.36110928654670715
0.38106879591941833
0.3673252463340759
0.36832180619239807
0.37894946336746216
0.37510570883750916
0.3644912540912628
0.3785572350025177
0.36470848321914673
0.35934922099113464
0.36370304226875305
0.3673877716064453
0.3606317639350891
0.3650038540363312
0.36173534393310547
0.36014804244041443
0.36100542545318604
0.395832359790802
0.36712151765823364
0.3912833034992218
0.4629862606525421
0.38066303730010986
0.36047375202178955
0.3689887523651123
0.36122018098831177
0.37495556473731995
0.36838778853416443
0.3657415509223938
0.3610895276069641
0.3629732131958008
0.3630759119987488
0.3625534474849701
0.361215740442276
0.3674071729183197
0.3625158965587616
0.36091557145118713
0.3607446551322937
0.36810576915740967
0.3680453300476074
0.36190930008888245
0.3635895252227783
0.3608497679233551
0.40091031789779663
0.36419498920440674
0.3641517758369446
0.37634041905403137
0.3624359667301178
0.3629593253135681
0.35992658138275146
0.3667788803577423
0.3760501742362976
0.36834508180618286
0.4121644198894501
0.41431725025177
0.38235726952552795
0.360248327255249
0.36085161566734314
0.36410391330718994
0.3612082302570343
0.35931164026260376
0.36088836193084717
0.3612838387489319
0.37690481543540955
0.36846718192100525
0.3894641101360321
0.36555466055870056
0.366283655166626
0.4130876362323761
0.4094947874546051
0.3829903304576874
0.36668211221694946
0.361176073551178
0.36253735423088074
0.3662927746772766
0.4024753272533417
0.3663044273853302
0.3706795871257782
0.3676343858242035
0.3688228130340576
0.3598654568195343
0.36290639638900757
0.35986897349357605
0.36396288871765137
0.36072659492492676
0.3608786165714264
0.38912829756736755
0.3801897466182709
0.3872869312763214
0.378253698348999
0.3583725690841675
0.36749595403671265
0.39597034454345703
0.365680068731308
0.36415717005729675
0.3763657212257385
0.43014979362487793
0.36901068687438965
0.3649972081184387
0.364685982465744
0.3608737587928772
0.3684954345226288
0.3631533682346344
0.3592905104160309
0.36010122299194336
0.35963010787963867
0.3595312237739563
0.35902541875839233
0.35962891578674316
0.3606080114841461
0.39279258251190186
0.37082067131996155
0.36080634593963623
0.35953235626220703
0.36680537462234497
0.36035817861557007
0.36099839210510254
0.36194485425949097
0.36686715483665466
0.36784258484840393
0.361861914396286
0.3659115731716156
0.3674045205116272
0.3603333830833435
0.3633266091346741
0.3605201542377472
0.361234188079834
0.3608240485191345
0.3594546318054199
0.3590999245643616
0.359688401222229
0.3614935576915741
0.3627765476703644
0.3596133291721344
0.36329013109207153
0.36267635226249695
0.36244773864746094
0.3613606095314026
0.3943905830383301
0.41570597887039185
0.37665855884552
0.3651193678379059
0.375055193901062
0.3681807816028595
0.36028411984443665
0.35936760902404785
0.35917195677757263
0.3592296540737152
0.3622343838214874
0.35929039120674133
0.35990241169929504
0.35973435640335083
0.3598664104938507
0.3660372793674469
0.3632049560546875
0.36902058124542236
0.3650622069835663
0.3591777980327606
0.35983526706695557
0.37127166986465454
0.3604297935962677
0.383300244808197
0.36561861634254456
0.3613186478614807
0.4087870121002197
0.40521469712257385
0.37004077434539795
0.3654572069644928
0.36048078536987305
0.3695434033870697
0.36223599314689636
0.3610430955886841
0.35976526141166687
0.370990514755249
0.36818790435791016
0.36591699719429016
0.36340972781181335
0.36611074209213257
0.35954493284225464
0.3689967095851898
0.3724448084831238
0.37008970975875854
0.36286672949790955
0.3624129295349121
0.359703004360199
0.3613191246986389
0.36286860704421997
0.3735610246658325
0.3772162199020386
0.358296662569046
0.36753788590431213
0.3604634702205658
0.3623632490634918
0.3635833263397217
0.3605331480503082
0.36055657267570496
0.36099278926849365
0.35996511578559875
0.36008140444755554
0.36266806721687317
0.40141862630844116
0.40092572569847107
0.36445873975753784
0.3628925085067749
0.3598020076751709
0.3580399453639984
0.36005252599716187
0.3729674816131592
0.3579028248786926
0.3610798716545105
0.3660074472427368
0.3602602779865265
0.3589363396167755
0.3649550676345825
0.3594873249530792
0.3604220747947693
0.36136654019355774
0.3612285256385803
0.36107537150382996
0.36282265186309814
0.3631938695907593
0.3597584068775177
0.36624839901924133
0.36537235975265503
0.3594014644622803
0.37364858388900757
0.3637183606624603
0.36455583572387695
0.36392679810523987
0.36041614413261414
0.3612736761569977
0.36872398853302
0.368545264005661
0.3593330979347229
0.4019013047218323
0.39029207825660706
0.36951571702957153
0.3602146804332733
0.359382301568985
0.3709030747413635
0.3628931939601898
0.36014309525489807
0.4086330235004425
0.3725587725639343
0.3878362476825714
0.36166736483573914
0.3884284496307373
0.3651737868785858
0.358912855386734
0.360061913728714
0.3630070388317108
0.3593449294567108
0.43718022108078003
0.3672333359718323
0.35933050513267517
0.399044007062912
0.37526369094848633
0.3561662435531616
0.3586265742778778
0.36610159277915955
0.3724363148212433
0.36825281381607056
0.3617247939109802
0.3699456751346588
0.3595519959926605
0.3754945993423462
0.3666391968727112
0.363456666469574
0.36490386724472046
0.36291125416755676
0.3851202428340912
0.3714241087436676
0.4006338119506836
0.3639068007469177
0.3650846481323242
0.37423184514045715
0.3605348765850067
0.3586958050727844
0.35881006717681885
0.3752997815608978
0.3599774241447449
0.3660634756088257
0.35909584164619446
0.3706652820110321
0.36173680424690247
0.35848745703697205
0.38510221242904663
0.37909552454948425
0.39047738909721375
0.37193289399147034
0.3843841254711151
0.37666234374046326
0.36117613315582275
0.36039143800735474
0.36625149846076965
0.37176206707954407
0.36124300956726074
0.3616773784160614
0.3593699634075165
0.35944363474845886
0.36953797936439514
0.3628632724285126
0.3597825765609741
0.36179688572883606
0.3586936891078949
0.36047473549842834
0.35969072580337524
0.36283308267593384
0.3602457642555237
0.3588709235191345
0.35838332772254944
0.3584615886211395
0.3586233854293823
0.35930776596069336
0.3639562129974365
0.3588414788246155
0.36512479186058044
0.35889241099357605
0.3602580428123474
0.36013975739479065
0.3616639971733093
0.3846224844455719
0.3783206045627594
0.377584308385849
0.4460110366344452
0.373516321182251
0.35983216762542725
0.3606800436973572
0.36490049958229065
0.3606897294521332
0.4460386037826538
0.36557736992836
0.3620986044406891
0.3595714569091797
0.37788718938827515
0.36134853959083557
0.3818492591381073
0.3615923821926117
0.35850122570991516
0.3588106632232666
0.3588756024837494
0.35946086049079895
0.3593142032623291
0.3688560426235199
0.36156320571899414
0.3620991110801697
0.36212262511253357
0.3633875548839569
0.3600861132144928
0.3601006865501404
0.3595259487628937
0.3714451193809509
0.36421844363212585
0.3584102988243103
0.3584485948085785
0.3598552346229553
0.3588525056838989
0.3590505123138428
0.3582365810871124
0.3592238426208496
0.3616211414337158
0.36957788467407227
0.3604183495044708
0.35845476388931274
0.36127597093582153
0.3600403964519501
0.36062121391296387
0.360460489988327
0.3630230128765106
0.37068814039230347
0.3594350814819336
0.3831597566604614
0.3592908978462219
0.360613614320755
0.42443162202835083
0.38288411498069763
0.3592471182346344
0.3757914900779724
0.36499089002609253
0.36053624749183655
0.36003515124320984
0.40152040123939514
0.3898282051086426
0.3674106299877167
0.3647637665271759
0.37122002243995667
0.3687523901462555
0.3893677890300751
0.3825336694717407
0.374242901802063
0.3660796582698822
0.3627866208553314
0.3589268624782562
0.3746013343334198
0.36094963550567627
0.3650769591331482
0.36488330364227295
0.35962003469467163
0.3741019070148468
0.3903684616088867
0.35569527745246887
0.36146748065948486
0.3594735264778137
0.39044687151908875
0.36494702100753784
0.3595861792564392
0.35704508423805237
0.358877032995224
0.35757121443748474
0.3804425895214081
0.3614739775657654
0.35647106170654297
0.3615051805973053
0.3589985966682434
0.35807904601097107
0.3586901128292084
0.36311453580856323
0.35887882113456726
0.35932397842407227
0.3583361804485321
0.36224237084388733
0.3781978189945221
0.3592451214790344
0.3588540256023407
0.35817962884902954
0.3754884600639343
0.47673556208610535
0.5139523148536682
0.39731723070144653
0.3675130605697632
0.36749857664108276
0.3637605607509613
0.3619938790798187
0.35837292671203613
0.3643113374710083
0.36548885703086853
0.3641239404678345
0.3582763969898224
0.35975557565689087
0.36165696382522583
0.3589171767234802
0.38913899660110474
0.36757394671440125
0.36400163173675537
0.3672914206981659
0.3676658570766449
0.35991814732551575
0.3585820496082306
0.36019188165664673
0.36236581206321716
0.36185401678085327
0.3589542508125305
0.3736647963523865
0.35788512229919434
0.3665982186794281
0.37519925832748413
0.3688991367816925
0.35789769887924194
0.3594056963920593
0.36582401394844055
0.36259743571281433
0.36248257756233215
0.359845370054245
0.358703076839447
0.3608982264995575
0.35792338848114014
0.35811975598335266
0.35814976692199707
0.3576548397541046
0.3577024042606354
0.35852065682411194
0.3638262152671814
0.3780059814453125
0.35897472500801086
0.36334943771362305
0.35800701379776
0.3614749610424042
0.36038142442703247
0.35883837938308716
0.3590899705886841
0.35814765095710754
0.35934409499168396
0.35916203260421753
0.3589843809604645
0.3596729040145874
0.35978618264198303
0.3840387761592865
0.3599900007247925
0.3665718138217926
0.37363407015800476
0.3598428964614868
0.3610782325267792
0.3628752827644348
0.36204463243484497
0.36629727482795715
0.36344030499458313
0.35998985171318054
0.3606625199317932
0.3587524890899658
0.3614796996116638
0.3648292124271393
0.36108726263046265
0.35846495628356934
0.35795289278030396
0.35770729184150696
0.3608068525791168
0.36112529039382935
0.3569656014442444
0.35772863030433655
0.35776686668395996
0.35794565081596375
0.3579179048538208
0.35787174105644226
0.3780202865600586
0.3644133508205414
0.36356475949287415
0.3572233319282532
0.3581923246383667
0.37060248851776123
0.3653292655944824
0.36329618096351624
0.3592608869075775
0.3575552999973297
0.35853758454322815
0.3619730472564697
0.35726237297058105
0.3586258590221405
0.36068111658096313
0.3608478903770447
0.35985106229782104
0.35790103673934937
0.3813932240009308
0.360721617937088
0.36117804050445557
0.3582386374473572
0.3581712543964386
0.3608449101448059
0.3852175772190094
0.3590925335884094
0.3597151041030884
0.35835298895835876
0.35718926787376404
0.35840821266174316
0.35789933800697327
0.3698371946811676
0.3734862804412842
0.3587057292461395
0.3633439838886261
0.3795852065086365
0.35138073563575745
0.3664965331554413
0.36401256918907166
0.3679341971874237
0.36327826976776123
0.36129191517829895
0.3607449233531952
0.3573829233646393
0.358581006526947
0.3581421971321106
0.357818067073822
0.35840141773223877
0.35765108466148376
0.3574516177177429
0.3592822253704071
0.36661723256111145
0.3678015172481537
0.3585332930088043
0.3577572703361511
0.3587368130683899
0.35818710923194885
0.364999920129776
0.3580075204372406
0.3573419451713562
0.3583906292915344
0.35964998602867126
0.3605697453022003
0.3574950098991394
0.35760387778282166
0.35718661546707153
0.3651221692562103
0.36444321274757385
0.35707077383995056
0.357951819896698
0.35773470997810364
0.35771802067756653
0.35777947306632996
0.3584327697753906
0.357206791639328
0.35767659544944763
0.35936057567596436
0.3596753180027008
0.3578697144985199
0.35925403237342834
0.358965128660202
0.35923102498054504
0.36812031269073486
0.3620963990688324
0.3573242723941803
0.358578085899353
0.3595694899559021
0.35890907049179077
0.3595294952392578
0.3578299283981323
0.3576740324497223
0.3583638668060303
0.3583921194076538
0.3571993112564087
0.36210379004478455
0.36055371165275574
0.3572160005569458
0.35764190554618835
0.3589511811733246
0.36264923214912415
0.38454338908195496
0.368834912776947
0.35712504386901855
0.35867345333099365
0.3583258092403412
0.3573102653026581
0.3581230640411377
0.3574083149433136
0.35844168066978455
0.3570905327796936
0.35753175616264343
0.3588120937347412
0.35809803009033203
0.3596348464488983
0.35908305644989014
0.357303649187088
0.3628978133201599
0.3635868430137634
0.3573218882083893
0.35823747515678406
0.35786956548690796
0.35746294260025024
0.3574482202529907
0.3577194809913635
0.35743871331214905
0.35854968428611755
0.3584310710430145
0.3550450801849365
0.36531758308410645
0.3557732105255127
0.36000964045524597
0.3591698706150055
0.357791006565094
0.3580135703086853
0.3589593172073364
0.3620409369468689
0.3627091646194458
0.3577753007411957
0.35774093866348267
0.3579820692539215
0.3578437864780426
0.3577161133289337
0.3636551797389984
0.362714022397995
0.35875624418258667
0.35771444439888
0.3587777614593506
0.3590379059314728
0.3575344681739807
0.35835620760917664
0.35784295201301575
0.357006698846817
0.35759231448173523
0.3576052486896515
0.3574379086494446
0.3574715256690979
0.3571832776069641
0.3581720292568207
0.3585927188396454
0.3572853207588196
0.3581657409667969
0.3573378622531891
0.35851505398750305
0.3590245544910431
0.3580758571624756
0.3573227822780609
0.3576889932155609
0.3593827188014984
0.35899028182029724
0.3579360544681549
0.3576776385307312
0.35723811388015747
0.3576917052268982
0.3578473925590515
0.357564777135849
0.35719889402389526
0.3576148748397827
0.36087557673454285
0.3605033755302429
0.36013534665107727
0.3592384457588196
0.3585105240345001
0.35897424817085266
0.35793304443359375
0.35731038451194763
0.35762569308280945
0.3584231436252594
0.358548104763031
0.35786956548690796
0.3573457896709442
0.35756218433380127
0.35784703493118286
0.35743048787117004
0.3581559956073761
0.3571280837059021
0.3572082221508026
0.35771602392196655
0.3581632375717163
0.3573753237724304
0.3572474718093872
0.3574365973472595
0.35710594058036804
0.3572932779788971
0.35728952288627625
0.35737287998199463
0.3576180040836334
0.35754480957984924
0.35722824931144714
0.35726746916770935
0.357249915599823
0.35706546902656555
0.3581031858921051
0.3582077622413635
0.3575419485569
0.3574506342411041
0.3575122058391571
0.35886698961257935
0.35915905237197876
0.3582802414894104
0.35976096987724304
0.35766634345054626
0.35692742466926575
0.3572891652584076
0.35754650831222534
0.3605354428291321
0.3605530858039856
0.3583334982395172
0.35731762647628784
0.3577309250831604
0.3626624643802643
0.3631307780742645
0.36032724380493164
0.35744228959083557
0.35713526606559753
0.35786932706832886
0.35753631591796875
0.3578549921512604
0.3582751750946045
0.35748884081840515
0.35772252082824707
0.3575138747692108
0.3574329614639282
0.35745641589164734
0.35783207416534424
0.3586527109146118
0.3593589663505554
0.35797619819641113
0.35796287655830383
0.3576875329017639
0.35753241181373596
0.3571619391441345
0.35752344131469727
0.35740000009536743
0.35705846548080444
0.35768434405326843
0.3577447831630707
0.35680094361305237
0.35795873403549194
0.3571990430355072
0.3576316833496094
0.35773012042045593
0.3574359714984894
0.3571970760822296
0.357436865568161
0.35732224583625793
0.35714176297187805
0.35721123218536377
0.3572443723678589
0.35723811388015747
0.3572436571121216
0.3568611741065979
0.35705360770225525
0.3580073416233063
0.3574731945991516
0.3575476109981537
0.3571245074272156
0.35710063576698303
0.35735058784484863
0.3571527302265167
0.35714367032051086
0.35718944668769836
0.3578067123889923
0.3572840988636017
0.35725465416908264
0.3574671745300293
0.35850828886032104
0.3584006726741791
0.3580809533596039
0.3573887348175049
0.3576381206512451
0.3571704030036926
0.3580707907676697
0.3590385615825653
0.3578086495399475
0.3570844233036041
0.3573654294013977
0.3577392101287842
0.35738781094551086
0.35768771171569824
0.35897254943847656
0.3588314354419708
0.35763850808143616
0.35724905133247375
0.3574444651603699
0.35802462697029114
0.35845908522605896
0.35730183124542236
0.35712578892707825
0.35731351375579834
0.35705408453941345
0.3572106659412384
0.35683542490005493
0.3573208153247833
0.3573635518550873
0.3571309447288513
0.3574373722076416
0.3571667969226837
0.3571431040763855
0.35721179842948914
0.3572693467140198
0.3569791316986084
0.3569982349872589
0.3570675551891327
0.35714423656463623
0.3569996953010559
0.35711196064949036
0.35716477036476135
0.3572058379650116
0.3578754663467407
0.35743099451065063
0.35735616087913513
0.3573354184627533
0.35741347074508667
0.3573768436908722
0.3570851981639862
0.3573104739189148
0.35720548033714294
0.35725972056388855
0.3581044375896454
0.3583163619041443
0.3582029342651367
0.3585982620716095
0.3578403890132904
0.3576418459415436
0.357319712638855
0.35744422674179077
0.3578557074069977
0.3584074378013611
0.3580355644226074
0.357624888420105
0.35750892758369446
0.3572012782096863
0.35713690519332886
0.3577248156070709
0.3574739694595337
0.3569975793361664
0.3570683002471924
0.35708439350128174
0.35710325837135315
0.35705137252807617
0.3570462763309479
0.35745784640312195
0.3573755621910095
0.3577403724193573
0.3573151230812073
0.3570396304130554
