0.421875
0.5208333134651184
0.578125
0.578125
0.484375
0.4322916567325592
0.5
0.578125
0.515625
0.4322916567325592
0.5885416865348816
0.5104166865348816
0.4895833432674408
0.5885416865348816
0.4583333432674408
0.6145833134651184
0.546875
0.609375
0.578125
0.640625
0.6510416865348816
0.5989583134651184
0.65625
0.6302083134651184
0.5520833134651184
0.6302083134651184
0.6666666865348816
0.5885416865348816
0.6614583134651184
0.6458333134651184
0.640625
0.6822916865348816
0.6145833134651184
0.6041666865348816
0.671875
0.640625
0.6875
0.7239583134651184
0.6614583134651184
0.7239583134651184
0.6354166865348816
0.6510416865348816
0.6458333134651184
0.625
0.640625
0.609375
0.6822916865348816
0.703125
0.703125
0.7239583134651184
0.640625
0.71875
0.6770833134651184
0.6927083134651184
0.734375
0.8125
0.7552083134651184
0.7708333134651184
0.8020833134651184
0.6666666865348816
0.7552083134651184
0.671875
0.578125
0.71875
0.7083333134651184
0.5989583134651184
0.6666666865348816
0.75
0.8177083134651184
0.8020833134651184
0.75
0.71875
0.71875
0.78125
0.8177083134651184
0.7604166865348816
0.7604166865348816
0.7916666865348816
0.7864583134651184
0.8072916865348816
0.7916666865348816
0.7916666865348816
0.8020833134651184
0.7552083134651184
0.7864583134651184
0.7083333134651184
0.7395833134651184
0.7291666865348816
0.6875
0.7239583134651184
0.6822916865348816
0.625
0.6979166865348816
0.609375
0.734375
0.6510416865348816
0.6614583134651184
0.6458333134651184
0.796875
0.75
0.8020833134651184
0.703125
0.7864583134651184
0.8333333134651184
0.7916666865348816
0.8177083134651184
0.75
0.7552083134651184
0.703125
0.765625
0.6458333134651184
0.7447916865348816
0.734375
0.7239583134651184
0.7083333134651184
0.7552083134651184
0.7604166865348816
0.78125
0.84375
0.765625
0.7604166865348816
0.7864583134651184
0.7708333134651184
0.8229166865348816
0.7916666865348816
0.8177083134651184
0.84375
0.8125
0.8125
0.8177083134651184
0.828125
0.8072916865348816
0.8125
0.828125
0.796875
0.8020833134651184
0.8125
0.8072916865348816
0.8020833134651184
0.8333333134651184
0.796875
0.8177083134651184
0.796875
0.7239583134651184
0.7239583134651184
0.8333333134651184
0.8125
0.8229166865348816
0.8385416865348816
0.8020833134651184
0.8020833134651184
0.6927083134651184
0.7239583134651184
0.6354166865348816
0.6770833134651184
0.7395833134651184
0.7239583134651184
0.75
0.6875
0.7604166865348816
0.7916666865348816
0.8333333134651184
0.7708333134651184
0.7708333134651184
0.8072916865348816
0.8072916865348816
0.7916666865348816
0.8229166865348816
0.828125
0.84375
0.8125
0.8385416865348816
0.78125
0.8333333134651184
0.7604166865348816
0.7916666865348816
0.6770833134651184
0.71875
0.7083333134651184
0.7239583134651184
0.7552083134651184
0.75
0.7135416865348816
0.7708333134651184
0.8020833134651184
0.8177083134651184
0.8333333134651184
0.7864583134651184
0.796875
0.8229166865348816
0.8333333134651184
0.8072916865348816
0.828125
0.7916666865348816
0.8541666865348816
0.8229166865348816
0.8125
0.75
0.7395833134651184
0.8333333134651184
0.8229166865348816
0.7083333134651184
0.8072916865348816
0.7239583134651184
0.7708333134651184
0.8125
0.7708333134651184
0.828125
0.8333333134651184
0.8072916865348816
0.8020833134651184
0.84375
0.8229166865348816
0.8125
0.828125
0.84375
0.84375
0.8125
0.8333333134651184
0.8333333134651184
0.7916666865348816
0.8072916865348816
0.84375
0.8333333134651184
0.8020833134651184
0.8177083134651184
0.8541666865348816
0.75
0.7708333134651184
0.828125
0.796875
0.7916666865348816
0.8229166865348816
0.796875
0.7916666865348816
0.828125
0.7864583134651184
0.78125
0.640625
0.75
0.75
0.7395833134651184
0.75
0.8020833134651184
0.796875
0.8125
0.828125
0.7552083134651184
0.734375
0.734375
0.7239583134651184
0.8072916865348816
0.8072916865348816
0.7760416865348816
0.8177083134651184
0.8020833134651184
0.8072916865348816
0.8385416865348816
0.8229166865348816
0.859375
0.7916666865348816
0.7916666865348816
0.8125
0.8541666865348816
0.8177083134651184
0.828125
0.8125
0.859375
0.8072916865348816
0.84375
0.8489583134651184
0.8177083134651184
0.8072916865348816
0.828125
0.84375
0.8385416865348816
0.8177083134651184
0.8229166865348816
0.84375
0.8125
0.8333333134651184
0.8385416865348816
0.8072916865348816
0.7552083134651184
0.7708333134651184
0.8177083134651184
0.8020833134651184
0.8020833134651184
0.8645833134651184
0.8489583134651184
0.828125
0.8177083134651184
0.828125
0.8125
0.8020833134651184
0.75
0.7864583134651184
0.7447916865348816
0.75
0.7760416865348816
0.6979166865348816
0.75
0.8020833134651184
0.8489583134651184
0.8072916865348816
0.84375
0.796875
0.8020833134651184
0.8177083134651184
0.7916666865348816
0.8333333134651184
0.8541666865348816
0.8020833134651184
0.8385416865348816
0.8541666865348816
0.8333333134651184
0.8333333134651184
0.8177083134651184
0.8229166865348816
0.859375
0.7916666865348816
0.78125
0.828125
0.8333333134651184
0.84375
0.828125
0.8385416865348816
0.859375
0.78125
0.7916666865348816
0.84375
0.8333333134651184
0.78125
0.8333333134651184
0.8385416865348816
0.8020833134651184
0.8020833134651184
0.8020833134651184
0.7916666865348816
0.8072916865348816
0.765625
0.734375
0.734375
0.7864583134651184
0.7864583134651184
0.8125
0.796875
0.7291666865348816
0.7552083134651184
0.734375
0.6822916865348816
0.7708333134651184
0.7864583134651184
0.7708333134651184
0.8020833134651184
0.7604166865348816
0.8125
0.8385416865348816
0.828125
0.84375
0.859375
0.8645833134651184
0.8333333134651184
0.8020833134651184
0.7916666865348816
0.8489583134651184
0.84375
0.8489583134651184
0.828125
0.84375
0.8697916865348816
0.8385416865348816
0.8333333134651184
0.8333333134651184
0.8229166865348816
0.8072916865348816
0.8489583134651184
0.84375
0.8177083134651184
0.8125
0.84375
0.796875
0.8072916865348816
0.84375
0.84375
0.84375
0.8177083134651184
0.8645833134651184
0.859375
0.8385416865348816
0.84375
0.8541666865348816
0.8020833134651184
0.8177083134651184
0.8072916865348816
0.8229166865348816
0.828125
0.8541666865348816
0.84375
0.859375
0.8333333134651184
0.8489583134651184
0.8229166865348816
0.8177083134651184
0.8020833134651184
0.7916666865348816
0.8385416865348816
0.8385416865348816
0.859375
0.8541666865348816
0.8697916865348816
0.8645833134651184
0.8645833134651184
0.828125
0.8541666865348816
0.8177083134651184
0.8125
0.8541666865348816
0.8333333134651184
0.7760416865348816
0.7239583134651184
0.75
0.8229166865348816
0.8125
0.8489583134651184
0.875
0.8020833134651184
0.8333333134651184
0.7864583134651184
0.7760416865348816
0.7447916865348816
0.78125
0.828125
0.8177083134651184
0.8697916865348816
0.859375
0.8333333134651184
0.84375
0.859375
0.859375
0.8072916865348816
0.8333333134651184
0.8229166865348816
0.8072916865348816
0.8489583134651184
0.8385416865348816
0.8020833134651184
0.84375
0.828125
0.8072916865348816
0.84375
0.8385416865348816
0.8541666865348816
0.8489583134651184
0.828125
0.8229166865348816
0.84375
0.8229166865348816
0.8385416865348816
0.8385416865348816
0.796875
0.7760416865348816
0.765625
0.7760416865348816
0.6875
0.8177083134651184
0.7864583134651184
0.78125
0.8177083134651184
0.7864583134651184
0.8125
0.8177083134651184
0.7604166865348816
0.7395833134651184
0.7604166865348816
0.7760416865348816
0.8177083134651184
0.796875
0.765625
0.7916666865348816
0.8333333134651184
0.7916666865348816
0.8333333134651184
0.8385416865348816
0.8125
0.8020833134651184
0.8385416865348816
0.8645833134651184
0.8541666865348816
0.8489583134651184
0.8333333134651184
0.8333333134651184
0.828125
0.8697916865348816
0.7916666865348816
0.8229166865348816
0.8385416865348816
0.7916666865348816
0.8385416865348816
0.78125
0.7864583134651184
0.8333333134651184
0.8385416865348816
0.8489583134651184
0.8489583134651184
0.859375
0.84375
0.828125
0.8229166865348816
0.8333333134651184
0.8541666865348816
0.8541666865348816
0.8489583134651184
0.84375
0.8541666865348816
0.8541666865348816
0.8333333134651184
0.8385416865348816
0.84375
0.8541666865348816
0.84375
0.875
0.8697916865348816
0.8489583134651184
0.8541666865348816
0.8333333134651184
0.8177083134651184
0.8385416865348816
0.8541666865348816
0.7864583134651184
0.8697916865348816
0.8385416865348816
0.8333333134651184
0.8229166865348816
0.8489583134651184
0.8802083134651184
0.84375
0.8489583134651184
0.8489583134651184
0.8541666865348816
0.8645833134651184
0.84375
0.8697916865348816
0.8541666865348816
0.859375
0.8541666865348816
0.8697916865348816
0.8541666865348816
0.8697916865348816
0.8645833134651184
0.8645833134651184
0.8802083134651184
0.8489583134651184
0.84375
0.8541666865348816
0.859375
0.8541666865348816
0.8385416865348816
0.828125
0.8489583134651184
0.8125
0.8645833134651184
0.84375
0.84375
0.796875
0.8125
0.8229166865348816
0.84375
0.859375
0.8229166865348816
0.828125
0.8541666865348816
0.8645833134651184
0.8489583134651184
0.859375
0.8802083134651184
0.8645833134651184
0.875
0.8697916865348816
0.8802083134651184
0.8645833134651184
0.8541666865348816
0.8489583134651184
0.875
0.875
0.859375
0.859375
0.8645833134651184
0.875
0.8541666865348816
0.8489583134651184
0.84375
0.8645833134651184
0.8697916865348816
0.84375
0.8541666865348816
0.8333333134651184
0.8541666865348816
0.859375
0.8645833134651184
0.8489583134651184
0.8697916865348816
0.859375
0.8489583134651184
0.84375
0.859375
0.84375
0.859375
0.84375
0.859375
0.8489583134651184
0.8489583134651184
0.8645833134651184
0.859375
0.8645833134651184
0.8229166865348816
0.8541666865348816
0.828125
0.84375
0.8645833134651184
0.8489583134651184
0.8489583134651184
0.8489583134651184
0.8697916865348816
0.8489583134651184
0.8489583134651184
0.84375
0.8385416865348816
0.8385416865348816
0.859375
0.8541666865348816
0.8802083134651184
0.8333333134651184
0.8333333134651184
0.84375
0.8697916865348816
0.8541666865348816
0.8541666865348816
0.8489583134651184
0.8333333134651184
0.859375
0.8541666865348816
0.8385416865348816
0.8333333134651184
0.8229166865348816
0.8489583134651184
0.8385416865348816
0.8541666865348816
0.8385416865348816
0.8541666865348816
0.8385416865348816
0.8333333134651184
0.8333333134651184
0.859375
0.8229166865348816
0.8385416865348816
0.828125
0.828125
0.8177083134651184
0.8697916865348816
0.8385416865348816
0.8489583134651184
0.7916666865348816
0.8489583134651184
0.859375
0.8229166865348816
0.875
0.8697916865348816
0.84375
0.8385416865348816
0.8645833134651184
0.8541666865348816
0.8802083134651184
0.859375
0.8645833134651184
0.8697916865348816
0.84375
0.8333333134651184
0.8645833134651184
0.890625
0.8333333134651184
0.8489583134651184
0.8489583134651184
0.84375
0.8645833134651184
0.875
0.859375
0.8541666865348816
0.8489583134651184
0.84375
0.859375
0.8697916865348816
0.8645833134651184
0.828125
0.8177083134651184
0.8177083134651184
0.84375
0.8229166865348816
0.8489583134651184
0.84375
0.8645833134651184
0.890625
0.8802083134651184
0.8645833134651184
0.8489583134651184
0.84375
0.84375
0.8645833134651184
0.8697916865348816
0.8854166865348816
0.8645833134651184
0.859375
0.859375
0.8489583134651184
0.8645833134651184
0.8697916865348816
0.859375
0.828125
0.84375
0.8229166865348816
0.859375
0.8541666865348816
0.859375
0.84375
0.8802083134651184
0.859375
0.8802083134651184
0.8541666865348816
0.8645833134651184
0.8697916865348816
0.8645833134651184
0.8697916865348816
0.84375
0.84375
0.8177083134651184
0.8489583134651184
0.84375
0.8385416865348816
0.8854166865348816
0.875
0.8697916865348816
0.828125
0.84375
0.875
0.84375
0.8645833134651184
0.8645833134651184
0.8802083134651184
0.84375
0.8177083134651184
0.8541666865348816
0.859375
0.875
0.8645833134651184
0.875
0.8645833134651184
0.8802083134651184
0.859375
0.8541666865348816
0.8489583134651184
0.8645833134651184
0.8489583134651184
0.84375
0.8541666865348816
0.859375
0.859375
0.8854166865348816
0.859375
0.8697916865348816
0.8645833134651184
0.859375
0.8541666865348816
0.8489583134651184
0.8333333134651184
0.8541666865348816
0.8541666865348816
0.8541666865348816
0.8385416865348816
0.8489583134651184
0.8697916865348816
0.859375
0.875
0.8697916865348816
0.8802083134651184
0.8489583134651184
0.8385416865348816
0.8125
0.8177083134651184
0.828125
0.8697916865348816
0.859375
0.8489583134651184
0.8125
0.8385416865348816
0.859375
0.8802083134651184
0.8489583134651184
0.8645833134651184
0.859375
0.8645833134651184
0.859375
0.8541666865348816
0.8645833134651184
0.875
0.859375
0.875
0.8645833134651184
0.8645833134651184
0.8541666865348816
0.8385416865348816
0.8541666865348816
0.828125
0.828125
0.828125
0.859375
0.8489583134651184
0.8541666865348816
0.8489583134651184
0.859375
0.8177083134651184
0.875
0.8645833134651184
0.8645833134651184
0.8697916865348816
0.8645833134651184
0.8645833134651184
0.84375
0.84375
0.8541666865348816
0.8697916865348816
0.8697916865348816
0.8489583134651184
0.84375
0.828125
0.859375
0.8125
0.875
0.8541666865348816
0.8645833134651184
0.8541666865348816
0.859375
0.8385416865348816
0.84375
0.8333333134651184
0.84375
0.8385416865348816
0.859375
0.859375
0.8645833134651184
0.859375
0.8958333134651184
0.8385416865348816
0.8697916865348816
0.8645833134651184
0.875
0.859375
0.875
0.8645833134651184
0.84375
0.8645833134651184
0.8697916865348816
0.859375
0.8645833134651184
0.8697916865348816
0.84375
0.859375
0.875
0.8645833134651184
0.8697916865348816
0.84375
0.8697916865348816
0.859375
0.859375
0.859375
0.875
0.8229166865348816
0.8645833134651184
0.8385416865348816
0.859375
0.859375
0.859375
0.859375
0.875
0.84375
0.859375
0.8645833134651184
0.875
0.8645833134651184
0.875
0.875
0.859375
0.875
0.8645833134651184
0.859375
0.875
0.859375
0.8645833134651184
0.875
0.8697916865348816
0.8645833134651184
0.875
0.8645833134651184
0.8385416865348816
0.875
0.8489583134651184
0.8697916865348816
0.859375
0.859375
0.8697916865348816
0.8697916865348816
0.875
0.859375
0.8697916865348816
0.8541666865348816
0.859375
0.8802083134651184
0.8645833134651184
0.8697916865348816
0.8645833134651184
0.8385416865348816
0.8489583134651184
0.875
0.8489583134651184
0.8645833134651184
0.8697916865348816
0.8697916865348816
0.8541666865348816
0.875
0.890625
0.875
0.890625
0.859375
0.8697916865348816
0.8697916865348816
0.8645833134651184
0.8697916865348816
0.859375
0.8541666865348816
0.859375
0.8489583134651184
0.859375
0.8697916865348816
0.859375
0.859375
0.8645833134651184
0.8697916865348816
0.8645833134651184
0.8697916865348816
0.8697916865348816
0.8697916865348816
0.8645833134651184
0.875
0.875
0.8645833134651184
0.859375
0.8697916865348816
0.8697916865348816
0.8645833134651184
0.8802083134651184
0.8697916865348816
0.859375
0.8697916865348816
0.8645833134651184
0.875
0.8697916865348816
0.8645833134651184
0.875
0.8645833134651184
0.8697916865348816
0.8541666865348816
0.8645833134651184
0.875
0.8697916865348816
0.8697916865348816
0.8541666865348816
0.8697916865348816
0.8697916865348816
0.875
0.8697916865348816
0.875
0.8697916865348816
0.8697916865348816
0.875
0.8697916865348816
0.875
0.875
0.859375
0.875
0.8645833134651184
0.859375
0.8802083134651184
0.8697916865348816
0.8645833134651184
0.8697916865348816
0.8697916865348816
0.875
0.8697916865348816
0.8645833134651184
0.8697916865348816
0.8541666865348816
0.8697916865348816
0.8697916865348816
0.8697916865348816
0.8645833134651184
0.859375
0.8541666865348816
0.8645833134651184
0.875
0.875
0.859375
0.875
0.8697916865348816
0.8645833134651184
0.8697916865348816
0.8541666865348816
0.8802083134651184
0.859375
0.875
0.859375
0.875
0.8645833134651184
0.8697916865348816
0.875
0.8697916865348816
0.84375
0.8645833134651184
0.8697916865348816
0.8697916865348816
0.8697916865348816
0.8802083134651184
0.8697916865348816
0.8645833134651184
0.8697916865348816
0.8645833134651184
0.8697916865348816
0.8697916865348816
0.875
0.8802083134651184
0.8541666865348816
0.8697916865348816
0.8645833134651184
0.8645833134651184
0.8645833134651184
0.8802083134651184
0.8645833134651184
0.859375
0.8697916865348816
0.8697916865348816
0.8802083134651184
0.8697916865348816
0.8697916865348816
0.859375
0.8802083134651184
0.8645833134651184
0.8645833134651184
0.8697916865348816
0.8645833134651184
0.8645833134651184
0.8645833134651184
0.875
0.875
0.8645833134651184
0.8645833134651184
0.875
0.8697916865348816
0.8802083134651184
0.8645833134651184
0.8645833134651184
0.875
0.8697916865348816
0.875
0.8645833134651184
0.8645833134651184
0.8697916865348816
0.8645833134651184
0.8802083134651184
0.8697916865348816
0.8645833134651184
0.859375
0.875
0.8645833134651184
0.8697916865348816
0.8697916865348816
0.875
0.8645833134651184
0.8645833134651184
0.8541666865348816
0.859375
0.8697916865348816
0.8697916865348816
0.875
0.859375
0.859375
0.8697916865348816
0.875
0.8697916865348816
0.8645833134651184
0.8697916865348816
0.875
0.875
0.875
0.859375
0.8645833134651184
0.875
0.875
0.8697916865348816
0.8645833134651184
0.8697916865348816
0.875
0.8697916865348816
0.875
0.8697916865348816
0.8697916865348816
0.859375
0.8697916865348816
0.8645833134651184
0.8697916865348816
0.8802083134651184
0.8697916865348816
0.8697916865348816
0.8645833134651184
0.8697916865348816
0.875
0.875
0.8697916865348816
0.8645833134651184
0.859375
0.8541666865348816
0.8697916865348816
0.8645833134651184
0.8645833134651184
0.8645833134651184
0.875
0.8697916865348816
0.8645833134651184
0.8645833134651184
0.859375
0.8697916865348816
0.8645833134651184
0.8697916865348816
0.8697916865348816
0.8697916865348816
0.8645833134651184
0.8645833134651184
0.8697916865348816
0.875
0.875
0.8645833134651184
0.8645833134651184
0.8645833134651184
0.8645833134651184
0.8645833134651184
0.8645833134651184
0.8697916865348816
0.8645833134651184
0.875
0.8697916865348816
0.8697916865348816
0.875
0.8645833134651184
0.859375
0.8645833134651184
0.875
0.875
0.8645833134651184
0.8697916865348816
0.8697916865348816
0.8645833134651184
0.875
0.8645833134651184
0.875
0.8645833134651184
0.8645833134651184
0.8802083134651184
0.8697916865348816
0.8645833134651184
0.8645833134651184
0.859375
0.8645833134651184
0.8697916865348816
0.8697916865348816
0.8697916865348816
0.8697916865348816
0.8541666865348816
0.8645833134651184
0.8645833134651184
0.8697916865348816
0.875
0.8697916865348816
0.8645833134651184
0.8697916865348816
0.875
0.8802083134651184
0.859375
0.859375
0.8697916865348816
0.875
0.8697916865348816
0.8645833134651184
0.8645833134651184
0.8645833134651184
0.8645833134651184
0.8645833134651184
0.8645833134651184
0.8645833134651184
0.875
0.875
0.8645833134651184
0.859375
0.8645833134651184
0.8697916865348816
0.8697916865348816
0.8697916865348816
0.8645833134651184
0.859375
0.859375
0.875
0.8697916865348816
0.8645833134651184
0.8697916865348816
0.875
0.8697916865348816
0.8645833134651184
0.859375
0.875
0.8802083134651184
0.8802083134651184
0.875
0.8697916865348816
0.8645833134651184
0.8645833134651184
0.875
0.875
0.875
0.8645833134651184
0.8697916865348816
0.8697916865348816
0.8697916865348816
0.8697916865348816
0.8697916865348816
0.875
0.8645833134651184
0.8697916865348816
0.8645833134651184
0.8697916865348816
