0.5657015442848206
0.48552337288856506
0.5946547985076904
0.5233852863311768
0.5657015442848206
0.6191536784172058
0.5924276113510132
0.6369710564613342
0.6035634875297546
0.641425371170044
0.5412026643753052
0.5991091132164001
0.5902004241943359
0.5746102333068848
0.6102449893951416
0.6881960034370422
0.6703786253929138
0.7282850742340088
0.7995545864105225
0.7193763852119446
0.6681514382362366
0.6369710564613342
0.5902004241943359
0.5590200424194336
0.5367483496665955
0.5968819856643677
0.6703786253929138
0.6124721765518188
0.6748329401016235
0.7661470174789429
0.6525612473487854
0.679287314414978
0.6815145015716553
0.6993318200111389
0.6904231905937195
0.7772828340530396
0.8084632754325867
0.8084632754325867
0.7149220705032349
0.7572383284568787
0.7861915230751038
0.7973273992538452
0.8040089011192322
0.685968816280365
0.6592427492141724
0.6369710564613342
0.5590200424194336
0.5924276113510132
0.6458797454833984
0.6570155620574951
0.6815145015716553
0.6369710564613342
0.6681514382362366
0.7015590071678162
0.679287314414978
0.6436525583267212
0.7706013321876526
0.6191536784172058
0.5857461094856262
0.634743869304657
0.6770601272583008
0.685968816280365
0.6948775053024292
0.6636971235275269
0.4654788374900818
0.62806236743927
0.42984411120414734
0.6592427492141724
0.583518922328949
0.7037861943244934
0.788418710231781
0.6592427492141724
0.737193763256073
0.7572383284568787
0.737193763256073
0.7282850742340088
0.6391982436180115
0.7616926431655884
0.8129175901412964
0.8084632754325867
0.8240534663200378
0.832962155342102
0.8262805938720703
0.7171491980552673
0.7260578870773315
0.7126948833465576
0.74387526512146
0.7505567669868469
0.7572383284568787
0.7015590071678162
0.6993318200111389
0.679287314414978
0.5657015442848206
0.6458797454833984
0.6971046924591064
0.7572383284568787
0.8262805938720703
0.8240534663200378
0.8017817139625549
0.8195990920066833
0.7216035723686218
0.8173719644546509
0.8106904029846191
0.8262805938720703
0.8351892828941345
0.8106904029846191
0.832962155342102
0.5412026643753052
0.6481069326400757
0.6013363003730774
0.6592427492141724
0.685968816280365
0.7082405090332031
0.7795100212097168
0.7795100212097168
0.8351892828941345
0.6547884345054626
0.7282850742340088
0.62806236743927
0.6881960034370422
0.6881960034370422
0.7906458973884583
0.7639198303222656
0.7661470174789429
0.7728285193443298
0.6726058125495911
0.6191536784172058
0.47216036915779114
0.7505567669868469
0.7750557065010071
0.7795100212097168
0.641425371170044
0.4543429911136627
0.6570155620574951
0.4543429911136627
0.6547884345054626
0.6325166821479797
0.8262805938720703
0.8106904029846191
0.7750557065010071
0.788418710231781
0.8418708443641663
0.8262805938720703
0.8262805938720703
0.8173719644546509
0.846325159072876
0.8440979719161987
0.8307349681854248
0.8351892828941345
0.8240534663200378
0.8129175901412964
0.8240534663200378
0.8218262791633606
0.832962155342102
0.8062360882759094
0.8151447772979736
0.839643657207489
0.8062360882759094
0.8307349681854248
0.846325159072876
0.8173719644546509
0.8440979719161987
0.6436525583267212
0.43429845571517944
0.634743869304657
0.6080178022384644
0.6636971235275269
0.7550111413002014
0.7082405090332031
0.7639198303222656
0.7015590071678162
0.7572383284568787
0.7572383284568787
0.788418710231781
0.8062360882759094
0.8262805938720703
0.8351892828941345
0.8351892828941345
0.8374164700508118
0.795100212097168
0.7795100212097168
0.7683741450309753
0.8040089011192322
0.832962155342102
0.8285077810287476
0.7750557065010071
0.8285077810287476
0.8151447772979736
0.7750557065010071
0.7639198303222656
0.6770601272583008
0.8307349681854248
0.8351892828941345
0.8351892828941345
0.8351892828941345
0.8262805938720703
0.8195990920066833
0.8173719644546509
0.8440979719161987
0.8218262791633606
0.7060133814811707
0.832962155342102
0.5456570386886597
0.6837416291236877
0.7706013321876526
0.7394209504127502
0.8485523462295532
0.8374164700508118
0.7216035723686218
0.8530066609382629
0.6726058125495911
0.5902004241943359
0.6659242510795593
0.6302895545959473
0.570155918598175
0.7282850742340088
0.6614699363708496
0.7906458973884583
0.7616926431655884
0.7572383284568787
0.7683741450309753
0.781737208366394
0.8418708443641663
0.7750557065010071
0.8240534663200378
0.832962155342102
0.8017817139625549
0.7772828340530396
0.7706013321876526
0.8129175901412964
0.8106904029846191
0.8240534663200378
0.8440979719161987
0.8062360882759094
0.8307349681854248
0.7483296394348145
0.6525612473487854
0.5924276113510132
0.6748329401016235
0.832962155342102
0.8351892828941345
0.8151447772979736
0.8307349681854248
0.7639198303222656
0.7839643359184265
0.6236079931259155
0.7505567669868469
0.6703786253929138
0.737193763256073
0.634743869304657
0.6971046924591064
0.7104676961898804
0.7906458973884583
0.8351892828941345
0.788418710231781
0.6547884345054626
0.6993318200111389
0.7349665760993958
0.7483296394348145
0.8218262791633606
0.8285077810287476
0.846325159072876
0.6013363003730774
0.7416480779647827
0.6993318200111389
0.8017817139625549
0.8374164700508118
0.8195990920066833
0.788418710231781
0.7861915230751038
0.795100212097168
0.8173719644546509
0.6948775053024292
0.7171491980552673
0.795100212097168
0.795100212097168
0.846325159072876
0.839643657207489
0.8507795333862305
0.8106904029846191
0.7995545864105225
0.7216035723686218
0.7661470174789429
0.8151447772979736
0.8129175901412964
0.795100212097168
0.7661470174789429
0.8173719644546509
0.8374164700508118
0.8485523462295532
0.788418710231781
0.7973273992538452
0.7706013321876526
0.8062360882759094
0.8374164700508118
0.8040089011192322
0.6881960034370422
0.6614699363708496
0.7349665760993958
0.7082405090332031
0.7527839541435242
0.7728285193443298
0.8151447772979736
0.8485523462295532
0.8418708443641663
0.846325159072876
0.8485523462295532
0.8485523462295532
0.8530066609382629
0.8374164700508118
0.8374164700508118
0.8552338480949402
0.8440979719161987
0.8418708443641663
0.7728285193443298
0.7928730249404907
0.7795100212097168
0.7839643359184265
0.7795100212097168
0.8151447772979736
0.8129175901412964
0.8040089011192322
0.8084632754325867
0.8285077810287476
0.8106904029846191
0.8195990920066833
0.832962155342102
0.8485523462295532
0.8440979719161987
0.8485523462295532
0.8507795333862305
0.8418708443641663
0.8262805938720703
0.8062360882759094
0.8552338480949402
0.8195990920066833
0.832962155342102
0.8351892828941345
0.8485523462295532
0.846325159072876
0.7126948833465576
0.7928730249404907
0.8084632754325867
0.8374164700508118
0.8106904029846191
0.8351892828941345
0.8218262791633606
0.8151447772979736
0.8307349681854248
0.8285077810287476
0.8351892828941345
0.8440979719161987
0.8440979719161987
0.8374164700508118
0.832962155342102
0.8195990920066833
0.839643657207489
0.7505567669868469
0.7238307595252991
0.7550111413002014
0.8173719644546509
0.8530066609382629
0.8195990920066833
0.8485523462295532
0.846325159072876
0.8418708443641663
0.8507795333862305
0.8440979719161987
0.7661470174789429
0.8173719644546509
0.8240534663200378
0.7216035723686218
0.74387526512146
0.6881960034370422
0.7861915230751038
0.7594654560089111
0.5991091132164001
0.7327394485473633
0.7349665760993958
0.8173719644546509
0.8240534663200378
0.8285077810287476
0.8151447772979736
0.832962155342102
0.832962155342102
0.8418708443641663
0.788418710231781
0.7973273992538452
0.74387526512146
0.7683741450309753
0.7572383284568787
0.7661470174789429
0.781737208366394
0.8017817139625549
0.8017817139625549
0.8062360882759094
0.832962155342102
0.7171491980552673
0.730512261390686
0.7728285193443298
0.8218262791633606
0.8418708443641663
0.8307349681854248
0.8418708443641663
0.8440979719161987
0.832962155342102
0.8151447772979736
0.7550111413002014
0.8062360882759094
0.8129175901412964
0.8485523462295532
0.8418708443641663
0.8351892828941345
0.8195990920066833
0.8195990920066833
0.7193763852119446
0.7461024522781372
0.7906458973884583
0.8017817139625549
0.7861915230751038
0.8129175901412964
0.832962155342102
0.8285077810287476
0.8351892828941345
0.8240534663200378
0.8129175901412964
0.8351892828941345
0.832962155342102
0.8307349681854248
0.8218262791633606
0.832962155342102
0.839643657207489
0.8507795333862305
0.8307349681854248
0.8262805938720703
0.8440979719161987
0.8307349681854248
0.8440979719161987
0.8240534663200378
0.839643657207489
0.8485523462295532
0.7505567669868469
0.8040089011192322
0.8084632754325867
0.6881960034370422
0.7349665760993958
0.7416480779647827
0.7616926431655884
0.7394209504127502
0.7928730249404907
0.839643657207489
0.8440979719161987
0.8307349681854248
0.8351892828941345
0.8173719644546509
0.8307349681854248
0.8351892828941345
0.839643657207489
0.8552338480949402
0.8507795333862305
0.8418708443641663
0.846325159072876
0.8507795333862305
0.7505567669868469
0.7928730249404907
0.8285077810287476
0.8262805938720703
0.832962155342102
0.8351892828941345
0.839643657207489
0.8262805938720703
0.8195990920066833
0.8351892828941345
0.8485523462295532
0.8374164700508118
0.8418708443641663
0.839643657207489
0.8218262791633606
0.839643657207489
0.8440979719161987
0.839643657207489
0.8351892828941345
0.8129175901412964
0.839643657207489
0.8418708443641663
0.8285077810287476
0.8374164700508118
0.832962155342102
0.7616926431655884
0.788418710231781
0.692650318145752
0.7772828340530396
0.7928730249404907
0.7639198303222656
0.7973273992538452
0.788418710231781
0.8285077810287476
0.8374164700508118
0.8440979719161987
0.839643657207489
0.8262805938720703
0.839643657207489
0.846325159072876
0.832962155342102
0.8552338480949402
0.8307349681854248
0.8374164700508118
0.8307349681854248
0.846325159072876
0.8440979719161987
0.846325159072876
0.7728285193443298
0.8307349681854248
0.8017817139625549
0.8129175901412964
0.788418710231781
0.8106904029846191
0.8240534663200378
0.8440979719161987
0.8440979719161987
0.8351892828941345
0.7683741450309753
0.7572383284568787
0.7706013321876526
0.7149220705032349
0.74387526512146
0.8106904029846191
0.832962155342102
0.8262805938720703
0.832962155342102
0.8307349681854248
0.8262805938720703
0.795100212097168
0.7683741450309753
0.7839643359184265
0.8262805938720703
0.7661470174789429
0.8040089011192322
0.8285077810287476
0.8262805938720703
0.8374164700508118
0.8195990920066833
0.846325159072876
0.8106904029846191
0.7594654560089111
0.7750557065010071
0.8218262791633606
0.7861915230751038
0.8262805938720703
0.8106904029846191
0.6080178022384644
0.7394209504127502
0.7260578870773315
0.7394209504127502
0.7750557065010071
0.8195990920066833
0.7973273992538452
0.8173719644546509
0.846325159072876
0.8262805938720703
0.8151447772979736
0.839643657207489
0.839643657207489
0.839643657207489
0.6881960034370422
0.8040089011192322
0.8285077810287476
0.8596882224082947
0.846325159072876
0.6948775053024292
0.7483296394348145
0.7661470174789429
0.7616926431655884
0.6815145015716553
0.7706013321876526
0.7616926431655884
0.8530066609382629
0.8374164700508118
0.7171491980552673
0.781737208366394
0.692650318145752
0.7861915230751038
0.7661470174789429
0.7216035723686218
0.788418710231781
0.7728285193443298
0.8307349681854248
0.8440979719161987
0.839643657207489
0.7082405090332031
0.6993318200111389
0.7973273992538452
0.7750557065010071
0.7861915230751038
0.8195990920066833
0.7683741450309753
0.846325159072876
0.8240534663200378
0.8418708443641663
0.8485523462295532
0.8351892828941345
0.8351892828941345
0.8440979719161987
0.839643657207489
0.8374164700508118
0.8062360882759094
0.7906458973884583
0.8106904029846191
0.5946547985076904
0.7015590071678162
0.7126948833465576
0.7461024522781372
0.8106904029846191
0.8106904029846191
0.8129175901412964
0.8485523462295532
0.8374164700508118
0.8307349681854248
0.846325159072876
0.7906458973884583
0.8530066609382629
0.8374164700508118
0.8374164700508118
0.8418708443641663
0.8285077810287476
0.8218262791633606
0.8374164700508118
0.74387526512146
0.7527839541435242
0.781737208366394
0.8106904029846191
0.8351892828941345
0.8374164700508118
0.8062360882759094
0.7995545864105225
0.8262805938720703
0.8485523462295532
0.846325159072876
0.8418708443641663
0.8418708443641663
0.832962155342102
0.8374164700508118
0.8507795333862305
0.839643657207489
0.8440979719161987
0.8530066609382629
0.7037861943244934
0.788418710231781
0.7928730249404907
0.7973273992538452
0.795100212097168
0.730512261390686
0.7527839541435242
0.7639198303222656
0.8262805938720703
0.846325159072876
0.7082405090332031
0.7527839541435242
0.788418710231781
0.781737208366394
0.8307349681854248
0.8240534663200378
0.832962155342102
0.8195990920066833
0.839643657207489
0.6993318200111389
0.7416480779647827
0.6681514382362366
0.5478841662406921
0.679287314414978
0.7527839541435242
0.7861915230751038
0.788418710231781
0.781737208366394
0.8240534663200378
0.8351892828941345
0.8240534663200378
0.8173719644546509
0.8351892828941345
0.7839643359184265
0.8307349681854248
0.839643657207489
0.846325159072876
0.839643657207489
0.730512261390686
0.641425371170044
0.737193763256073
0.7973273992538452
0.832962155342102
0.8151447772979736
0.8418708443641663
0.832962155342102
0.8440979719161987
0.6948775053024292
0.7683741450309753
0.8151447772979736
0.8218262791633606
0.8285077810287476
0.8418708443641663
0.8218262791633606
0.8195990920066833
0.8285077810287476
0.8418708443641663
0.8418708443641663
0.832962155342102
0.8351892828941345
0.839643657207489
0.8530066609382629
0.8485523462295532
0.8596882224082947
0.8485523462295532
0.839643657207489
0.7171491980552673
0.7461024522781372
0.795100212097168
0.8262805938720703
0.8173719644546509
0.846325159072876
0.8173719644546509
0.8596882224082947
0.8351892828941345
0.846325159072876
0.8240534663200378
0.8307349681854248
0.8530066609382629
0.8485523462295532
0.846325159072876
0.8418708443641663
0.7126948833465576
0.7394209504127502
0.7928730249404907
0.8351892828941345
0.846325159072876
0.8596882224082947
0.846325159072876
0.8574610352516174
0.846325159072876
0.6570155620574951
0.7171491980552673
0.781737208366394
0.8485523462295532
0.839643657207489
0.8485523462295532
0.8485523462295532
0.8507795333862305
0.8374164700508118
0.8374164700508118
0.8151447772979736
0.8151447772979736
0.832962155342102
0.8530066609382629
0.8552338480949402
0.8574610352516174
0.8507795333862305
0.7616926431655884
0.7728285193443298
0.7661470174789429
0.832962155342102
0.8530066609382629
0.8552338480949402
0.737193763256073
0.8285077810287476
0.8262805938720703
0.8084632754325867
0.8218262791633606
0.8485523462295532
0.8507795333862305
0.839643657207489
0.7550111413002014
0.7995545864105225
0.8307349681854248
0.7483296394348145
0.8129175901412964
0.7327394485473633
0.7327394485473633
0.781737208366394
0.8351892828941345
0.8285077810287476
0.8596882224082947
0.8374164700508118
0.8418708443641663
0.8418708443641663
0.8507795333862305
0.8574610352516174
0.7728285193443298
0.8418708443641663
0.8552338480949402
0.7928730249404907
0.8173719644546509
0.8351892828941345
0.7928730249404907
0.8374164700508118
0.7149220705032349
0.7416480779647827
0.8351892828941345
0.8530066609382629
0.8440979719161987
0.839643657207489
0.8530066609382629
0.8552338480949402
0.8507795333862305
0.8574610352516174
0.8418708443641663
0.6948775053024292
0.7839643359184265
0.8218262791633606
0.8351892828941345
0.839643657207489
0.8507795333862305
0.8552338480949402
0.8440979719161987
0.839643657207489
0.8418708443641663
0.8574610352516174
0.8663697242736816
0.8507795333862305
0.8574610352516174
0.8440979719161987
0.846325159072876
0.8485523462295532
0.8596882224082947
0.8351892828941345
0.8218262791633606
0.8240534663200378
0.7550111413002014
0.7260578870773315
0.846325159072876
0.8418708443641663
0.8351892828941345
0.8351892828941345
0.8440979719161987
0.8552338480949402
0.8507795333862305
0.8596882224082947
0.8418708443641663
0.7327394485473633
0.6681514382362366
0.8084632754325867
0.8084632754325867
0.8129175901412964
0.8307349681854248
0.8285077810287476
0.8485523462295532
0.846325159072876
0.832962155342102
0.8507795333862305
0.8552338480949402
0.8574610352516174
0.8485523462295532
0.7973273992538452
0.8218262791633606
0.8151447772979736
0.8040089011192322
0.8307349681854248
0.832962155342102
0.846325159072876
0.8440979719161987
0.839643657207489
0.6592427492141724
0.7527839541435242
0.7861915230751038
0.7973273992538452
0.8351892828941345
0.8195990920066833
0.8374164700508118
0.832962155342102
0.8307349681854248
0.8440979719161987
0.8507795333862305
0.8530066609382629
0.8552338480949402
0.8619153499603271
0.8129175901412964
0.8173719644546509
0.8307349681854248
0.8062360882759094
0.839643657207489
0.8351892828941345
0.8485523462295532
0.8530066609382629
0.8374164700508118
0.846325159072876
0.8552338480949402
0.8552338480949402
0.8530066609382629
0.8552338480949402
0.8530066609382629
0.8596882224082947
0.8619153499603271
0.8507795333862305
0.8574610352516174
0.8619153499603271
0.8374164700508118
0.8285077810287476
0.8240534663200378
0.8240534663200378
0.8307349681854248
0.8173719644546509
0.8129175901412964
0.8129175901412964
0.8240534663200378
0.7839643359184265
0.7572383284568787
0.8173719644546509
0.832962155342102
0.846325159072876
0.839643657207489
0.8418708443641663
0.8530066609382629
0.8040089011192322
0.7928730249404907
0.8017817139625549
0.839643657207489
0.8173719644546509
0.8374164700508118
0.8485523462295532
0.8552338480949402
0.8596882224082947
0.7772828340530396
0.8418708443641663
0.8485523462295532
0.8552338480949402
0.8530066609382629
0.8574610352516174
0.839643657207489
0.8530066609382629
0.8596882224082947
0.8530066609382629
0.8574610352516174
0.8173719644546509
0.839643657207489
0.839643657207489
0.8440979719161987
0.8351892828941345
0.8574610352516174
0.8106904029846191
0.8218262791633606
0.8195990920066833
0.7795100212097168
0.8173719644546509
0.7728285193443298
0.8218262791633606
0.8195990920066833
0.8195990920066833
0.8485523462295532
0.8374164700508118
0.8641425371170044
0.8106904029846191
0.8307349681854248
0.846325159072876
0.6948775053024292
0.7772828340530396
0.7928730249404907
0.7995545864105225
0.8374164700508118
0.8530066609382629
0.8552338480949402
0.8485523462295532
0.8440979719161987
0.8619153499603271
0.8062360882759094
0.8240534663200378
0.8619153499603271
0.8485523462295532
0.8530066609382629
0.7483296394348145
0.7795100212097168
0.8017817139625549
0.8040089011192322
0.832962155342102
0.8374164700508118
0.8530066609382629
0.8641425371170044
0.8619153499603271
0.8374164700508118
0.7594654560089111
0.8485523462295532
0.8507795333862305
0.8173719644546509
0.7728285193443298
0.8262805938720703
0.832962155342102
0.8530066609382629
0.8552338480949402
0.8129175901412964
0.8195990920066833
0.8285077810287476
0.8440979719161987
0.8351892828941345
0.8619153499603271
0.8173719644546509
0.6904231905937195
0.8062360882759094
0.8285077810287476
0.6681514382362366
0.7683741450309753
0.6325166821479797
0.846325159072876
0.8708240389823914
0.8596882224082947
0.8530066609382629
0.8485523462295532
0.8440979719161987
0.8574610352516174
0.8685969114303589
0.8752784132957458
0.8663697242736816
0.8374164700508118
0.8530066609382629
0.8507795333862305
0.8552338480949402
0.8552338480949402
0.8262805938720703
0.8351892828941345
0.8530066609382629
0.8685969114303589
0.8485523462295532
0.8106904029846191
0.839643657207489
0.7839643359184265
0.8084632754325867
0.8262805938720703
0.8507795333862305
0.8218262791633606
0.832962155342102
0.8507795333862305
0.8641425371170044
0.8708240389823914
0.8619153499603271
0.8507795333862305
0.8485523462295532
0.8641425371170044
0.846325159072876
0.8685969114303589
0.8685969114303589
0.8485523462295532
0.8351892828941345
0.7394209504127502
0.7928730249404907
0.795100212097168
0.8151447772979736
0.8307349681854248
0.8129175901412964
0.8775055408477783
0.8596882224082947
0.8552338480949402
0.8663697242736816
0.8619153499603271
0.8708240389823914
0.8374164700508118
0.832962155342102
0.846325159072876
0.846325159072876
0.8552338480949402
0.8619153499603271
0.8619153499603271
0.8619153499603271
0.8641425371170044
0.8440979719161987
0.8440979719161987
0.8530066609382629
0.8619153499603271
0.8262805938720703
0.8596882224082947
0.8596882224082947
0.8641425371170044
0.8663697242736816
0.846325159072876
0.8285077810287476
0.8084632754325867
0.8552338480949402
0.8530066609382629
0.8485523462295532
0.8641425371170044
0.8641425371170044
0.8663697242736816
0.8574610352516174
0.8708240389823914
0.8797327280044556
0.8730512261390686
0.8641425371170044
0.8574610352516174
0.8574610352516174
0.8708240389823914
0.8485523462295532
0.8663697242736816
0.8685969114303589
0.8619153499603271
0.8685969114303589
0.8552338480949402
0.8262805938720703
0.8440979719161987
0.846325159072876
0.8574610352516174
0.8440979719161987
0.8730512261390686
0.8552338480949402
0.6503340601921082
0.8708240389823914
0.8530066609382629
0.8307349681854248
0.8351892828941345
0.8262805938720703
0.8418708443641663
0.8485523462295532
0.846325159072876
0.7616926431655884
0.7839643359184265
0.7995545864105225
0.8285077810287476
0.839643657207489
0.8596882224082947
0.8619153499603271
0.8730512261390686
0.8708240389823914
0.8708240389823914
0.8641425371170044
0.7839643359184265
0.795100212097168
0.839643657207489
0.8374164700508118
0.8530066609382629
0.7015590071678162
0.6726058125495911
0.7394209504127502
0.781737208366394
0.6904231905937195
0.7282850742340088
0.7394209504127502
0.7995545864105225
0.8218262791633606
0.795100212097168
0.846325159072876
0.8596882224082947
0.8440979719161987
0.679287314414978
0.7594654560089111
0.8530066609382629
0.8552338480949402
0.8619153499603271
0.8685969114303589
0.8574610352516174
0.8708240389823914
0.8708240389823914
0.8663697242736816
0.7327394485473633
0.6904231905937195
0.583518922328949
0.7639198303222656
0.8106904029846191
0.8374164700508118
0.8530066609382629
0.839643657207489
0.839643657207489
0.839643657207489
0.8507795333862305
0.839643657207489
0.8530066609382629
0.8262805938720703
0.8418708443641663
0.8418708443641663
0.8507795333862305
0.8129175901412964
0.74387526512146
0.8129175901412964
0.8440979719161987
0.8619153499603271
0.8641425371170044
0.8708240389823914
0.8663697242736816
0.8663697242736816
0.8663697242736816
0.74387526512146
0.8173719644546509
0.8596882224082947
0.7616926431655884
0.8151447772979736
0.8351892828941345
0.8574610352516174
0.8663697242736816
0.8084632754325867
0.8530066609382629
0.8507795333862305
0.839643657207489
0.8619153499603271
0.8641425371170044
0.8530066609382629
0.8708240389823914
0.8663697242736816
0.8641425371170044
0.8596882224082947
0.8663697242736816
0.8574610352516174
0.8752784132957458
0.8752784132957458
0.8641425371170044
0.8685969114303589
0.8418708443641663
0.8752784132957458
0.8708240389823914
0.8596882224082947
0.8730512261390686
0.8775055408477783
0.8775055408477783
0.8351892828941345
0.7505567669868469
0.8307349681854248
0.8552338480949402
0.846325159072876
0.8619153499603271
0.8663697242736816
0.8596882224082947
0.8663697242736816
0.8351892828941345
0.8641425371170044
0.8596882224082947
0.8552338480949402
0.8685969114303589
0.8730512261390686
0.8752784132957458
0.8129175901412964
0.8730512261390686
0.8619153499603271
0.8062360882759094
0.8552338480949402
0.839643657207489
0.8708240389823914
0.8663697242736816
0.8663697242736816
0.7527839541435242
0.8574610352516174
0.8552338480949402
0.8619153499603271
0.8685969114303589
0.8641425371170044
0.8730512261390686
0.8619153499603271
0.8730512261390686
0.8663697242736816
0.8574610352516174
0.8708240389823914
0.8485523462295532
0.8663697242736816
0.8752784132957458
0.8663697242736816
0.8596882224082947
0.8752784132957458
0.8685969114303589
0.8351892828941345
0.8596882224082947
0.8574610352516174
0.839643657207489
0.8552338480949402
0.8619153499603271
0.8530066609382629
0.8596882224082947
0.7594654560089111
0.846325159072876
0.8307349681854248
0.8596882224082947
0.8574610352516174
0.8685969114303589
0.8641425371170044
0.8530066609382629
0.8685969114303589
0.8262805938720703
0.8708240389823914
0.8440979719161987
0.8663697242736816
0.8240534663200378
0.8084632754325867
0.846325159072876
0.8663697242736816
0.8641425371170044
0.8596882224082947
0.8619153499603271
0.8685969114303589
0.8752784132957458
0.8685969114303589
0.8262805938720703
0.8574610352516174
0.8552338480949402
0.8708240389823914
0.8619153499603271
0.8552338480949402
0.8708240389823914
0.846325159072876
0.8596882224082947
0.8730512261390686
0.8685969114303589
0.8685969114303589
0.8708240389823914
0.8641425371170044
0.846325159072876
0.8752784132957458
0.8730512261390686
0.8730512261390686
0.8752784132957458
0.8752784132957458
0.8797327280044556
0.8641425371170044
0.8708240389823914
0.8596882224082947
0.8485523462295532
0.8663697242736816
0.8775055408477783
0.8641425371170044
0.8596882224082947
0.8663697242736816
0.8507795333862305
0.8708240389823914
0.832962155342102
0.8619153499603271
0.8574610352516174
0.846325159072876
0.8619153499603271
0.8619153499603271
0.8663697242736816
0.8730512261390686
0.8752784132957458
0.8685969114303589
0.8752784132957458
0.8619153499603271
0.8663697242736816
0.8708240389823914
0.8730512261390686
0.8730512261390686
0.8708240389823914
0.8708240389823914
0.8708240389823914
0.8775055408477783
0.8485523462295532
0.8507795333862305
0.8752784132957458
0.8730512261390686
0.8685969114303589
0.8708240389823914
0.8775055408477783
0.8775055408477783
0.8685969114303589
0.8775055408477783
0.8730512261390686
0.8730512261390686
0.8730512261390686
0.8775055408477783
0.8685969114303589
0.8663697242736816
0.8752784132957458
0.8596882224082947
0.8752784132957458
0.8775055408477783
0.8708240389823914
0.8596882224082947
0.8619153499603271
0.839643657207489
0.8641425371170044
0.8663697242736816
0.8619153499603271
0.8663697242736816
0.8663697242736816
0.8173719644546509
0.8685969114303589
0.8641425371170044
0.8641425371170044
0.8685969114303589
0.8708240389823914
0.8708240389823914
0.8730512261390686
0.8708240389823914
0.8641425371170044
0.8775055408477783
0.8730512261390686
0.8485523462295532
0.8552338480949402
0.8685969114303589
0.8775055408477783
0.8685969114303589
0.8708240389823914
0.8708240389823914
0.8685969114303589
0.8752784132957458
0.8730512261390686
0.8775055408477783
0.8775055408477783
0.8797327280044556
0.8708240389823914
0.8708240389823914
0.8708240389823914
0.8663697242736816
0.8596882224082947
0.8775055408477783
0.846325159072876
0.8685969114303589
0.8641425371170044
0.8685969114303589
0.8752784132957458
0.8619153499603271
0.8641425371170044
0.8708240389823914
0.8708240389823914
0.8663697242736816
0.8574610352516174
0.8641425371170044
0.8819599151611328
0.8708240389823914
0.8641425371170044
0.8685969114303589
0.8730512261390686
0.8752784132957458
0.8730512261390686
0.8708240389823914
0.8708240389823914
0.8730512261390686
0.8730512261390686
0.8663697242736816
0.8730512261390686
0.8663697242736816
0.8730512261390686
0.8663697242736816
0.8730512261390686
0.8752784132957458
0.8797327280044556
0.8641425371170044
0.8574610352516174
0.8641425371170044
0.8708240389823914
0.8663697242736816
0.8797327280044556
0.8797327280044556
0.8752784132957458
0.8819599151611328
0.8752784132957458
0.8619153499603271
0.8507795333862305
0.8708240389823914
0.8797327280044556
0.8775055408477783
0.8752784132957458
0.8752784132957458
0.8708240389823914
0.8730512261390686
0.8775055408477783
0.8797327280044556
0.8797327280044556
0.8775055408477783
0.8596882224082947
0.8708240389823914
0.8797327280044556
0.8775055408477783
0.8797327280044556
0.8440979719161987
0.8552338480949402
0.8797327280044556
0.8775055408477783
0.8797327280044556
0.8752784132957458
0.8841871023178101
0.8708240389823914
0.8641425371170044
0.8663697242736816
0.8641425371170044
0.8708240389823914
0.8864142298698425
0.8730512261390686
0.8752784132957458
0.8797327280044556
0.8797327280044556
0.8775055408477783
0.8530066609382629
0.8552338480949402
0.8819599151611328
0.8619153499603271
0.8351892828941345
0.8596882224082947
0.8775055408477783
0.8819599151611328
0.8775055408477783
0.8775055408477783
0.8641425371170044
0.8663697242736816
0.8775055408477783
0.8775055408477783
0.8797327280044556
0.8730512261390686
0.8752784132957458
0.8708240389823914
0.8775055408477783
0.8775055408477783
0.8730512261390686
0.8574610352516174
0.8619153499603271
0.8797327280044556
0.8819599151611328
0.8797327280044556
0.8841871023178101
0.8797327280044556
0.8797327280044556
0.8841871023178101
0.8819599151611328
0.8841871023178101
0.8819599151611328
0.8775055408477783
0.8775055408477783
0.8864142298698425
0.8775055408477783
0.8797327280044556
0.8797327280044556
0.8775055408477783
0.8819599151611328
0.8819599151611328
0.8841871023178101
0.8819599151611328
0.8752784132957458
0.8797327280044556
0.8797327280044556
0.8775055408477783
0.8819599151611328
0.8819599151611328
0.8797327280044556
0.8797327280044556
0.8797327280044556
0.8797327280044556
0.8841871023178101
0.8752784132957458
0.8752784132957458
0.8775055408477783
0.8841871023178101
0.8819599151611328
0.8841871023178101
0.8797327280044556
0.8775055408477783
0.8797327280044556
0.8752784132957458
0.8775055408477783
0.8819599151611328
0.8841871023178101
0.8841871023178101
0.8819599151611328
0.8841871023178101
0.8819599151611328
0.8819599151611328
0.8641425371170044
0.8641425371170044
0.8730512261390686
0.8775055408477783
0.8797327280044556
0.8752784132957458
0.8752784132957458
0.8775055408477783
0.8797327280044556
0.8864142298698425
0.8819599151611328
0.8819599151611328
0.8708240389823914
0.8730512261390686
0.8730512261390686
0.8708240389823914
0.8752784132957458
0.8775055408477783
0.8752784132957458
0.8775055408477783
0.8775055408477783
0.8775055408477783
0.8775055408477783
0.8752784132957458
0.8819599151611328
0.8797327280044556
0.8819599151611328
0.8775055408477783
0.8841871023178101
0.8797327280044556
0.8730512261390686
0.8752784132957458
0.8752784132957458
0.8775055408477783
0.8841871023178101
0.8841871023178101
0.8886414170265198
0.8819599151611328
0.8819599151611328
0.8819599151611328
0.8841871023178101
0.8819599151611328
0.8819599151611328
0.8819599151611328
0.8797327280044556
0.8730512261390686
0.8752784132957458
0.8775055408477783
0.8775055408477783
0.8752784132957458
0.8797327280044556
0.8797327280044556
0.8775055408477783
0.8730512261390686
0.8819599151611328
0.8819599151611328
0.8819599151611328
0.8819599151611328
0.8819599151611328
0.8819599151611328
0.8752784132957458
0.8797327280044556
0.8841871023178101
0.8841871023178101
0.8819599151611328
0.8775055408477783
0.8752784132957458
0.8752784132957458
0.8775055408477783
0.8752784132957458
0.8775055408477783
0.8841871023178101
0.8819599151611328
0.8841871023178101
0.8819599151611328
0.8819599151611328
0.8841871023178101
0.8775055408477783
0.8775055408477783
0.8797327280044556
0.8841871023178101
0.8841871023178101
0.8797327280044556
0.8819599151611328
0.8841871023178101
0.8775055408477783
0.8775055408477783
0.8775055408477783
0.8752784132957458
0.8819599151611328
0.8841871023178101
0.8841871023178101
0.8841871023178101
0.8841871023178101
0.8819599151611328
0.8775055408477783
0.8797327280044556
0.8775055408477783
0.8797327280044556
0.8797327280044556
0.8819599151611328
0.8819599151611328
0.8775055408477783
0.8775055408477783
0.8775055408477783
0.8819599151611328
0.8797327280044556
0.8819599151611328
0.8797327280044556
0.8775055408477783
0.8841871023178101
0.8841871023178101
0.8819599151611328
0.8797327280044556
0.8819599151611328
0.8797327280044556
0.8752784132957458
0.8841871023178101
0.8797327280044556
0.8797327280044556
0.8797327280044556
0.8819599151611328
0.8841871023178101
0.8841871023178101
0.8797327280044556
0.8797327280044556
0.8819599151611328
0.8841871023178101
0.8819599151611328
