51.83068084716797
13.099759101867676
11.042591094970703
18.993436813354492
18.92868995666504
13.272293090820312
5.500291347503662
6.139504432678223
9.47256851196289
3.479191541671753
5.127345561981201
7.517812252044678
6.143885612487793
2.0509748458862305
4.806478023529053
4.262196063995361
1.2496836185455322
3.1368234157562256
1.6599723100662231
2.4001686573028564
1.3579992055892944
1.8588424921035767
0.8919296264648438
1.1919183731079102
1.1222963333129883
0.8588067889213562
0.9018377065658569
1.09871506690979
0.7024875283241272
0.7745461463928223
0.8459458351135254
0.9169502258300781
0.8939395546913147
0.7145380973815918
0.748405933380127
0.8582615852355957
0.7595491409301758
0.7098981142044067
0.7998847961425781
0.731562614440918
0.7078877091407776
0.6464104056358337
0.621767520904541
0.5659302473068237
0.6605211496353149
0.6743495464324951
0.6365293860435486
0.6241730451583862
0.6050772666931152
0.6406371593475342
0.5968911051750183
0.5819116234779358
0.5798377394676208
0.5448769330978394
0.6222056150436401
0.6666587591171265
0.6114562749862671
0.5903187394142151
0.5546734929084778
0.5385171175003052
0.528468132019043
0.5514895915985107
0.5605425238609314
0.53621506690979
0.5507404208183289
0.5549374222755432
0.524651825428009
0.5017042756080627
0.5116211771965027
0.5001638531684875
0.5115209221839905
0.5120210647583008
0.4920402765274048
0.5188049077987671
0.5454078912734985
0.5254521369934082
0.5389130115509033
0.5471464395523071
0.598910927772522
0.8502167463302612
0.8834503293037415
0.8193150162696838
0.7133762836456299
0.6352145075798035
0.5832148790359497
0.7906398773193359
0.5054159164428711
0.5753750801086426
0.6165847778320312
0.659528374671936
0.4812922179698944
0.4754411280155182
0.49978965520858765
0.5950697660446167
0.745881199836731
0.678372859954834
0.6496661305427551
0.517015278339386
0.49031275510787964
0.4831696152687073
0.4495823383331299
0.47562670707702637
0.4745176434516907
0.4715051054954529
0.4508371949195862
0.47623875737190247
0.534569501876831
0.549920916557312
0.5339263677597046
0.5042167901992798
0.4843396544456482
0.5077939033508301
0.507685124874115
0.5361590385437012
0.4946763813495636
0.5272347927093506
0.5508131980895996
0.50736403465271
0.6396932601928711
0.5352128744125366
0.46628904342651367
0.43883073329925537
0.44857168197631836
0.469698965549469
0.4876755475997925
0.4500199854373932
0.485111802816391
0.6794723272323608
0.6493391990661621
0.7428432703018188
0.5509951710700989
0.4438263773918152
0.4364002048969269
0.42897263169288635
0.4305926561355591
0.5036819577217102
0.4169731140136719
0.4857308864593506
0.45053452253341675
0.6152355670928955
0.6531053781509399
0.5554693937301636
0.5044205784797668
0.4767204821109772
0.48105382919311523
0.43220973014831543
0.47353270649909973
0.4213832914829254
0.41268324851989746
0.43583860993385315
0.41901862621307373
0.4016461968421936
0.4007146656513214
0.4823697805404663
0.4604712724685669
0.4561917781829834
0.47691142559051514
0.5832200646400452
0.8013790249824524
0.626265287399292
0.5425017476081848
0.48621827363967896
0.45374032855033875
0.47492069005966187
0.41638073325157166
0.4038635194301605
0.3956436216831207
0.4043709635734558
0.43243658542633057
0.43369752168655396
0.4318232536315918
0.4170721173286438
0.4813691973686218
0.5485154390335083
0.5000941157341003
0.4245874285697937
0.5391848683357239
0.47699758410453796
0.43961548805236816
0.41673120856285095
0.38625580072402954
0.41872739791870117
0.40790361166000366
0.5687652826309204
0.9111678004264832
1.1806811094284058
0.5765365362167358
0.8078789114952087
0.8705868721008301
0.9943375587463379
1.2868702411651611
0.7686153650283813
0.910802960395813
0.9127752184867859
1.0915350914001465
1.0250768661499023
0.6291978359222412
0.5825928449630737
0.5133541226387024
0.7305350303649902
1.0893275737762451
0.5877925157546997
0.7292309999465942
0.6573053002357483
0.6788108348846436
0.8937867879867554
0.6564643383026123
0.46157628297805786
0.5054819583892822
0.4714868664741516
0.3503910303115845
0.4961925148963928
0.6147172451019287
0.4424297511577606
0.4939839839935303
0.5535072684288025
0.6048783659934998
0.5455548763275146
0.3809225857257843
0.41457319259643555
0.5842100977897644
0.38608142733573914
0.4454147517681122
0.42914047837257385
0.4098404049873352
0.42559581995010376
0.39865580201148987
0.3906823992729187
0.4073292911052704
0.44028329849243164
0.4160343408584595
0.37962985038757324
0.37138569355010986
0.3952876925468445
0.4322088956832886
0.4307857155799866
0.47547146677970886
0.5052965879440308
0.522649347782135
0.5507276654243469
0.45710957050323486
0.37235283851623535
0.35698771476745605
0.37765076756477356
0.4361423850059509
0.36087119579315186
0.3782503306865692
0.4176099896430969
0.38249990344047546
0.37448397278785706
0.3596283793449402
0.360115647315979
0.3619413673877716
0.36508700251579285
0.3749825358390808
0.36048686504364014
0.3658239245414734
0.4502891004085541
0.5115692615509033
0.5996180772781372
0.6538306474685669
0.8504761457443237
0.6306067705154419
0.6486124992370605
0.39185670018196106
0.5273019671440125
0.5539447665214539
0.5414004325866699
0.4626578688621521
0.4633285105228424
0.41054558753967285
0.45097681879997253
0.457003116607666
0.42894676327705383
0.5989603400230408
0.6037672758102417
0.5030007362365723
0.4382263123989105
0.5530291795730591
0.333304762840271
0.4997226595878601
0.46690240502357483
0.4666866660118103
0.5501331090927124
0.444932222366333
0.42156070470809937
0.3708987832069397
0.36741316318511963
0.3789132833480835
0.4267156422138214
0.42805230617523193
0.49961429834365845
0.42560648918151855
0.4319402575492859
0.41319739818573
0.39820265769958496
0.3622819483280182
0.4038870334625244
0.3650586009025574
0.4917590618133545
0.43671369552612305
0.5277096033096313
0.4999600648880005
0.36625516414642334
0.3388330340385437
0.43095389008522034
0.4665653705596924
0.3933444023132324
0.4234001040458679
0.37966927886009216
0.34917470812797546
0.35943737626075745
0.35725831985473633
0.3523123860359192
0.3483496308326721
0.3474009037017822
0.3568589985370636
0.36218470335006714
0.3614642918109894
0.3470614552497864
0.3909927010536194
0.4070841073989868
0.46233463287353516
0.5607054233551025
0.4905601739883423
0.4093024432659149
0.36014601588249207
0.364776611328125
0.3929579257965088
0.4180041551589966
0.45376643538475037
0.5028636455535889
0.4956575036048889
0.4942712187767029
0.39159002900123596
0.3691343069076538
0.37683963775634766
0.42851996421813965
0.3724738657474518
0.35467323660850525
0.3686029314994812
0.34668487310409546
0.36812886595726013
0.3863670229911804
0.40192198753356934
0.3939445912837982
0.42165395617485046
0.40988343954086304
0.34090420603752136
0.4080938696861267
0.4615105986595154
0.4271203875541687
0.3802623152732849
0.34504377841949463
0.35039421916007996
0.35042738914489746
0.346647709608078
0.3733355402946472
0.38204890489578247
0.38207778334617615
0.3487776219844818
0.3639964461326599
0.3435141444206238
0.3713037371635437
0.41560813784599304
0.4335440993309021
0.4374925494194031
0.3898208737373352
0.34043651819229126
0.3451491594314575
0.36543768644332886
0.38289153575897217
0.37288936972618103
0.4229762852191925
0.41618669033050537
0.4621897339820862
0.37459826469421387
0.3350232243537903
0.33746781945228577
0.3867294192314148
0.5084152221679688
0.6313763856887817
0.7210460901260376
0.8000865578651428
0.7578772902488708
0.7847362756729126
0.5704981684684753
0.49220186471939087
0.5498418211936951
0.9887369871139526
0.9497989416122437
0.6076199412345886
0.5585861206054688
0.6365623474121094
0.5917027592658997
0.3694695830345154
0.4865105152130127
0.43623828887939453
0.5565827488899231
0.38724231719970703
0.37220948934555054
0.41499364376068115
0.36762040853500366
0.33171895146369934
0.4826599359512329
0.33639246225357056
0.3517872989177704
0.33573293685913086
0.388422429561615
0.42300137877464294
0.3631812632083893
0.3345155119895935
0.3406701982021332
0.33170682191848755
0.3393552899360657
0.34802791476249695
0.3557693362236023
0.35419172048568726
0.34980419278144836
0.3513830602169037
0.3373218774795532
0.34009620547294617
0.3305090069770813
0.3352419435977936
0.3326495289802551
0.380703330039978
0.3984278440475464
0.43314841389656067
0.4433382749557495
0.6918830275535583
0.571871817111969
0.46157944202423096
0.46332335472106934
0.41731083393096924
0.4676491916179657
0.33570992946624756
0.35564085841178894
0.4611794948577881
0.6014211177825928
0.6347467303276062
0.5702342391014099
0.4571722447872162
0.5896309614181519
0.6970917582511902
0.7577311992645264
0.599055826663971
0.6423401236534119
0.5536487102508545
0.4198829233646393
0.40818092226982117
0.4228830933570862
0.4121702015399933
0.3604142665863037
0.3484441339969635
0.3515089452266693
0.35217422246932983
0.334608793258667
0.36542659997940063
0.41472288966178894
0.35221803188323975
0.33828264474868774
0.37431657314300537
0.3908339738845825
0.3596636652946472
0.3432133197784424
0.38663119077682495
0.4062519669532776
0.5771433115005493
0.5556475520133972
0.456228107213974
0.542578399181366
0.3296380639076233
0.452121376991272
0.3878106474876404
0.3658941686153412
0.4870088994503021
0.5023900866508484
0.37359127402305603
0.39223793148994446
0.4536691904067993
0.40647393465042114
0.4372672438621521
0.43250247836112976
0.34636664390563965
0.3812735974788666
0.36115777492523193
0.44193941354751587
0.518757700920105
0.4559871554374695
0.3589635193347931
0.3917311429977417
0.35039645433425903
0.3805735111236572
0.323239266872406
0.3329636752605438
0.4039700925350189
0.4850916266441345
0.3560369610786438
0.33349794149398804
0.3339845538139343
0.45789656043052673
0.46564751863479614
0.5113399028778076
0.6244471669197083
0.49878525733947754
0.39637643098831177
0.62841796875
0.5138182640075684
0.46062391996383667
0.5165891647338867
0.44042766094207764
0.523479700088501
0.3403416574001312
0.32062214612960815
0.361545205116272
0.372344970703125
0.3366766571998596
0.3251262307167053
0.3219909071922302
0.32447388768196106
0.32120513916015625
0.3250559866428375
0.34296226501464844
0.32237306237220764
0.3238406181335449
0.3356965184211731
0.32364895939826965
0.33817994594573975
0.3364800214767456
0.31819796562194824
0.3436713218688965
0.34105145931243896
0.32479891180992126
0.3445815443992615
0.3236722946166992
0.32293087244033813
0.32498234510421753
0.333168089389801
0.3392554819583893
0.32776522636413574
0.35263320803642273
0.3127322196960449
0.3658231496810913
0.3316076397895813
0.3380124568939209
0.4146987795829773
0.33497631549835205
0.34671539068222046
0.3869229555130005
0.3728691041469574
0.3625290095806122
0.3631976544857025
0.4241035580635071
0.3228643834590912
0.4091464877128601
0.3455471098423004
0.33358892798423767
0.3904227614402771
0.34454891085624695
0.33687129616737366
0.3888975977897644
0.39553141593933105
0.35449209809303284
0.3603624701499939
0.33299797773361206
0.34179186820983887
0.3257811367511749
0.3318609893321991
0.316562294960022
0.33721107244491577
0.3355730175971985
0.3214435577392578
0.3586297631263733
0.3387542963027954
0.3290371298789978
0.37891027331352234
0.3426719307899475
0.35417962074279785
0.34702274203300476
0.357241690158844
0.37200137972831726
0.33523547649383545
0.35742759704589844
0.4018300771713257
0.3253893256187439
0.3684709966182709
0.33789247274398804
0.31291520595550537
0.33386775851249695
0.3235234022140503
0.31559351086616516
0.3296828269958496
0.31881630420684814
0.3435474634170532
0.3535666763782501
0.3226015567779541
0.3318036198616028
0.3510919511318207
0.31566739082336426
0.3396151661872864
0.331784725189209
0.3370125889778137
0.3263484835624695
0.3365265727043152
0.359688401222229
0.319553941488266
0.33136725425720215
0.4151265025138855
0.3011491298675537
0.38823121786117554
0.33508795499801636
0.33197057247161865
0.3525680899620056
0.33071115612983704
0.33587077260017395
0.3743906319141388
0.33283156156539917
0.33742839097976685
0.37156954407691956
0.307658314704895
0.346871554851532
0.33755868673324585
0.3164282441139221
0.32716166973114014
0.3390085995197296
0.33164316415786743
0.33253636956214905
0.3275737762451172
0.3144218325614929
0.32844433188438416
0.3276757597923279
0.3228873610496521
0.32215940952301025
0.32801109552383423
0.31754302978515625
0.3147723078727722
0.31659996509552
0.3168206214904785
0.31517454981803894
0.31788015365600586
0.31587740778923035
0.31448718905448914
0.3224762976169586
0.31804975867271423
0.3155665397644043
0.31461474299430847
0.31611865758895874
0.31475454568862915
0.3143361210823059
0.3144572377204895
0.3161356747150421
0.3159771263599396
0.31873321533203125
0.319157212972641
0.3134075105190277
0.3169269561767578
0.32441407442092896
0.31568261981010437
0.3141767382621765
0.3254769444465637
0.3164789080619812
0.32357221841812134
0.32050061225891113
0.3237994313240051
0.3150213956832886
0.3395247161388397
0.3308776021003723
0.3454931378364563
0.30981624126434326
0.37348493933677673
0.3399354815483093
0.38389697670936584
0.31838899850845337
0.3286013603210449
0.3314407467842102
0.3282162547111511
0.3234506845474243
0.3277328610420227
0.3489474654197693
0.3371429145336151
0.32260289788246155
0.31610557436943054
0.3160998523235321
0.3161793351173401
0.3153647780418396
0.31741636991500854
0.3293473422527313
0.3176003098487854
0.31978076696395874
0.31619635224342346
0.31552958488464355
0.3128322958946228
0.3130377531051636
0.3127018213272095
0.3131142854690552
0.31517496705055237
0.3169916868209839
0.3171088695526123
0.3147936761379242
0.3193039298057556
0.31812193989753723
0.31786879897117615
0.3155050277709961
0.328995943069458
0.3460273742675781
0.3234311044216156
0.3126610219478607
0.3131825029850006
0.3127514719963074
0.31218311190605164
0.3135467767715454
0.31264328956604004
0.31598249077796936
0.31215202808380127
0.3206227123737335
0.3126925826072693
0.3274106979370117
0.31637290120124817
0.3260865807533264
0.3189122676849365
0.3218412697315216
0.31546422839164734
0.3151967227458954
0.3173442482948303
0.3243238925933838
0.3170776069164276
0.32118886709213257
0.31714940071105957
0.3123244047164917
0.31242692470550537
0.3142566978931427
0.31152063608169556
0.3139559328556061
0.31223711371421814
0.31239834427833557
0.3113238215446472
0.31159114837646484
0.3118659555912018
0.31175458431243896
0.31145697832107544
0.3116299510002136
0.3120408356189728
0.3145437240600586
0.312014102935791
0.31854248046875
0.313360333442688
0.311946302652359
0.3143041431903839
0.3227672278881073
0.3124123215675354
0.3121528625488281
0.31344860792160034
0.31259945034980774
0.3209764361381531
0.31275808811187744
0.3146507143974304
0.3136637210845947
0.31097185611724854
0.3169575333595276
0.3135742247104645
0.3122531473636627
0.31362172961235046
0.31137213110923767
0.3119080364704132
0.31175047159194946
0.3133205771446228
0.31212013959884644
0.31113019585609436
0.31552350521087646
0.31251782178878784
0.3165689706802368
0.31247711181640625
0.3102947771549225
0.31186193227767944
0.3117251694202423
0.32546675205230713
0.31230872869491577
0.3151102364063263
0.31397855281829834
0.31041648983955383
0.31709063053131104
0.3131885528564453
0.31287676095962524
0.31151631474494934
0.312683641910553
0.311296284198761
0.3114946186542511
0.3193216025829315
0.3123406171798706
0.31564921140670776
0.3177637457847595
0.3098479211330414
0.31255295872688293
0.3152492642402649
0.31899765133857727
0.31356215476989746
0.3103334307670593
0.3110995590686798
0.3132612109184265
0.3187200427055359
0.3143995404243469
0.3145447373390198
0.3122372627258301
0.31141096353530884
0.31040820479393005
0.3108865022659302
0.31075242161750793
0.3189237117767334
0.3121243417263031
0.31481507420539856
0.31125742197036743
0.3104575574398041
0.31967586278915405
0.3166502118110657
0.31385332345962524
0.31610506772994995
0.3189927935600281
0.31154972314834595
0.3154842257499695
0.3155330717563629
0.31725889444351196
0.31566348671913147
0.3116227984428406
0.3119795322418213
0.31241926550865173
0.30980634689331055
0.31017476320266724
0.3149043619632721
0.31079405546188354
0.30954819917678833
0.310172975063324
0.31087726354599
0.31236031651496887
0.31440839171409607
0.3123452663421631
0.31091541051864624
0.31039828062057495
0.31004226207733154
0.3099519908428192
0.3105084002017975
0.3109184503555298
0.3105943500995636
0.30995476245880127
0.3099461793899536
0.3101700246334076
0.3111135959625244
0.3098854124546051
0.30995193123817444
0.3099426031112671
0.31119149923324585
0.3104081153869629
0.3141202926635742
0.309717059135437
0.31120115518569946
0.3098890781402588
0.3119838535785675
0.3101763427257538
0.3139510154724121
0.31229180097579956
0.31018948554992676
0.3095330595970154
0.31554117798805237
0.31184282898902893
0.3102971911430359
0.3110460042953491
0.31364113092422485
0.3110382556915283
0.3095362186431885
0.31489211320877075
0.3124917149543762
0.30953434109687805
0.3156842589378357
0.31254762411117554
0.31532829999923706
0.3105466961860657
0.31027746200561523
0.31014496088027954
0.31157469749450684
0.31254711747169495
0.3112352192401886
0.3118835985660553
0.3111765384674072
0.31262728571891785
0.31000205874443054
0.3097458481788635
0.3108377456665039
0.30992013216018677
0.3109404444694519
0.3099779486656189
0.3097928762435913
0.3095146417617798
0.30992555618286133
0.3096882700920105
0.30948442220687866
0.3113749027252197
0.30978551506996155
0.3093746304512024
0.3097507357597351
0.30964431166648865
0.31026214361190796
0.3098192811012268
0.309483140707016
0.3109615743160248
0.31011682748794556
0.3091914653778076
0.3101939558982849
0.3105663061141968
0.30959218740463257
0.30913281440734863
0.31045591831207275
0.3103542625904083
0.3092798590660095
0.3104526996612549
0.30991995334625244
0.3094460368156433
0.3097530007362366
0.31120163202285767
0.3129851222038269
0.3096814751625061
0.3101126551628113
0.3103334903717041
0.3104122281074524
0.31100502610206604
0.3121509850025177
0.31175193190574646
