43.41895294189453
42.016963958740234
40.607635498046875
39.2573356628418
37.982418060302734
36.748844146728516
35.43968200683594
34.04899215698242
32.718074798583984
31.53826904296875
30.441116333007812
29.28194808959961
28.092622756958008
26.89117431640625
25.816179275512695
24.650102615356445
23.404621124267578
22.146190643310547
21.00570297241211
19.831192016601562
18.541072845458984
17.14506721496582
15.817395210266113
14.452022552490234
13.14402961730957
11.787277221679688
10.552631378173828
9.313063621520996
8.071011543273926
6.866512775421143
5.715120315551758
4.597314834594727
3.354599952697754
2.084188938140869
1.1150404214859009
0.7975218892097473
0.7945162653923035
0.750036895275116
0.7558565735816956
0.7084988951683044
0.7345112562179565
0.7100964188575745
0.6948960423469543
0.6934862732887268
0.6817771792411804
0.681294858455658
0.691798210144043
0.6747777462005615
0.7425089478492737
0.6632335186004639
0.674299418926239
0.6531129479408264
0.6556932330131531
0.6532491445541382
0.6409528851509094
0.6770732998847961
0.6711816787719727
0.6405773162841797
0.6292111277580261
0.6395336389541626
0.6244099736213684
0.6208529472351074
0.614321231842041
0.616584300994873
0.6175252199172974
0.6185098886489868
0.6055431962013245
0.6081723570823669
0.5980781316757202
0.605934202671051
0.6063581705093384
0.614122748374939
0.6110656261444092
0.5997066497802734
0.5795875191688538
0.5834635496139526
0.5797061324119568
0.5735133290290833
0.5674808621406555
0.5706596374511719
0.5679075121879578
0.5647916793823242
0.5771316885948181
0.5625512599945068
0.5645422339439392
0.5579626560211182
0.5505726337432861
0.5498148202896118
0.5468396544456482
0.5707916021347046
0.5644955039024353
0.5821771621704102
0.541301965713501
0.5430657863616943
0.5397308468818665
0.5348487496376038
0.5466323494911194
0.5440715551376343
0.546054482460022
0.5540438890457153
0.5271401405334473
0.5219410061836243
0.5765371322631836
0.581536591053009
0.5212823152542114
0.5377629399299622
0.5562358498573303
0.5138947367668152
0.528430163860321
0.533838152885437
0.5478561520576477
0.5160900950431824
0.543501079082489
0.5622750520706177
0.5828933715820312
0.5025275945663452
0.49733027815818787
0.5041019916534424
0.4914819300174713
0.4909217059612274
0.4879055321216583
0.4915192127227783
0.4902247488498688
0.49029630422592163
0.4903811514377594
0.4843275547027588
0.5394449234008789
0.5050370693206787
0.5376734137535095
0.5727949142456055
0.47881823778152466
0.4897344410419464
0.47644850611686707
0.5101062059402466
0.4997023642063141
0.5114098787307739
0.5207405090332031
0.47084498405456543
0.48720651865005493
0.48828771710395813
0.46611911058425903
0.5033097863197327
0.48256760835647583
0.4648663401603699
0.46266287565231323
0.468576580286026
0.4571402668952942
0.47480353713035583
0.46379584074020386
0.4694247841835022
0.4651390314102173
0.45959004759788513
0.4671363830566406
0.5097856521606445
0.45627132058143616
0.4549950659275055
0.4490087330341339
0.4538860321044922
0.4638352692127228
0.4584696888923645
0.4458838999271393
0.446990430355072
0.4554479122161865
0.4429367184638977
0.4886750280857086
0.4417526423931122
0.4421902596950531
0.4677256941795349
0.44702860713005066
0.44049757719039917
0.4404039978981018
0.4333355724811554
0.44185757637023926
0.4360986649990082
0.4344460368156433
0.43026071786880493
0.43513426184654236
0.4308314621448517
0.42994803190231323
0.4316229224205017
0.43614938855171204
0.4277317225933075
0.4278070628643036
0.4254448115825653
0.4247184991836548
0.44335228204727173
0.4436095058917999
0.4270715117454529
0.42212364077568054
0.42287498712539673
0.42222556471824646
0.4223365783691406
0.4244595766067505
0.42414605617523193
0.4178624153137207
0.417582631111145
0.4190080761909485
0.42700883746147156
0.43962058424949646
0.4304053783416748
0.47774839401245117
0.421865850687027
0.4254315197467804
0.4247438609600067
0.4146813452243805
0.4163607358932495
0.41581904888153076
0.4306081235408783
0.4105387032032013
0.4137457013130188
0.4087957739830017
0.40945789217948914
0.41108688712120056
0.4105311930179596
0.4131690263748169
0.4087909758090973
0.41462957859039307
0.4122580587863922
0.4433307945728302
0.4118560552597046
0.4113096296787262
0.40434396266937256
0.402494341135025
0.40332451462745667
0.40753212571144104
0.4030381143093109
0.40124061703681946
0.40490496158599854
0.4182674288749695
0.4139230251312256
0.4116552174091339
0.4052318334579468
0.40250107645988464
0.402132511138916
0.401510089635849
0.4192497134208679
0.4088088870048523
0.42179074883461
0.4069957435131073
0.41772162914276123
0.39694586396217346
0.4060359597206116
0.4196301996707916
0.3933950364589691
0.4033641815185547
0.3940871059894562
0.39418917894363403
0.40011218190193176
0.3918839991092682
0.3912588059902191
0.3931262791156769
0.39194920659065247
0.390964150428772
0.3912373483181
0.4430680572986603
0.42512398958206177
0.4182550609111786
0.4108271598815918
0.396871954202652
0.395329087972641
0.393103688955307
0.38958054780960083
0.3918752074241638
0.3919183313846588
0.38731634616851807
0.3895440101623535
0.38961261510849
0.38584819436073303
0.3875964879989624
0.38943982124328613
0.39099782705307007
0.4023776352405548
0.39575865864753723
0.3838174343109131
0.3837343156337738
0.3882947266101837
0.42971187829971313
0.4083610773086548
0.3957897424697876
0.38689249753952026
0.3853420317173004
0.38929253816604614
0.38148096203804016
0.4007427990436554
0.3839465081691742
0.38324347138404846
0.3817472457885742
0.38227859139442444
0.3951246440410614
0.3999227285385132
0.38688403367996216
0.38580322265625
0.3771340847015381
0.3792647421360016
0.4393500089645386
0.40424972772598267
0.39415836334228516
0.3850754201412201
0.416598379611969
0.3969895541667938
0.3805733323097229
0.3846873939037323
0.376376748085022
0.3761221468448639
0.3759855031967163
0.41580483317375183
0.4005105495452881
0.39479532837867737
0.3908510208129883
0.37479645013809204
0.3878844380378723
0.4216158390045166
0.4383532702922821
0.3731359839439392
0.39437124133110046
0.390789657831192
0.37118974328041077
0.37575390934944153
0.3745570778846741
0.38718870282173157
0.38558223843574524
0.3753552734851837
0.3747800290584564
0.3719131648540497
0.3867211937904358
0.3747292757034302
0.38284730911254883
0.3946594297885895
0.3793012797832489
0.3780539035797119
0.36950480937957764
0.372065931558609
0.38705888390541077
0.3702268600463867
0.40082862973213196
0.3741486966609955
0.3775189518928528
0.3728567063808441
0.38391467928886414
0.3676830530166626
0.3742436170578003
0.3716869354248047
0.37183108925819397
0.367208868265152
0.3693946599960327
0.3663654029369354
0.36890333890914917
0.36582446098327637
0.3674192428588867
0.3686789572238922
0.378894567489624
0.374277263879776
0.3736462891101837
0.36688515543937683
0.36656638979911804
0.36990121006965637
0.367465615272522
0.3647427558898926
0.364345908164978
0.3644990921020508
0.3661787211894989
0.43824219703674316
0.40659505128860474
0.3801657557487488
0.38574379682540894
0.3771955966949463
0.3939756751060486
0.4758971333503723
0.3662606179714203
0.38043859601020813
0.37319427728652954
0.3716369569301605
0.3706629276275635
0.37643489241600037
0.3833485245704651
0.38720616698265076
0.3638441860675812
0.3691972494125366
0.3663977086544037
0.3628319203853607
0.3652021884918213
0.36382126808166504
0.3615630567073822
0.3612458109855652
0.3742660880088806
0.3644446134567261
0.3694787621498108
0.36470869183540344
0.3630174398422241
0.3615756630897522
0.3835099935531616
0.3763696849346161
0.36072033643722534
0.3610081970691681
0.368730753660202
0.36270439624786377
0.3625422716140747
0.3690020740032196
0.3649400770664215
0.36234045028686523
0.3640766739845276
0.43486741185188293
0.4167536497116089
0.3726702928543091
0.3765628933906555
0.36551493406295776
0.36218664050102234
0.3739820122718811
0.3692765533924103
0.3588268756866455
0.36005815863609314
0.4326120913028717
0.3998331129550934
0.36828848719596863
0.36121833324432373
0.36162644624710083
0.3586559593677521
0.3741568326950073
0.3608311116695404
0.37107333540916443
0.35938066244125366
0.3600289821624756
0.387675940990448
0.37012961506843567
0.35844793915748596
0.3583771884441376
0.3609386384487152
0.3619738519191742
0.35992205142974854
0.3816124498844147
0.3701200485229492
0.3586777448654175
0.3596116900444031
0.35663771629333496
0.3639752268791199
0.3582310378551483
0.3649474084377289
0.3696920871734619
0.35949060320854187
0.3581951856613159
0.3638289272785187
0.3646933138370514
0.3606611490249634
0.3567449450492859
0.35545614361763
0.37987181544303894
0.3644597828388214
0.3918527662754059
0.3606899082660675
0.36247938871383667
0.3560728132724762
0.360459566116333
0.3573903739452362
0.37831440567970276
0.3570559024810791
0.41190212965011597
0.4508388936519623
0.3606232702732086
0.37447604537010193
0.35434696078300476
0.37362027168273926
0.3645763099193573
0.3555498719215393
0.3589734733104706
0.36017894744873047
0.36731189489364624
0.3543136715888977
0.35396909713745117
0.35353320837020874
0.35373654961586
0.35417401790618896
0.4158810079097748
0.38595321774482727
0.36219504475593567
0.35841605067253113
0.3681294322013855
0.3558881878852844
0.35333019495010376
0.3679872453212738
0.3650476038455963
0.3661600947380066
0.35613948106765747
0.36243000626564026
0.35191264748573303
0.372606098651886
0.3574422299861908
0.3666183650493622
0.35475003719329834
0.3531060814857483
0.3824303448200226
0.36776190996170044
0.3570963144302368
0.4021848738193512
0.36581170558929443
0.3671538531780243
0.36088037490844727
0.3618062734603882
0.35794949531555176
0.3644932508468628
0.36378541588783264
0.3745579421520233
0.3587712049484253
0.3548143804073334
0.35833740234375
0.3585001826286316
0.35961413383483887
0.3578696846961975
0.36542367935180664
0.3542671799659729
0.3525344431400299
0.3990063965320587
0.3530818521976471
0.37266597151756287
0.3533916175365448
0.3774268627166748
0.44881823658943176
0.471670538187027
0.4529033899307251
0.4578786790370941
0.39707550406455994
0.36129048466682434
0.36337214708328247
0.356037437915802
0.3524625301361084
0.35333526134490967
0.35287174582481384
0.3501547873020172
0.3497790992259979
0.3502449691295624
0.3508009910583496
0.3520294427871704
0.4086994230747223
0.3891954720020294
0.4013526141643524
0.3579165041446686
0.42003822326660156
0.35500332713127136
0.3575538098812103
0.34857943654060364
0.3509083688259125
0.3498046100139618
0.3499312698841095
0.35068321228027344
0.3489285111427307
0.35256141424179077
0.3553050458431244
0.36467406153678894
0.3611591160297394
0.3493245840072632
0.3561350703239441
0.3607136309146881
0.3507322371006012
0.3514537513256073
0.3537088930606842
0.3517649471759796
0.3496374785900116
0.3492547869682312
0.3723776638507843
0.3549923002719879
0.35366424918174744
0.3515346944332123
0.3510740399360657
0.34859615564346313
0.4228670597076416
0.40344053506851196
0.34896695613861084
0.3904091715812683
0.3924974203109741
0.45880064368247986
0.4323584735393524
0.375723272562027
0.3726111650466919
0.35452163219451904
0.3805229663848877
0.3715856373310089
0.34758374094963074
0.3508773744106293
0.34784647822380066
0.3479773998260498
0.34880688786506653
0.36991050839424133
0.36214902997016907
0.3533138036727905
0.34993135929107666
0.3500949740409851
0.3490924537181854
0.36034154891967773
0.3724099099636078
0.39162907004356384
0.3637354075908661
0.3528004288673401
0.3553926944732666
0.3487852215766907
0.3483816981315613
0.3473920524120331
0.34868884086608887
0.35227876901626587
0.34970998764038086
0.3481024503707886
0.3487721085548401
0.3487968146800995
0.3494977355003357
0.3494071364402771
0.4556962251663208
0.44187942147254944
0.3635515868663788
0.3601054847240448
0.35596963763237
0.38322335481643677
0.4183472990989685
0.3600614368915558
0.35928571224212646
0.3492066264152527
0.34555861353874207
0.34856241941452026
0.3493516743183136
0.34849676489830017
0.3473603129386902
0.34762445092201233
0.3462532162666321
0.3483717143535614
0.34725186228752136
0.346785306930542
0.35487648844718933
0.3524700105190277
0.3474118113517761
0.3470314145088196
0.3470006585121155
0.3513263761997223
0.3532748222351074
0.3478825092315674
0.35497233271598816
0.34682583808898926
0.3667406141757965
0.36056649684906006
0.3487730324268341
0.3476662337779999
0.3458595275878906
0.34478527307510376
0.35981425642967224
0.34866806864738464
0.3542223274707794
0.3482958972454071
0.3468175530433655
0.34808993339538574
0.3448934555053711
0.346383661031723
0.34599629044532776
0.346981942653656
0.34652701020240784
0.3523816764354706
0.3957947790622711
0.593439519405365
0.3713429868221283
0.38938233256340027
0.3489709198474884
0.4175407886505127
0.3759486973285675
0.3642697036266327
0.3510015904903412
0.3595661520957947
0.3477655351161957
0.3528582751750946
0.34928661584854126
0.3628012239933014
0.3549197018146515
0.35957610607147217
0.3442305326461792
0.3483165502548218
0.3867340087890625
0.3608718812465668
0.3982953429222107
0.36159658432006836
0.36173737049102783
0.34890714287757874
0.3486366271972656
0.3493468165397644
0.3555780053138733
0.3431990444660187
0.3511480689048767
0.347659707069397
0.396817147731781
0.3918309807777405
0.3584669828414917
0.3488812744617462
0.4231153726577759
0.3842705190181732
0.34992924332618713
0.3455471396446228
0.349357932806015
0.3452249765396118
0.3554766774177551
0.35244837403297424
0.3454909026622772
0.35163021087646484
0.34889477491378784
0.344741553068161
0.34505894780158997
0.34486323595046997
0.3452681601047516
0.3468741476535797
0.3444146513938904
0.34636053442955017
0.3465934097766876
0.34897753596305847
0.3458932638168335
0.3447810709476471
0.3642188608646393
0.35548660159111023
0.39531785249710083
0.36388733983039856
0.3716299831867218
0.374798983335495
0.4037870466709137
0.3500276207923889
0.350278377532959
0.3455241322517395
0.34853479266166687
0.3463357985019684
0.35948583483695984
0.3523287773132324
0.34508809447288513
0.34439799189567566
0.3446095585823059
0.3486272990703583
0.3465845584869385
0.35854586958885193
0.3586365580558777
0.3444603979587555
0.3441665768623352
0.42601892352104187
0.40239641070365906
0.5423058867454529
0.4738093316555023
0.35599780082702637
0.3514734208583832
0.35100916028022766
0.3443802297115326
0.36797845363616943
0.3696039021015167
0.38652151823043823
0.35488489270210266
0.5210416913032532
0.4366333782672882
0.5501839518547058
0.3681853413581848
0.44834643602371216
0.3794352412223816
0.35894766449928284
0.35744163393974304
0.3436781167984009
0.3456782102584839
0.350666880607605
0.34708505868911743
0.35046377778053284
0.3504420816898346
0.34423619508743286
0.3462429344654083
0.34360161423683167
0.34348347783088684
0.3451367914676666
0.3444838523864746
0.34355446696281433
0.3461224436759949
0.3509580194950104
0.34797853231430054
0.3776985704898834
0.41229403018951416
0.33984002470970154
0.35842186212539673
0.3517976701259613
0.353796124458313
0.3435937762260437
0.38046377897262573
0.35548052191734314
0.3494737446308136
0.34684568643569946
0.35021859407424927
0.3419608771800995
0.3425617218017578
0.3435974419116974
0.3440922498703003
0.3442574143409729
0.3569662272930145
0.34902897477149963
0.3501577377319336
0.3484898507595062
0.38601016998291016
0.3732326924800873
0.3514549732208252
0.34941673278808594
0.3428516685962677
0.35537800192832947
0.37218719720840454
0.3445304036140442
0.3573097586631775
0.3503662943840027
0.4256962835788727
0.4248417615890503
0.3572207987308502
0.39106371998786926
0.3502720594406128
0.3535156548023224
0.34299489855766296
0.41554686427116394
0.42750677466392517
0.629986047744751
0.40359991788864136
0.3885492980480194
0.3719683885574341
0.341126024723053
0.3492569923400879
0.3592431843280792
0.37038537859916687
0.3690495789051056
0.3500138819217682
0.34325024485588074
0.35009410977363586
0.34530654549598694
0.34226176142692566
0.3463675379753113
0.3422621488571167
0.34812039136886597
0.3403241038322449
0.34480687975883484
0.3614753782749176
0.3556443452835083
0.3435651659965515
0.34510505199432373
0.37079131603240967
0.3543201982975006
0.34397104382514954
0.3431316614151001
0.348005086183548
0.34975382685661316
0.34565621614456177
0.3458395004272461
0.35118499398231506
0.3474493622779846
0.34581905603408813
0.3428434133529663
0.37003564834594727
0.38001498579978943
0.3530001640319824
0.3426685333251953
0.35352185368537903
0.35551169514656067
0.3444869816303253
0.3438105285167694
0.3445826470851898
0.3431536555290222
0.3427947759628296
0.3428889214992523
0.34294137358665466
0.3435240685939789
0.34311479330062866
0.3428719639778137
0.3420100212097168
0.3450895845890045
0.34417593479156494
0.34393054246902466
0.3429334759712219
0.34291836619377136
0.3431696891784668
0.3729441463947296
0.4074068069458008
0.3585807979106903
0.3756885528564453
0.37410831451416016
0.34794583916664124
0.34448766708374023
0.3624161183834076
0.3462415039539337
0.35572686791419983
0.3487151265144348
0.3473607897758484
0.3512309491634369
0.34599927067756653
0.3428713381290436
0.34318047761917114
0.34299182891845703
0.34294936060905457
0.34395766258239746
0.3421367108821869
0.3441968262195587
0.3445427119731903
0.3440868556499481
0.3422178030014038
0.37899383902549744
0.40069711208343506
0.3563515245914459
0.3421100676059723
0.3750808835029602
0.3644966781139374
0.3438546359539032
0.34482553601264954
0.3779148757457733
0.4062274694442749
0.35928288102149963
0.3434213101863861
0.3451364040374756
0.3415531814098358
0.3453153967857361
0.3475705087184906
0.3556699752807617
0.3564561605453491
0.3566626310348511
0.3529627323150635
0.3421768546104431
0.3503502607345581
0.3469247817993164
0.34319600462913513
0.3705919682979584
0.3502914309501648
0.35126644372940063
0.35388392210006714
0.34619438648223877
0.34318146109580994
0.34526684880256653
0.3425637483596802
0.3443601727485657
0.343733012676239
0.34233731031417847
0.3425326943397522
0.3435308337211609
0.3434474766254425
0.3425327241420746
0.34292370080947876
0.34377211332321167
0.34325817227363586
0.3436073362827301
0.34284600615501404
0.34269627928733826
0.34223493933677673
0.34359443187713623
0.34549480676651
0.34300628304481506
0.3459674119949341
0.3660599887371063
0.3715968430042267
0.34777411818504333
0.34341633319854736
0.34790781140327454
0.34271925687789917
0.3427031934261322
0.3427782654762268
0.3420414924621582
0.3440813720226288
0.34340155124664307
0.3422390818595886
0.3429371416568756
0.3421563506126404
0.3428431451320648
0.3425634801387787
0.34135356545448303
0.34363728761672974
0.3512526750564575
0.35148969292640686
0.3430210053920746
0.35005366802215576
0.3687814176082611
0.3750034272670746
0.3538661301136017
0.3555646538734436
0.34677356481552124
0.3417595326900482
0.3399810194969177
0.3507222533226013
0.34528276324272156
0.3417518138885498
0.3438898026943207
0.3453301191329956
0.342960000038147
0.34508275985717773
0.35471346974372864
0.3463020920753479
0.34979426860809326
0.34922289848327637
0.3433941602706909
0.34185248613357544
0.34348100423812866
0.3440524935722351
0.3417622148990631
0.3524872958660126
0.35873889923095703
0.34644994139671326
0.34124043583869934
0.34253785014152527
0.3421817123889923
0.3427365720272064
0.34487295150756836
0.3465462327003479
0.3421763479709625
0.3424810767173767
0.3402981162071228
0.34167519211769104
0.3441959321498871
0.3450572192668915
0.34668636322021484
0.34886837005615234
0.34719395637512207
0.3423502743244171
0.3486858606338501
0.3506714701652527
0.34230098128318787
0.347343772649765
0.3469732105731964
0.34176772832870483
0.34519311785697937
0.35404378175735474
0.34682759642601013
0.34392502903938293
0.3538896441459656
0.374985933303833
0.3511340618133545
0.3419031500816345
0.3416685461997986
0.3492077589035034
0.3462284505367279
0.342028945684433
0.3437380790710449
0.3413952589035034
0.344444215297699
0.34323650598526
0.34201276302337646
0.3424111604690552
0.3445662260055542
0.34196925163269043
0.3412710726261139
0.34339889883995056
0.3426653742790222
0.34231090545654297
0.3417701721191406
0.3419158458709717
0.3626604974269867
0.39771726727485657
0.3530316948890686
0.3469827473163605
0.352499783039093
0.34610864520072937
0.3425743579864502
0.3469303548336029
0.3454510569572449
0.34318065643310547
0.34329870343208313
0.3426641523838043
0.343328058719635
0.3428259491920471
0.34390074014663696
0.3438038229942322
0.34220072627067566
0.34752601385116577
0.34253278374671936
0.3415753245353699
0.3430138826370239
0.3425489664077759
0.3423619270324707
0.34178879857063293
0.341693639755249
0.3411138653755188
0.34161803126335144
0.3420258164405823
0.34216758608818054
0.3416149616241455
0.3422253131866455
0.3415432572364807
0.34144043922424316
0.3468102514743805
0.3523189425468445
0.3616274297237396
0.3978312015533447
0.3518449664115906
0.34149420261383057
0.3423740863800049
0.36151742935180664
0.38028809428215027
0.35512426495552063
0.3410891890525818
0.3415747284889221
0.3423268795013428
0.3512408137321472
0.36482658982276917
0.34660598635673523
0.3402806222438812
0.3443700671195984
0.3742530941963196
0.4352888762950897
0.347095251083374
0.3482967019081116
0.3562014102935791
0.3536483347415924
0.3527540862560272
0.35128629207611084
0.34099647402763367
0.3531928062438965
0.35319921374320984
0.3437463045120239
0.3646183907985687
0.37563610076904297
0.34664028882980347
0.3440891206264496
0.3691301941871643
0.3935083746910095
0.35904166102409363
0.34373223781585693
0.3476210832595825
0.3429800570011139
0.34062495827674866
0.34125378727912903
0.3425142168998718
0.3472069799900055
0.3445935547351837
0.34578731656074524
0.34270310401916504
0.3416115343570709
0.3413786292076111
0.3421626091003418
0.3411753475666046
0.3413897454738617
0.3424743115901947
0.34149518609046936
0.34809455275535583
0.36295485496520996
0.40667611360549927
0.3491145074367523
0.3538164496421814
0.36010798811912537
0.34088030457496643
0.3478606343269348
0.3477836549282074
0.3449299931526184
0.3439368009567261
0.3403145670890808
0.341937392950058
0.34250566363334656
0.3409889340400696
0.34117087721824646
0.342911958694458
0.34319472312927246
0.34342026710510254
0.3419606685638428
0.3421856462955475
0.3471389710903168
0.35966596007347107
0.3474119305610657
0.3419795036315918
0.3582562804222107
0.3477136194705963
0.3424736559391022
0.3430783152580261
0.3453335165977478
0.3543422520160675
0.3514482080936432
0.3727329671382904
0.3706251382827759
0.3404844403266907
0.358141154050827
0.3417653441429138
0.3611811697483063
0.3556925654411316
0.34377938508987427
0.34552204608917236
0.34451091289520264
0.34336578845977783
0.3411073684692383
0.34088757634162903
0.3412740230560303
0.3411141633987427
0.3619188666343689
0.3775980472564697
0.3467293679714203
0.34378859400749207
0.3455626666545868
0.34104830026626587
0.3405781090259552
0.34249991178512573
0.3414546251296997
0.3412635326385498
0.3422660827636719
0.36068710684776306
0.36468690633773804
0.34935975074768066
0.3430137634277344
0.34078776836395264
0.3536005914211273
0.3641677796840668
0.35348737239837646
0.3403848707675934
0.3411354720592499
0.34115949273109436
0.3410852253437042
0.34079253673553467
0.3405197858810425
0.3416203558444977
0.34225690364837646
0.3422810733318329
0.3448883891105652
0.3443125784397125
0.3426697850227356
0.34111693501472473
0.3412189185619354
0.3415982127189636
0.3417987525463104
0.34221959114074707
0.34134942293167114
0.34113380312919617
0.34078729152679443
0.3407602906227112
0.3408433496952057
0.34103354811668396
0.34014198184013367
0.34508568048477173
0.344083309173584
0.34182488918304443
0.3442606031894684
0.34673911333084106
0.3454104959964752
0.34258604049682617
0.34413817524909973
0.3532797396183014
0.3482053279876709
0.34506699442863464
0.34546327590942383
0.3444868326187134
0.3429117798805237
0.3425510823726654
0.3411146104335785
0.34007036685943604
0.34218278527259827
0.34337449073791504
0.3430229425430298
0.34098970890045166
0.3407973349094391
0.3418255150318146
0.3402368426322937
0.34104105830192566
0.3423800766468048
0.3432065546512604
0.3429105579853058
0.34135735034942627
0.3400130271911621
0.34124916791915894
0.34223267436027527
0.3409326672554016
0.3409744203090668
0.3406464159488678
0.34097087383270264
0.34194839000701904
0.3420437276363373
0.34119442105293274
0.346754252910614
0.3514455556869507
0.3473440408706665
0.3435154855251312
0.3468424677848816
0.3497048318386078
0.3455657958984375
0.34550240635871887
0.37331950664520264
0.3769686818122864
0.3626739978790283
0.348312646150589
0.34316879510879517
0.3418292701244354
0.34081554412841797
0.3408266603946686
0.3407307267189026
0.3408140242099762
0.3406098186969757
0.3473062217235565
0.350163072347641
0.3426007032394409
0.34073933959007263
0.3410909175872803
0.34188398718833923
0.34312132000923157
0.3415576219558716
0.34109148383140564
0.3416106700897217
0.3431117534637451
0.3465215563774109
0.35274186730384827
0.3531002104282379
0.3488035798072815
0.3640712797641754
0.37538769841194153
0.3470979928970337
0.3442046344280243
0.3402826189994812
0.3436605930328369
0.34446507692337036
0.34253647923469543
0.3418256640434265
0.3404383659362793
0.3406478464603424
0.3473278284072876
0.3594205975532532
0.35423827171325684
0.34411412477493286
0.3406648635864258
0.340775728225708
0.34154102206230164
0.3412218987941742
0.3409790098667145
0.3417455852031708
0.34062856435775757
0.34074246883392334
0.3443811535835266
0.3465987741947174
0.34232276678085327
0.3405663073062897
0.3399428129196167
0.34160223603248596
0.349221795797348
0.35654857754707336
0.34688517451286316
0.3409302830696106
0.3416641056537628
0.3410292863845825
0.3408196270465851
0.3406771123409271
0.3406308591365814
0.3439309000968933
0.3533255457878113
0.3572016656398773
0.34689030051231384
0.33938783407211304
0.3426428735256195
0.3548988997936249
0.3543745279312134
0.3451618552207947
0.3448689877986908
0.3625510334968567
0.3524704575538635
0.340864896774292
0.34064793586730957
0.3420623242855072
0.3415215015411377
0.34073907136917114
0.3400210440158844
0.340572714805603
0.3408350944519043
0.34116530418395996
0.3401603400707245
0.3410521447658539
0.34019437432289124
0.34095677733421326
0.3411196768283844
0.3412812352180481
0.34071511030197144
0.3408839702606201
0.340608686208725
0.3406459391117096
0.34106719493865967
0.34151262044906616
0.3535289764404297
0.3639739453792572
0.3516288697719574
0.3414699137210846
0.3405303955078125
0.341884046792984
0.33859512209892273
0.3427722156047821
0.3438149094581604
0.34340399503707886
0.34620529413223267
0.3491024374961853
0.34601694345474243
0.3407433331012726
0.3488302230834961
0.343219518661499
0.3418213725090027
0.34299182891845703
0.3425867259502411
0.34090784192085266
0.3404787480831146
0.34021124243736267
0.34078237414360046
0.34088394045829773
0.34284812211990356
0.3434583246707916
0.3453068435192108
0.3431968092918396
0.34086874127388
0.34074053168296814
0.3403860330581665
0.34064623713493347
0.3405608832836151
0.3409058451652527
0.3418208956718445
0.34487560391426086
0.350172758102417
0.3515342175960541
0.34552881121635437
0.3410644233226776
0.340200811624527
0.3484082520008087
0.3620421886444092
0.3538004159927368
0.3449266254901886
0.34076622128486633
0.3402736186981201
0.3507515788078308
0.35925617814064026
0.353152871131897
0.34262365102767944
0.3415874242782593
0.3413710296154022
0.3410106599330902
0.34090209007263184
0.3404600918292999
0.34048736095428467
0.340500146150589
0.3403760492801666
0.3555363714694977
0.3721213638782501
0.35920795798301697
0.3451857566833496
0.3412971496582031
0.33989810943603516
0.34126853942871094
0.3412456810474396
0.3402835726737976
0.34025809168815613
0.3419346511363983
0.34298577904701233
0.3394054174423218
0.3432121276855469
0.34605148434638977
0.3433678150177002
0.34047985076904297
0.34032824635505676
0.3415069580078125
0.33932429552078247
0.3479211926460266
0.3521948456764221
0.34786614775657654
0.33900588750839233
0.3445335328578949
0.35607102513313293
0.35015439987182617
0.3435961902141571
0.3404766619205475
0.3408602476119995
0.3453739285469055
0.35073813796043396
0.34704387187957764
0.34484347701072693
0.3434239625930786
0.3417325019836426
0.3403312861919403
0.34078100323677063
0.3403807282447815
0.3410347104072571
0.3416556417942047
0.345448762178421
0.3560188114643097
0.34782102704048157
0.3405298888683319
0.340742290019989
0.3406907021999359
0.3406449556350708
0.3422488272190094
0.3417092263698578
0.3405132591724396
0.34092476963996887
0.3403600752353668
0.3403823971748352
0.3417665362358093
0.3405120074748993
0.34093138575553894
0.340824156999588
0.3431432247161865
0.34448307752609253
0.3436849117279053
0.34307512640953064
0.3436010181903839
0.34968268871307373
0.34568625688552856
0.3406660854816437
0.3416002094745636
0.3418823480606079
0.34441131353378296
0.34413161873817444
0.3416234850883484
0.34081125259399414
0.3406197428703308
0.3408157229423523
0.3408111035823822
0.3402719497680664
0.34017443656921387
0.34103408455848694
0.3403473496437073
0.3405294716358185
0.3512122631072998
0.34689998626708984
0.34115204215049744
0.3417477607727051
0.34207332134246826
0.3405902683734894
0.3401499092578888
0.3411378562450409
0.34075048565864563
0.34052160382270813
0.34003469347953796
0.3416692316532135
0.3413683772087097
0.3410051465034485
0.34037157893180847
0.34044021368026733
0.34065353870391846
0.340481698513031
0.34070226550102234
0.3403334319591522
0.34121978282928467
0.3404862582683563
0.34089893102645874
0.3406910300254822
0.34073013067245483
0.3404698669910431
0.3403792083263397
0.3399990200996399
0.34148845076560974
0.3415778875350952
0.34178030490875244
0.3410687744617462
0.3406572639942169
0.3424704372882843
0.342915803194046
0.34216347336769104
0.341244637966156
0.3404390215873718
0.34242376685142517
0.3463606536388397
0.3449922800064087
0.3469429612159729
0.34112346172332764
0.3404044210910797
0.3434261977672577
0.34428671002388
0.34318920969963074
0.3407689929008484
0.3441556990146637
0.3454309105873108
0.3440576493740082
0.34099721908569336
0.3413361608982086
0.34029853343963623
0.3410210609436035
0.34083470702171326
0.3401871919631958
0.3419063687324524
0.3446917235851288
0.3427734076976776
0.3408573269844055
0.3414425849914551
0.3406645953655243
0.34072980284690857
0.34064602851867676
0.3402617275714874
0.3403758406639099
0.34058019518852234
0.3404935300350189
0.34044399857521057
0.3403124213218689
0.3405759930610657
0.34043803811073303
0.3402998447418213
0.3403056561946869
0.3408747613430023
0.34046998620033264
0.3402276635169983
0.34016451239585876
0.3405737578868866
0.3402753472328186
0.34048840403556824
0.34166768193244934
0.3417728841304779
0.34095826745033264
0.3407730460166931
0.34044191241264343
0.3403204679489136
0.3399832248687744
0.3401741087436676
0.3401288390159607
0.3402591645717621
0.3403286039829254
0.3403204381465912
0.34023070335388184
0.3401339650154114
0.3399561643600464
0.3419240415096283
0.34119516611099243
0.34062454104423523
0.3404286801815033
0.3441382348537445
0.3501885235309601
0.3496912717819214
0.3465477228164673
0.34315845370292664
0.341097354888916
0.3407677710056305
0.3404396176338196
0.3401300311088562
0.3403754234313965
0.3415408730506897
0.3406350314617157
0.340557336807251
0.340300053358078
0.3401954472064972
0.34014657139778137
0.3402426242828369
0.3404441773891449
0.3435174822807312
0.34708455204963684
0.35036343336105347
0.346172958612442
0.34245431423187256
0.34219253063201904
0.3518937826156616
0.3549140393733978
0.35032540559768677
0.3462141454219818
0.3436585068702698
0.3418596088886261
0.3411000967025757
0.3403269350528717
0.34018945693969727
0.34012576937675476
0.3405517637729645
0.34055501222610474
0.3406750559806824
0.3405558168888092
0.3402619957923889
0.340180903673172
0.34016135334968567
0.3402573764324188
0.3408015966415405
0.34085309505462646
0.3400745987892151
0.3402947187423706
0.3415343165397644
0.3411911129951477
0.34019938111305237
0.3407483398914337
0.34146052598953247
0.34241431951522827
0.3438218832015991
0.343294233083725
0.3419550359249115
0.34053799510002136
0.34151050448417664
0.3414802551269531
0.34102943539619446
0.3399468660354614
0.34003421664237976
0.3403209447860718
0.34034502506256104
0.3402867615222931
0.340608686208725
0.3411409556865692
0.34205690026283264
0.3406001031398773
0.3405044972896576
0.3402707874774933
0.34033137559890747
0.340300053358078
0.3402400314807892
0.3404131233692169
0.3401859700679779
0.3400328457355499
0.34015488624572754
0.3400697112083435
0.3407140076160431
0.3431240916252136
0.34348300099372864
0.34253379702568054
0.3412702977657318
0.3420608341693878
0.3471580147743225
0.3451559245586395
0.34041470289230347
0.33992457389831543
0.34095337986946106
0.341380774974823
0.34114742279052734
0.34042859077453613
0.34064891934394836
0.34320351481437683
0.3426808714866638
0.3418200612068176
0.3411422073841095
0.3453424274921417
0.35242095589637756
0.35183048248291016
0.3466561734676361
0.34323862195014954
0.34083348512649536
0.34005001187324524
0.34015411138534546
0.340236097574234
0.34015536308288574
0.34015780687332153
0.34006214141845703
0.3402400314807892
0.3402106463909149
0.339817076921463
0.3408713936805725
0.33987799286842346
0.34013134241104126
0.34030628204345703
0.3401562571525574
0.3403475284576416
0.3400699198246002
0.3403499722480774
0.34095272421836853
0.341073215007782
0.3400835394859314
0.3403046429157257
0.34594371914863586
0.3482964336872101
0.3427133560180664
0.3393522799015045
0.34008774161338806
0.34140467643737793
0.3445403277873993
0.34439903497695923
0.3424668312072754
0.34039437770843506
0.34034794569015503
0.3401395082473755
0.34005171060562134
0.3400997817516327
0.34012550115585327
0.34001368284225464
0.3423585295677185
0.3501426577568054
0.3480863571166992
0.343195378780365
0.3398027718067169
0.339779794216156
0.34044361114501953
0.3410705327987671
0.34105831384658813
0.3407854437828064
0.34030237793922424
0.3406914174556732
0.3400879204273224
0.340242475271225
0.34007707238197327
0.3400634229183197
0.3401719629764557
0.3400365114212036
0.33995428681373596
0.34059351682662964
0.3398483395576477
0.3398989737033844
0.3405590355396271
0.3407202363014221
0.3399912416934967
0.3411076068878174
0.341141939163208
0.3416867256164551
0.34180235862731934
0.34153059124946594
0.3413570821285248
0.3403410315513611
0.3401780426502228
0.340136855840683
0.34034180641174316
0.3402503728866577
0.34037110209465027
0.34024709463119507
0.34022393822669983
0.33995556831359863
0.34000012278556824
0.3408859074115753
0.3436753749847412
0.34428533911705017
0.3437361717224121
0.3429255485534668
0.3421871066093445
0.34154072403907776
0.3402405381202698
0.3395337760448456
0.34088683128356934
0.3400229811668396
0.33992886543273926
0.33980920910835266
0.3437880873680115
0.34451550245285034
0.3440813720226288
0.34330111742019653
0.34249189496040344
0.3424273431301117
0.3419964015483856
0.340670645236969
0.3406536281108856
0.34110620617866516
0.3422633409500122
0.3429732918739319
0.342689573764801
0.3423440456390381
0.34199613332748413
0.3416041433811188
0.34127938747406006
0.3411082327365875
0.3410496413707733
0.34055906534194946
0.340205579996109
0.3400234878063202
0.3399657607078552
0.3400108218193054
0.34068018198013306
0.34095996618270874
0.34091120958328247
0.3406864404678345
0.34038683772087097
0.3403148651123047
0.3402248024940491
0.34050172567367554
0.3404601216316223
0.3409571647644043
0.3426247239112854
0.34384843707084656
0.3428663909435272
0.3420976400375366
0.34138381481170654
0.34060344099998474
0.33999568223953247
0.340053528547287
0.3400852680206299
0.33997559547424316
0.34100228548049927
0.3426096737384796
0.3430918753147125
0.34241676330566406
0.3416469693183899
0.341091513633728
0.3409847021102905
0.3402422368526459
0.34097790718078613
0.34114953875541687
0.33966970443725586
0.3401837944984436
0.3399389684200287
0.34023579955101013
0.33991432189941406
0.3399951159954071
0.3400919735431671
0.3401888608932495
0.3400273621082306
0.3416121304035187
0.34312671422958374
0.3436484932899475
0.34296220541000366
0.34225156903266907
0.3431560695171356
0.34499984979629517
0.3440430164337158
0.34172406792640686
0.34100794792175293
0.34064239263534546
0.3400365114212036
0.33989453315734863
0.34000247716903687
0.33997267484664917
0.34000441431999207
0.3399398624897003
0.33992499113082886
0.3401181995868683
0.34122371673583984
0.3408500552177429
0.3408797085285187
0.3411194384098053
0.34097161889076233
0.34084397554397583
0.3407181203365326
0.3406867980957031
0.3406270444393158
0.3405640721321106
0.3402234613895416
0.3400903344154358
0.341580867767334
0.3421495854854584
0.34098395705223083
0.3399275541305542
0.3403865396976471
0.34004905819892883
0.3399966061115265
0.34014126658439636
0.3402012288570404
0.3400709927082062
0.3399924337863922
0.3398898243904114
0.3399965167045593
0.3401210606098175
0.3405013978481293
0.34068530797958374
0.3405970633029938
0.340766042470932
0.3407576382160187
0.340401291847229
0.34005436301231384
0.33945655822753906
0.34036433696746826
0.3405509293079376
0.34048083424568176
0.3402303159236908
0.3401964008808136
0.340019166469574
0.339938223361969
0.3399668335914612
0.33993256092071533
0.3399572968482971
0.33998292684555054
0.3399685323238373
0.33996331691741943
0.3399907946586609
0.3399905264377594
0.3399403393268585
0.3404689133167267
0.341156005859375
0.3414991796016693
0.3417721390724182
0.3421015739440918
0.34189197421073914
0.3414984941482544
0.3411954641342163
0.3409479260444641
0.3408418595790863
0.340400367975235
0.3403390944004059
0.34018656611442566
0.3401992619037628
0.3400798738002777
0.3400963544845581
0.3400501310825348
0.34015417098999023
0.34012648463249207
0.34011954069137573
0.3401608467102051
0.3402121365070343
0.3400251567363739
0.3399288058280945
0.3399764597415924
0.33992108702659607
0.33990195393562317
0.3398953378200531
0.34003663063049316
0.34022924304008484
0.34030911326408386
0.3403151035308838
0.3402009904384613
0.340213418006897
0.3402952551841736
0.3402920663356781
0.3402041792869568
0.3402421772480011
0.33988240361213684
0.3400629162788391
0.34027719497680664
0.34034720063209534
0.3405153155326843
0.34072455763816833
0.34075862169265747
0.3406066596508026
0.34036901593208313
0.3403465449810028
0.3402440845966339
0.3401281237602234
0.3400692343711853
0.33995184302330017
0.3399069011211395
0.33991673588752747
0.340300977230072
0.34061241149902344
0.34064963459968567
0.34065747261047363
0.3406365215778351
0.3401409089565277
0.340023398399353
0.33988478779792786
0.3399397134780884
0.3399742543697357
0.33999624848365784
0.3399311900138855
0.33992642164230347
0.33995699882507324
0.33992093801498413
0.3400419354438782
0.3400631844997406
0.3399825692176819
0.3399847149848938
0.34005263447761536
0.3402233421802521
0.34044528007507324
0.3399907052516937
0.3399755358695984
0.33998164534568787
0.3399879038333893
0.3400505781173706
0.34002384543418884
0.33996063470840454
0.33998703956604004
0.3400374948978424
0.33995354175567627
0.3399072289466858
0.3398919701576233
0.339887410402298
0.3398841619491577
0.3399260640144348
0.3398536443710327
0.33984965085983276
0.33988210558891296
0.33988523483276367
0.33994990587234497
0.3398849666118622
0.3398841619491577
0.3398992419242859
0.33990398049354553
0.33988821506500244
0.3398720324039459
0.3398084044456482
0.34000924229621887
0.3400355577468872
0.3400370180606842
0.34003251791000366
0.339997261762619
0.3400200307369232
0.34000134468078613
0.3400830030441284
0.3399425446987152
0.3399256765842438
0.33996397256851196
0.3399277627468109
0.339905321598053
0.34013861417770386
0.3401281237602234
0.3402077257633209
0.3402543365955353
0.340056836605072
0.34004896879196167
0.3400340974330902
0.3400387465953827
0.3400156497955322
0.3399766981601715
0.3399852514266968
0.3399929702281952
0.3399163782596588
0.3399214744567871
0.33992066979408264
0.3399242162704468
0.339893639087677
0.33998802304267883
0.3400070071220398
0.33998358249664307
0.340116024017334
0.34014156460762024
0.34028592705726624
0.34028884768486023
0.34031766653060913
0.3403080701828003
0.340554416179657
0.33994266390800476
0.3398898243904114
0.3398808240890503
0.3398744463920593
0.3398764431476593
0.33986812829971313
0.3399222195148468
0.33986589312553406
0.33987319469451904
0.3398764431476593
0.3398912847042084
0.33993029594421387
0.3399186432361603
0.3398156464099884
0.33989718556404114
0.33989575505256653
0.3398929834365845
0.3398912847042084
0.3398236334323883
0.3398713767528534
0.3398738205432892
0.3398660719394684
0.33987054228782654
0.3399174213409424
0.3398948907852173
0.33982035517692566
0.3400115966796875
0.33999496698379517
0.3399621546268463
0.340048611164093
0.3400634229183197
0.34008440375328064
0.3400697410106659
0.3400052785873413
0.33997485041618347
0.34022507071495056
0.3401601016521454
0.34009110927581787
0.3400661051273346
0.34001433849334717
0.34000909328460693
0.33997318148612976
0.3399680256843567
0.34010735154151917
0.3400622308254242
0.3400580883026123
0.3398945927619934
0.33984243869781494
0.3400314748287201
0.3399052619934082
0.3398870527744293
0.3398759663105011
0.3398973345756531
0.3399750292301178
0.3399159908294678
0.3399249017238617
0.3400295674800873
0.3399295210838318
0.339873731136322
0.33986684679985046
0.3398662209510803
0.3398638963699341
0.3398708701133728
0.3398791551589966
0.3398684859275818
0.3398613929748535
0.3398521840572357
0.3398521840572357
0.33988267183303833
0.33984464406967163
0.3399927020072937
0.3398967385292053
0.33990567922592163
0.33994466066360474
0.3399016857147217
0.33989688754081726
0.3398720920085907
0.33989718556404114
0.33985254168510437
0.3398580849170685
0.3398674726486206
0.33991873264312744
0.33988097310066223
0.3398665189743042
0.33987998962402344
0.339864045381546
0.33987104892730713
0.3398643732070923
0.3398590087890625
0.33993449807167053
0.3398810625076294
0.3398773968219757
0.3399038016796112
0.33986175060272217
0.3398726284503937
0.3400072753429413
0.33991697430610657
0.3399350047111511
0.339924693107605
0.3399660587310791
0.33991381525993347
0.3399091064929962
0.33989277482032776
0.3399232029914856
0.33991995453834534
0.3399701416492462
0.34003955125808716
0.3401215970516205
0.340055376291275
0.3400785028934479
0.3400820195674896
0.3401179313659668
0.3401382267475128
0.340210497379303
0.34024283289909363
0.3402978181838989
0.34032219648361206
0.34031474590301514
0.3403019905090332
0.3402627408504486
0.3401922881603241
0.3402174711227417
0.3401438295841217
0.3401315212249756
0.3401308059692383
0.3401276469230652
0.34010380506515503
0.34003332257270813
0.339970201253891
0.3399641215801239
0.33995723724365234
0.3399736285209656
0.3399544954299927
0.3399604260921478
0.3399617075920105
0.3399302065372467
0.3399355709552765
0.33990153670310974
0.3398970067501068
0.3399103283882141
0.33990857005119324
0.3399181365966797
0.3399127721786499
0.3399248421192169
0.33989664912223816
0.33991745114326477
0.33990541100502014
0.3399326205253601
0.3399043083190918
0.339822918176651
0.34006842970848083
0.3401074707508087
0.3401477038860321
0.3401624262332916
0.34013304114341736
0.3400733768939972
0.34017589688301086
0.33998602628707886
0.33995556831359863
0.3399460017681122
0.3399356007575989
0.3399360477924347
0.3399718105792999
0.3399600088596344
0.33997994661331177
0.3399595022201538
0.3399610221385956
0.33993813395500183
0.34006333351135254
0.3400716185569763
0.34009742736816406
0.34010079503059387
0.3401201069355011
0.34010395407676697
0.3400678038597107
0.34007853269577026
0.34002500772476196
0.3400108218193054
0.34000951051712036
0.33992600440979004
0.3399519622325897
0.3399399518966675
0.33995896577835083
0.3398807644844055
0.3399912714958191
0.3400123417377472
0.3399820625782013
0.3399800956249237
0.33997833728790283
0.3399730622768402
0.3399922549724579
0.3400256633758545
0.34004437923431396
0.33998414874076843
0.3399685025215149
0.3399643898010254
0.3399628698825836
0.3399590253829956
0.3399633765220642
0.3399317264556885
0.33993321657180786
0.33992019295692444
0.3398953676223755
0.3399052321910858
0.3398995101451874
0.33989572525024414
0.339897483587265
0.3398997187614441
0.33989742398262024
0.3399040699005127
0.3398991525173187
0.33990156650543213
0.3398968279361725
0.3399013876914978
0.3399014472961426
0.3399061858654022
0.3399147093296051
0.3398907482624054
0.33992061018943787
0.3399346172809601
0.33993813395500183
0.3399399220943451
0.33992284536361694
0.339997261762619
0.3398699462413788
0.3398973345756531
0.3398953080177307
0.3399012088775635
0.339852511882782
0.3398572504520416
0.33985909819602966
0.3398563265800476
0.33985957503318787
0.3398291766643524
0.33991381525993347
0.33991745114326477
0.3398746848106384
0.3398716151714325
0.33987611532211304
0.33987700939178467
0.33987513184547424
0.3398580253124237
0.33986344933509827
0.33988088369369507
0.3398684859275818
0.33986756205558777
0.33987167477607727
0.3398648500442505
0.3398679494857788
0.3398537039756775
0.33984917402267456
0.3398803770542145
0.3398550748825073
0.33985382318496704
0.3398562967777252
0.3398558795452118
0.3398520350456238
0.3398530185222626
0.3398529291152954
0.3398558795452118
