55.121726989746094
54.845096588134766
54.5684700012207
54.291831970214844
54.015201568603516
53.73857116699219
53.461936950683594
53.185302734375
52.908668518066406
52.63203811645508
52.355403900146484
52.078773498535156
51.80213928222656
51.525508880615234
51.248878479003906
50.97224426269531
50.69561004638672
50.418983459472656
50.14234924316406
49.865718841552734
49.589088439941406
49.31245422363281
49.03582000732422
48.759185791015625
48.4825553894043
48.20592498779297
47.929290771484375
47.65266418457031
47.37602996826172
47.099395751953125
46.8227653503418
46.54613494873047
46.269500732421875
45.99287033081055
45.71623992919922
45.439605712890625
45.16297149658203
44.8863410949707
44.60970687866211
44.33308029174805
44.05644607543945
43.779815673828125
43.50318145751953
43.2265510559082
42.94991683959961
42.67328643798828
42.39665222167969
42.120025634765625
41.84339141845703
41.5667610168457
41.290122985839844
41.01349639892578
40.73686218261719
40.46023178100586
40.183597564697266
39.90696716308594
39.63033676147461
39.353702545166016
39.07707214355469
38.800437927246094
38.523807525634766
38.24717712402344
37.970542907714844
37.693912506103516
37.41727828979492
37.140647888183594
36.864013671875
36.58738327026367
36.310752868652344
36.03411865234375
35.75748825073242
35.480857849121094
35.2042236328125
34.92759704589844
34.650962829589844
34.37432861328125
34.09769821166992
33.821067810058594
33.544429779052734
33.26779556274414
32.99116516113281
32.71453094482422
32.437896728515625
32.16126251220703
31.884628295898438
31.607994079589844
31.33135986328125
31.05472755432129
30.77808952331543
30.5014591217041
30.22482681274414
29.948192596435547
29.671558380126953
29.39492416381836
29.118289947509766
28.841655731201172
28.56502342224121
28.288389205932617
28.01175880432129
27.735124588012695
27.458492279052734
27.18185806274414
26.90522575378418
26.62859344482422
26.351959228515625
26.075328826904297
25.798694610595703
25.522064208984375
25.245431900024414
24.96880340576172
24.69217300415039
24.415542602539062
24.138916015625
23.862289428710938
23.585660934448242
23.309032440185547
23.032405853271484
22.755779266357422
22.479154586791992
22.202531814575195
21.92591094970703
21.6492919921875
21.37267303466797
21.096054077148438
20.819438934326172
20.54282569885254
20.266216278076172
19.989608764648438
19.71300506591797
19.436405181884766
19.159809112548828
18.883216857910156
18.606630325317383
18.330047607421875
18.05347442626953
17.776906967163086
17.500349044799805
17.223800659179688
16.9472599029541
16.670732498168945
16.39422035217285
16.117721557617188
15.841238975524902
15.564776420593262
15.28833293914795
15.01191520690918
14.735519409179688
14.45915699005127
14.18282699584961
13.906532287597656
13.630278587341309
13.354070663452148
13.077913284301758
12.801811218261719
12.525772094726562
12.249801635742188
11.973905563354492
11.69809341430664
11.422372817993164
11.146749496459961
10.871233940124512
10.595836639404297
10.320566177368164
10.045433044433594
9.77044677734375
9.49561882019043
9.220959663391113
8.94648265838623
8.672197341918945
8.39812183380127
8.124265670776367
7.850647926330566
7.5772857666015625
7.304199695587158
7.031413555145264
6.758955001831055
6.486854553222656
6.215151309967041
5.943890571594238
5.673124313354492
5.402915000915527
5.133337020874023
4.86447811126709
4.596441268920898
4.329352378845215
4.063362121582031
3.798654556274414
3.5354621410369873
3.2740797996520996
3.0148978233337402
2.7584455013275146
2.505465507507324
2.2570223808288574
2.014669418334961
1.7806720733642578
1.5582808256149292
1.3519741296768188
1.167522668838501
1.0116219520568848
0.8907581567764282
0.8092465400695801
0.7673041224479675
0.7603748440742493
0.7801427841186523
0.8167005777359009
0.860697865486145
0.9046369791030884
0.9432506561279297
0.9733010530471802
0.9931580424308777
1.0023736953735352
1.0013396739959717
0.9910372495651245
0.972862720489502
0.948501467704773
0.919826865196228
0.8888043165206909
0.8573862910270691
0.8273948431015015
0.8003953695297241
0.7775798439979553
0.7596795558929443
0.7469303607940674
0.7390987873077393
0.735565721988678
0.7354476451873779
0.737732470035553
0.7414037585258484
0.7455406785011292
0.7493839263916016
0.7523706555366516
0.7541419863700867
0.7545310258865356
0.7535377740859985
0.751294732093811
0.7480305433273315
0.744032621383667
0.7396112084388733
0.7350687980651855
0.7306742072105408
0.7266438603401184
0.7231306433677673
0.7202196717262268
0.7179313898086548
0.7162300944328308
0.7150364518165588
0.7142419815063477
0.7137246131896973
0.7133617401123047
0.7130420207977295
0.7126736640930176
0.7121890783309937
0.711546778678894
0.7107305526733398
0.7097455263137817
0.7086144089698792
0.7073713541030884
0.7060568332672119
0.7047120928764343
0.7033753991127014
0.7020783424377441
0.7008440494537354
0.6996864080429077
0.6986103057861328
0.6976126432418823
0.6966840624809265
0.6958109736442566
0.6949775815010071
0.6941677927970886
0.6933667659759521
0.6925623416900635
0.6917452216148376
0.6909099817276001
0.690054178237915
0.6891785860061646
0.6882861852645874
0.6873814463615417
0.6864699125289917
0.6855568885803223
0.6846474409103394
0.6837457418441772
0.6828544735908508
0.6819755434989929
0.6811093091964722
0.6802552938461304
0.6794118881225586
0.678577184677124
0.6777491569519043
0.6769254207611084
0.6761043071746826
0.675284206867218
0.6744639873504639
0.6736429929733276
0.6728211641311646
0.6719986796379089
0.6711760759353638
0.6703540682792664
0.6695334315299988
0.6687148213386536
0.6678988933563232
0.6670860648155212
0.6662766933441162
0.6654708981513977
0.6646685600280762
0.6638696193695068
0.6630736589431763
0.6622805595397949
0.661489725112915
0.6607011556625366
0.6599144339561462
0.6591294407844543
0.6583461165428162
0.6575642824172974
0.6567840576171875
0.6560055017471313
0.6552287340164185
0.6544537544250488
0.6536808013916016
0.6529097557067871
0.6521408557891846
0.651374101638794
0.6506094932556152
0.6498469114303589
0.6490865349769592
0.6483281850814819
0.6475717425346375
0.6468173265457153
0.6460647583007812
0.6453140377998352
0.6445651650428772
0.6438180804252625
0.643072783946991
0.642329216003418
0.6415875554084778
0.6408475637435913
0.6401094794273376
0.6393731832504272
0.6386386752128601
0.6379060745239258
0.6371752023696899
0.6364461183547974
0.6357188820838928
0.6349934339523315
0.6342697143554688
0.633547842502594
0.632827639579773
0.6321091651916504
0.6313924789428711
0.6306774616241455
0.6299641132354736
0.629252552986145
0.6285426616668701
0.6278343796730042
0.6271278858184814
0.6264230608940125
0.6257198452949524
0.6250183582305908
0.624318540096283
0.6236203908920288
0.6229237914085388
0.6222289800643921
0.6215357780456543
0.6208441257476807
0.6201541423797607
0.6194658279418945
0.6187790632247925
0.6180939674377441
0.61741042137146
0.6167284846305847
0.6160482168197632
0.6153693795204163
0.614692211151123
0.614016592502594
0.6133425235748291
0.6126701235771179
0.6119991540908813
0.6113297939300537
0.6106619834899902
0.6099956035614014
0.6093308925628662
0.6086677312850952
0.6080060005187988
0.6073458194732666
0.6066871881484985
0.6060299873352051
0.6053743958473206
0.6047201752662659
0.6040675044059753
0.603416383266449
0.6027666926383972
0.6021184921264648
0.6014717221260071
0.6008263826370239
0.6001826524734497
0.5995402932167053
0.5988993644714355
0.5982599258422852
0.5976219177246094
0.5969853401184082
0.5963501930236816
0.5957165360450745
0.5950841903686523
0.5944533944129944
0.5938239693641663
0.593195915222168
0.5925693511962891
0.5919440984725952
0.591320276260376
0.5906977653503418
0.590076744556427
0.589457094669342
0.5888388156890869
0.5882219076156616
0.5876064300537109
0.5869922637939453
0.5863794088363647
0.5857679843902588
0.5851579308509827
0.5845491886138916
0.5839418172836304
0.5833357572555542
0.5827310681343079
0.5821276903152466
0.5815256237983704
0.5809248685836792
0.5803254842758179
0.5797274708747864
0.5791306495666504
0.578535258769989
0.5779410600662231
0.5773482322692871
0.5767567157745361
0.5761664509773254
0.5755774974822998
0.5749897956848145
0.5744034051895142
0.5738183259963989
0.5732344388961792
0.5726518630981445
0.5720705986022949
0.5714905858039856
0.5709117650985718
0.5703343152999878
0.5697580575942993
0.5691830515861511
0.5686092376708984
0.5680367350578308
0.5674654841423035
0.5668954253196716
0.5663266181945801
0.565759003162384
0.565192699432373
0.5646275281906128
0.5640636682510376
0.5635009407997131
0.5629394054412842
0.5623791217803955
0.5618200302124023
0.5612622499465942
0.5607054829597473
0.5601500272750854
0.5595957636833191
0.5590426921844482
0.5584907531738281
0.5579399466514587
0.5573904514312744
0.5568420886993408
0.5562949180603027
0.5557488203048706
0.5552039742469788
0.5546602010726929
0.5541176795959473
0.5535762906074524
0.5530360341072083
0.5524969696998596
0.5519589781761169
0.5514222383499146
0.5508865714073181
0.5503520369529724
0.5498186945915222
0.549286425113678
0.5487552881240845
0.5482253432273865
0.5476964712142944
0.5471687316894531
0.5466420650482178
0.5461165308952332
0.5455921292304993
0.5450688600540161
0.5445467233657837
0.5440255403518677
0.5435055494308472
0.5429866909980774
0.5424689054489136
0.5419521927833557
0.5414365530014038
0.5409220457077026
0.5404086112976074
0.5398962497711182
0.5393849611282349
0.5388747453689575
0.5383656024932861
0.5378575325012207
0.537350594997406
0.5368446111679077
0.5363397598266602
0.5358359813690186
0.5353331565856934
0.5348315238952637
0.5343308448791504
0.5338312387466431
0.5333327054977417
0.5328352451324463
0.5323387384414673
0.531843364238739
0.5313489437103271
0.5308555960655212
0.5303632616996765
0.529871940612793
0.5293817520141602
0.528892457485199
0.5284042358398438
0.5279170274734497
0.5274308919906616
0.5269456505775452
0.5264615416526794
0.5259783864021301
0.525496244430542
0.525015115737915
0.5245349407196045
0.5240558385848999
0.5235776901245117
0.5231004953384399
0.5226243734359741
0.5221492052078247
0.5216750502586365
0.5212018489837646
0.5207296013832092
0.5202584266662598
0.5197881460189819
0.5193189382553101
0.5188506245613098
0.5183833241462708
0.5179169178009033
0.5174515843391418
0.516987144947052
0.5165237188339233
0.5160611867904663
0.5155997276306152
0.515139102935791
0.514679491519928
0.5142208337783813
0.5137630701065063
0.5133063197135925
0.5128505229949951
0.5123956203460693
0.51194167137146
0.511488676071167
0.5110366344451904
0.5105855464935303
0.510135293006897
0.5096860527992249
0.5092377662658691
0.5087903141975403
0.5083438158035278
0.5078982710838318
0.5074536204338074
0.5070099234580994
0.506567120552063
0.5061252117156982
0.5056842565536499
0.5052441954612732
0.5048050880432129
0.5043667554855347
0.5039294958114624
0.503493070602417
0.5030575394630432
0.5026228427886963
0.5021891593933105
0.5017563104629517
0.5013242959976196
0.500893235206604
0.5004631280899048
0.5000338554382324
0.4996054172515869
0.4991779029369354
0.49875128269195557
0.49832552671432495
0.49790066480636597
0.4974766671657562
0.4970535635948181
0.49663132429122925
0.49620991945266724
0.49578940868377686
0.4953698217868805
0.4949510097503662
0.49453312158584595
0.49411603808403015
0.493699848651886
0.49328455328941345
0.492870032787323
0.49245643615722656
0.492043673992157
0.49163174629211426
0.4912206530570984
0.49081048369407654
0.4904010593891144
0.48999255895614624
0.48958486318588257
0.48917800188064575
0.4887719750404358
0.4883668124675751
0.4879624545574188
0.48755893111228943
0.4871562719345093
0.4867544174194336
0.48635342717170715
0.4859532415866852
0.4855538606643677
0.485155314207077
0.48475760221481323
0.4843606948852539
0.48396462202072144
0.48356935381889343
0.4831748902797699
0.4827812910079956
0.482388436794281
0.48199641704559326
0.48160520195961
0.4812147915363312
0.48082518577575684
0.48043644428253174
0.48004841804504395
0.479661226272583
0.47927483916282654
0.47888922691345215
0.4785044491291046
0.4781204164028168
0.4777371883392334
0.4773547649383545
0.47697314620018005
0.4765922725200653
0.47621220350265503
0.4758329391479492
0.4754544496536255
0.47507670521736145
0.4746997654438019
0.4743236005306244
0.473948210477829
0.47357359528541565
0.4731997549533844
0.47282668948173523
0.47245439887046814
0.47208285331726074
0.4717120826244354
0.4713420867919922
0.4709728956222534
0.47060438990592957
0.4702366590499878
0.4698697328567505
0.4695035219192505
0.46913808584213257
0.46877342462539673
0.4684095084667206
0.46804630756378174
0.4676838517189026
0.4673222303390503
0.4669612646102905
0.46660107374191284
0.46624165773391724
0.46588295698165894
0.4655250012874603
0.465167760848999
0.4648112952709198
0.4644555449485779
0.46410053968429565
0.4637462794780731
0.4633927345275879
0.46303993463516235
0.4626878499984741
0.4623364806175232
0.46198585629463196
0.461635947227478
0.4612867832183838
0.46093833446502686
0.4605906009674072
0.4602436125278473
0.4598972797393799
0.45955169200897217
0.45920681953430176
0.4588627219200134
0.45851925015449524
0.45817652344703674
0.45783454179763794
0.45749321579933167
0.4571526050567627
0.45681270956993103
0.4564734995365143
0.4561350345611572
0.4557972550392151
0.45546016097068787
0.45512378215789795
0.45478805899620056
0.4544530510902405
0.4541187584400177
0.45378515124320984
0.4534522294998169
0.45311999320983887
0.45278847217559814
0.45245760679244995
0.45212745666503906
0.4517979621887207
0.45146918296813965
0.4511410593986511
0.4508136212825775
0.4504868686199188
0.45016080141067505
0.4498353898525238
0.4495106339454651
0.44918662309646606
0.4488632082939148
0.44854050874710083
0.4482184648513794
0.4478971064090729
0.4475764036178589
0.4472563564777374
0.4469369947910309
0.4466182589530945
0.446300208568573
0.44598281383514404
0.4456660747528076
0.4453500509262085
0.44503462314605713
0.4447198808193207
0.444405734539032
0.4440923035144806
0.44377949833869934
0.44346731901168823
0.44315585494041443
0.4428449869155884
0.44253477454185486
0.44222521781921387
0.441916286945343
0.4416080117225647
0.4413003623485565
0.44099336862564087
0.44068700075149536
0.4403812885284424
0.44007620215415955
0.43977174162864685
0.4394679367542267
0.43916475772857666
0.4388622045516968
0.43856024742126465
0.43825894594192505
0.437958300113678
0.43765825033187866
0.4373587965965271
0.43705999851226807
0.43676185607910156
0.4364642798900604
0.4361673593521118
0.4358710050582886
0.43557530641555786
0.4352802634239197
0.4349857568740845
0.4346918761730194
0.4343986511230469
0.4341059923171997
0.43381398916244507
0.4335225224494934
0.4332317113876343
0.4329414963722229
0.4326518774032593
0.4323628842830658
0.43207448720932007
0.4317866563796997
0.4314994812011719
0.4312128722667694
0.4309268593788147
0.43064141273498535
0.43035662174224854
0.4300724267959595
0.4297887682914734
0.42950570583343506
0.42922326922416687
0.42894136905670166
0.428660124540329
0.4283793866634369
0.42809930443763733
0.42781975865364075
0.4275408387184143
0.42726245522499084
0.42698466777801514
0.4267074465751648
0.4264308214187622
0.426154762506485
0.42587926983833313
0.42560437321662903
0.4253300428390503
0.4250562787055969
0.42478305101394653
0.4245104491710663
0.424238383769989
0.4239668846130371
0.42369595170021057
0.4234255850315094
0.4231557846069336
0.42288655042648315
0.4226178526878357
0.422349750995636
0.42208218574523926
0.4218151569366455
0.4215486943721771
0.4212828278541565
0.42101743817329407
0.42075270414352417
0.4204884171485901
0.42022472620010376
0.4199615716934204
0.41969895362854004
0.4194369316101074
0.419175386428833
0.41891443729400635
0.41865402460098267
0.4183941185474396
0.41813477873802185
0.4178759753704071
0.41761770844459534
0.41735997796058655
0.41710275411605835
0.4168460965156555
0.41658997535705566
0.4163343906402588
0.4160793423652649
0.4158248007297516
0.41557079553604126
0.4153172969818115
0.41506433486938477
0.414811909198761
0.4145600199699402
0.4143086373806
0.41405776143074036
0.4138074219226837
0.41355758905410767
0.4133082628250122
0.4130595028400421
0.4128112494945526
0.4125634729862213
0.4123162031173706
0.41206949949264526
0.4118232727050781
0.4115775525569916
0.411332368850708
0.41108766198158264
0.41084346175193787
0.4105997681617737
0.41035664081573486
0.4101139307022095
0.40987175703048706
0.40963006019592285
0.4093888998031616
0.4091482162475586
0.40890806913375854
0.4086683690547943
0.40842920541763306
0.4081904888153076
0.40795233845710754
0.4077146053314209
0.40747737884521484
0.4072406589984894
0.4070044159889221
0.40676867961883545
0.406533420085907
0.4062986373901367
0.40606433153152466
0.4058305323123932
0.4055972099304199
0.40536439418792725
0.405131995677948
0.40490010380744934
0.4046686887741089
0.404437780380249
0.404207319021225
0.40397733449935913
0.4037477970123291
0.40351879596710205
0.4032902121543884
0.403062105178833
0.4028345048427582
0.4026073217391968
0.4023806154727936
0.4021543860435486
0.4019286334514618
0.4017033278942108
0.40147846937179565
0.4012541174888611
0.40103018283843994
0.4008067846298218
0.4005837142467499
0.40036121010780334
0.40013912320137024
0.39991751313209534
0.39969635009765625
0.3994755744934082
0.39925533533096313
0.3990354835987091
0.39881613850593567
0.39859724044799805
0.39837872982025146
0.3981607258319855
0.3979431390762329
0.3977259695529938
0.39750927686691284
0.3972930312156677
0.39707720279693604
0.39686185121536255
0.3966469168663025
0.39643242955207825
0.3962183892726898
0.3960047662258148
0.39579153060913086
0.3955788016319275
0.39536648988723755
0.39515459537506104
0.3949431777000427
0.39473211765289307
0.3945215344429016
0.3943113684654236
0.394101619720459
0.3938923180103302
0.39368343353271484
0.3934749662876129
0.3932669162750244
0.39305931329727173
0.3928520977497101
0.39264532923698425
0.39243894815444946
0.3922330141067505
0.39202749729156494
0.39182236790657043
0.39161765575408936
0.3914133906364441
0.39120954275131226
0.3910060524940491
0.3908030390739441
0.39060038328170776
0.39039814472198486
0.3901963531970978
0.38999491930007935
0.38979393243789673
0.38959330320358276
0.389393150806427
0.3891933262348175
0.38899391889572144
0.3887949585914612
0.3885963559150696
0.3883981704711914
0.3882003724575043
0.3880029320716858
0.3878059387207031
0.3876093626022339
0.3874131441116333
0.38721734285354614
0.38702189922332764
0.38682687282562256
0.38663220405578613
0.3864379823207855
0.38624411821365356
0.38605064153671265
0.3858575224876404
0.38566485047340393
0.38547250628471375
0.3852805495262146
0.3850890100002289
0.3848978281021118
0.3847070336341858
0.3845166563987732
0.38432660698890686
0.38413694500923157
0.3839476704597473
0.3837587833404541
0.38357025384902954
0.383382111787796
0.38319429755210876
0.3830069303512573
0.38281989097595215
0.3826332092285156
0.38244694471359253
0.3822609782218933
0.3820754289627075
0.38189026713371277
0.3817054331302643
0.38152098655700684
0.38133689761161804
0.3811531662940979
0.3809697926044464
0.38078680634498596
0.38060417771339417
0.38042187690734863
0.38023996353149414
0.3800583779811859
0.37987715005874634
0.3796963095664978
0.3795158267021179
0.3793357014656067
0.37915587425231934
0.3789764642715454
0.37879738211631775
0.37861862778663635
0.378440260887146
0.3782622218132019
0.37808454036712646
0.3779072165489197
0.37773022055625916
0.3775535821914673
0.3773772716522217
0.3772013187408447
0.3770257234573364
0.376850426197052
0.3766755163669586
0.3765009045600891
0.37632668018341064
0.37615278363227844
0.3759791851043701
0.37580597400665283
0.3756330609321594
0.37546050548553467
0.3752882778644562
0.37511640787124634
0.37494486570358276
0.37477362155914307
0.37460270524024963
0.37443214654922485
0.37426191568374634
0.3740920126438141
0.3739224076271057
0.3737531900405884
0.3735842704772949
0.37341567873954773
0.3732473850250244
0.37307941913604736
0.37291181087493896
0.37274450063705444
0.3725775182247162
0.3724108636379242
0.3722445070743561
0.37207847833633423
0.37191277742385864
0.3717474043369293
0.3715823292732239
0.3714175820350647
0.3712531328201294
0.37108901143074036
0.3709252178668976
0.3707617223262787
0.37059852480888367
0.3704356551170349
0.37027308344841003
0.3701108396053314
0.3699489235877991
0.3697872459888458
0.36962592601776123
0.3694648742675781
0.36930418014526367
0.3691437840461731
0.3689836263656616
0.3688238263130188
0.36866432428359985
0.3685051202774048
0.3683462142944336
0.36818763613700867
0.36802932620048523
0.36787134408950806
0.3677136301994324
0.36755621433258057
0.36739909648895264
0.3672422766685486
0.3670857548713684
0.3669295310974121
0.3667736053466797
0.36661797761917114
0.3664626479148865
0.3663075864315033
0.366152822971344
0.3659983277320862
0.36584413051605225
0.3656902611255646
0.3655366599559784
0.3653833270072937
0.3652303218841553
0.36507755517959595
0.3649250864982605
0.3647729158401489
0.36462101340293884
0.36446934938430786
0.36431801319122314
0.3641669750213623
0.36401623487472534
0.3638657033443451
0.3637155294418335
0.3635655641555786
0.3634158968925476
0.3632665276527405
0.3631174564361572
0.3629686236381531
0.3628200590610504
0.36267173290252686
0.36252373456954956
0.36237600445747375
0.36222851276397705
0.3620813488960266
0.3619344234466553
0.3617877960205078
0.36164140701293945
0.3614952862262726
0.3613494336605072
0.3612038493156433
0.3610585331916809
0.3609135150909424
0.36076873540878296
0.36062419414520264
0.3604799509048462
0.36033597588539124
0.3601922392845154
0.3600488007068634
0.35990557074546814
0.35976263880729675
0.35961997509002686
0.35947751998901367
0.35933536291122437
0.35919344425201416
0.35905182361602783
0.3589104115962982
0.3587692677974701
0.35862839221954346
0.3584877848625183
0.35834741592407227
0.3582072854042053
0.3580673933029175
0.3579277992248535
0.35778841376304626
0.3576493263244629
0.35751044750213623
0.35737183690071106
0.357233464717865
0.3570953607559204
0.35695749521255493
0.35681986808776855
0.3566824793815613
0.3565453588962555
0.3564084768295288
0.3562718629837036
0.35613542795181274
0.35599929094314575
0.3558633625507355
0.3557277023792267
0.3555923104286194
0.3554571270942688
0.3553221523761749
0.35518744587898254
0.35505297780036926
0.35491877794265747
0.35478475689888
0.35465100407600403
0.35451751947402954
0.3543842136859894
0.3542512059211731
0.35411834716796875
0.3539857864379883
0.3538534641265869
0.3537213206291199
0.3535894751548767
0.35345780849456787
0.35332638025283813
0.3531952202320099
0.35306426882743835
0.3529335558414459
0.3528030514717102
0.352672815322876
0.3525427579879761
0.3524129390716553
0.35228338837623596
0.352154016494751
0.3520249128341675
0.3518959879875183
0.35176730155944824
0.3516388237476349
0.351510614156723
0.35138261318206787
0.35125482082366943
0.3511272370815277
0.3509998917579651
0.35087278485298157
0.3507458567619324
0.35061919689178467
0.3504927158355713
0.350366473197937
0.35024040937423706
0.350114643573761
0.34998905658721924
0.3498636484146118
0.3497384786605835
0.3496135473251343
0.3494887948036194
0.3493642807006836
0.3492399752140045
0.34911587834358215
0.3489919900894165
0.34886834025382996
0.34874486923217773
0.3486216068267822
0.3484985828399658
0.34837573766708374
0.34825313091278076
0.3481307327747345
0.34800854325294495
0.3478865623474121
0.3477647304534912
0.3476431965827942
0.3475218117237091
0.34740060567855835
0.3472796678543091
0.34715890884399414
0.3470383882522583
0.346917986869812
0.3467978835105896
0.3466779291629791
0.34655818343162537
0.3464386463165283
0.346319317817688
0.346200168132782
0.3460812568664551
0.3459625244140625
0.34584397077560425
0.3457256257534027
0.3456075191497803
0.3454895615577698
0.345371812582016
0.34525424242019653
0.3451369106769562
0.34501975774765015
0.34490281343460083
0.34478601813316345
0.3446694612503052
0.34455305337905884
0.3444368839263916
0.3443208932876587
0.3442050814628601
0.34408944845199585
0.3439740538597107
0.34385883808135986
0.34374380111694336
0.3436289429664612
0.34351426362991333
0.3433998227119446
0.34328556060791016
0.34317147731781006
0.3430575728416443
0.34294384717941284
0.3428303301334381
0.3427169919013977
0.342603862285614
0.34249088168144226
0.34237807989120483
0.3422654867172241
0.34215307235717773
0.3420408368110657
0.3419288098812103
0.3418169617652893
0.3417052626609802
0.34159374237060547
0.3414824604988098
0.3413713276386261
0.34126031398773193
0.34114956855773926
0.3410389721393585
0.3409285545349121
0.3408183157444
0.34070825576782227
0.3405984044075012
0.3404887020587921
0.34037914872169495
0.3402698040008545
0.34016066789627075
0.34005165100097656
0.3399428129196167
0.33983418345451355
0.33972570300102234
0.33961740136146545
0.3395092487335205
0.33940133452415466
0.33929353952407837
0.3391859531402588
0.33907851576805115
0.33897125720977783
0.33886414766311646
0.3387572467327118
0.33865049481391907
0.33854392170906067
0.3384374976158142
0.3383312523365021
0.33822518587112427
0.3381192684173584
0.33801352977752686
0.33790796995162964
0.33780258893966675
0.3376973867416382
0.3375922739505768
0.3374873995780945
0.33738264441490173
0.3372780978679657
0.3371736705303192
0.33706945180892944
0.3369653522968292
0.33686143159866333
0.33675768971443176
0.3366541266441345
0.33655068278312683
0.33644741773605347
0.33634430170059204
0.3362414240837097
0.33613860607147217
0.3360360264778137
0.3359335660934448
0.33583125472068787
0.33572912216186523
0.33562713861465454
0.3355253040790558
0.33542367815971375
0.33532217144966125
0.3352208137512207
0.3351196348667145
0.3350186049938202
0.33491772413253784
0.3348170220851898
0.33471643924713135
0.3346160650253296
0.334515780210495
0.3344156742095947
0.33431577682495117
0.33421599864959717
0.3341163396835327
0.3340168595314026
0.3339175581932068
0.33381837606430054
0.3337193429470062
0.33362048864364624
0.3335217833518982
0.3334231972694397
0.3333247900009155
0.3332265019416809
0.3331283926963806
0.3330304026603699
0.33293259143829346
0.332834929227829
0.33273738622665405
0.33264005184173584
0.3325428068637848
0.33244574069976807
0.3323488235473633
0.33225202560424805
0.33215540647506714
0.3320589065551758
0.33196255564689636
0.33186638355255127
0.33177030086517334
0.33167439699172974
0.33157864212989807
0.33148300647735596
0.33138757944107056
0.33129221200942993
0.33119702339172363
0.33110201358795166
0.33100706338882446
0.33091235160827637
0.33081769943237305
0.33072322607040405
0.330628901720047
0.3305346965789795
0.3304406702518463
0.3303467333316803
0.3302529752254486
0.33015936613082886
0.33006587624549866
0.329972505569458
0.3298792839050293
0.3297862112522125
0.3296932578086853
0.32960045337677
0.3295077979564667
0.3294152617454529
0.3293229043483734
0.3292306363582611
0.32913851737976074
0.3290465474128723
0.32895469665527344
0.3288629651069641
0.3287714123725891
0.32867997884750366
0.32858866453170776
0.3284974694252014
0.3284064531326294
0.3283155560493469
0.328224778175354
0.328134149312973
0.3280436396598816
0.3279532790184021
0.32786300778388977
0.32777291536331177
0.3276829421520233
0.3275930881500244
0.32750338315963745
0.32741379737854004
0.3273243010044098
0.32723501324653625
0.3271458148956299
0.32705673575401306
0.3269678056240082
0.32687899470329285
0.32679033279418945
0.3267017602920532
0.32661333680152893
0.3265250325202942
0.326436847448349
0.32634881138801575
0.32626092433929443
0.3261731266975403
0.3260854482650757
0.325997918844223
0.3259105086326599
0.32582324743270874
0.32573604583740234
0.3256490230560303
0.32556211948394775
0.3254753351211548
0.32538866996765137
0.3253021240234375
0.3252156972885132
0.3251294195652008
0.3250432312488556
0.3249571919441223
0.3248712420463562
0.3247854709625244
0.3246997594833374
0.3246142268180847
0.3245287835597992
0.3244434893131256
0.3243582844734192
0.3242731988430023
0.324188232421875
0.32410338521003723
0.3240187168121338
0.32393407821655273
0.323849618434906
0.32376521825790405
0.3236809968948364
0.32359689474105835
0.32351288199424744
0.3234289884567261
0.32334524393081665
0.323261559009552
0.3231780529022217
0.3230946362018585
0.32301127910614014
0.32292813062667847
0.3228450417518616
0.32276207208633423
0.3226792812347412
0.32259654998779297
0.3225139379501343
0.32243144512176514
0.32234907150268555
0.3222668170928955
0.32218465209007263
0.3221026360988617
0.3220207095146179
0.3219388723373413
0.32185718417167664
0.3217756152153015
0.32169413566589355
0.32161277532577515
0.3215315341949463
0.321450412273407
0.32136934995651245
0.32128846645355225
0.3212076723575592
0.3211269676685333
0.3210464119911194
0.3209659457206726
0.320885568857193
0.32080531120300293
0.3207251727581024
0.32064515352249146
0.32056522369384766
0.3204854130744934
0.3204057216644287
0.3203261196613312
0.3202466368675232
0.3201672434806824
0.3200879693031311
0.3200088143348694
0.3199297785758972
0.3198508322238922
0.31977197527885437
0.31969326734542847
0.31961458921432495
0.31953608989715576
0.3194577097892761
0.31937935948371887
0.31930115818977356
0.3192231059074402
0.3191450834274292
0.31906718015670776
0.31898942589759827
0.31891170144081116
0.318834125995636
0.31875666975975037
0.3186793029308319
0.3186020255088806
0.3185248374938965
0.3184478282928467
0.31837087869644165
0.3182939887046814
0.3182172477245331
0.3181406259536743
0.3180640935897827
0.3179876208305359
0.3179112672805786
0.3178350329399109
0.3177589178085327
0.3176828622817993
0.31760692596435547
0.3175310790538788
0.31745535135269165
0.3173797130584717
0.3173041343688965
0.3172287344932556
0.3171533942222595
0.3170781433582306
0.3170030117034912
0.316927969455719
0.31685304641723633
0.31677818298339844
0.3167034387588501
0.3166288137435913
0.3165542483329773
0.31647980213165283
0.31640544533729553
0.316331148147583
0.3162569999694824
0.316182941198349
0.31610897183418274
0.31603512167930603
0.3159613311290741
0.3158876299858093
0.3158140778541565
0.31574058532714844
0.31566718220710754
0.3155938982963562
0.315520703792572
0.3154475688934326
0.31537458300590515
0.31530165672302246
0.31522881984710693
0.31515610218048096
0.31508347392082214
0.3150109052658081
0.314938485622406
0.3148661255836487
0.3147938847541809
0.3147217035293579
0.31464964151382446
0.3145776391029358
0.31450575590133667
0.3144339323043823
0.31436222791671753
0.3142906427383423
0.3142191171646118
0.3141476511955261
0.31407633423805237
0.3140050768852234
0.3139339089393616
0.3138628602027893
0.3137918710708618
0.3137210011482239
0.3136501908302307
0.3135794699192047
0.3135088384151459
0.3134383261203766
0.3133678734302521
0.3132975101470947
0.31322726607322693
0.3131570816040039
0.31308701634407043
0.31301701068878174
0.3129470944404602
0.3128772974014282
0.312807559967041
0.31273791193962097
0.3126683235168457
0.3125988841056824
0.3125295042991638
0.3124602138996124
0.3123910129070282
0.31232187151908875
0.31225281953811646
0.3121839165687561
0.31211501359939575
0.31204622983932495
0.3119775652885437
0.3119089603424072
0.3118404448032379
0.3117719888687134
0.3117036819458008
0.3116353750228882
0.3115672171115875
0.31149911880493164
0.3114311099052429
0.311363160610199
0.3112953305244446
0.31122761964797974
0.3111599087715149
0.3110923171043396
0.3110247850418091
0.3109574019908905
0.3108900487422943
0.3108227849006653
0.3107556402683258
0.31068849563598633
0.3106215000152588
0.3105545938014984
0.3104877471923828
0.3104209899902344
0.3103542923927307
0.3102877140045166
0.31022119522094727
0.3101547360420227
0.3100883960723877
0.31002211570739746
0.309955894947052
0.3098897933959961
0.30982378125190735
0.3097578287124634
0.3096919357776642
0.30962616205215454
0.30956047773361206
0.30949482321739197
0.30942925810813904
0.30936378240585327
0.30929839611053467
0.30923306941986084
0.3091678321361542
0.3091026544570923
0.30903762578964233
0.3089725971221924
0.308907687664032
0.30884283781051636
0.3087780773639679
0.3087133765220642
0.3086487650871277
0.30858421325683594
0.30851978063583374
0.3084554076194763
0.30839109420776367
0.3083269000053406
0.30826273560523987
0.30819863080978394
0.30813467502593994
0.30807074904441833
0.3080069124698639
0.3079431653022766
0.3078794479370117
0.3078158497810364
0.3077523112297058
0.30768883228302
0.307625412940979
0.3075621426105499
0.3074989318847656
0.3074357211589813
0.3073726296424866
0.307309627532959
0.30724668502807617
0.3071838319301605
0.30712103843688965
0.30705833435058594
0.306995689868927
0.30693310499191284
0.30687060952186584
0.306808203458786
0.30674582719802856
0.30668359994888306
0.30662137269973755
0.3065592348575592
0.3064972162246704
0.3064351975917816
0.3063732981681824
0.3063114583492279
0.3062496781349182
0.3061879873275757
0.30612635612487793
0.3060648441314697
0.3060033619403839
0.30594193935394287
0.305880606174469
0.3058193325996399
0.30575814843177795
0.3056970536708832
0.3056359887123108
0.3055749833583832
0.3055140972137451
0.30545327067375183
0.3053925037384033
0.3053317666053772
0.3052711486816406
0.30521059036254883
0.3051501214504242
0.30508968234062195
0.30502933263778687
0.30496907234191895
0.304908812046051
0.30484873056411743
0.30478864908218384
0.304728627204895
0.30466872453689575
0.3046088218688965
0.30454903841018677
0.3044893145561218
0.3044296205043793
0.30437004566192627
0.30431050062179565
0.3042510449886322
0.3041916489601135
0.304132342338562
0.3040730953216553
0.3040139079093933
0.3039547801017761
0.3038957118988037
0.30383673310279846
0.303777813911438
0.3037189543247223
0.30366015434265137
0.3036014437675476
0.3035427927970886
0.3034842014312744
0.303425669670105
0.3033672273159027
0.3033088445663452
0.3032505214214325
0.30319225788116455
0.30313408374786377
0.30307596921920776
0.30301785469055176
0.3029598593711853
0.302901953458786
0.3028440773487091
0.30278629064559937
0.302728533744812
0.3026708662509918
0.3026132583618164
0.30255571007728577
0.3024982213973999
0.3024408221244812
0.3023834526538849
0.30232617259025574
0.302268922328949
0.30221179127693176
0.30215466022491455
0.3020976483821869
0.3020406663417816
0.3019837737083435
0.3019269108772278
0.3018701672554016
0.30181342363357544
0.30175676941871643
0.3017001748085022
0.3016436696052551
0.30158716440200806
0.30153077840805054
0.3014744222164154
0.30141812562942505
0.30136191844940186
0.30130574107170105
0.301249623298645
0.30119359493255615
0.30113765597343445
0.30108171701431274
0.3010258674621582
0.30097007751464844
0.30091434717178345
0.30085867643356323
0.3008030652999878
0.30074751377105713
0.300692081451416
0.3006366193294525
0.3005812466144562
0.3005259335041046
0.3004706799983978
0.3004154860973358
0.30036038160324097
0.3003053069114685
0.3002502918243408
0.3001953363418579
0.3001404404640198
0.3000856041908264
0.3000308573246002
0.2999761700630188
0.29992151260375977
0.2998668849468231
0.299812376499176
0.2997578978538513
0.2997034788131714
0.29964911937713623
0.29959481954574585
0.29954057931900024
0.2994863986968994
0.29943227767944336
0.2993781864643097
0.2993241846561432
0.29927024245262146
0.2992163598537445
0.29916250705718994
0.29910871386528015
0.29905498027801514
0.2990013360977173
0.2989477217197418
0.29889416694641113
0.2988406717777252
0.2987872362136841
0.29873383045196533
0.29868054389953613
0.29862725734710693
0.2985740303993225
0.29852092266082764
0.29846781492233276
0.29841476678848267
0.29836177825927734
0.2983088493347168
0.298255980014801
0.29820314049720764
0.2981503903865814
0.2980976700782776
0.2980450391769409
0.29799243807792664
0.29793989658355713
0.29788738489151
0.29783499240875244
0.2977825999259949
0.2977302670478821
0.29767802357673645
0.2976257801055908
0.29757362604141235
0.29752153158187866
0.29746949672698975
0.29741746187210083
0.29736554622650146
0.2973136603832245
0.2972618043422699
0.29721006751060486
0.2971583306789398
0.29710665345191956
0.29705503582954407
0.29700344800949097
0.29695194959640503
0.29690051078796387
0.2968491017818451
0.2967977523803711
0.2967464327812195
0.29669517278671265
0.29664403200149536
0.2965928614139557
0.2965417802333832
0.29649072885513306
0.2964397668838501
0.2963888645172119
0.29633796215057373
0.2962871491909027
0.2962363660335541
0.2961856722831726
0.2961350083351135
0.29608437418937683
0.2960337996482849
0.29598331451416016
0.2959328293800354
0.2958824634552002
0.2958320677280426
0.2957817614078522
0.2957315146923065
0.29568129777908325
0.29563117027282715
0.29558107256889343
0.2955310046672821
0.29548102617263794
0.29543107748031616
0.2953811585903168
0.29533129930496216
0.2952815294265747
0.29523175954818726
0.2951820492744446
0.29513242840766907
0.29508280754089355
0.2950332760810852
0.29498377442359924
0.29493433237075806
0.29488492012023926
0.2948355972766876
0.2947863042354584
0.2947370409965515
0.29468783736228943
0.2946386933326721
0.2945896089076996
0.29454052448272705
0.29449155926704407
0.2944425940513611
0.29439371824264526
0.29434484243392944
0.2942960262298584
0.29424726963043213
0.29419857263565063
0.29414990544319153
0.2941012978553772
0.29405272006988525
0.2940042018890381
0.2939557433128357
0.2939073443412781
0.29385897517204285
0.2938106656074524
0.2937623858451843
0.29371413588523865
0.29366597533226013
0.293617844581604
0.29356977343559265
0.2935217022895813
0.2934737205505371
0.2934257686138153
0.2933778762817383
0.29333004355430603
0.29328227043151855
0.2932344973087311
0.2931867837905884
0.29313915967941284
0.2930915355682373
0.29304397106170654
0.29299646615982056
0.29294896125793457
0.29290157556533813
0.2928541600704193
0.29280683398246765
0.2927595376968384
0.2927123010158539
0.2926650941371918
0.2926179766654968
0.29257088899612427
0.2925238013267517
0.2924768030643463
0.2924298346042633
0.2923828959465027
0.29233604669570923
0.29228919744491577
0.2922424077987671
0.2921956777572632
0.29214897751808167
0.2921023368835449
0.29205575585365295
0.292009174823761
0.2919626832008362
0.2919161915779114
0.29186978936195374
0.29182344675064087
0.2917770743370056
0.2917308211326599
0.2916845679283142
0.2916383445262909
0.29159218072891235
0.2915460765361786
0.2915000319480896
0.291454017162323
0.2914080321788788
0.29136207699775696
0.2913162112236023
0.29127037525177
0.29122453927993774
0.29117879271507263
0.2911331057548523
0.29108741879463196
0.291041761636734
0.2909961938858032
0.2909506559371948
0.2909051477909088
0.2908596992492676
0.29081428050994873
0.29076892137527466
0.290723592042923
0.29067832231521606
0.29063308238983154
0.2905879020690918
0.29054272174835205
0.2904976010322571
0.2904525399208069
0.29040753841400146
0.29036253690719604
0.2903175950050354
0.29027271270751953
0.29022783041000366
0.29018303751945496
0.29013824462890625
0.2900935411453247
0.29004883766174316
0.2900041937828064
0.2899596095085144
0.2899150252342224
0.2898705005645752
0.28982603549957275
0.2897815704345703
0.28973719477653503
0.28969281911849976
0.28964850306510925
0.2896042466163635
0.2895600199699402
0.2895158529281616
0.28947168588638306
0.28942757844924927
0.28938353061676025
0.28933948278427124
0.289295494556427
0.28925156593322754
0.28920766711235046
0.2891637980937958
0.28911998867988586
0.28907620906829834
0.2890324592590332
0.28898876905441284
0.28894510865211487
0.28890150785446167
0.28885790705680847
0.28881439566612244
0.2887709140777588
0.28872743248939514
0.28868401050567627
0.2886406481266022
0.2885972857475281
0.28855401277542114
0.2885107398033142
0.28846752643585205
0.2884243428707123
0.2883811891078949
0.2883380949497223
0.28829503059387207
0.2882520258426666
0.2882090210914612
0.2881660759449005
0.2881231904029846
0.2880803346633911
0.2880374789237976
0.28799471259117126
0.2879519462585449
0.28790923953056335
0.28786659240722656
0.28782397508621216
0.28778135776519775
0.2877388298511505
0.28769630193710327
0.2876538336277008
0.2876113951206207
0.28756898641586304
0.28752660751342773
0.2874843180179596
0.2874631881713867
0.28744202852249146
0.28742092847824097
0.2873998284339905
0.2873786985874176
0.2873576283454895
0.287336528301239
0.2873154282569885
0.2872943580150604
0.2872733175754547
0.2872522473335266
0.2872312068939209
0.2872101366519928
0.2871891260147095
0.28716808557510376
0.28714704513549805
0.2871260344982147
0.2871050238609314
0.28708401322364807
0.28706300258636475
0.2870419919490814
0.2870209813117981
0.28700003027915955
0.2869790196418762
0.2869580388069153
0.28693708777427673
0.2869160771369934
0.28689515590667725
0.2868741750717163
0.28685322403907776
0.2868322730064392
0.28681132197380066
0.2867904007434845
0.28676944971084595
0.2867485284805298
0.2867276072502136
0.28670668601989746
0.2866857647895813
0.28666484355926514
0.28664395213127136
0.2866230309009552
0.2866021394729614
0.28658124804496765
0.2865603566169739
0.2865394353866577
0.28651857376098633
0.28649771213531494
0.28647685050964355
0.2864559590816498
0.2864350974559784
0.286414235830307
0.2863933742046356
0.2863725423812866
0.28635168075561523
0.28633081912994385
0.28631001710891724
0.28628918528556824
0.28626835346221924
0.28624752163887024
0.28622668981552124
0.28620588779449463
0.286185085773468
0.2861642837524414
0.2861434817314148
0.2861226797103882
0.2861018776893616
0.28608110547065735
0.2860603332519531
0.2860395312309265
0.2860187590122223
0.28599798679351807
0.28597724437713623
0.285956472158432
0.2859356999397278
0.28591495752334595
0.2858942151069641
0.2858734726905823
0.28585273027420044
0.2858319878578186
0.28581124544143677
0.2857905626296997
0.28576982021331787
0.28574907779693604
0.285728394985199
0.28570765256881714
0.2856869697570801
0.285666286945343
0.28564560413360596
0.2856249213218689
0.28560420870780945
0.2855835258960724
0.2855628728866577
0.28554219007492065
0.2855215072631836
0.2855008542537689
0.28548020124435425
0.2854595184326172
0.2854388952255249
0.28541824221611023
0.28539758920669556
0.2853872776031494
0.28537696599960327
0.28536665439605713
0.285356342792511
0.28534603118896484
0.2853356897830963
0.2853253483772278
0.28531503677368164
0.2853047251701355
0.28529441356658936
0.2852841019630432
0.2852737605571747
0.28526344895362854
0.2852531373500824
0.28524279594421387
0.2852324843406677
0.2852221429347992
0.28521183133125305
0.2852014899253845
0.2851911783218384
0.28518083691596985
0.2851704955101013
0.2851601541042328
0.28514981269836426
0.2851395010948181
0.2851291596889496
0.28511881828308105
0.2851085066795349
0.285098135471344
0.28508782386779785
0.28507745265960693
0.2850671112537384
0.2850567698478699
0.28504642844200134
0.2850360870361328
0.2850257158279419
0.28501540422439575
0.28500503301620483
0.2849946916103363
0.2849843502044678
0.28497397899627686
0.28496360778808594
0.2849532663822174
0.2849428951740265
0.28493255376815796
0.28492218255996704
0.2849118113517761
0.2849014699459076
0.2848910987377167
0.28488075733184814
0.2848703861236572
0.2848599851131439
0.2848496437072754
0.2848392724990845
0.28482887148857117
0.28481853008270264
0.2848081588745117
0.2847977578639984
0.2847873866558075
0.2847770154476166
0.28476664423942566
0.28475624322891235
0.28474587202072144
0.2847355008125305
0.2847250998020172
0.2847147583961487
0.284704327583313
0.28469395637512207
0.28468355536460876
0.28467318415641785
0.28466278314590454
0.28465238213539124
0.28464198112487793
0.284631609916687
0.2846212089061737
0.2846108376979828
0.2846004366874695
0.2845900058746338
0.28457963466644287
0.2845692038536072
0.28455883264541626
0.28454843163490295
0.28453800082206726
0.28452759981155396
0.28451719880104065
0.28450679779052734
0.28449639678001404
0.28448596596717834
0.28447556495666504
0.28446513414382935
0.28445473313331604
0.28444433212280273
0.28443390130996704
0.28442350029945374
0.28441306948661804
0.28440266847610474
0.28439223766326904
0.28438180685043335
0.28437137603759766
0.28436097502708435
0.2843557596206665
0.28435051441192627
0.2843453288078308
0.28434011340141296
0.2843348979949951
0.28432968258857727
0.28432443737983704
0.2843192219734192
0.28431403636932373
0.2843087911605835
0.28430354595184326
0.2842983305454254
0.28429311513900757
0.28428786993026733
0.2842826247215271
0.28427737951278687
0.2842721939086914
0.28426694869995117
0.28426170349121094
0.2842564582824707
0.28425121307373047
0.28424596786499023
0.28424072265625
0.28423550724983215
0.2842302918434143
0.2842250168323517
0.28421974182128906
0.2842145264148712
0.2842092514038086
0.28420403599739075
0.2841987609863281
0.2841935157775879
0.28418827056884766
0.28418299555778503
0.2841777503490448
0.2841724753379822
0.28416723012924194
0.2841619849205017
0.2841567099094391
0.28415143489837646
0.28414613008499146
0.2841408848762512
0.2841356098651886
0.28413036465644836
0.28412508964538574
0.28411978483200073
0.2841145396232605
0.2841092348098755
0.28410395979881287
0.28409868478775024
0.2840934097766876
0.2840881049633026
0.28408282995224
0.28407755494117737
0.28407227993011475
0.28406697511672974
0.2840616703033447
0.2840563654899597
0.2840510904788971
0.2840458154678345
0.28404051065444946
0.28403520584106445
0.28402990102767944
0.2840246260166168
0.2840192914009094
0.2840139865875244
0.2840086817741394
0.2840033769607544
0.2839980721473694
0.2839927673339844
0.28398746252059937
0.28398212790489197
0.28397679328918457
0.28397148847579956
0.28396618366241455
0.28396087884902954
0.28395557403564453
0.28395020961761475
0.28394490480422974
0.2839395999908447
0.28393423557281494
0.28392893075942993
0.28392356634140015
0.28391826152801514
0.2839129567146301
0.28390759229660034
0.28390225768089294
0.28389692306518555
0.28389158844947815
0.28388628363609314
0.28388088941574097
0.28387558460235596
0.28387022018432617
0.28386491537094116
0.2838595509529114
0.283854216337204
0.2838488519191742
0.2838435173034668
0.283838152885437
0.2838327884674072
0.28383010625839233
0.28382742404937744
0.28382477164268494
0.28382208943367004
0.28381937742233276
0.28381669521331787
0.283814013004303
0.2838113307952881
0.2838086485862732
0.2838059663772583
0.2838032841682434
0.2838006019592285
0.2837979197502136
0.28379523754119873
0.28379255533218384
0.28378984332084656
0.28378716111183167
0.2837844789028168
0.2837817668914795
0.2837790846824646
0.2837763726711273
0.2837736904621124
0.28377097845077515
0.28376829624176025
0.283765584230423
0.2837628722190857
0.2837601900100708
0.2837575078010559
0.28375476598739624
0.28375208377838135
0.28374937176704407
0.2837466597557068
0.2837439477443695
0.2837412357330322
0.28373852372169495
0.28373584151268005
0.2837331295013428
0.2837303876876831
0.2837276756763458
0.28372499346733093
0.28372228145599365
0.28371956944465637
0.2837168574333191
0.2837141156196594
0.28371140360832214
0.28370869159698486
0.2837059497833252
0.2837032377719879
0.28370052576065063
0.28369778394699097
0.2836950719356537
0.283692330121994
0.28368961811065674
0.28368687629699707
0.2836841940879822
0.2836814522743225
0.28367871046066284
0.2836759686470032
0.2836732268333435
0.28367048501968384
0.28366777300834656
0.2836650609970093
0.2836622893810272
0.28365957736968994
0.2836568355560303
0.2836540937423706
0.28365135192871094
0.28364861011505127
0.2836458683013916
0.28364312648773193
0.28364038467407227
0.2836376428604126
0.28363490104675293
0.2836321294307709
0.2836294174194336
0.28362664580345154
0.28362390398979187
0.2836211323738098
0.28361839056015015
0.2836156487464905
0.2836129069328308
0.28361016511917114
0.2836073935031891
0.28360462188720703
0.28360188007354736
0.2835990786552429
0.28359633684158325
0.2835935950279236
0.2835908532142639
0.28358808159828186
0.2835853099822998
0.28358253836631775
0.2835797667503357
0.283577024936676
0.28357428312301636
0.2835714817047119
0.28356871008872986
0.2835659384727478
0.28356319665908813
0.2835603952407837
0.28355902433395386
0.28355762362480164
0.2835562229156494
0.2835548520088196
0.28355348110198975
0.28355205059051514
0.2835506796836853
0.28354930877685547
0.28354790806770325
0.283546507358551
0.2835451364517212
0.28354373574256897
0.28354233503341675
0.2835409641265869
0.2835395634174347
0.28353816270828247
0.28353679180145264
0.2835353910923004
0.2835339903831482
0.28353258967399597
0.28353118896484375
0.2835298180580139
0.2835283875465393
0.2835269868373871
0.28352558612823486
0.28352421522140503
0.2835227847099304
0.2835213840007782
0.283519983291626
0.28351861238479614
0.28351718187332153
0.2835157811641693
0.2835143804550171
0.28351300954818726
0.28351157903671265
0.2835101783275604
0.2835087776184082
0.2835073471069336
0.28350597620010376
0.28350457549095154
0.2835031747817993
0.2835017442703247
0.2835003137588501
0.2834989130496979
