0.545171320438385
0.5607476830482483
0.5934579372406006
0.6246106028556824
0.5996884703636169
0.5919002890586853
0.5809968709945679
0.5716511011123657
0.5716511011123657
0.573208749294281
0.5872274041175842
0.5887850522994995
0.5934579372406006
0.6074766516685486
0.6152647733688354
0.6230529546737671
0.6370716691017151
0.6682242751121521
0.6900311708450317
0.704049825668335
0.7196261882781982
0.7461059093475342
0.7523364424705505
0.7492212057113647
0.7476635575294495
0.7663551568984985
0.7710280418395996
0.7725856900215149
0.7710280418395996
0.7725856900215149
0.7757009267807007
0.7803738117218018
0.7803738117218018
0.7788162231445312
0.781931459903717
0.781931459903717
0.7866043448448181
0.7881619930267334
0.7866043448448181
0.7850467562675476
0.7897196412086487
0.7897196412086487
0.7912772297859192
0.7928348779678345
0.7928348779678345
0.7912772297859192
0.7912772297859192
0.7943925261497498
0.795950174331665
0.8006230592727661
0.8006230592727661
0.8006230592727661
0.8021807074546814
0.8021807074546814
0.7990654110908508
0.795950174331665
0.8006230592727661
0.8052959442138672
0.8084112405776978
0.8099688291549683
0.8084112405776978
0.8130841255187988
0.8099688291549683
0.8084112405776978
0.8084112405776978
0.8115264773368835
0.8130841255187988
0.8115264773368835
0.8115264773368835
0.8161993622779846
0.8146417737007141
0.8146417737007141
0.8161993622779846
0.8193146586418152
0.822429895401001
0.822429895401001
0.822429895401001
0.822429895401001
0.8255451917648315
0.8255451917648315
0.8255451917648315
0.8255451917648315
0.827102780342102
0.8286604285240173
0.8286604285240173
0.827102780342102
0.8286604285240173
0.8333333134651184
0.8317757248878479
0.8317757248878479
0.8302180767059326
0.827102780342102
0.8239875435829163
0.8239875435829163
0.8239875435829163
0.8239875435829163
0.8255451917648315
0.8255451917648315
0.8255451917648315
0.8302180767059326
0.8302180767059326
0.8317757248878479
0.8333333134651184
0.836448609828949
0.8348909616470337
0.836448609828949
0.8348909616470337
0.8380062580108643
0.84112149477005
0.84112149477005
0.8442367315292358
0.8442367315292358
0.8442367315292358
0.8442367315292358
0.8426791429519653
0.8426791429519653
0.84112149477005
0.8395638465881348
0.8426791429519653
0.84112149477005
0.8380062580108643
0.84112149477005
0.8457943797111511
0.8457943797111511
0.8457943797111511
0.8457943797111511
0.8457943797111511
0.8473520278930664
0.8442367315292358
0.8457943797111511
0.8442367315292358
0.8489096760749817
0.8504672646522522
0.8457943797111511
0.8473520278930664
0.8504672646522522
0.8473520278930664
0.8457943797111511
0.8473520278930664
0.8473520278930664
0.8489096760749817
0.8473520278930664
0.8457943797111511
0.8473520278930664
0.8489096760749817
0.8489096760749817
0.8489096760749817
0.8489096760749817
0.8504672646522522
0.8504672646522522
0.8520249128341675
0.8473520278930664
0.8520249128341675
0.8504672646522522
0.8520249128341675
0.8504672646522522
0.8489096760749817
0.8489096760749817
0.8489096760749817
0.8489096760749817
0.8504672646522522
0.8489096760749817
0.8489096760749817
0.8489096760749817
0.8489096760749817
0.8489096760749817
0.8489096760749817
0.8504672646522522
0.8504672646522522
0.8504672646522522
0.8535825610160828
0.8520249128341675
0.8520249128341675
0.8520249128341675
0.8504672646522522
0.8504672646522522
0.8489096760749817
0.8504672646522522
0.8504672646522522
0.8520249128341675
0.8504672646522522
0.8504672646522522
0.8504672646522522
0.8504672646522522
0.8489096760749817
0.8504672646522522
0.8504672646522522
0.8504672646522522
0.8489096760749817
0.8489096760749817
0.8489096760749817
0.8520249128341675
0.8520249128341675
0.8520249128341675
0.8535825610160828
0.8566977977752686
0.8598130941390991
0.8566977977752686
0.8535825610160828
0.855140209197998
0.855140209197998
0.8504672646522522
0.8504672646522522
0.8473520278930664
0.8489096760749817
0.8489096760749817
0.8489096760749817
0.8489096760749817
0.8489096760749817
0.8520249128341675
0.855140209197998
0.855140209197998
0.8660436272621155
0.8676012754440308
0.8644859790802002
0.8613707423210144
0.8598130941390991
0.8598130941390991
0.8520249128341675
0.8489096760749817
0.8520249128341675
0.8520249128341675
0.8535825610160828
0.8520249128341675
0.8520249128341675
0.8520249128341675
0.855140209197998
0.8566977977752686
0.8566977977752686
0.8582554459571838
0.8566977977752686
0.8566977977752686
0.8566977977752686
0.8582554459571838
0.8582554459571838
0.8582554459571838
0.8582554459571838
0.8582554459571838
0.8566977977752686
0.8566977977752686
0.8566977977752686
0.8582554459571838
0.855140209197998
0.8520249128341675
0.855140209197998
0.8566977977752686
0.855140209197998
0.855140209197998
0.8566977977752686
0.8613707423210144
0.8598130941390991
0.8582554459571838
0.8613707423210144
0.8613707423210144
0.8598130941390991
0.8598130941390991
0.8629283308982849
0.8629283308982849
0.8598130941390991
0.8598130941390991
0.8629283308982849
0.8629283308982849
0.8613707423210144
0.8629283308982849
0.8613707423210144
0.8613707423210144
0.8613707423210144
0.8629283308982849
0.8629283308982849
0.8629283308982849
0.8629283308982849
0.8629283308982849
0.8629283308982849
0.8629283308982849
0.8660436272621155
0.8660436272621155
0.8660436272621155
0.8660436272621155
0.8676012754440308
0.8660436272621155
0.8660436272621155
0.8660436272621155
0.8660436272621155
0.8676012754440308
0.8660436272621155
0.8629283308982849
0.8629283308982849
0.8629283308982849
0.8598130941390991
0.8629283308982849
0.8598130941390991
0.8613707423210144
0.8613707423210144
0.8629283308982849
0.8613707423210144
0.8613707423210144
0.8598130941390991
0.8598130941390991
0.8582554459571838
0.8598130941390991
0.8598130941390991
0.8598130941390991
0.8582554459571838
0.8613707423210144
0.8629283308982849
0.8613707423210144
0.8613707423210144
0.8644859790802002
0.8644859790802002
0.8629283308982849
0.8644859790802002
0.8629283308982849
0.8644859790802002
0.8660436272621155
0.8629283308982849
0.8644859790802002
0.8629283308982849
0.8613707423210144
0.8613707423210144
0.8676012754440308
0.8660436272621155
0.8629283308982849
0.8629283308982849
0.8660436272621155
0.8691588640213013
0.8644859790802002
0.8644859790802002
0.8629283308982849
0.8644859790802002
0.8660436272621155
0.8660436272621155
0.8644859790802002
0.8613707423210144
0.8613707423210144
0.8660436272621155
0.8644859790802002
0.8676012754440308
0.8629283308982849
0.8644859790802002
0.8660436272621155
0.8644859790802002
0.8660436272621155
0.8660436272621155
0.8660436272621155
0.8660436272621155
0.8644859790802002
0.8644859790802002
0.8660436272621155
0.8660436272621155
0.8660436272621155
0.8660436272621155
0.8660436272621155
0.8660436272621155
0.8644859790802002
0.8644859790802002
0.8644859790802002
0.8660436272621155
0.8644859790802002
0.8660436272621155
0.8691588640213013
0.8691588640213013
0.8676012754440308
0.8676012754440308
0.8676012754440308
0.8676012754440308
0.8660436272621155
0.8660436272621155
0.8676012754440308
0.8676012754440308
0.8676012754440308
0.8660436272621155
0.8660436272621155
0.8644859790802002
0.8660436272621155
0.8660436272621155
0.8676012754440308
0.8660436272621155
0.8644859790802002
0.8629283308982849
0.8629283308982849
0.8629283308982849
0.8629283308982849
0.8629283308982849
0.8629283308982849
0.8644859790802002
0.8644859790802002
0.8644859790802002
0.8644859790802002
0.8644859790802002
0.8644859790802002
0.8629283308982849
0.8644859790802002
0.8629283308982849
0.8644859790802002
0.8644859790802002
0.8644859790802002
0.8644859790802002
0.8644859790802002
0.8629283308982849
0.8644859790802002
0.8629283308982849
0.8644859790802002
0.8676012754440308
0.8660436272621155
0.8644859790802002
0.8644859790802002
0.8644859790802002
0.8629283308982849
0.8629283308982849
0.8644859790802002
0.8644859790802002
0.8644859790802002
0.8644859790802002
0.8644859790802002
0.8644859790802002
0.8629283308982849
0.8644859790802002
0.8629283308982849
0.8629283308982849
0.8613707423210144
0.8629283308982849
0.8629283308982849
0.8629283308982849
0.8613707423210144
0.8613707423210144
0.8613707423210144
0.8629283308982849
0.8629283308982849
0.8644859790802002
0.8644859790802002
0.8644859790802002
0.8644859790802002
0.8644859790802002
0.8629283308982849
0.8629283308982849
0.8629283308982849
0.8629283308982849
0.8613707423210144
0.8613707423210144
0.8629283308982849
0.8644859790802002
0.8644859790802002
0.8660436272621155
0.8644859790802002
0.8644859790802002
0.8644859790802002
0.8644859790802002
0.8629283308982849
0.8644859790802002
0.8644859790802002
0.8629283308982849
0.8629283308982849
0.8629283308982849
0.8629283308982849
0.8644859790802002
0.8629283308982849
0.8613707423210144
0.8613707423210144
0.8644859790802002
0.8644859790802002
0.8644859790802002
0.8644859790802002
0.8644859790802002
0.8660436272621155
0.8676012754440308
0.8644859790802002
0.8644859790802002
0.8644859790802002
0.8644859790802002
0.8676012754440308
0.8660436272621155
0.8629283308982849
0.8644859790802002
0.8644859790802002
0.8629283308982849
0.8644859790802002
0.8644859790802002
0.8644859790802002
0.8629283308982849
0.8629283308982849
0.8644859790802002
0.8629283308982849
0.8644859790802002
0.8644859790802002
0.8644859790802002
0.8629283308982849
0.8629283308982849
0.8629283308982849
0.8644859790802002
0.8644859790802002
0.8644859790802002
0.8644859790802002
0.8644859790802002
0.8644859790802002
0.8644859790802002
0.8644859790802002
0.8644859790802002
0.8644859790802002
0.8644859790802002
0.8644859790802002
0.8644859790802002
0.8644859790802002
0.8644859790802002
0.8644859790802002
0.8644859790802002
0.8644859790802002
0.8644859790802002
0.8629283308982849
0.8644859790802002
0.8629283308982849
0.8629283308982849
0.8629283308982849
0.8629283308982849
0.8629283308982849
0.8629283308982849
0.8629283308982849
0.8629283308982849
0.8629283308982849
0.8629283308982849
0.8644859790802002
0.8644859790802002
0.8613707423210144
0.8629283308982849
0.8629283308982849
0.8644859790802002
0.8644859790802002
0.8629283308982849
0.8629283308982849
0.8629283308982849
0.8629283308982849
0.8629283308982849
0.8629283308982849
0.8629283308982849
0.8629283308982849
0.8629283308982849
0.8629283308982849
0.8613707423210144
0.8629283308982849
0.8629283308982849
0.8644859790802002
0.8644859790802002
0.8629283308982849
0.8629283308982849
0.8629283308982849
0.8629283308982849
0.8629283308982849
0.8644859790802002
0.8629283308982849
0.8629283308982849
0.8629283308982849
0.8629283308982849
0.8629283308982849
0.8629283308982849
0.8629283308982849
0.8629283308982849
0.8629283308982849
0.8629283308982849
0.8629283308982849
0.8629283308982849
0.8629283308982849
0.8629283308982849
0.8629283308982849
0.8629283308982849
0.8629283308982849
0.8629283308982849
0.8629283308982849
0.8629283308982849
0.8629283308982849
0.8629283308982849
0.8629283308982849
0.8629283308982849
0.8629283308982849
0.8660436272621155
0.8660436272621155
0.8644859790802002
0.8644859790802002
0.8644859790802002
0.8629283308982849
0.8629283308982849
0.8629283308982849
0.8629283308982849
0.8629283308982849
0.8629283308982849
0.8629283308982849
0.8629283308982849
0.8629283308982849
0.8629283308982849
0.8629283308982849
0.8629283308982849
0.8629283308982849
0.8629283308982849
0.8629283308982849
0.8629283308982849
0.8629283308982849
0.8644859790802002
0.8644859790802002
0.8660436272621155
0.8676012754440308
0.8676012754440308
0.8676012754440308
0.8660436272621155
0.8644859790802002
0.8644859790802002
0.8644859790802002
0.8644859790802002
0.8660436272621155
0.8644859790802002
0.8644859790802002
0.8644859790802002
0.8660436272621155
0.8660436272621155
0.8660436272621155
0.8660436272621155
0.8660436272621155
0.8660436272621155
0.8660436272621155
0.8660436272621155
0.8660436272621155
0.8660436272621155
0.8660436272621155
0.8691588640213013
0.8660436272621155
0.8660436272621155
0.8660436272621155
0.8660436272621155
0.8644859790802002
0.8660436272621155
0.8644859790802002
0.8644859790802002
0.8644859790802002
0.8644859790802002
0.8644859790802002
0.8644859790802002
0.8644859790802002
0.8660436272621155
0.8660436272621155
0.8660436272621155
0.8644859790802002
0.8660436272621155
0.8644859790802002
0.8644859790802002
0.8644859790802002
0.8644859790802002
0.8644859790802002
0.8644859790802002
0.8644859790802002
0.8644859790802002
0.8644859790802002
0.8644859790802002
0.8644859790802002
0.8644859790802002
0.8629283308982849
0.8629283308982849
0.8629283308982849
0.8629283308982849
0.8644859790802002
0.8644859790802002
0.8644859790802002
0.8644859790802002
0.8644859790802002
0.8644859790802002
0.8644859790802002
0.8644859790802002
0.8644859790802002
0.8644859790802002
0.8644859790802002
0.8660436272621155
0.8660436272621155
0.8660436272621155
0.8660436272621155
0.8644859790802002
0.8644859790802002
0.8644859790802002
0.8644859790802002
0.8644859790802002
0.8644859790802002
0.8644859790802002
0.8644859790802002
0.8644859790802002
0.8644859790802002
0.8644859790802002
0.8644859790802002
0.8644859790802002
0.8644859790802002
0.8644859790802002
0.8644859790802002
0.8644859790802002
0.8644859790802002
0.8644859790802002
0.8644859790802002
0.8644859790802002
0.8644859790802002
0.8644859790802002
0.8644859790802002
0.8644859790802002
0.8644859790802002
0.8644859790802002
0.8644859790802002
0.8644859790802002
0.8629283308982849
0.8629283308982849
0.8644859790802002
0.8644859790802002
0.8644859790802002
0.8629283308982849
0.8629283308982849
0.8629283308982849
0.8644859790802002
0.8644859790802002
0.8629283308982849
0.8629283308982849
0.8644859790802002
0.8644859790802002
0.8644859790802002
0.8644859790802002
0.8644859790802002
0.8644859790802002
0.8629283308982849
0.8629283308982849
0.8629283308982849
0.8629283308982849
0.8644859790802002
0.8644859790802002
0.8644859790802002
0.8644859790802002
0.8644859790802002
0.8644859790802002
0.8644859790802002
0.8644859790802002
0.8644859790802002
0.8644859790802002
0.8644859790802002
0.8644859790802002
0.8629283308982849
0.8629283308982849
0.8629283308982849
0.8629283308982849
0.8629283308982849
0.8629283308982849
