0.7853822112083435
0.5653730034828186
0.4817993640899658
0.43784666061401367
0.4089067280292511
0.390789270401001
0.37697380781173706
0.36503490805625916
0.35599541664123535
0.34968745708465576
0.3458261787891388
0.3389529585838318
0.33190301060676575
0.32739347219467163
0.3212890028953552
0.3171784579753876
0.31072676181793213
0.3084378242492676
0.3045145273208618
0.299464613199234
0.29455921053886414
0.2993125915527344
0.290772408246994
0.29021182656288147
0.2835546135902405
0.2790287733078003
0.27910640835762024
0.2779777944087982
0.27171918749809265
0.2696651220321655
0.2638610899448395
0.2653755247592926
0.2644335627555847
0.2636767625808716
0.2539803683757782
0.25191736221313477
0.2475060373544693
0.2508690357208252
0.2478352189064026
0.23999543488025665
0.23819148540496826
0.23382128775119781
0.23008780181407928
0.22711502015590668
0.22412170469760895
0.22060921788215637
0.23381437361240387
0.22327011823654175
0.22814729809761047
0.21901759505271912
0.21462178230285645
0.20945490896701813
0.20676283538341522
0.20412388443946838
0.20689113438129425
0.20053128898143768
0.19819681346416473
0.20506688952445984
0.20083865523338318
0.19570085406303406
0.1907823085784912
0.1878976970911026
0.18607309460639954
0.18383735418319702
0.1852264553308487
0.182664692401886
0.1771218180656433
0.17854034900665283
0.17823295295238495
0.17566685378551483
0.17236600816249847
0.17111632227897644
0.16650626063346863
0.16687338054180145
0.16348475217819214
0.16117967665195465
0.15896113216876984
0.1560644656419754
0.17148357629776
0.1620061695575714
0.15922588109970093
0.1534748077392578
0.15184029936790466
0.15362751483917236
0.14890028536319733
0.14574207365512848
0.14158348739147186
0.14239159226417542
0.14020617306232452
0.13738365471363068
0.14095352590084076
0.13729703426361084
0.13302694261074066
0.1302994042634964
0.1290014684200287
0.12648893892765045
0.13340960443019867
0.13714583218097687
0.12918995320796967
0.12950213253498077
0.13006876409053802
0.12524153292179108
0.11837353557348251
0.11887767165899277
0.1194775328040123
0.12154816091060638
0.12191878259181976
0.11176961660385132
0.11205997318029404
0.10840029269456863
0.10528074949979782
0.10756463557481766
0.10318044573068619
0.10018475353717804
0.09859955310821533
0.0976201742887497
0.09624045342206955
0.09436151385307312
0.09880557656288147
0.16135850548744202
0.17398303747177124
0.1375589668750763
0.13171130418777466
0.10428380221128464
0.1106543242931366
0.10359657555818558
0.09867089241743088
0.10435785353183746
0.09715785831212997
0.09336259216070175
0.09183575958013535
0.08958873897790909
0.08749743551015854
0.08542018383741379
0.08396933972835541
0.08350975811481476
0.08194579929113388
0.08094286918640137
0.07988869398832321
0.07900259643793106
0.07815344631671906
0.07772721350193024
0.07731462270021439
0.07629905641078949
0.07594005018472672
0.07523426413536072
0.07755248993635178
0.07941630482673645
0.07950448244810104
0.07781100273132324
0.07552547752857208
0.07399436831474304
0.07339444756507874
0.07404551655054092
0.07522021234035492
0.07429012656211853
0.07253411412239075
0.0719023197889328
0.07136385142803192
0.07031293213367462
0.06935551017522812
0.06860486418008804
0.06814923137426376
0.06787034869194031
0.06727316975593567
0.06682468205690384
0.0670790746808052
0.07073625177145004
0.07234472781419754
0.0686533972620964
0.06625163555145264
0.06529314070940018
0.06440088152885437
0.06566240638494492
0.06663843989372253
0.06450404971837997
0.06330318748950958
0.0656394362449646
0.06358379870653152
0.06380121409893036
0.06352484971284866
0.062371499836444855
0.06177716329693794
0.0615156888961792
0.06337181478738785
0.06195543706417084
0.06197099760174751
0.06273476034402847
0.06587442755699158
0.06152234598994255
0.05819769203662872
0.05759316310286522
0.0568278431892395
0.056136488914489746
0.0564584955573082
0.055738162249326706
0.05509193614125252
0.054372649639844894
0.05389877408742905
0.05363042652606964
0.05315162613987923
0.052576545625925064
0.05239136889576912
0.05237381532788277
0.0518471784889698
0.05139891058206558
0.052575498819351196
0.05340835079550743
0.05310792475938797
0.053958214819431305
0.05190974846482277
0.05116181820631027
0.049830347299575806
0.04954245314002037
0.04901854693889618
0.05098160356283188
0.05101417377591133
0.049401864409446716
0.04809581860899925
0.04746873304247856
0.047095730900764465
0.04666050896048546
0.046205706894397736
0.04594800993800163
0.04559194669127464
0.04530796781182289
0.044921714812517166
0.044564541429281235
0.044592056423425674
0.043981097638607025
0.04390736296772957
0.04340599477291107
0.04369041323661804
0.0435316227376461
0.04280110076069832
0.04254059121012688
0.04207713156938553
0.041645597666502
0.041446324437856674
0.04137427732348442
0.04123833402991295
0.04103238135576248
0.04091059789061546
0.04088341072201729
0.040585704147815704
0.040884993970394135
0.040928591042757034
0.04061691090464592
0.04032010957598686
0.040150076150894165
0.039994169026613235
0.03968562185764313
0.039534665644168854
0.0393703319132328
0.04000727832317352
0.04063497111201286
0.0418960265815258
0.040441494435071945
0.039566267281770706
0.03915363550186157
0.03882584720849991
0.03853561356663704
0.038305819034576416
0.038221001625061035
0.03839965537190437
0.03880907967686653
0.03828246518969536
0.037878576666116714
0.037530895322561264
0.03739770129323006
0.03715384006500244
0.03692598268389702
0.03677954152226448
0.03660298138856888
0.0364297591149807
0.03630421683192253
0.03615802526473999
0.03659064322710037
0.03659732639789581
0.03630842640995979
0.0358424037694931
0.03578492999076843
0.03595355525612831
0.0355505496263504
0.035302311182022095
0.03508159518241882
0.0349581353366375
0.03561696782708168
0.03671988844871521
0.03576281666755676
0.03523683547973633
0.03482652083039284
0.03449833393096924
0.034288812428712845
0.03414851799607277
0.033936865627765656
0.03403792530298233
0.034653566777706146
0.03436456620693207
0.03366604447364807
0.03342976048588753
0.03318007290363312
0.032963287085294724
0.03305565565824509
0.03291803225874901
0.03274296596646309
0.03247508406639099
0.0324457511305809
0.0323941595852375
0.03224222734570503
0.03207458183169365
0.0321228913962841
0.031925369054079056
0.03178774565458298
0.03242248669266701
0.03245066851377487
0.0319536030292511
0.03161827102303505
0.031249336898326874
0.031032521277666092
0.03081578016281128
0.030711382627487183
0.030667759478092194
0.030304133892059326
0.031112460419535637
0.030699504539370537
0.03035098873078823
0.029917141422629356
0.02987903542816639
0.02985917218029499
0.030146673321723938
0.0300161000341177
0.02967420034110546
0.02940371260046959
0.02919687330722809
0.030218249186873436
0.030546244233846664
0.02982666902244091
0.029571309685707092
0.029435154050588608
0.029414664953947067
0.029405727982521057
0.0290662944316864
0.02878282032907009
0.028689764440059662
0.028545718640089035
0.028373759239912033
0.028177332133054733
0.028071707114577293
0.02795969508588314
0.027866993099451065
0.027824686840176582
0.027673153206706047
0.027736498042941093
0.027664484456181526
0.027540041133761406
0.02746061235666275
0.02735985815525055
0.02729368582367897
0.02724253572523594
0.027155697345733643
0.02705429308116436
0.02698628045618534
0.026918046176433563
0.02693445049226284
0.02691657282412052
0.02683250419795513
0.0268026664853096
0.026706945151090622
0.02673959918320179
0.02681908942759037
0.026696430519223213
0.02657896839082241
0.026445802301168442
0.026330415159463882
0.02651412971317768
0.026522211730480194
0.026345083490014076
0.02644001506268978
0.02626539021730423
0.026014089584350586
0.02599233202636242
0.025849152356386185
0.025961291044950485
0.02588574029505253
0.025743642821907997
0.025659257546067238
0.02557004988193512
0.025577539578080177
0.025451600551605225
0.025353526696562767
0.025277892127633095
0.025215039029717445
0.025180792436003685
0.02512102574110031
0.025264890864491463
0.025226419791579247
0.0250660702586174
0.024907607585191727
0.02480686828494072
0.02505970001220703
0.025155959650874138
0.02497737854719162
0.024812420830130577
0.024721598252654076
0.024913828819990158
0.024690505117177963
0.02448670193552971
0.02444414608180523
0.024306651204824448
0.024290969595313072
0.024204272776842117
0.02417220175266266
0.024205021560192108
0.0245334692299366
0.02439459040760994
0.02430066652595997
0.024142514914274216
0.023968063294887543
0.023795554414391518
0.023661447688937187
0.02361019141972065
0.02354891039431095
0.023433145135641098
0.023353418335318565
0.023283163085579872
0.023425627499818802
0.023487510159611702
0.02329014614224434
0.023158131167292595
0.02307634800672531
0.02296881377696991
0.02290964312851429
0.022809607908129692
0.022770218551158905
0.022757867351174355
0.022641628980636597
0.02256108820438385
0.022521577775478363
0.022487452253699303
0.0224431362003088
0.02250826172530651
0.022476263344287872
0.022432325407862663
0.02240878902375698
0.022347431629896164
0.022312849760055542
0.022294674068689346
0.022271370515227318
0.02219317853450775
0.022151196375489235
0.022180549800395966
0.02229323424398899
0.022210856899619102
0.022097904235124588
0.02219797670841217
0.022157909348607063
0.022102918475866318
0.02200198546051979
0.02197389304637909
0.02193387970328331
0.02189900353550911
0.021854398772120476
0.02187063731253147
0.02189907245337963
0.02195882983505726
0.021874507889151573
0.02186047099530697
0.021774839609861374
0.021824555471539497
0.021890578791499138
0.021882938221096992
0.021801453083753586
0.02171589434146881
0.021665804088115692
0.021528132259845734
0.021530792117118835
0.021517977118492126
0.021483544260263443
0.02144574001431465
0.021407006308436394
0.02136271260678768
0.021444570273160934
0.021381990984082222
0.02133936807513237
0.021350374445319176
0.02131693623960018
0.021327951923012733
0.02126665599644184
0.021255139261484146
0.021181894466280937
0.021134980022907257
0.021038228645920753
0.021012071520090103
0.020920375362038612
0.021023713052272797
0.02104029804468155
0.02106306701898575
0.021018531173467636
0.021032769232988358
0.020994486287236214
0.020914144814014435
0.020822320133447647
0.020755086094141006
0.02071644365787506
0.02066342532634735
0.020629243925213814
0.02057809568941593
0.02054762654006481
0.02052067406475544
0.020489472895860672
0.020464427769184113
0.020431339740753174
0.02039714902639389
0.02036428079009056
0.02046971768140793
0.02040933445096016
0.0203848909586668
0.020272724330425262
0.020418420433998108
0.020576786249876022
0.02063794806599617
0.020487435162067413
0.020451489835977554
0.020454932004213333
0.02039286121726036
0.020306600257754326
0.020222174003720284
0.020152179524302483
0.02009575255215168
0.020064478740096092
0.02001691609621048
0.0199726615101099
0.019933385774493217
0.019874949008226395
0.01995779201388359
0.01996583677828312
0.01992018334567547
0.019884223118424416
0.01983725279569626
0.01980552263557911
0.019779492169618607
0.019750703126192093
0.019725069403648376
0.019700074568390846
0.019675826653838158
0.019658898934721947
0.01963932067155838
0.01961931213736534
0.01960073597729206
0.01958620175719261
0.01956707239151001
0.019560646265745163
0.01954619213938713
0.019525796175003052
0.019510585814714432
0.019488368183374405
0.01949872449040413
0.01947830244898796
0.019471611827611923
0.01949911005795002
0.01946864277124405
0.019422240555286407
0.019418835639953613
0.019419880583882332
0.019406188279390335
0.01939215511083603
0.01936119981110096
0.0193403922021389
0.019314119592308998
0.019292272627353668
0.01928587444126606
0.01926121488213539
0.01923661306500435
0.019214097410440445
0.019200656563043594
0.019188139587640762
0.019160596653819084
0.019159602001309395
0.019167842343449593
0.019156698137521744
0.01912897452712059
0.019102269783616066
0.019085997715592384
0.0190729983150959
0.01905006170272827
0.01903594471514225
0.019046980887651443
0.01909474842250347
0.019021956250071526
0.019003193825483322
0.01899140700697899
0.018970735371112823
0.01893889158964157
0.018922502174973488
0.01890508458018303
0.018886607140302658
0.018871821463108063
0.018854327499866486
0.0188436321914196
0.01882890984416008
0.018813127651810646
