0.6775363683700562
0.5837384462356567
0.5183477401733398
0.45647409558296204
0.41067034006118774
0.38433393836021423
0.36708274483680725
0.35109931230545044
0.3400423228740692
0.33049193024635315
0.3277839422225952
0.30983099341392517
0.30259865522384644
0.29391956329345703
0.2861422002315521
0.27959683537483215
0.27269646525382996
0.2658928334712982
0.27316904067993164
0.26974034309387207
0.2570511996746063
0.2530580759048462
0.24324123561382294
0.24345973134040833
0.2667907774448395
0.23821565508842468
0.22766557335853577
0.23977622389793396
0.22606079280376434
0.23451124131679535
0.22533200681209564
0.21051952242851257
0.21725775301456451
0.2120530605316162
0.20642656087875366
0.20059575140476227
0.1980258673429489
0.19602030515670776
0.18866769969463348
0.1858963519334793
0.18139198422431946
0.1787516325712204
0.18266762793064117
0.19401125609874725
0.1791190803050995
0.1778014451265335
0.16951203346252441
0.1728147268295288
0.23151101171970367
0.17631997168064117
0.17880050837993622
0.16720998287200928
0.15537506341934204
0.14970998466014862
0.14973370730876923
0.1476396769285202
0.14097833633422852
0.13828767836093903
0.1372946798801422
0.13197104632854462
0.1295468509197235
0.12904971837997437
0.12832999229431152
0.1318170577287674
0.1262248009443283
0.12916967272758484
0.12182962894439697
0.11642879992723465
0.11486364901065826
0.11071968823671341
0.10642334818840027
0.10964846611022949
0.10844802856445312
0.10978685319423676
0.10488791763782501
0.09593936800956726
0.09361151605844498
0.09059476852416992
0.09336391091346741
0.08913560956716537
0.0834040716290474
0.08590942621231079
0.0870247334241867
0.08075222373008728
0.07469059526920319
0.07165173441171646
0.06783293932676315
0.06532968580722809
0.06769855320453644
0.06655213236808777
0.06291815638542175
0.0584099143743515
0.05704621225595474
0.06346912682056427
0.06036319211125374
0.05274616554379463
0.04897066950798035
0.04747265949845314
0.045350875705480576
0.05623822659254074
0.049650516360998154
0.04189777746796608
0.04239834472537041
0.03894735127687454
0.036770209670066833
0.04571669176220894
0.04082993045449257
0.03489233925938606
0.03253978490829468
0.03029765747487545
0.03365199640393257
0.03202097490429878
0.029648851603269577
0.026809953153133392
0.024991104379296303
0.023062778636813164
0.02225906029343605
0.03415651246905327
0.031262852251529694
0.021498236805200577
0.022649848833680153
0.01926519349217415
0.018184302374720573
0.017666591331362724
0.016401132568717003
0.015039968304336071
0.014536128379404545
0.014076394960284233
0.014040447771549225
0.013274029828608036
0.0119452690705657
0.011433204635977745
0.014280405826866627
0.012417139485478401
0.011234717443585396
0.010854097083210945
0.010603037662804127
0.010065000504255295
0.009782904759049416
0.009579740464687347
0.009408746846020222
0.009144674986600876
0.009020584635436535
0.008745596744120121
0.008581469766795635
0.008368145674467087
0.010148170404136181
0.009430102072656155
0.008681443519890308
0.008291234262287617
0.007769417483359575
0.012926948256790638
0.010362470522522926
0.008448263630270958
0.007824007421731949
0.007567220833152533
0.007038056384772062
0.0067867711186409
0.006571873091161251
0.006422252859920263
0.007753936108201742
0.007892446592450142
0.012831320986151695
0.008553587831556797
0.006504750344902277
0.007120025344192982
0.0059498208574950695
0.005649342201650143
0.00545165641233325
0.00532542634755373
0.0051337252371013165
0.005125102587044239
0.004969061817973852
0.004823386203497648
0.00485130725428462
0.00494033470749855
0.004760207608342171
0.004499434493482113
0.004822865594178438
0.006643171422183514
0.00642542215064168
0.005034631118178368
0.004426696803420782
0.004192947410047054
0.004563160240650177
0.004057947546243668
0.005832958035171032
0.004257480148226023
0.022891905158758163
0.011996193788945675
0.009048815816640854
0.0067727938294410706
0.0040690964087843895
0.003996795043349266
0.0035817406605929136
0.0037590654101222754
0.0038358555175364017
0.0036951627116650343
0.0033307636622339487
0.003137000137940049
0.003024675650522113
0.0029652395751327276
0.0031025942880660295
0.003223117208108306
0.002937999553978443
0.0028056351002305746
0.0027200125623494387
0.0026467193383723497
0.0025951601564884186
0.002520386129617691
0.0024766407441347837
0.00242719822563231
0.0024190000258386135
0.002382296836003661
0.0023117619566619396
0.002301480621099472
0.002261259825900197
0.0022067571990191936
0.0021824974101036787
0.0021369310561567545
0.002108279149979353
0.0020638625137507915
0.002041045343503356
0.002002015942707658
0.0019832716789096594
0.0020158032421022654
0.0020021439995616674
0.0019178580259904265
0.0018840273842215538
0.0018623742507770658
0.0018337268847972155
0.001790898386389017
0.0018280164804309607
0.0017754401778802276
0.0017516463994979858
0.001741040381602943
0.0017273066332563758
0.0017255762359127402
0.0017102304846048355
0.0017122832359746099
0.001699656480923295
0.0017080119578167796
0.0016754432581365108
0.0016578251961618662
0.0016564459074288607
0.0016334839165210724
0.0016201119869947433
0.001601866097189486
0.0015925237676128745
0.0015853606164455414
0.001572192064486444
0.001559976488351822
0.001548922504298389
0.001542460173368454
0.001534577808342874
0.0016607491998001933
0.001692487276159227
0.0015797774540260434
0.0015372016932815313
0.0015047227498143911
0.0014859922230243683
0.001467149588279426
0.001451925840228796
0.00144349061883986
0.0014326107921078801
0.001418686006218195
0.0014097279636189342
0.0014030605088919401
0.001390176359564066
0.0013795497361570597
0.001403875183314085
0.0014525824226439
0.0014222149038687348
0.001378892338834703
0.001350914710201323
0.0013320015277713537
0.0013164621777832508
0.0013046788517385721
0.0012946909992024302
0.0012889343779534101
0.001285125850699842
0.0012877733679488301
0.0012588008539751172
0.001246421947143972
0.0012433493975549936
0.0012281292583793402
0.0012208091793581843
0.001215719385072589
0.0012059026630595326
0.0011975925881415606
0.0011895046336576343
0.0011842340463772416
0.0011789440177381039
0.0011697825975716114
0.0011575547978281975
0.0011493805795907974
0.0011402409290894866
0.0011339253978803754
0.0011227807262912393
0.0011175335384905338
0.0011188898934051394
0.001108668395318091
0.0011048299493268132
0.0010921964421868324
0.0010833621490746737
0.0010745658073574305
0.00106534652877599
0.0010574462357908487
0.0010530889267101884
0.0010513688903301954
0.001037302310578525
0.0010330913355574012
0.0010177582735195756
0.0010138429934158921
0.0010036499006673694
0.0010021672351285815
0.000998074421659112
0.0009903020691126585
0.000982383149676025
0.0009748475276865065
0.0010075722821056843
0.0010400746250525117
0.0010001974878832698
0.0009749677265062928
0.0009841726860031486
0.0010055559687316418
0.0009591726120561361
0.0009313024929724634
0.0009594939183443785
0.0009859321871772408
0.000925790227483958
0.0009034493123181164
0.0008956156088970602
0.0008869905723258853
0.0008791107684373856
0.0008766242535784841
0.0008705237996764481
0.0008677538717165589
0.0008613479440100491
0.0008573313825763762
0.0008541225688531995
0.0008478041272610426
0.0008434692281298339
0.0008429047302342951
0.0008362266817130148
0.0008321361965499818
0.0008327684481628239
0.0008279721951112151
0.000838595675304532
0.0008414938347414136
0.0009015820687636733
0.0010902838548645377
0.0009635981405153871
0.0008821974624879658
0.0008456524228677154
0.0008291120175272226
0.0008179902797564864
0.00080614018952474
0.0008012898615561426
0.0007931194850243628
0.0007865286897867918
0.0007817699806764722
0.0008171023218892515
0.0008419890655204654
0.0008141208090819418
0.0007894985028542578
0.0007821745821274817
0.0007674242369830608
0.0007638904498890042
0.0007556023192591965
0.0007508849957957864
0.0007494911551475525
0.0007457269821316004
0.0007415337604470551
0.0007372673135250807
0.0007318065618164837
0.0007300917059183121
0.0007349929073825479
0.000735147506929934
0.000733573455363512
0.0007304841419681907
0.0007196760270744562
0.0007140346569940448
0.000710098713170737
0.0007070868159644306
0.0007035962771624327
0.0007008234970271587
0.0007072019507177174
0.0006990329129621387
0.0007166602299548686
0.0008682388579472899
0.0007973179453983903
0.0007263576844707131
0.0006924545159563422
0.0006983399507589638
0.000685548351611942
0.0006793250213377178
0.0006749741150997579
0.0006656077457591891
0.0006615755264647305
0.0006572817219421268
0.0006528994417749345
0.0006492514512501657
0.0006461053853854537
0.0006423419690690935
0.0007324738544411957
0.0009244948741979897
0.0006897224229760468
0.0006547761149704456
0.0006401902064681053
0.0006343491259030998
0.000628734880592674
0.0006384692969731987
0.0006337907398119569
0.000635425269138068
0.0006295358762145042
0.0006327867158688605
0.0006298235384747386
0.0006206367397680879
0.0006092393887229264
0.0006071762763895094
0.0005982069997116923
0.000593709119129926
0.0005900274263694882
0.0005866269930265844
0.0005837166681885719
0.0005791541188955307
0.0005764884990639985
0.0005736735183745623
0.0005704640643671155
0.0005706978845410049
0.0005655472632497549
0.0005639936425723135
0.0005625803605653346
0.0005619474686682224
0.000560517655685544
0.0005586579791270196
0.00055844453163445
0.0005589829524978995
0.0005570552893914282
0.0005555166280828416
0.0005557415424846113
0.0005516621749848127
0.0005525475717149675
0.0005521695129573345
0.0005500740371644497
0.0005470318719744682
0.0005464209243655205
0.000544880866073072
0.0005434986669570208
0.0005409843288362026
0.0005399877554737031
0.000538368767593056
0.0005366670666262507
0.0005359397036954761
0.0005375553737394512
0.0005357568734325469
0.0005331417196430266
0.0005327976541593671
0.0005309946718625724
0.0005295990849845111
0.0005269710090942681
0.0005264065111987293
0.0005243766936473548
0.0005236319848336279
0.0005223466432653368
0.0005194359109736979
0.0005182828172110021
0.0005179588333703578
0.0005164915346540511
0.0005143669550307095
0.0005132066435180604
0.0005119419074617326
0.0005105420132167637
0.0005086855962872505
0.000507455668412149
0.0005082954303361475
0.0005058853421360254
0.0005036437069065869
0.0005020019016228616
0.0005013652262277901
0.0005004103877581656
0.0004987161955796182
0.000496830209158361
0.0004991902387700975
0.0004985023406334221
0.0004964996478520334
0.0004951926530338824
0.0004928798880428076
0.0004917700425721705
0.0004902904038317502
0.00048816384514793754
0.0004860403132624924
0.0004849946708418429
0.0004833713755942881
0.00048202299512922764
0.00048036855878308415
0.0004792225081473589
0.000477153982501477
0.00047819784958846867
0.0004825731448363513
0.00047898205230012536
0.00047704935423098505
0.000473485590191558
0.00047120865201577544
0.00046989944530650973
0.0004678588593378663
0.00046646795817650855
0.00046460196608677506
0.00046575372107326984
0.0004634236393030733
0.00046053799451328814
0.00045970178325660527
0.00046459247823804617
0.0005145618342794478
0.0005345563986338675
0.0004971783491782844
0.0004784658085554838
0.0004653711512219161
0.0004597204679157585
0.00045494866208173335
0.0004517241904977709
0.0004502962401602417
0.0004488406702876091
0.0004466511309146881
0.00044391938718035817
0.000442097254563123
0.00044507012353278697
0.0004413386923260987
0.0004382707120385021
0.00043498925515450537
0.00043312832713127136
0.00043183399247936904
0.0004323431639932096
0.0004339322622399777
0.00043355170055292547
0.00043112802086398005
0.00042940370622090995
0.0004286444454919547
0.0004269938508514315
0.0004258263506926596
0.00042534375097602606
0.00042445832514204085
0.0004237546236254275
0.0004232260398566723
0.000423605612013489
0.0004219858965370804
0.0004213449137751013
0.0004200944094918668
0.0004188634338788688
0.00041986643918789923
0.0004186700680293143
0.00041718772263266146
0.0004166067228652537
0.000416640134062618
0.00041478380444459617
0.0004144116537645459
0.0004138119693379849
0.0004137895884923637
0.000413662230130285
0.0004116875061299652
0.00041114940540865064
0.00040975218871608377
0.00040998688200488687
0.00040913571137934923
0.0004085115797352046
0.0004076538607478142
0.00040681345853954554
0.0004054694145452231
0.0004049643175676465
0.0004042117216158658
0.00040347810136154294
0.0004034352896269411
0.0004019992193207145
0.0004016343445982784
0.0004007955139968544
0.00039981273584999144
0.0003989512042608112
0.00039868304156698287
0.0003973368147853762
0.0003973438870161772
0.0003969895769841969
0.0003959666646551341
0.000394899194361642
0.00039405893767252564
0.0003933636471629143
0.0003929021186195314
0.0003925593046005815
0.00039127934724092484
0.0003907536738552153
0.00039050402119755745
0.0003902595490217209
0.00039004263817332685
0.00038858578773215413
0.00038719805888831615
0.000390776083804667
0.00039308855775743723
0.00039162099710665643
0.0003884957986883819
0.0003864337340928614
0.00038478540955111384
0.00038372151902876794
