0.7088851928710938
0.6197746396064758
0.5604298710823059
0.5035714507102966
0.4511767625808716
0.411314457654953
0.3824118971824646
0.3702937066555023
0.35914143919944763
0.35952228307724
0.34987807273864746
0.3451803922653198
0.3368417024612427
0.3299793004989624
0.3275022506713867
0.3236319124698639
0.3168906271457672
0.31168195605278015
0.31080693006515503
0.31242501735687256
0.3074464797973633
0.29985350370407104
0.29463809728622437
0.2950630784034729
0.28848716616630554
0.28429242968559265
0.2771742641925812
0.2774791419506073
0.27406045794487
0.27973225712776184
0.2882719039916992
0.28089216351509094
0.2633714973926544
0.2576451897621155
0.260566383600235
0.25163063406944275
0.24816319346427917
0.24409128725528717
0.2447788268327713
0.2408229261636734
0.23612935841083527
0.2384185791015625
0.23409773409366608
0.23315556347370148
0.22346636652946472
0.22896383702754974
0.2254790961742401
0.21816270053386688
0.21228176355361938
0.20904512703418732
0.20564217865467072
0.20433667302131653
0.2106715887784958
0.20789381861686707
0.20132797956466675
0.19748729467391968
0.1921403706073761
0.19389772415161133
0.19201138615608215
0.1845920830965042
0.18626989424228668
0.18489167094230652
0.1777089387178421
0.17263051867485046
0.1696166694164276
0.16663676500320435
0.16395002603530884
0.1607215702533722
0.1583821177482605
0.1597875952720642
0.15318182110786438
0.14980190992355347
0.1467374712228775
0.14659123122692108
0.14548201858997345
0.143255352973938
0.13724106550216675
0.13664494454860687
0.1309167593717575
0.12846088409423828
0.14056441187858582
0.14225861430168152
0.1335141360759735
0.1238923966884613
0.122290700674057
0.11783897876739502
0.1469852477312088
0.12529219686985016
0.13215620815753937
0.14071212708950043
0.11851444095373154
0.11192107945680618
0.10483179241418839
0.09989467263221741
0.09758426249027252
0.09757006168365479
0.09663620591163635
0.09360034763813019
0.0888679102063179
0.10296964645385742
0.10239972174167633
0.09096698462963104
0.10961302369832993
0.09462600201368332
0.08627902716398239
0.12627510726451874
0.10684666037559509
0.0837046355009079
0.07826966047286987
0.07518088072538376
0.0726286843419075
0.07095551490783691
0.06804142147302628
0.06602855026721954
0.06489714980125427
0.06288239359855652
0.061685822904109955
0.059742774814367294
0.05889114737510681
0.0771094411611557
0.067084901034832
0.05854794383049011
0.05364801734685898
0.053894463926553726
0.052646737545728683
0.05092674866318703
0.04929030314087868
0.04837150499224663
0.04846850037574768
0.049524784088134766
0.04902439936995506
0.04669661074876785
0.04630183428525925
0.04453994333744049
0.04379287734627724
0.04309696704149246
0.041456904262304306
0.042306818068027496
0.04421210661530495
0.04234355688095093
0.04181667044758797
0.04092685133218765
0.03942899778485298
0.03869585320353508
0.0376167967915535
0.03750906512141228
0.03681887686252594
0.03619479015469551
0.03538957238197327
0.03484249860048294
0.034704286605119705
0.03678855299949646
0.05759606510400772
0.04506472870707512
0.039488740265369415
0.036112911999225616
0.033692896366119385
0.03293580934405327
0.03212584927678108
0.03120366856455803
0.03874475881457329
0.03330932930111885
0.03238580375909805
0.03132530301809311
0.030781595036387444
0.029442038387060165
0.029321979731321335
0.0292955432087183
0.030168723315000534
0.02880941331386566
0.027344858273863792
0.02673034369945526
0.02649024687707424
0.025942666456103325
0.025418341159820557
0.025244763121008873
0.024685872718691826
0.02480609156191349
0.03177472949028015
0.028413742780685425
0.024771887809038162
0.024482404813170433
0.0240053441375494
0.02345617301762104
0.023047298192977905
0.022577257826924324
0.03660821169614792
0.024029985070228577
0.02636921964585781
0.022538812831044197
0.022164728492498398
0.022264139726758003
0.02190808206796646
0.021268300712108612
0.020910855382680893
0.020245680585503578
0.022411763668060303
0.02459300495684147
0.02156888321042061
0.020147135481238365
0.019905725494027138
0.019509101286530495
0.018977396190166473
0.01853974536061287
0.018322046846151352
0.01788504607975483
0.017602290958166122
0.017206721007823944
0.017015468329191208
0.016826681792736053
0.01620902307331562
0.01581706292927265
0.015585070475935936
0.0152064124122262
0.014900554902851582
0.01453863549977541
0.014480428770184517
0.014055503532290459
0.013846813701093197
0.013410523533821106
0.013175822794437408
0.012964812107384205
0.014111902564764023
0.015014443546533585
0.01384202390909195
0.013175545260310173
0.01258110161870718
0.01231149397790432
0.012118869461119175
0.012399135157465935
0.012498563155531883
0.011794877238571644
0.011709542945027351
0.011557628400623798
0.011264127679169178
0.011207325384020805
0.011048351414501667
0.011000912636518478
0.010886217467486858
0.010766682215034962
0.011853010393679142
0.011616338975727558
0.010908029042184353
0.01070342306047678
0.01085079088807106
0.01043335534632206
0.010200494900345802
0.010654338635504246
0.01038454845547676
0.009907117113471031
0.00984170101583004
0.009665715508162975
0.00957404263317585
0.009524672292172909
0.009417068213224411
0.009287274442613125
0.00919500831514597
0.009119953960180283
0.009158311411738396
0.009188496507704258
0.009026856161653996
0.01056017354130745
0.010425844229757786
0.008884025737643242
0.008699040859937668
0.008535480126738548
0.00845441222190857
0.00834853295236826
0.008277878165245056
0.008178738877177238
0.008143173530697823
0.008040095679461956
0.007961352355778217
0.007911298424005508
0.00782686285674572
0.0077864923514425755
0.007753072306513786
0.007692447863519192
0.007621320430189371
0.007543888408690691
0.007495572790503502
0.007471386808902025
0.007392295636236668
0.007376987021416426
0.007210923358798027
0.007141661364585161
0.007066345773637295
0.007078458089381456
0.00705542741343379
0.00720588956028223
0.00705835921689868
0.006861364934593439
0.00685130013152957
0.006920165382325649
0.0067308759316802025
0.006594885140657425
0.007083703298121691
0.006749078631401062
0.006494016386568546
0.006396185141056776
0.006342401262372732
0.006278940476477146
0.006179239600896835
0.006502577103674412
0.007001517340540886
0.00638914480805397
0.006292012054473162
0.00604373449459672
0.005987140815705061
0.005826209671795368
0.005817457567900419
0.0057719373144209385
0.00591232581064105
0.006645445711910725
0.0058561572805047035
0.005727431271225214
0.005581985227763653
0.005524822045117617
0.00543356966227293
0.005359764210879803
0.005289657041430473
0.00523110618814826
0.005164796020835638
0.005171922966837883
0.005237901117652655
0.005163514520972967
0.005117699038237333
0.005167175550013781
0.0054312581196427345
0.0056731379590928555
0.0056476532481610775
0.005321510136127472
0.005130966659635305
0.005062965210527182
0.004998851101845503
0.00497705303132534
0.004898613318800926
0.004867675714194775
0.004828060045838356
0.004809965379536152
0.0047806729562580585
0.00475351931527257
0.004726668354123831
0.0047188871540129185
0.004676715936511755
0.004656314849853516
0.004637449514120817
0.004618633538484573
0.004628327209502459
0.004700672347098589
0.004648633301258087
0.004599737003445625
0.004533897619694471
0.004497004207223654
0.004468976985663176
0.0044569834135472775
0.004440417513251305
0.004415265750139952
0.004400487057864666
0.004396630916744471
0.0043608746491372585
0.004339584615081549
0.004307860974222422
0.004291072022169828
0.00428299605846405
0.004249968100339174
0.004227455705404282
0.004207134246826172
0.004187559708952904
0.004175780341029167
0.004173795226961374
0.004154287278652191
0.00412192614749074
0.004100956488400698
0.004081816878169775
0.004072294570505619
0.004077870864421129
0.0041082510724663734
0.004075054079294205
0.004040069878101349
0.003992263227701187
0.003979348111897707
0.003992349840700626
0.003977485932409763
0.003938630223274231
0.003912356216460466
0.003960370551794767
0.004060643725097179
0.0039514219388365746
0.004303861875087023
0.004160257987678051
0.003921904135495424
0.003848032094538212
0.00379763706587255
0.003787101712077856
0.0037373017985373735
0.003708914387971163
0.0036844532005488873
0.0036802608519792557
0.0036479595582932234
0.003691200166940689
0.0036554276011884212
0.0037090659607201815
0.0038240798749029636
0.0037459286395460367
0.003677947446703911
0.0036192466504871845
0.0035838608164340258
0.0035446477122604847
0.003509347327053547
0.0034812288358807564
0.0034558293409645557
0.0034326359163969755
0.0034060508478432894
0.0033999187871813774
0.0033711318392306566
0.003625742392614484
0.003580956719815731
0.0034512763377279043
0.003361897310242057
0.003323483048006892
0.0032991645857691765
0.00326708541251719
0.0032949205487966537
0.003328577382490039
0.0032865239772945642
0.0032536585349589586
0.003238457487896085
0.003206783439964056
0.003219986567273736
0.0032136784866452217
0.003192284842953086
0.0032074206974357367
0.0031862042378634214
0.003164880443364382
0.0031504679936915636
0.0031378173734992743
0.0031298398971557617
0.0031143538653850555
0.003102413145825267
0.003096126951277256
0.003082485869526863
0.003072925377637148
0.0030646705999970436
0.00305387657135725
0.0030578814912587404
0.0030703693628311157
0.0030489026103168726
0.0030289660207927227
0.0030204947106540203
0.0030106077902019024
0.003026213264092803
0.0030035420786589384
0.0029921396635472775
0.0029829370323568583
0.002966941799968481
0.0029671271331608295
0.0029536664951592684
0.002943421248346567
0.002940824721008539
0.002929105656221509
0.0029386591631919146
0.0029221391305327415
0.002996737603098154
0.0030229685362428427
0.002982433419674635
0.0029055976774543524
0.002890703734010458
0.002875302918255329
0.0028639030642807484
0.0028535339515656233
0.002843094291165471
0.002833733567968011
0.002821449190378189
0.002811376005411148
0.002803134499117732
0.0027946780901402235
0.002784164622426033
0.002778442343696952
0.0027693535666912794
0.002761608688160777
0.002751904772594571
0.00277214334346354
0.002810003934428096
0.0027904873713850975
0.002754370216280222
0.0027232496067881584
0.0027474069502204657
0.00273017561994493
0.002715157112106681
0.002699833130463958
0.0026838071644306183
0.002674530493095517
0.0026642438024282455
0.002656376687809825
0.0026402550283819437
0.0026410615537315607
0.0026266651693731546
0.0026251557283103466
0.0026079227682203054
0.0025998540222644806
0.002591830212622881
0.0025918809697031975
0.0025758512783795595
0.002567496383562684
0.0025591454468667507
0.0025521174538880587
0.002544788643717766
0.0025336192920804024
0.0025274627842009068
0.002517014043405652
0.0025129911955446005
0.0025291270576417446
0.002504161326214671
0.0025035073049366474
0.002485221717506647
0.0024874326772987843
0.002485603326931596
0.0024671347346156836
0.0024563176557421684
0.0024437883403152227
0.0024425098672509193
0.002430732361972332
0.002425326034426689
0.002417912008240819
0.002414864720776677
0.002410409739241004
0.0024048895575106144
0.002399484859779477
0.0023926859721541405
0.0023968066088855267
0.002407254185527563
0.002396410098299384
0.0023930822499096394
0.002386123174801469
0.0023752981796860695
0.002372683957219124
0.0023654804099351168
0.0023609036579728127
0.002356496639549732
0.00235072523355484
0.002348685637116432
0.0023429160937666893
0.0023400934878736734
0.0023366252426058054
0.002330128336325288
0.0023245448246598244
0.0023212542291730642
0.002321226056665182
0.002320320578292012
0.0023161573335528374
0.0023081551771610975
0.002306405920535326
0.0022987984120845795
0.002293837023898959
0.0022885706275701523
0.0022875384893268347
0.0022952284198254347
0.002300879219546914
0.0022921652998775244
0.002284644404426217
0.0022727393079549074
0.0022703935392200947
0.002281865803524852
0.002275800798088312
0.0022647182922810316
0.002255344996228814
0.002249241340905428
0.002243461785838008
0.002239101566374302
0.0022379474248737097
0.002229629782959819
0.0022238295059651136
0.0022175770718604326
0.0022123854141682386
0.0022047115489840508
0.002207110868766904
0.0022014512214809656
0.002197018824517727
0.0022273031063377857
0.002211723942309618
0.0022037706803530455
0.002192496322095394
0.00218476471491158
0.0021776268258690834
0.0021716710180044174
0.002167464466765523
0.0021604395005851984
0.0021578031592071056
0.0021610998082906008
0.0021537248976528645
0.002147327410057187
0.0021405532024800777
0.002134565496817231
0.0021287656854838133
0.002121061785146594
0.002121614757925272
0.002117869909852743
0.0021129599772393703
0.0021067315246909857
0.0021007407922297716
