0.6692320108413696
0.621259868144989
0.5945897698402405
0.5751315951347351
0.5555576086044312
0.5377064347267151
0.5213506817817688
0.5029698610305786
0.48728543519973755
0.4747042655944824
0.4641065299510956
0.45455843210220337
0.4424392282962799
0.4317588806152344
0.4201747179031372
0.4148833751678467
0.4053296744823456
0.4004738926887512
0.3947543203830719
0.38758742809295654
0.3814673125743866
0.3905644714832306
0.37662559747695923
0.3736771047115326
0.3671579360961914
0.3621540367603302
0.3651694059371948
0.36613497138023376
0.35206204652786255
0.34500396251678467
0.34198474884033203
0.345223069190979
0.34544837474823
0.35045722126960754
0.34247708320617676
0.33839985728263855
0.33155983686447144
0.33037513494491577
0.328298419713974
0.3231167197227478
0.3220413625240326
0.31882068514823914
0.32158163189888
0.3181520700454712
0.3137274980545044
0.31044793128967285
0.3303707242012024
0.31326988339424133
0.32000234723091125
0.31158238649368286
0.3074049949645996
0.305830717086792
0.30372533202171326
0.30119213461875916
0.30072084069252014
0.29875755310058594
0.2973138093948364
0.30118125677108765
0.29835399985313416
0.2933785915374756
0.2923254072666168
0.2900916337966919
0.2895251214504242
0.28797346353530884
0.2935749292373657
0.2912767231464386
0.2844109535217285
0.28316840529441833
0.2813381552696228
0.27973392605781555
0.2780379354953766
0.2774360477924347
0.2752046585083008
0.2768465578556061
0.27336713671684265
0.27263695001602173
0.27115631103515625
0.2713009715080261
0.268989622592926
0.2690533399581909
0.2662706971168518
0.27048686146736145
0.2644256055355072
0.2646651566028595
0.26509371399879456
0.26409295201301575
0.2599847912788391
0.26729437708854675
0.26476210355758667
0.26003971695899963
0.2624152898788452
0.2580576241016388
0.25454649329185486
0.25500619411468506
0.2554955780506134
0.2541152536869049
0.2609732151031494
0.2607323229312897
0.25234803557395935
0.25351813435554504
0.24926745891571045
0.2516830265522003
0.2481546550989151
0.2458425909280777
0.24322740733623505
0.24983246624469757
0.24741527438163757
0.24091942608356476
0.2398536205291748
0.23815929889678955
0.23683050274848938
0.23695142567157745
0.23494815826416016
0.23400700092315674
0.23283171653747559
0.23215018212795258
0.2310357242822647
0.2303990125656128
0.24393565952777863
0.25085803866386414
0.2499147653579712
0.25754237174987793
0.2425292581319809
0.23351867496967316
0.2369212955236435
0.2331097275018692
0.23042242228984833
0.2364920675754547
0.2317776083946228
0.23005831241607666
0.22669081389904022
0.22580526769161224
0.22627584636211395
0.2238481640815735
0.2227768748998642
0.22567644715309143
0.2248571515083313
0.2220066785812378
0.22121478617191315
0.21872152388095856
0.22034649550914764
0.21739619970321655
0.21615070104599
0.21574853360652924
0.21478216350078583
0.2125488966703415
0.21470163762569427
0.2132255882024765
0.21562378108501434
0.21967503428459167
0.21207189559936523
0.21019528806209564
0.21533188223838806
0.21265128254890442
0.21917565166950226
0.21370162069797516
0.20940051972866058
0.21063464879989624
0.20939287543296814
0.2057887315750122
0.20309892296791077
0.20348745584487915
0.20272515714168549
0.20163202285766602
0.2006993293762207
0.20013318955898285
0.19818848371505737
0.20143353939056396
0.1988014578819275
0.1969977170228958
0.1957697719335556
0.19536851346492767
0.19466473162174225
0.19445157051086426
0.19453389942646027
0.1942397803068161
0.19442124664783478
0.20710282027721405
0.20086558163166046
0.19635441899299622
0.19623516499996185
0.19238054752349854
0.1925826221704483
0.19273586571216583
0.1941770762205124
0.1950603425502777
0.19219809770584106
0.19560740888118744
0.19623899459838867
0.19261792302131653
0.1910913735628128
0.1899014115333557
0.18854327499866486
0.18752245604991913
0.18802621960639954
0.1878301501274109
0.18697252869606018
0.18589477241039276
0.18529799580574036
0.18511131405830383
0.18461695313453674
0.18359903991222382
0.183632031083107
0.1836869716644287
0.18301114439964294
0.18242527544498444
0.19330474734306335
0.19063729047775269
0.18497739732265472
0.18747717142105103
0.18474791944026947
0.18305806815624237
0.1815190315246582
0.1807032823562622
0.18038874864578247
0.18274366855621338
0.1839371919631958
0.1820531040430069
0.17982955276966095
0.18370886147022247
0.18663477897644043
0.17883644998073578
0.17799261212348938
0.17658917605876923
0.17608733475208282
0.17495031654834747
0.17446085810661316
0.1743539422750473
0.17367485165596008
0.17376835644245148
0.17391914129257202
0.17388370633125305
0.1735912710428238
0.17449533939361572
0.17154626548290253
0.17133541405200958
0.17046844959259033
0.16965655982494354
0.1690232753753662
0.16852928698062897
0.1679495871067047
0.1674916297197342
0.16718558967113495
0.16745389997959137
0.1719127595424652
0.1793081909418106
0.16678398847579956
0.17140460014343262
0.16740018129348755
0.1675489842891693
0.16691292822360992
0.16536498069763184
0.1646559089422226
0.16335275769233704
0.1719098836183548
0.1745372712612152
0.17572136223316193
0.17663200199604034
0.17975850403308868
0.17449162900447845
0.17099113762378693
0.16782434284687042
0.1652146577835083
0.1638963520526886
0.1622985601425171
0.16181543469429016
0.16158409416675568
0.16212786734104156
0.16054996848106384
0.16050603985786438
0.15974153578281403
0.15902167558670044
0.15883906185626984
0.1583557277917862
0.1580468714237213
0.15763118863105774
0.15833327174186707
0.158554807305336
0.15878789126873016
0.15798601508140564
0.15667687356472015
0.15653283894062042
0.15718674659729004
0.15658067166805267
0.15581755340099335
0.1555243730545044
0.1552557498216629
0.15491700172424316
0.15462401509284973
0.15444280207157135
0.15401923656463623
0.15386970341205597
0.15365070104599
0.15333938598632812
0.1530388593673706
0.1529988944530487
0.1535741686820984
0.15806107223033905
0.1573581099510193
0.15329097211360931
0.15239670872688293
0.1520882099866867
0.1517244577407837
0.15180157124996185
0.15131238102912903
0.15119531750679016
0.15074563026428223
0.15352843701839447
0.1538286954164505
0.15138593316078186
0.1504306197166443
0.15032339096069336
0.14981968700885773
0.1496560424566269
0.1495313197374344
0.14908841252326965
0.1528918594121933
0.15264424681663513
0.15092068910598755
0.15016113221645355
0.148691326379776
0.1487598568201065
0.14873023331165314
0.14810198545455933
0.1476593166589737
0.14742328226566315
0.14709869027137756
0.14678595960140228
0.14690372347831726
0.1463535875082016
0.14611069858074188
0.14755454659461975
0.14711014926433563
0.14645712077617645
0.1458299309015274
0.14619745314121246
0.14556874334812164
0.14609119296073914
0.14492574334144592
0.1483255922794342
0.14654237031936646
0.14431427419185638
0.1457846760749817
0.1459103524684906
0.14470361173152924
0.14512409269809723
0.14404046535491943
0.14310796558856964
0.14273865520954132
0.14234483242034912
0.14215923845767975
0.14222340285778046
0.14209572970867157
0.14444410800933838
0.14341478049755096
0.1421516090631485
0.14140549302101135
0.14100629091262817
0.1406249850988388
0.14042648673057556
0.13998234272003174
0.1396527737379074
0.13937346637248993
0.13908445835113525
0.1392245888710022
0.13868558406829834
0.13854795694351196
0.13857077062129974
0.1381620317697525
0.13825809955596924
0.1380244940519333
0.13771091401576996
0.13769781589508057
0.1375526636838913
0.13740131258964539
0.13727591931819916
0.13722732663154602
0.13730452954769135
0.13728706538677216
0.13690868020057678
0.13675229251384735
0.1366737186908722
0.13656361401081085
0.13686704635620117
0.1366240531206131
0.13638384640216827
0.13622379302978516
0.13598379492759705
0.13578839600086212
0.1358157843351364
0.13550777733325958
0.13542522490024567
0.13517238199710846
0.1350528597831726
0.13512788712978363
0.13580229878425598
0.13529542088508606
0.13475839793682098
0.13447017967700958
0.13442450761795044
0.13457156717777252
0.13440191745758057
0.13420076668262482
0.13391362130641937
0.13441625237464905
0.13531826436519623
0.1345406472682953
0.13377869129180908
0.13346654176712036
0.13293467462062836
0.1331223100423813
0.13319115340709686
0.13345682621002197
0.13298816978931427
0.13271565735340118
0.13369856774806976
0.13373829424381256
0.13282953202724457
0.1324520707130432
0.13203613460063934
0.13181813061237335
0.13147151470184326
0.13165874779224396
0.13130265474319458
0.13111495971679688
0.13109377026557922
0.1313869208097458
0.13122503459453583
0.1307964026927948
0.13058611750602722
0.13034768402576447
0.1302465796470642
0.13019974529743195
0.12994956970214844
0.1305519938468933
0.13071110844612122
0.13018788397312164
0.12995043396949768
0.1296386569738388
0.129449263215065
0.1292579174041748
0.12947458028793335
0.1292184442281723
0.1289893537759781
0.12874792516231537
0.12876544892787933
0.12854954600334167
0.12849164009094238
0.12821006774902344
0.12801557779312134
0.12887243926525116
0.1308816373348236
0.12997327744960785
0.1284944713115692
0.1279916912317276
0.12827789783477783
0.12834395468235016
0.12832365930080414
0.12739123404026031
0.12730495631694794
0.12695574760437012
0.12733782827854156
0.12756381928920746
0.12847010791301727
0.1270356923341751
0.12698055803775787
0.1268233060836792
0.12683477997779846
0.12665356695652008
0.12627530097961426
0.12620659172534943
0.1260964721441269
0.1260426938533783
0.125985786318779
0.12577398121356964
0.12579704821109772
0.12565134465694427
0.12567347288131714
0.1256236433982849
0.1255161464214325
0.12540203332901
0.1252308487892151
0.12507575750350952
0.12494836747646332
0.12496816366910934
0.12491650134325027
0.12479855865240097
0.12496286630630493
0.1250702440738678
0.12512002885341644
0.12497565895318985
0.12477157264947891
0.12465803325176239
0.12459324300289154
0.12424308806657791
0.1244124174118042
0.12425787001848221
0.12422681599855423
0.1242995336651802
0.12483786046504974
0.12463908642530441
0.12424926459789276
0.12444048374891281
0.12419915944337845
0.12390220910310745
0.12358329445123672
0.12353905290365219
0.12353270500898361
0.1233760416507721
0.1232764795422554
0.12319236993789673
0.12314433604478836
0.12320289760828018
0.12307242304086685
0.12297894805669785
0.12287566810846329
0.1228085309267044
0.12286750972270966
0.12309709936380386
0.12286173552274704
0.12291014194488525
0.12277883291244507
0.12265939265489578
0.122825987637043
0.12277744710445404
0.12274591624736786
0.12254057824611664
0.12235841155052185
0.12222326546907425
0.12216226011514664
0.12236833572387695
0.12240075320005417
0.12226364761590958
0.12199372053146362
0.12194011360406876
0.12191406637430191
0.121946781873703
0.12180821597576141
0.1216995120048523
0.12154670059680939
0.12154677510261536
0.1214798167347908
0.12136267870664597
0.12128657847642899
0.12122924625873566
0.12114022672176361
0.12106147408485413
0.12100840359926224
0.12092427164316177
0.12085044384002686
0.12082517892122269
0.12081512063741684
0.12115032970905304
0.1209883764386177
0.12100593745708466
0.12073111534118652
0.12059947103261948
0.12071909010410309
0.12056558579206467
0.12047219276428223
0.1206023097038269
0.12047792226076126
0.12030119448900223
0.12023051083087921
0.12079114466905594
0.12067018449306488
0.12047892808914185
0.12033393234014511
0.12018449604511261
0.12016598135232925
0.12002960592508316
0.11998935043811798
0.1198442280292511
0.11978936195373535
0.11978302896022797
0.11977414786815643
0.11972181499004364
0.11958359181880951
0.11964362859725952
0.11972984671592712
0.11972120404243469
0.11965341120958328
0.11954645812511444
0.1195167824625969
0.11952125281095505
0.1194622591137886
0.11938469111919403
0.11942203342914581
0.11945591121912003
0.11925089359283447
0.11920894682407379
0.11916637420654297
0.11913127452135086
0.11908838152885437
0.11909019201993942
0.11904631555080414
0.11901863664388657
0.11895018815994263
0.11891689151525497
0.11892472952604294
0.11893294751644135
0.11890934407711029
