0.720775306224823
0.5273991823196411
0.46489304304122925
0.4217343032360077
0.39149895310401917
0.3758571147918701
0.3534950315952301
0.3398780822753906
0.32676950097084045
0.3191147744655609
0.3074831962585449
0.2985057830810547
0.28795087337493896
0.28223559260368347
0.32604631781578064
0.29871293902397156
0.2772235870361328
0.26270875334739685
0.26271870732307434
0.285127192735672
0.28763675689697266
0.24922367930412292
0.24485710263252258
0.2337869256734848
0.22697512805461884
0.22267389297485352
0.21707789599895477
0.21041175723075867
0.20641721785068512
0.20080533623695374
0.19992659986019135
0.1996283084154129
0.21274395287036896
0.19416525959968567
0.18999706208705902
0.18412552773952484
0.21213707327842712
0.21009570360183716
0.1850922554731369
0.18512177467346191
0.17505216598510742
0.1648453325033188
0.16233423352241516
0.16808967292308807
0.16901808977127075
0.15360862016677856
0.15055498480796814
0.1459469348192215
0.1394248753786087
0.13596424460411072
0.1340358704328537
0.16239802539348602
0.14904287457466125
0.13500186800956726
0.12838412821292877
0.12187512964010239
0.12392022460699081
0.12028618901968002
0.11392253637313843
0.1200985535979271
0.15224656462669373
0.1305190473794937
0.12192162126302719
0.12012076377868652
0.10640031099319458
0.10061409324407578
0.09623969346284866
0.10330203920602798
0.09633564203977585
0.09559721499681473
0.1346641331911087
0.1605505347251892
0.14695625007152557
0.11677666753530502
0.09367978572845459
0.10847926139831543
0.10053342580795288
0.08191514760255814
0.0773790255188942
0.0702323466539383
0.06765606999397278
0.07244507223367691
0.06811126321554184
0.06580811738967896
0.06686823070049286
0.07673772424459457
0.06423338502645493
0.06352122128009796
0.05677232891321182
0.051926348358392715
0.04967799782752991
0.04752194881439209
0.05005893111228943
0.04747401177883148
0.042530257254838943
0.04025207832455635
0.0399712435901165
0.03805020824074745
0.03807808458805084
0.03654157370328903
0.034746188670396805
0.037013567984104156
0.12349483370780945
0.1667332798242569
0.10762050002813339
0.0758504718542099
0.04849429428577423
0.04149266704916954
0.055434104055166245
0.05121135339140892
0.04162708669900894
0.03408166393637657
0.04755224660038948
0.04612883925437927
0.03425576910376549
0.029376938939094543
0.02588009089231491
0.09306207299232483
0.051752399653196335
0.03349224105477333
0.03349316492676735
0.029054351150989532
0.02805582992732525
0.02692212536931038
0.025621095672249794
0.02418188564479351
0.023654568940401077
0.02208915539085865
0.021847300231456757
0.02102530002593994
0.02043721079826355
0.01988348364830017
0.01995072327554226
0.019570674747228622
0.018833346664905548
0.01860300824046135
0.01822991482913494
0.01770734414458275
0.017503848299384117
0.017228618264198303
0.017195193096995354
0.01693701185286045
0.016574224457144737
0.01627490669488907
0.016190456226468086
0.015830224379897118
0.01625552400946617
0.01651412434875965
0.07703257352113724
0.03879856690764427
0.029061198234558105
0.06489639729261398
0.04696646332740784
0.026342611759901047
0.02479909360408783
0.02058357745409012
0.019411949440836906
0.018590563908219337
0.018903635442256927
0.016731375828385353
0.016033068299293518
0.014978147111833096
0.01569572277367115
0.01460660994052887
0.014500502496957779
0.014449648559093475
0.014123954810202122
0.014046719297766685
0.013372776098549366
0.01332869753241539
0.013171480037271976
0.012905844487249851
0.012469991110265255
0.012458328157663345
0.013705994933843613
0.01229296624660492
0.011998990550637245
0.011564930900931358
0.011678691022098064
0.011134020984172821
0.010764144361019135
0.01104761566966772
0.010921110399067402
0.010364552028477192
0.010352902114391327
0.010917065665125847
0.010207651183009148
0.01003745011985302
0.009828329086303711
0.009480243548750877
0.013475218787789345
0.019206682220101357
0.01197670679539442
0.012443884275853634
0.010304214432835579
0.009727014228701591
0.009096399880945683
0.008961466141045094
0.008671429939568043
0.008848908357322216
0.026320811361074448
0.017279604449868202
0.0125298872590065
0.010204115882515907
0.008434014394879341
0.008497760631144047
0.008145698346197605
0.007667200639843941
0.007972711697220802
0.007570562418550253
0.007549457252025604
0.007234032731503248
0.007025273982435465
0.007004887331277132
0.006913396995514631
0.006621123757213354
0.006668475456535816
0.006569230929017067
0.006402904633432627
0.0065070996060967445
0.006305640563368797
0.006348756141960621
0.006271781865507364
0.024692010134458542
0.05374970659613609
0.017459899187088013
0.012624855153262615
0.010483360849320889
0.00929742306470871
0.008562031202018261
0.008089333772659302
0.007344340439885855
0.007047065068036318
0.0067103770561516285
0.006640316918492317
0.006334929261356592
0.006183206103742123
0.006008959840983152
0.005911228712648153
0.005782283842563629
0.005818785168230534
0.005760900676250458
0.0056480346247553825
0.005757953971624374
0.0056357961148023605
0.005482097622007132
0.005494721699506044
0.00544715253636241
0.00534852547571063
0.00522146699950099
0.005198064260184765
0.005063474178314209
0.005010056775063276
0.005183213856071234
0.00523384241387248
0.005040965508669615
0.004924571607261896
0.004822051152586937
0.0047486815601587296
0.004681429825723171
0.004784729797393084
0.004648110363632441
0.004562695976346731
0.004545766860246658
0.004544655326753855
0.004408943932503462
0.00438312441110611
0.004452880471944809
0.004660876467823982
0.004552667494863272
0.004418482072651386
0.0043070996180176735
0.004253986291587353
0.004182577133178711
0.004142470192164183
0.004209662321954966
0.004117795266211033
0.00429895194247365
0.004599847365170717
0.004260720685124397
0.004128142260015011
0.003985728602856398
0.003934937529265881
0.003904578508809209
0.0038400471676141024
0.003801254788413644
0.0038391794078052044
0.0037424371112138033
0.003730003722012043
0.0036947987973690033
0.0036576311103999615
0.0036241894122213125
0.00360587309114635
0.003597692819312215
0.0035486500710248947
0.003514648647978902
0.003478294936940074
0.00347358756698668
0.003408749122172594
0.00343118398450315
0.003383930306881666
0.0033495842944830656
0.0033272847067564726
0.0033222013153135777
0.0033203046768903732
0.0032946032006293535
0.0032438712660223246
0.00886991061270237
0.011092429980635643
0.00854779127985239
0.005097664892673492
0.004116720054298639
0.0034527392126619816
0.003194891382008791
0.003141178051009774
0.0030751703307032585
0.0030288114212453365
0.003016000846400857
0.002997429110109806
0.0029987157322466373
0.0029746145009994507
0.002962603699415922
0.0029533319175243378
0.002943144179880619
0.002910362323746085
0.0029087045695632696
0.002912149764597416
0.0029069259762763977
0.002888532355427742
0.002869590185582638
0.0028601724188774824
0.002846158342435956
0.0028824463952332735
0.0028983759693801403
0.002853411715477705
0.0028283020947128534
0.0028374989051371813
0.0028244329150766134
0.0028179329819977283
0.0027778877411037683
0.0028021028265357018
0.0027916973922401667
0.0027519147843122482
0.0027674955781549215
0.0028114805463701487
0.0027518095448613167
0.0027188435196876526
0.0026894595939666033
0.0026823978405445814
0.0026403916999697685
0.0026230087969452143
0.002610832219943404
0.002597083803266287
0.002584525616839528
0.0025792731903493404
0.0025599354412406683
0.002553223632276058
0.0025400540325790644
0.002537486609071493
0.0025186387356370687
0.002523195231333375
0.00249945349059999
0.0025004372000694275
0.0025273971259593964
0.002494220621883869
0.00246782717294991
0.0024586752988398075
0.0024610068649053574
0.0024610573891550303
0.0024384758435189724
0.0024173634592443705
0.0024064488243311644
0.002403506776317954
0.002403606427833438
0.0023958857636898756
0.002380040939897299
0.0023762688506394625
0.00237014121375978
0.0023556905798614025
0.002349012764170766
0.00234193354845047
0.0023186032194644213
0.002313369419425726
0.0023064499255269766
0.0022915229201316833
0.0022991616278886795
0.002278698608279228
0.002272642683237791
0.0022602498065680265
0.0022576486226171255
0.0022549268323928118
0.002225589007139206
0.0022175090853124857
0.0022074151784181595
0.002203935058787465
0.002194338943809271
0.002179339760914445
0.0021797853987663984
0.0021798217203468084
0.002157066948711872
0.002151002176105976
0.0021447190083563328
0.0021484200842678547
0.0021377354860305786
0.002148391678929329
0.0021293379832059145
0.0021337897051125765
0.0021416200324892998
0.002135092858225107
0.005256266798824072
0.005816986784338951
0.004397601820528507
0.002856860402971506
0.002543977228924632
0.0021651741117239
0.0021140524186193943
0.002053465461358428
0.002034326083958149
0.0020138027612119913
0.002006362657994032
0.001995135797187686
0.0019901427440345287
0.0019858565647155046
0.0019782327581197023
0.00196950719691813
0.001956153428182006
0.001966511830687523
0.001945274299941957
0.0019413679838180542
0.0019380191806703806
0.0019300177227705717
0.0019274569349363446
0.0019199273083359003
0.001911340281367302
0.0019072412978857756
0.001901619485579431
0.0019016893347725272
0.0018949112854897976
0.0018962816102430224
0.0018867559265345335
0.0018781224498525262
0.0018743642140179873
0.0018722417298704386
0.0018712971359491348
0.0018607552628964186
0.001853604568168521
0.0018573334673419595
0.0018523569451645017
0.0018505216576159
0.0018509919755160809
0.0018406285671517253
0.001830395543947816
0.0018324016127735376
0.0018291844753548503
0.0018241381039842963
0.001813011709600687
0.0018070804653689265
0.0018084236653521657
0.0018059686990454793
0.0018056537955999374
0.0017958998214453459
0.001788423047401011
0.0017870995216071606
0.0017839631764218211
0.001782402046956122
0.0017785998061299324
0.0017719099996611476
0.0017766692908480763
0.0017603336600586772
0.0017709404928609729
0.001753182034008205
0.001750730792991817
0.0017362541984766722
0.0017467354191467166
0.0017349630361422896
0.0017284349305555224
0.001732517033815384
0.0017234449042007327
0.0017130197957158089
0.0017128877807408571
0.0017142986180260777
0.0017115076771005988
0.0017002540407702327
0.0016930436249822378
0.0016886023804545403
0.0016880029579624534
0.0016906800447031856
0.0016859567258507013
0.0016890636179596186
0.0016861034091562033
0.0016740707214921713
0.00167379982303828
0.00167792197316885
0.0016835478600114584
0.0016687496099621058
0.001647421158850193
0.001660592039115727
0.0017334073781967163
0.0016848198138177395
0.0016512374859303236
0.001637910376302898
0.0016196672804653645
0.001612360472790897
0.0016069202683866024
0.0016349249053746462
0.001630458515137434
0.00164439354557544
0.0016209199093282223
0.0016014744760468602
0.0015927128260955215
0.0015830956399440765
0.0015724042896181345
0.0015694911126047373
0.0015583756612613797
0.0015578154707327485
0.001552109606564045
0.0015497704735025764
0.0015398389659821987
0.0015429159393534064
0.0015442058211192489
0.0015453605446964502
0.0015413817018270493
0.0015366226434707642
0.001528842025436461
0.0015414124354720116
0.0015351682668551803
0.0015302981482818723
0.0015220289351418614
0.0015205296222120523
0.0015156703302636743
0.0015131316613405943
0.0015131585532799363
0.001516372780315578
0.0015070043737068772
0.0015092407120391726
0.0015043531311675906
0.0014981977874413133
0.0014962059212848544
0.0014929131139069796
0.0014957503881305456
0.0016568356659263372
0.0017516709631308913
0.0017197587294504046
0.001644515199586749
0.001571054570376873
0.0015501887537539005
0.0015259030042216182
0.0015136873116716743
0.0015052370727062225
0.0014964472502470016
0.0014908512821421027
0.001482914318330586
0.0014770885463804007
0.0014725227374583483
0.0014690589159727097
0.001467151683755219
0.0014597726985812187
0.0014566290192306042
0.0014612539671361446
0.0014533066423609853
0.001444496214389801
0.0014426913112401962
0.0014399881474673748
0.0014409648720175028
0.001434039673767984
0.0014282753691077232
0.0014295883011072874
0.001427021692506969
0.001421034918166697
0.001416465500369668
0.001417966210283339
0.001418065745383501
0.0014158367412164807
0.0014090512413531542
0.001407789415679872
0.0014036446809768677
0.0014010709710419178
0.0013978775823488832
0.0013970405561849475
0.0013969424180686474
0.0013916085008531809
0.001393076847307384
0.001391793368384242
0.001389689277857542
0.0013885281514376402
0.0013826830545440316
0.0013781655579805374
0.0013765853364020586
0.0013768300414085388
0.001373977866023779
0.0013705053133890033
0.001367086311802268
0.0013689789921045303
0.0013619179371744394
0.0013658644165843725
0.0013576841447502375
0.0013553897151723504
0.001368846744298935
0.0013576970668509603
0.0013512668665498495
0.0013468709075823426
0.0013479308690875769
0.001340868417173624
0.001342229312285781
0.0013340878067538142
0.0013329704524949193
0.0013326394837349653
0.0013306263135746121
