0.5404984354972839
0.5747663378715515
0.5965732336044312
0.6292834877967834
0.6744548082351685
0.6915887594223022
0.7133956551551819
0.7242990732192993
0.7274143099784851
0.7492212057113647
0.7585669755935669
0.767912745475769
0.7788162231445312
0.7866043448448181
0.7928348779678345
0.7928348779678345
0.8006230592727661
0.8084112405776978
0.8146417737007141
0.8161993622779846
0.8239875435829163
0.8255451917648315
0.8317757248878479
0.836448609828949
0.8395638465881348
0.8442367315292358
0.8457943797111511
0.8489096760749817
0.8473520278930664
0.8473520278930664
0.8473520278930664
0.8489096760749817
0.8504672646522522
0.8504672646522522
0.855140209197998
0.8566977977752686
0.855140209197998
0.855140209197998
0.855140209197998
0.855140209197998
0.8566977977752686
0.8566977977752686
0.8598130941390991
0.8598130941390991
0.8660436272621155
0.8644859790802002
0.8707165122032166
0.8707165122032166
0.8722741603851318
0.8660436272621155
0.8629283308982849
0.8660436272621155
0.8676012754440308
0.8660436272621155
0.8660436272621155
0.8660436272621155
0.8691588640213013
0.8676012754440308
0.8660436272621155
0.8691588640213013
0.8691588640213013
0.8691588640213013
0.8722741603851318
0.8722741603851318
0.8722741603851318
0.8722741603851318
0.8753893971443176
0.8753893971443176
0.8769470453262329
0.8769470453262329
0.8769470453262329
0.8753893971443176
0.8738317489624023
0.8738317489624023
0.8722741603851318
0.8738317489624023
0.8800622820854187
0.8785046935081482
0.8800622820854187
0.881619930267334
0.8769470453262329
0.8785046935081482
0.8707165122032166
0.8676012754440308
0.8707165122032166
0.8738317489624023
0.8707165122032166
0.8676012754440308
0.8676012754440308
0.8753893971443176
0.8769470453262329
0.8769470453262329
0.8800622820854187
0.8769470453262329
0.8753893971443176
0.8800622820854187
0.881619930267334
0.8769470453262329
0.8707165122032166
0.8722741603851318
0.8753893971443176
0.8800622820854187
0.8785046935081482
0.8753893971443176
0.8769470453262329
0.8769470453262329
0.8785046935081482
0.8800622820854187
0.8785046935081482
0.8785046935081482
0.8769470453262329
0.8738317489624023
0.8707165122032166
0.8738317489624023
0.8753893971443176
0.8769470453262329
0.8769470453262329
0.8785046935081482
0.8800622820854187
0.8800622820854187
0.8800622820854187
0.8800622820854187
0.881619930267334
0.8785046935081482
0.8769470453262329
0.8769470453262329
0.8785046935081482
0.881619930267334
0.8785046935081482
0.8769470453262329
0.8769470453262329
0.8769470453262329
0.8785046935081482
0.8785046935081482
0.881619930267334
0.8785046935081482
0.8800622820854187
0.881619930267334
0.8785046935081482
0.8769470453262329
0.8785046935081482
0.8800622820854187
0.8785046935081482
0.8753893971443176
0.8785046935081482
0.8769470453262329
0.8785046935081482
0.8800622820854187
0.8800622820854187
0.881619930267334
0.8831775784492493
0.8785046935081482
0.8800622820854187
0.8785046935081482
0.881619930267334
0.8800622820854187
0.8800622820854187
0.8831775784492493
0.8831775784492493
0.8847352266311646
0.8831775784492493
0.8847352266311646
0.8831775784492493
0.8847352266311646
0.8847352266311646
0.8847352266311646
0.8831775784492493
0.8862928152084351
0.8831775784492493
0.8831775784492493
0.8847352266311646
0.8862928152084351
0.8847352266311646
0.8847352266311646
0.8847352266311646
0.8831775784492493
0.8847352266311646
0.8862928152084351
0.881619930267334
0.881619930267334
0.8831775784492493
0.881619930267334
0.881619930267334
0.8831775784492493
0.8831775784492493
0.8831775784492493
0.8831775784492493
0.8847352266311646
0.8862928152084351
0.8831775784492493
0.8909657597541809
0.8878504633903503
0.8894081115722656
0.8862928152084351
0.8878504633903503
0.8862928152084351
0.8862928152084351
0.8862928152084351
0.8878504633903503
0.8909657597541809
0.8878504633903503
0.8878504633903503
0.881619930267334
0.8800622820854187
0.8831775784492493
0.8862928152084351
0.8925233483314514
0.8940809965133667
0.8925233483314514
0.8894081115722656
0.8909657597541809
0.8909657597541809
0.8878504633903503
0.8878504633903503
0.8862928152084351
0.8878504633903503
0.8878504633903503
0.8894081115722656
0.8878504633903503
0.8862928152084351
0.8878504633903503
0.8894081115722656
0.8909657597541809
0.8940809965133667
0.8909657597541809
0.8940809965133667
0.895638644695282
0.895638644695282
0.895638644695282
0.895638644695282
0.8971962332725525
0.8971962332725525
0.8971962332725525
0.895638644695282
0.8987538814544678
0.8971962332725525
0.8971962332725525
0.8971962332725525
0.895638644695282
0.895638644695282
0.8987538814544678
0.9003115296363831
0.8987538814544678
0.8987538814544678
0.8971962332725525
0.8940809965133667
0.895638644695282
0.895638644695282
0.895638644695282
0.8971962332725525
0.8940809965133667
0.8940809965133667
0.895638644695282
0.895638644695282
0.895638644695282
0.895638644695282
0.895638644695282
0.895638644695282
0.895638644695282
0.8971962332725525
0.895638644695282
0.895638644695282
0.895638644695282
0.895638644695282
0.895638644695282
0.895638644695282
0.895638644695282
0.9003115296363831
0.9018691778182983
0.8987538814544678
0.8925233483314514
0.8925233483314514
0.8909657597541809
0.8894081115722656
0.8940809965133667
0.895638644695282
0.8971962332725525
0.8971962332725525
0.8971962332725525
0.8971962332725525
0.8971962332725525
0.8971962332725525
0.895638644695282
0.895638644695282
0.895638644695282
0.895638644695282
0.8971962332725525
0.8971962332725525
0.895638644695282
0.9003115296363831
0.8971962332725525
0.8971962332725525
0.9003115296363831
0.9018691778182983
0.9003115296363831
0.9018691778182983
0.9018691778182983
0.9018691778182983
0.9018691778182983
0.9003115296363831
0.9003115296363831
0.9034267663955688
0.9034267663955688
0.9034267663955688
0.9034267663955688
0.9018691778182983
0.9018691778182983
0.895638644695282
0.8971962332725525
0.8971962332725525
0.8971962332725525
0.9003115296363831
0.8987538814544678
0.9003115296363831
0.9034267663955688
0.9034267663955688
0.9034267663955688
0.9034267663955688
0.9018691778182983
0.9018691778182983
0.895638644695282
0.9003115296363831
0.8987538814544678
0.8987538814544678
0.8940809965133667
0.8940809965133667
0.8940809965133667
0.895638644695282
0.8940809965133667
0.8925233483314514
0.8940809965133667
0.8940809965133667
0.8940809965133667
0.8940809965133667
0.8940809965133667
0.8940809965133667
0.8940809965133667
0.895638644695282
0.895638644695282
0.8940809965133667
0.895638644695282
0.895638644695282
0.895638644695282
0.895638644695282
0.8987538814544678
0.8987538814544678
0.8987538814544678
0.8987538814544678
0.8940809965133667
0.8940809965133667
0.8940809965133667
0.8940809965133667
0.895638644695282
0.8971962332725525
0.8987538814544678
0.895638644695282
0.895638644695282
0.895638644695282
0.895638644695282
0.8971962332725525
0.895638644695282
0.895638644695282
0.8971962332725525
0.895638644695282
0.895638644695282
0.8971962332725525
0.8971962332725525
0.8925233483314514
0.8925233483314514
0.895638644695282
0.895638644695282
0.895638644695282
0.8971962332725525
0.8971962332725525
0.8971962332725525
0.8971962332725525
0.8971962332725525
0.8971962332725525
0.8971962332725525
0.895638644695282
0.8971962332725525
0.8987538814544678
0.8971962332725525
0.8987538814544678
0.8987538814544678
0.8971962332725525
0.8971962332725525
0.8971962332725525
0.8971962332725525
0.8971962332725525
0.8987538814544678
0.8971962332725525
0.8987538814544678
0.8987538814544678
0.8971962332725525
0.8971962332725525
0.895638644695282
0.895638644695282
0.8971962332725525
0.8971962332725525
0.8971962332725525
0.8971962332725525
0.8971962332725525
0.8971962332725525
0.8971962332725525
0.8971962332725525
0.8987538814544678
0.8987538814544678
0.8987538814544678
0.9003115296363831
0.9003115296363831
0.9003115296363831
0.9003115296363831
0.9003115296363831
0.9003115296363831
0.9003115296363831
0.8987538814544678
0.9018691778182983
0.9003115296363831
0.9003115296363831
0.9018691778182983
0.9003115296363831
0.9003115296363831
0.9003115296363831
0.9003115296363831
0.9018691778182983
0.9018691778182983
0.9018691778182983
0.9018691778182983
0.9003115296363831
0.8987538814544678
0.9003115296363831
0.9003115296363831
0.9018691778182983
0.9018691778182983
0.9003115296363831
0.9003115296363831
0.8987538814544678
0.8987538814544678
0.8987538814544678
0.8987538814544678
0.8987538814544678
0.8987538814544678
0.8987538814544678
0.9003115296363831
0.9003115296363831
0.9003115296363831
0.9003115296363831
0.9003115296363831
0.9003115296363831
0.9003115296363831
0.8987538814544678
0.9003115296363831
0.9003115296363831
0.9003115296363831
0.9003115296363831
0.8971962332725525
0.8987538814544678
0.8987538814544678
0.8987538814544678
0.8987538814544678
0.9003115296363831
0.8987538814544678
0.8987538814544678
0.8987538814544678
0.8987538814544678
0.8987538814544678
0.8987538814544678
0.8987538814544678
0.9003115296363831
0.8987538814544678
0.9003115296363831
0.8987538814544678
0.8987538814544678
0.8987538814544678
0.8987538814544678
0.9003115296363831
0.8987538814544678
0.9003115296363831
0.9018691778182983
0.9003115296363831
0.9003115296363831
0.9003115296363831
0.8987538814544678
0.8987538814544678
0.8987538814544678
0.8987538814544678
0.8987538814544678
0.8987538814544678
0.8987538814544678
0.8987538814544678
0.8987538814544678
0.8987538814544678
0.8987538814544678
0.8987538814544678
0.8987538814544678
0.8987538814544678
0.8987538814544678
0.8987538814544678
0.8987538814544678
0.8987538814544678
0.8987538814544678
0.8987538814544678
0.8987538814544678
0.8987538814544678
0.8987538814544678
0.8987538814544678
0.8987538814544678
0.8987538814544678
0.8987538814544678
0.8987538814544678
0.8987538814544678
0.8971962332725525
0.8971962332725525
0.8971962332725525
0.8971962332725525
0.8987538814544678
0.8987538814544678
0.8971962332725525
0.8971962332725525
0.9003115296363831
0.8987538814544678
0.8987538814544678
0.8987538814544678
0.9003115296363831
0.9003115296363831
0.8987538814544678
0.8987538814544678
0.8987538814544678
0.8987538814544678
0.8987538814544678
0.8987538814544678
0.8987538814544678
0.8987538814544678
0.8987538814544678
0.8987538814544678
0.9003115296363831
0.9003115296363831
0.9003115296363831
0.9003115296363831
0.8987538814544678
0.8987538814544678
0.8987538814544678
0.8987538814544678
0.8987538814544678
0.8987538814544678
0.8987538814544678
0.8987538814544678
0.8987538814544678
0.8987538814544678
0.8987538814544678
0.8987538814544678
0.8987538814544678
0.8987538814544678
0.8987538814544678
0.8987538814544678
0.8987538814544678
0.8987538814544678
0.8987538814544678
0.8987538814544678
0.8987538814544678
0.8987538814544678
0.8987538814544678
0.8987538814544678
0.8987538814544678
0.8987538814544678
0.8987538814544678
0.8987538814544678
0.8987538814544678
0.8987538814544678
0.8987538814544678
0.8987538814544678
0.9003115296363831
0.9003115296363831
0.9003115296363831
0.9003115296363831
0.9003115296363831
0.9003115296363831
0.9003115296363831
0.9003115296363831
0.9003115296363831
0.9003115296363831
0.9003115296363831
0.9003115296363831
0.9003115296363831
0.9003115296363831
0.9003115296363831
0.9003115296363831
0.9003115296363831
0.9003115296363831
0.9003115296363831
0.9003115296363831
0.9003115296363831
0.9003115296363831
0.9003115296363831
0.9003115296363831
0.9003115296363831
0.9003115296363831
0.9003115296363831
0.9003115296363831
0.9003115296363831
0.9003115296363831
0.9003115296363831
0.9003115296363831
0.9003115296363831
0.9003115296363831
0.9003115296363831
0.9003115296363831
0.8987538814544678
0.8987538814544678
0.8987538814544678
0.8987538814544678
0.8987538814544678
0.8987538814544678
0.8987538814544678
0.8987538814544678
0.8987538814544678
0.8987538814544678
0.8987538814544678
0.8987538814544678
0.8987538814544678
0.8987538814544678
0.8987538814544678
0.8987538814544678
0.8987538814544678
0.8987538814544678
0.8987538814544678
0.8987538814544678
0.8987538814544678
0.8987538814544678
0.8987538814544678
0.8987538814544678
0.8987538814544678
0.8987538814544678
0.8987538814544678
0.8987538814544678
0.8987538814544678
