0.6836895942687988
0.5250310301780701
0.4509013593196869
0.408332884311676
0.38307443261146545
0.3669465184211731
0.3528134524822235
0.34164339303970337
0.3338472247123718
0.341541051864624
0.31965115666389465
0.31074652075767517
0.3080798387527466
0.29631271958351135
0.28913649916648865
0.28023889660835266
0.29285159707069397
0.29358094930648804
0.2752133309841156
0.27541354298591614
0.26725324988365173
0.2617475092411041
0.2601086497306824
0.24826349318027496
0.2586117684841156
0.2547018527984619
0.24523411691188812
0.2389031946659088
0.23284313082695007
0.23242272436618805
0.23125596344470978
0.23544076085090637
0.2597568929195404
0.24602565169334412
0.22929446399211884
0.2165079116821289
0.21382492780685425
0.20679885149002075
0.20247483253479004
0.2022613286972046
0.19528745114803314
0.2160130888223648
0.21755941212177277
0.20584194362163544
0.2127775400876999
0.19106020033359528
0.17982983589172363
0.17445093393325806
0.17105509340763092
0.17778924107551575
0.17565321922302246
0.16742366552352905
0.16451215744018555
0.15884320437908173
0.15284928679466248
0.14795851707458496
0.14577722549438477
0.14109604060649872
0.13883140683174133
0.1432698518037796
0.1541600525379181
0.14697454869747162
0.13490809500217438
0.1420295685529709
0.13603201508522034
0.12503933906555176
0.11994369328022003
0.11671070009469986
0.14555758237838745
0.1328321099281311
0.1266615092754364
0.11762596666812897
0.10955342650413513
0.11077547818422318
0.10857058316469193
0.10118117183446884
0.09661629050970078
0.09432735294103622
0.09161099046468735
0.09036974608898163
0.08815285563468933
0.09379786252975464
0.09177463501691818
0.08486423641443253
0.08340955525636673
0.09596633166074753
0.08855175971984863
0.0937938317656517
0.0822143405675888
0.07513062655925751
0.07404148578643799
0.071892648935318
0.06739207357168198
0.06467419862747192
0.06341762840747833
0.06141648441553116
0.06294284015893936
0.0601438470184803
0.05856786295771599
0.05812602862715721
0.05785566568374634
0.054205358028411865
0.053292807191610336
0.05208683758974075
0.051594242453575134
0.04975958541035652
0.059354621917009354
0.055332861840724945
0.05830378457903862
0.05123009905219078
0.04728585109114647
0.04559926688671112
0.042661067098379135
0.0408390648663044
0.03996780142188072
0.0389157272875309
0.03777705505490303
0.03629771247506142
0.035980481654405594
0.03479129076004028
0.03451840579509735
0.033606819808483124
0.03325282782316208
0.0348612405359745
0.03299112990498543
0.032295744866132736
0.03179911896586418
0.033516597002744675
0.031236903741955757
0.030822694301605225
0.03142650052905083
0.03251740708947182
0.0330512635409832
0.029827162623405457
0.029198741540312767
0.028066545724868774
0.027053548023104668
0.02698313631117344
0.026603834703564644
0.026897644624114037
0.026557616889476776
0.02498212642967701
0.02473735623061657
0.024540208280086517
0.023718345910310745
0.024090278893709183
0.02436412125825882
0.023008085787296295
0.022781074047088623
0.022194450721144676
0.022175811231136322
0.02119351364672184
0.02108495868742466
0.02100413292646408
0.020538704469799995
0.020548727363348007
0.020520338788628578
0.019620243459939957
0.01925497315824032
0.019101658836007118
0.018916092813014984
0.018207034096121788
0.018115423619747162
0.01806825026869774
0.017582006752490997
0.017327256500720978
0.016832049936056137
0.01665463112294674
0.01648632623255253
0.016563154757022858
0.019069554284214973
0.019478023052215576
0.017571168020367622
0.016161823645234108
0.01570567674934864
0.015348823741078377
0.014938222244381905
0.014696315862238407
0.014250203967094421
0.014151451177895069
0.014494961127638817
0.015057271346449852
0.013640673831105232
0.01400122418999672
0.028723236173391342
0.023939145728945732
0.01733968034386635
0.015233888290822506
0.01581505686044693
0.013448920100927353
0.012478318996727467
0.012140863575041294
0.011763211339712143
0.011344611644744873
0.011269757524132729
0.010989571921527386
0.010788317769765854
0.010547933168709278
0.010421174578368664
0.011076018214225769
0.0102490009739995
0.010001706890761852
0.009727220982313156
0.00958737451583147
0.009264025837182999
0.009170466102659702
0.008885997347533703
0.008826547302305698
0.00861832033842802
0.00859045423567295
0.008444474078714848
0.008294472470879555
0.008109014481306076
0.007969029247760773
0.007941885851323605
0.0075205108150839806
0.007399676367640495
0.007133873645216227
0.006896076258271933
0.006816144101321697
0.006722139194607735
0.006621404550969601
0.006515770219266415
0.0065482910722494125
0.006320927292108536
0.006308861076831818
0.0062398165464401245
0.006194156128913164
0.00612446665763855
0.006097651086747646
0.0061262501403689384
0.005879038944840431
0.005819099489599466
0.0057839821092784405
0.005724044516682625
0.00565972737967968
0.00557715306058526
0.005534246563911438
0.0057653398253023624
0.0056904819793999195
0.005458139814436436
0.005442374385893345
0.0052639576606452465
0.005198747385293245
0.005311178974807262
0.0052741155959665775
0.005055566318333149
0.0049771578051149845
0.004867492243647575
0.00490906136110425
0.0047950963489711285
0.004712758585810661
0.004712983965873718
0.004651142284274101
0.004631542135030031
0.0045167626813054085
0.00449273269623518
0.004462743643671274
0.00435075955465436
0.004300805274397135
0.004295951686799526
0.004251144826412201
0.004147750791162252
0.00412706146016717
0.00411232141777873
0.004029079340398312
0.004009835422039032
0.003993491642177105
0.004833120387047529
0.004277019761502743
0.003976411186158657
0.0038949213922023773
0.003802510444074869
0.0037543075159192085
0.0037141190841794014
0.0036267447285354137
0.0036235840525478125
0.003561586607247591
0.0035006345715373755
0.0035880336072295904
0.003497154451906681
0.0034643092658370733
0.0033559456933289766
0.0033369536977261305
0.003289227606728673
0.0035801827907562256
0.0035289120860397816
0.0032948057632893324
0.0036172643303871155
0.004241269081830978
0.003779845079407096
0.003322273027151823
0.0031973773147910833
0.0030905185267329216
0.003037497401237488
0.002945508109405637
0.002911539049819112
0.002898731967434287
0.0028294650837779045
0.0028362825978547335
0.0027602382469922304
0.002750186249613762
0.0027059607673436403
0.0030466997995972633
0.002849483396857977
0.0026955732610076666
0.0026698349975049496
0.002634180011227727
0.0026561403647065163
0.0025748745538294315
0.0025277233216911554
0.002486330922693014
0.0024803420528769493
0.0024307791609317064
0.0023937271907925606
0.0024797699879854918
0.0023870791774243116
0.0023652715608477592
0.0023047258146107197
0.0023107680026441813
0.0022919008042663336
0.0022662864066660404
0.0022849244996905327
0.0022541682701557875
0.0022252527996897697
0.002198621863499284
0.002190955216065049
0.002170928055420518
0.0021622099447995424
0.002143979538232088
0.0021302462555468082
0.002125632017850876
0.00210410263389349
0.0021069247741252184
0.0021018984261900187
0.0020739685278385878
0.002068152418360114
0.0020394804887473583
0.0020448314025998116
0.0020167604088783264
0.0020146770402789116
0.0020100190304219723
0.001990805147215724
0.001982993446290493
0.0021700484212487936
0.0021362830884754658
0.002032914198935032
0.0019669041503220797
0.001945478143170476
0.0019166434649378061
0.0019120568176731467
0.001911936909891665
0.0019391803070902824
0.0019114657770842314
0.0018779123201966286
0.0018593553686514497
0.0018392576603218913
0.0018228021217510104
0.0018145127687603235
0.0017917639343068004
0.0017782230861485004
0.0017770398408174515
0.001761538558639586
0.0017479000380262733
0.0019310469506308436
0.00205608201213181
0.0018401953857392073
0.0018075908301398158
0.0017465745331719518
0.0017152073560282588
0.0016849193489179015
0.0016655887011438608
0.0016506458632647991
0.0016421690816059709
0.0016387238865718246
0.0016214139759540558
0.001616875291801989
0.0016023266362026334
0.0018830542685464025
0.0043446701020002365
0.0021191055420786142
0.0017562515567988157
0.0016153354663401842
0.0015746536664664745
0.0015421449206769466
0.0015282146632671356
0.0015211683930829167
0.0015070912195369601
0.0014958608662709594
0.001490847673267126
0.0014766722451895475
0.0014672689139842987
0.0015854182420298457
0.001550479675643146
0.0015278004575520754
0.00154249113984406
0.0014966579619795084
0.0014824047684669495
0.0014463950647041202
0.0014273017877712846
0.0014080869732424617
0.0014029546873643994
0.0013865679502487183
0.0013860168401151896
0.0013707774924114347
0.0013556426856666803
0.0013772278325632215
0.0013469763798639178
0.0013384169433265924
0.001327752834185958
0.00131913460791111
0.001311341766268015
0.0013042207574471831
0.0012983947526663542
0.0012869394849985838
0.0012898140121251345
0.0012740831589326262
0.0012673444580286741
0.001262241741642356
0.001257368829101324
0.001255245879292488
0.0012519069714471698
0.0012443842133507133
0.0012384670553728938
0.0012788961175829172
0.0013377353316172957
0.0013089808635413647
0.0012958721490576863
0.0012894702376797795
0.0012694228207692504
0.001255115494132042
0.0012458869023248553
0.0012324490817263722
0.0012323218397796154
0.0012276057386770844
0.0012304404517635703
0.0012378882383927703
0.0012154552387073636
0.0011994201922789216
0.0011888323351740837
0.001188380061648786
0.0011814433382824063
0.0011786003597080708
0.0011728971730917692
0.00116722343955189
0.001162791857495904
0.001158872270025313
0.001153040211647749
0.0011526849120855331
0.001145161222666502
0.0011419609654694796
0.0011361807119101286
0.0011379200732335448
0.0011354769812896848
0.0011307063978165388
0.0011329589178785682
0.0011267821537330747
0.0011266040382906795
0.0011181746376678348
0.0011392682790756226
0.001124576199799776
0.0011158427223563194
0.0011119412956759334
0.0011054734932258725
0.0010920275235548615
0.0010972978780046105
0.0010980027727782726
0.0010896851308643818
0.0010839918395504355
0.0010799933224916458
0.0010751381050795317
0.0010714626405388117
0.0010661935666576028
0.0010635914513841271
0.0010624873684719205
0.0010585780255496502
0.0010521711083129048
0.0010493608424440026
0.001050132210366428
0.0010442802449688315
0.0010386999929323792
0.0010350876254960895
0.0010345926275476813
0.001029520994052291
0.0010304328752681613
0.0010333848185837269
0.0010436876909807324
0.0010314668761566281
0.0010215467773377895
0.0010158279910683632
0.0010108191054314375
0.0010045416420325637
0.001007635029964149
0.001003638026304543
0.0010068449191749096
0.0010235417867079377
0.001554445130750537
0.0013566070701926947
0.0011254893615841866
0.0010699472622945905
0.0010230025509372354
0.0009985467186197639
0.000980683253146708
0.0009793034987524152
0.000975149916484952
0.0009670877479948103
0.0009589832043275237
0.0009515322744846344
0.00095442432211712
0.0009680459043011069
0.0009684996330179274
0.000954575720243156
0.0009417259716428816
0.0009368084138259292
0.0009311832836829126
0.000925741158425808
0.0009204558446072042
0.0009190872660838068
0.0009129607933573425
0.00091151351807639
0.0009097997099161148
0.0009079299052245915
0.0009072266984730959
0.0009047290659509599
0.0009023954044096172
0.0009013033704832196
0.0009023075690492988
0.000902096158824861
0.0008948373142629862
0.0008980710990726948
0.0008960316190496087
0.0008951879572123289
0.0008925151196308434
0.0008914208156056702
0.0008883333066478372
0.0008853152394294739
0.0008853141916915774
0.0008847470162436366
0.0008836847264319658
0.0008907484589144588
0.0008890914614312351
0.0008831768645904958
0.0008794362656772137
0.0008781339856795967
0.0008747619576752186
0.0008719576289877295
0.0008696582517586648
0.0008659180020913482
0.0008647346985526383
0.0008625762420706451
0.0008622676250524819
0.000859105319250375
0.0008584586903452873
0.0008711640257388353
0.00090074073523283
0.0009024896426126361
0.000886775553226471
0.0008743686485104263
0.0008740918128751218
0.0008694540592841804
0.0008632475510239601
0.000858710496686399
0.0008565080934204161
0.0008528285543434322
0.000849007919896394
0.000850474345497787
0.0008440226665697992
0.0008403145475313067
0.0008384235552512109
0.0008344664238393307
0.0008386548142880201
0.0008346232352778316
0.0008321519708260894
0.0008291234262287617
0.0008880196837708354
0.0009655146859586239
0.0009332147892564535
0.0009001810685731471
0.0008623930625617504
0.0008464109268970788
0.0008388330461457372
0.0008279088069684803
0.0008233484695665538
0.0008178281132131815
0.0008131635840982199
0.00081108562881127
0.0008063264540396631
0.000804948213044554
0.0008017520303837955
0.000800710404291749
0.0007989914156496525
0.000796962296590209
0.0008010438759811223
0.0008056407677941024
0.0008006702992133796
0.000796804204583168
0.0007920428761281073
0.000791005149949342
0.0007841790211386979
0.0007838680176064372
0.0007812012918293476
