0.7117124199867249
0.5535470843315125
0.47451895475387573
0.4215147793292999
0.3853418529033661
0.35840821266174316
0.34357908368110657
0.3296544849872589
0.319001168012619
0.3089033365249634
0.299633651971817
0.29627135396003723
0.2872873842716217
0.2909577488899231
0.2821979820728302
0.2689706087112427
0.26625847816467285
0.26302894949913025
0.2531183660030365
0.24848531186580658
0.24360612034797668
0.24083034694194794
0.2397240400314331
0.2350950837135315
0.22862958908081055
0.2233869880437851
0.22492466866970062
0.21836258471012115
0.21325474977493286
0.2121707946062088
0.20158077776432037
0.19742844998836517
0.19335463643074036
0.18932636082172394
0.1911870241165161
0.1835440695285797
0.17999626696109772
0.17396870255470276
0.21388792991638184
0.22161129117012024
0.18254497647285461
0.2033640742301941
0.18595977127552032
0.1696208268404007
0.16082072257995605
0.15706507861614227
0.15343497693538666
0.14797118306159973
0.1460660845041275
0.14008232951164246
0.14894406497478485
0.14887270331382751
0.1345064491033554
0.1380949169397354
0.13295704126358032
0.1266532838344574
0.11995051801204681
0.11682462692260742
0.11364451050758362
0.11151149123907089
0.10868280380964279
0.10524316132068634
0.103261299431324
0.10263247787952423
0.09863609075546265
0.09509528428316116
0.09345021098852158
0.09142649173736572
0.08832087367773056
0.08680018037557602
0.08374147862195969
0.08351901173591614
0.07675903290510178
0.07528118044137955
0.07825976610183716
0.07436251640319824
0.06970075517892838
0.0642501711845398
0.06228533759713173
0.05984053760766983
0.0584636889398098
0.06366877257823944
0.059493258595466614
0.053822364658117294
0.051358118653297424
0.04981569945812225
0.04645885154604912
0.045272380113601685
0.044031571596860886
0.0707029476761818
0.06241632625460625
0.058477289974689484
0.05303166061639786
0.048087842762470245
0.04357481002807617
0.03849336504936218
0.036219436675310135
0.03404855355620384
0.03295666724443436
0.030581984668970108
0.028837233781814575
0.027574753388762474
0.026334892958402634
0.02858761139214039
0.030484138056635857
0.02543615736067295
0.023886417970061302
0.027103295549750328
0.027501696720719337
0.021245786920189857
0.0192961934953928
0.01785730943083763
0.01694864220917225
0.01603657938539982
0.015235192142426968
0.014844784513115883
0.01476923655718565
0.014498021453619003
0.01583910547196865
0.014172441326081753
0.01400613784790039
0.012950712814927101
0.013111294247210026
0.012751980684697628
0.01289368886500597
0.012096858583390713
0.01217727456241846
0.01179075799882412
0.011219085194170475
0.01117714587599039
0.010770700871944427
0.010620016604661942
0.010332154110074043
0.010765516199171543
0.010409790091216564
0.00992934126406908
0.009680108167231083
0.009344931691884995
0.009282756596803665
0.0345584899187088
0.014656102284789085
0.010544191114604473
0.010066558606922626
0.009029031731188297
0.008601862005889416
0.008283422328531742
0.008638489991426468
0.008451897650957108
0.00885814893990755
0.008066806010901928
0.0075437636114656925
0.008529002778232098
0.0077038658782839775
0.00704013230279088
0.00671924464404583
0.006664418615400791
0.006396368145942688
0.006261758040636778
0.00614113500341773
0.005925954319536686
0.0058479225262999535
0.00575642753392458
0.005574362352490425
0.005575318820774555
0.005411198362708092
0.005395661108195782
0.005341966170817614
0.006008499301970005
0.006043152417987585
0.00510678393766284
0.005901378113776445
0.006013064179569483
0.005271553061902523
0.00474130641669035
0.004543197341263294
0.004365947097539902
0.004288486670702696
0.004516754299402237
0.004303660709410906
0.004104312974959612
0.003932687919586897
0.0038354003336280584
0.003779222257435322
0.0036791330203413963
0.003818035591393709
0.003585059428587556
0.003534886986017227
0.0034205676056444645
0.0033026947639882565
0.00324701308272779
0.003186526708304882
0.0030964966863393784
0.003059323411434889
0.0029672300443053246
0.002924185711890459
0.0029617773834615946
0.002811070764437318
0.0027762867975980043
0.0027143717743456364
0.002639013808220625
0.0026436150074005127
0.002529523568227887
0.0025258916430175304
0.002472849562764168
0.002415840979665518
0.002364699263125658
0.0023285781498998404
0.0022850746754556894
0.0022350847721099854
0.0022396789863705635
0.0021607771050184965
0.002144590951502323
0.0021041673608124256
0.002068169182166457
0.0020497033838182688
0.002033641329035163
0.0020063803531229496
0.001989269396290183
0.0019790243823081255
0.001977077918127179
0.001961653819307685
0.0020046322606503963
0.0019768590573221445
0.001949906349182129
0.0019168963190168142
0.001890987390652299
0.001866599079221487
0.0018511774251237512
0.0018239411292597651
0.0018181388732045889
0.0018003142904490232
0.0017808378906920552
0.0017689234809949994
0.0017638327553868294
0.0017299505416303873
0.0017244130140170455
0.0017553666839376092
0.0017244634218513966
0.001714887679554522
0.0017030364833772182
0.0019269913900643587
0.0032061764504760504
0.0017343434737995267
0.0018329850863665342
0.0017137377290055156
0.0016233748756349087
0.0016055783489719033
0.0015852757496759295
0.001582864671945572
0.0018935793777927756
0.0018860931741073728
0.0015870186034590006
0.00155740010086447
0.001513238763436675
0.0014933717902749777
0.0014598421985283494
0.001459384337067604
0.001442817272618413
0.0014283716445788741
0.0014107625465840101
0.0014033144107088447
0.0013855361612513661
0.001376890460960567
0.0013637009542435408
0.0015952745452523232
0.0017981987912207842
0.0014699541497975588
0.0014220683369785547
0.0013485924573615193
0.0013149213045835495
0.001299475901760161
0.0012800071854144335
0.0012632241705432534
0.0012545251520350575
0.0012834555236622691
0.0012839925475418568
0.0012959595769643784
0.001247436972334981
0.0012228484265506268
0.001203913358040154
0.0011874288320541382
0.0011712134582921863
0.0011888309381902218
0.001180010847747326
0.00115831452421844
0.0011508377501741052
0.0011236097197979689
0.0011831322917714715
0.0011579025303944945
0.0011253505945205688
0.0011045698774978518
0.0010840237373486161
0.0010735875694081187
0.0010561853414401412
0.001047070138156414
0.0010381632018834352
0.001035600551404059
0.001026710495352745
0.0010165508138015866
0.0010045173112303019
0.000997775699943304
0.00098964455537498
0.001019413466565311
0.0010735092218965292
0.0011574436211958528
0.0017215400002896786
0.0010067501571029425
0.0010022684000432491
0.0009793798672035336
0.0009503528126515448
0.0009295622003264725
0.0009152608690783381
0.0009146373486146331
0.0009173949365504086
0.0009056961862370372
0.0008962717838585377
0.0008860358502715826
0.0008800287032499909
0.0008759570773690939
0.0008668741793371737
0.0008682777406647801
0.0008638923754915595
0.000955586030613631
0.000934604846406728
0.000897480989806354
0.0008738538599573076
0.0008570114732719958
0.0008510953630320728
0.0008534027729183435
0.000845312315504998
0.0008367775590158999
0.0008526243036612868
0.0009035483235493302
0.0008547527831979096
0.0008609223295934498
0.0008614247781224549
0.0008400054066441953
0.0008170396904461086
0.0008112549548968673
0.0008045461727306247
0.0007955115288496017
0.0007923403172753751
0.000786221818998456
0.0007807262591086328
0.0007782783941365778
0.0007706222240813076
0.0007684254669584334
0.0007660950068384409
0.0007609687163494527
0.0007537549245171249
0.0007493524462915957
0.0007466654642485082
0.0007435219013132155
0.0007396097062155604
0.0007357930298894644
0.0007388705853372812
0.0007345955236814916
0.0007283798768185079
0.0007235482335090637
0.0007240012055262923
0.0007186789880506694
0.000716129899956286
0.0007134806946851313
0.0007090411963872612
0.0007047573453746736
0.0007029104162938893
0.0007022510399110615
0.0006971492548473179
0.0006944455089978874
0.0006898283027112484
0.0006873278180137277
0.000684531289152801
0.0006821718998253345
0.0006785049918107688
0.0006802936550229788
0.0006811178172938526
0.0006763440906070173
0.0006710683810524642
0.0006674061296507716
0.0006625002715736628
0.0006599107873626053
0.0006566013908013701
0.0006555152940563858
0.0006529092788696289
0.0006542655755765736
0.0006599551416002214
0.0006468337960541248
0.0006440364522859454
0.000642140454147011
0.000636062293779105
0.0006382517167367041
0.0006393389194272459
0.0006313378689810634
0.00062133016763255
0.000620610429905355
0.0006177486502565444
0.0006255492335185409
0.0006194421439431608
0.0006126103107817471
0.000609569950029254
0.0006076009012758732
0.0006037895218469203
0.000602041429374367
0.0005962498835287988
0.0005972357466816902
0.0005915305810049176
0.0005887519218958914
0.000585524074267596
0.0005823959363624454
0.0005800849758088589
0.0005772753502242267
0.0005730180419050157
0.0005701918853446841
0.0005674850544892251
0.0005657164729200304
0.0005646080244332552
0.0005625072517432272
0.000561232678592205
0.0005605252226814628
0.000559500593226403
0.0005580241559073329
0.000580300169531256
0.0006395542877726257
0.0006409812485799193
0.0006065076449885964
0.0005906324367970228
0.0005776412435807288
0.0005688103847205639
0.0005644592456519604
0.0005614602705463767
0.0005568411434069276
0.0005754171870648861
0.0006133770802989602
0.0006032658275216818
0.0005826011765748262
0.0005568912602029741
0.0005518533871509135
0.0005470975302159786
0.0005472692428156734
0.0005453196354210377
0.0005398597568273544
0.0005400247173383832
0.0005393201718106866
0.0005362812080420554
0.000534410763066262
0.000530738034285605
0.0005291900597512722
0.0005290983826853335
0.0005257396842353046
0.0005241345497779548
0.000521912588737905
0.0005199146107770503
0.000519075314514339
0.0005172332166694105
0.0005148308700881898
0.0005129875498823822
0.0005117786349728703
0.0005106038297526538
0.0005081776762381196
0.000506521959323436
0.0005059961113147438
0.000505821721162647
0.0005048395250923932
0.0005029147723689675
0.0005007506115362048
0.0005002070101909339
0.0004993522306904197
0.0004992967587895691
0.000498328183311969
0.0004953687894158065
0.0004924599779769778
0.0004905334790237248
0.0004887552349828184
0.0004868321120738983
0.0004996254574507475
0.0005214778357185423
0.0005189288640394807
0.0005089353653602302
0.0005009638844057918
0.0004931021248921752
0.0004889093106612563
0.000484821037389338
0.00048269337275996804
0.0004787191573996097
0.00047737048589624465
0.00047446208191104233
0.00047388626262545586
0.0004723066813312471
0.0004692935908678919
0.0004670910129789263
0.0004653886426240206
0.0004667223838623613
0.0004692627117037773
0.00046862996532581747
0.00046414294047281146
0.00046160121564753354
0.00045975964167155325
0.0004569907032418996
0.00045502022840082645
0.0004531783051788807
0.00045110753853805363
0.000450698658823967
0.0004505747347138822
0.0004487311525736004
0.0004469211562536657
0.0004450664855539799
0.0004435056180227548
0.0004417083109728992
0.0004407379019539803
0.00044072812306694686
0.0004378812445793301
0.0004363690968602896
0.00043540881597436965
0.0004361424071248621
0.00043536824523471296
0.00043467950308695436
0.00043383179581724107
0.0004317590210121125
0.00043146172538399696
0.00043032519170083106
0.00043015042319893837
0.0004294302489142865
0.0004281811125110835
0.0004277651314623654
0.00042744356323964894
0.0004263059236109257
0.00042578703141771257
0.0004249642661307007
0.0004243520670570433
0.00042394574848003685
0.00042316308827139437
0.00042285077506676316
0.0004214855725876987
0.0004214117943774909
0.00041992386104539037
0.00041907126433216035
0.0004183601413387805
0.00041831101407296956
0.000417374016251415
0.00041619676630944014
0.0004169127205386758
0.000415280694141984
0.0004153448389843106
0.00041465647518634796
0.0004134628106839955
0.000413001689594239
0.0004322859749663621
0.0004538421635515988
0.00045872200280427933
0.00044698038254864514
0.00043858151184394956
0.00042823972762562335
0.00042222169577144086
0.0004189999890513718
0.00041443973896093667
0.0004123223770875484
0.0004111404123250395
0.00040854973485693336
0.00040701025864109397
0.00040552052087150514
0.0004043399530928582
0.00040490354876965284
0.00040497625013813376
0.0004022679931949824
0.000400407996494323
0.0003993154095951468
0.00040188408456742764
0.00040002205059863627
0.0004002097703050822
0.00039917867979966104
0.0003973953134845942
0.00039545277832075953
0.00039385727723129094
0.00039399912930093706
0.0003936348657589406
0.00039232152630575
0.0003908448852598667
0.000389434106182307
0.0003887864004354924
0.0003879947471432388
0.0003869833890348673
0.0003862028243020177
0.00038542665424756706
0.0003848647465929389
0.00038427990511991084
0.0003836616815533489
0.0003835391253232956
0.0003824785817414522
0.0003825739840976894
0.0003812598588410765
0.0003808854380622506
0.00037983563379384577
0.00037893946864642203
0.0003776559024117887
0.0003776808443944901
0.00037716396036557853
0.0003761890693567693
0.0003751529729925096
0.00037450555828399956
0.00037422464811243117
0.0003736144572030753
