0.6745656728744507
0.5729857087135315
0.5216450691223145
0.47359877824783325
0.431119441986084
0.40505659580230713
0.3785562217235565
0.361546128988266
0.3482269048690796
0.3383321464061737
0.32757845520973206
0.31981462240219116
0.3121870756149292
0.3098674416542053
0.3135278522968292
0.29944443702697754
0.29406967759132385
0.28457939624786377
0.27951130270957947
0.27451324462890625
0.27033933997154236
0.263763427734375
0.25706034898757935
0.25191012024879456
0.2476375550031662
0.24288828670978546
0.2421741485595703
0.23546648025512695
0.23476482927799225
0.22639042139053345
0.2219052016735077
0.2159297913312912
0.2130553126335144
0.20745345950126648
0.20819170773029327
0.20433376729488373
0.2337207943201065
0.22003035247325897
0.2065989375114441
0.19785794615745544
0.19004075229167938
0.18169152736663818
0.17474620044231415
0.17535772919654846
0.18040017783641815
0.16933737695217133
0.18341200053691864
0.16622012853622437
0.15484783053398132
0.15157146751880646
0.14656256139278412
0.14475493133068085
0.14095287024974823
0.1364482045173645
0.13198180496692657
0.12815923988819122
0.14032626152038574
0.13528625667095184
0.12903782725334167
0.14524675905704498
0.1533176153898239
0.13963015377521515
0.12367080897092819
0.11905971169471741
0.11134100705385208
0.10706782341003418
0.10513041913509369
0.11724608391523361
0.1120515763759613
0.102193184196949
0.09935783594846725
0.12187013030052185
0.11257842183113098
0.10003476589918137
0.09271569550037384
0.15428097546100616
0.15088218450546265
0.10939229279756546
0.09289708733558655
0.08535224944353104
0.08176129311323166
0.09102034568786621
0.08383408933877945
0.08297158777713776
0.09896531701087952
0.08890766650438309
0.07466798275709152
0.07111035287380219
0.06710752099752426
0.06420952826738358
0.06202000752091408
0.06104601174592972
0.060948874801397324
0.05939461663365364
0.05840340256690979
0.05494476109743118
0.05359704792499542
0.053427740931510925
0.052115775644779205
0.04989619180560112
0.04830790311098099
0.04871921241283417
0.04715724289417267
0.04890220984816551
0.0453895628452301
0.044985443353652954
0.042128074914216995
0.038389090448617935
0.04004662483930588
0.03646495193243027
0.034965530037879944
0.03348662331700325
0.05836571007966995
0.052908871322870255
0.0589442104101181
0.04503481462597847
0.038069307804107666
0.06582026928663254
0.04598935320973396
0.050814636051654816
0.04366009309887886
0.03384987637400627
0.03031788021326065
0.027503393590450287
0.027846770361065865
0.025844315066933632
0.022558419033885002
0.021943597123026848
0.02167937532067299
0.02055325359106064
0.019744018092751503
0.019195515662431717
0.018899638205766678
0.01842317171394825
0.018085576593875885
0.017312360927462578
0.01700076274573803
0.01653473637998104
0.016194207593798637
0.015780864283442497
0.015470461919903755
0.01523476280272007
0.014734727330505848
0.014543495140969753
0.014255296438932419
0.014477958902716637
0.014627116732299328
0.01387814898043871
0.014407088048756123
0.014417762868106365
0.013273785822093487
0.012710214592516422
0.012362614274024963
0.012046951800584793
0.01189461536705494
0.011542975902557373
0.01240084134042263
0.011619008146226406
0.011498600244522095
0.010948100127279758
0.010660913772881031
0.01172555424273014
0.010756098665297031
0.010353836230933666
0.010149355046451092
0.009845713153481483
0.010013862513005733
0.009558347053825855
0.00943740177899599
0.008901715278625488
0.008748986758291721
0.014783012680709362
0.0118497209623456
0.009952918626368046
0.008860246278345585
0.00813126191496849
0.008149069733917713
0.00818117056041956
0.00796746276319027
0.007618647068738937
0.0072916303761303425
0.007183823734521866
0.007019165437668562
0.006969076115638018
0.006794568616896868
0.006691331043839455
0.00659207021817565
0.006703364662826061
0.0064535075798630714
0.006278289016336203
0.008312132209539413
0.008845629170536995
0.007385959383100271
0.006770990323275328
0.0061200945638120174
0.006146237254142761
0.005944742355495691
0.005586092825978994
0.005461879074573517
0.005360899027436972
0.013065173290669918
0.008485163561999798
0.0062395487911999226
0.005436988081783056
0.0051413592882454395
0.004945181775838137
0.004788738675415516
0.004740613047033548
0.0046449643559753895
0.004581848159432411
0.004586371593177319
0.0044200425036251545
0.004361114930361509
0.004336842335760593
0.004226014018058777
0.004137007985264063
0.0041134292259812355
0.004011765122413635
0.004016057122498751
0.003928842023015022
0.0038714103866368532
0.0038443459197878838
0.0037667383439838886
0.0038414669688791037
0.004019272048026323
0.003750147530809045
0.0036331210285425186
0.0036080563440918922
0.003569984808564186
0.0035839867778122425
0.0035789175890386105
0.0034845436457544565
0.003412778489291668
0.0033800057135522366
0.00335249793715775
0.003338318318128586
0.0033101148437708616
0.0032820701599121094
0.003270251676440239
0.003320439485833049
0.0034148716367781162
0.003300456330180168
0.003235942916944623
0.003202306106686592
0.003151743207126856
0.003152316901832819
0.0031187382992357016
0.0031051516998559237
0.003068295307457447
0.0030360433738678694
0.0030049127526581287
0.00298121920786798
0.00295661436393857
0.00293648149818182
0.002980449702590704
0.002922018524259329
0.0029024023097008467
0.0028731890488415956
0.0028723878785967827
0.0028245444409549236
0.0028467827942222357
0.002783273346722126
0.0027658846229314804
0.0027555471751838923
0.0027183773927390575
0.0026994722429662943
0.0026847789995372295
0.0028699212707579136
0.0029892742168158293
0.0028874180279672146
0.0027706818655133247
0.0026717863511294127
0.002639091107994318
0.002606895286589861
0.002562453504651785
0.0025436505675315857
0.0025271631311625242
0.002536333166062832
0.002683616941794753
0.0025331072974950075
0.0024872354697436094
0.0024486216716468334
0.002414950868114829
0.0025461914483457804
0.0024775380734354258
0.002404398750513792
0.0023706145584583282
0.0023278305307030678
0.002362228464335203
0.002302720444276929
0.002268771408125758
0.0022361595183610916
0.0022163058165460825
0.002204685239121318
0.0022235619835555553
0.0022225668653845787
0.0021659191697835922
0.0021362293045967817
0.0021122826728969812
0.002168988110497594
0.002124515362083912
0.0021351852919906378
0.002082705032080412
0.002113992813974619
0.002110650297254324
0.0020255506969988346
0.002033973578363657
0.002017567865550518
0.002046761568635702
0.0020150914788246155
0.0019521737704053521
0.0019297103863209486
0.001907231518998742
0.001890149200335145
0.0018752196338027716
0.0021550841629505157
0.002344289096072316
0.0020518905948847532
0.0019817082211375237
0.0019261408597230911
0.0018631094135344028
0.0018394752405583858
0.0018395603401586413
0.001806783489882946
0.0017948340391740203
0.0017730534309521317
0.0017643237952142954
0.0017392289591953158
0.001723404391668737
0.0017342324135825038
0.0017336155287921429
0.001720382017083466
0.001772479503415525
0.001773781725205481
0.001719860127195716
0.001693999976851046
0.0017022015526890755
0.0016993028111755848
0.0016725406749173999
0.0016550831496715546
0.0016702590510249138
0.001662484952248633
0.0016530584543943405
0.0016356977866962552
0.0016343125607818365
0.001614788779988885
0.0015998641029000282
0.0015853113727644086
0.0015783209819346666
0.0015735357301309705
0.0015629539266228676
0.001556859235279262
0.0015466352924704552
0.0015392102068290114
0.0015328344888985157
0.0015569906681776047
0.0015587584348395467
0.0015403407160192728
0.001526390202343464
0.0015149577520787716
0.001504161162301898
0.0014935624785721302
0.0014888099394738674
0.0014802925288677216
0.0015472420491278172
0.0016043323557823896
0.001540645374916494
0.0014994714874774218
0.00148172362241894
0.0014654144179075956
0.001449677860364318
0.0014441868988797069
0.0014381607761606574
0.001426450558938086
0.0014182183658704162
0.0014124836307018995
0.0014072124613448977
0.001397857442498207
0.0013927476247772574
0.0014131150674074888
0.0014140873681753874
0.0013925418024882674
0.001375651336275041
0.001368338125757873
0.0013735718093812466
0.001362253911793232
0.0013487919932231307
0.0013462695060297847
0.0013341584708541632
0.0013280605198815465
0.0013247639872133732
0.0013205149443820119
0.0013136030174791813
0.0013130188453942537
0.001317112473770976
0.0012994497083127499
0.0012970431707799435
0.001292447093874216
0.001282559591345489
0.0012752818875014782
0.001270801993086934
0.0012697528582066298
0.0012656212784349918
0.0012603551149368286
0.001260160468518734
0.0012520583113655448
0.0012425701133906841
0.0012400646228343248
0.001245269668288529
0.0012311770115047693
0.0012410134077072144
0.0012215030146762729
0.0012144268257543445
0.0012082074536010623
0.001197582925669849
0.0011909478344023228
0.001192829106003046
0.0012154655996710062
0.0012369739124551415
0.0012198828626424074
0.0011965263402089477
0.001185223343782127
0.001218623947352171
0.0012209605192765594
0.0011834821198135614
0.0011577722616493702
0.0011551212519407272
0.0011459345696493983
0.0011427386198192835
0.0011370745487511158
0.0011331724235787988
0.0011305343359708786
0.001126506133005023
0.0011257209116593003
0.0011209666263312101
0.0011164736934006214
0.001113226287998259
0.001115221413783729
0.0011103746946901083
0.0011039194650948048
0.0011023900005966425
0.0010982422390952706
0.001095265499316156
0.0010921091306954622
0.001088862307369709
0.001086604781448841
0.0010924255475401878
0.0011104459408670664
0.0011003477266058326
0.001090739038772881
0.0010829414241015911
0.001076766406185925
0.001071605016477406
0.0010707428446039557
0.001081094960682094
0.0010792651446536183
0.0010732621885836124
0.0010636853985488415
0.0010585504351183772
0.0010542930103838444
0.0010505890240892768
0.0010492020519450307
0.001045410055667162
0.0010582866379991174
0.0010757179697975516
0.0010575640480965376
0.0010424042120575905
0.001035064342431724
0.0010323533788323402
0.001029055449180305
0.0010224407305940986
0.0010190221946686506
0.0010160859674215317
0.0010134386830031872
0.0010106104891747236
0.0010099217761307955
0.0010107239941135049
0.0010069338604807854
0.0010024303337559104
0.0010047168470919132
0.001043235999532044
0.0010230415500700474
0.0010034603765234351
0.0009940429590642452
0.0009928586659952998
0.0009875359246507287
0.0009840746643021703
0.0009899409487843513
0.0009883625898510218
0.000988286454230547
0.0009870438370853662
0.0010307366028428078
0.000989041174761951
0.000986385392025113
0.0009890383807942271
0.0009773782221600413
0.0009728807490319014
0.0009650056017562747
0.000958423363044858
0.0009530306560918689
0.0009470065124332905
0.0009568854584358633
0.0009495039121247828
0.0009435858810320497
0.0009366917074657977
0.0009322153637185693
0.0009422263246960938
0.0009375751251354814
0.0009304118575528264
0.0009226963156834245
0.0009196897153742611
0.0009184086811728776
0.0009150538244284689
0.0009113670093938708
0.0009082870674319565
0.0009044722537510097
0.0009023553575389087
0.0009008496417663991
0.0008958022808656096
0.0008924177382141352
0.0008906229049898684
0.000888579641468823
0.0008847335702739656
0.0008832696476019919
0.0008846967830322683
0.0008773946901783347
0.0008761537610553205
0.0008748250547796488
0.0008739629411138594
0.0008714375435374677
0.0008701524930074811
0.0008690163376741111
0.0008688182570040226
0.0008662684704177082
0.0008653068216517568
0.0008638118742965162
0.0008655760320834816
0.0008657930884510279
0.0008625435293652117
0.000862666463945061
0.0009233224554918706
0.0009372957865707576
0.0009201429784297943
0.0008933021454140544
0.0008724815561436117
0.0008641225285828114
0.0008588581695221364
0.0008573120576329529
0.0008545126765966415
0.0008512443164363503
0.0008496394148096442
0.0008469977765344083
0.0008450812310911715
0.0008442261023446918
0.0008418156066909432
0.0008427506545558572
0.0008421876118518412
0.0008492963970638812
0.0008541554561816156
0.0008520394912920892
0.0008459851378574967
0.0008387568523176014
0.0008376218611374497
0.0008372531738132238
0.0008341128122992814
0.000830027915071696
0.000827134121209383
0.000825167284347117
0.0008232539403252304
0.0008202578756026924
0.0008220082381740212
0.0008163742604665458
0.0008145953179337084
0.0008129409980028868
0.0008115070522762835
0.0008099557016976178
0.0008082619169726968
0.0008062541019171476
0.0008048143936321139
0.0008035018108785152
0.0008022011024877429
0.0008007902652025223
0.0007990883896127343
0.0007976019405759871
0.000796465843450278
0.0007950653089210391
0.0007943125674501061
0.0007925498066470027
0.0007928324630483985
0.0007897171890363097
0.0007884015212766826
0.0007872269488871098
0.0007853201823309064
0.0007841997430659831
0.0007836498552933335
0.0007817316218279302
0.0007822195184417069
0.0007792100077494979
0.0007783904438838363
0.000776014756411314
0.0007744596805423498
