0.5584037899971008
0.4074932932853699
0.3606589436531067
0.335060715675354
0.31306979060173035
0.2991746962070465
0.2847215533256531
0.2768824100494385
0.26339253783226013
0.2566090226173401
0.2575960159301758
0.24443493783473969
0.23018813133239746
0.21519018709659576
0.20693255960941315
0.19462640583515167
0.18858136236667633
0.18209326267242432
0.19021689891815186
0.1750880777835846
0.15968239307403564
0.15194401144981384
0.14812499284744263
0.18762236833572388
0.1639188677072525
0.159226194024086
0.15051980316638947
0.12970943748950958
0.13264800608158112
0.11787503957748413
0.11235623806715012
0.1047612875699997
0.10540053993463516
0.09608782082796097
0.08188147842884064
0.08330937474966049
0.0820336639881134
0.08308538794517517
0.07383714616298676
0.06936711817979813
0.06821389496326447
0.06724989414215088
0.060664452612400055
0.058317236602306366
0.047124121338129044
0.04855841398239136
0.04132610559463501
0.0362243615090847
0.03090733289718628
0.050252627581357956
0.03985567018389702
0.02977358177304268
0.026046643033623695
0.021610280498862267
0.019428139552474022
0.019131552428007126
0.016611546277999878
0.015562553890049458
0.014764443971216679
0.013331505469977856
0.011859091930091381
0.011127259582281113
0.009930949658155441
0.009269855916500092
0.008517289534211159
0.008022104389965534
0.007478191051632166
0.007077923975884914
0.006784825120121241
0.0072822957299649715
0.006975316442549229
0.005742692854255438
0.005275405012071133
0.005145392846316099
0.004699989687651396
0.004547433461993933
0.00424573477357626
0.004607299342751503
0.009560410864651203
0.011782736517488956
0.012726344168186188
0.01973588578402996
0.029848594218492508
0.01759526878595352
0.011653014458715916
0.0058133965358138084
0.005991049110889435
0.00425189221277833
0.0038763615302741528
0.002882278524339199
0.002559340326115489
0.0022925585508346558
0.0021938271820545197
0.0020419990178197622
0.0019248923053964972
0.0018190706614404917
0.001747455564327538
0.001690743723884225
0.002539359964430332
0.0018665797542780638
0.0019128185231238604
0.0015900622820481658
0.0014817729825153947
0.0014008175348863006
0.0013285758905112743
0.0012477466370910406
0.0012086289934813976
0.0011743566719815135
0.0011873339535668492
0.0011477094376459718
0.001093262224458158
0.0010656599188223481
0.0010432094568386674
0.0010265629971399903
0.0010064438683912158
0.0009940641466528177
0.0009770431788638234
0.0009692949242889881
0.0009477274143137038
0.0009359063697047532
0.0009234853205271065
0.0009061778546310961
0.0008950121118687093
0.0008807338308542967
0.0008678797166794538
0.0008607979980297387
0.000849562173243612
0.0008305582450702786
0.0008295206935144961
0.0008125773747451603
0.0008044030400924385
0.0007946338737383485
0.0007775885169394314
0.0007654976798221469
0.0007603536359965801
0.000755318149458617
0.0007415973232127726
0.0007278826087713242
0.0007226068410091102
0.0007279012934304774
0.0007325390470214188
0.0007212213822640479
0.0007006185478530824
0.0006823425064794719
0.0006691158632747829
0.000656025717034936
0.0006466999184340239
0.0006454720860347152
0.000651574635412544
0.0006324631394818425
0.0006192662403918803
0.0006073663826100528
0.0005971011705696583
0.0005921119591221213
0.0005828608409501612
0.0005742449429817498
0.0005683397757820785
0.0005628624930977821
0.0005566431791521609
0.0005472232587635517
0.0005455075297504663
0.0005428841686807573
0.0005323368241079152
0.0005266859079711139
0.000522089481819421
0.0005117114633321762
0.0005038412055000663
0.0005135647370480001
0.0005142912268638611
0.0004973110626451671
0.0004812718543689698
0.00047591960174031556
0.000466204306576401
0.0004607293813023716
0.00048125407192856073
0.0005030399770475924
0.0004733309615403414
0.00046021220623515546
0.0004484910750761628
0.00043303921120241284
0.0004260021960362792
0.00042038087849505246
0.00042315616155974567
0.0004246406606398523
0.000408977793995291
0.0004036055179312825
0.00039645913057029247
0.0003900208103004843
0.000382631435059011
0.0003913421824108809
0.0003841788275167346
0.000375022558728233
0.00048249668907374144
0.0004506437398958951
0.00040235318010672927
0.0003707745927385986
0.00035593463690020144
0.00035521778045222163
0.0003478816361166537
0.00034251163015142083
0.0003286654537077993
0.0003233581082895398
0.0003190536517649889
0.0003186417161487043
0.00031363280140794814
0.00030839323881082237
0.00030912194051779807
0.000308333634166047
0.00030334320035763085
0.00030086521292105317
0.0003016545670107007
0.00030103951576165855
0.00029547931626439095
0.0002923552237916738
0.00028906448278576136
0.0002870924072340131
0.000285208981949836
0.00028408371144905686
0.00028207633295096457
0.00028041371842846274
0.0002779046189971268
0.00027691511786542833
0.00033748080022633076
0.0004143179685343057
0.0003445172915235162
0.00029750363319180906
0.0002853881742339581
0.00027950730873271823
0.0002751456922851503
0.0002713309368118644
0.000267579045612365
0.00026485821581445634
0.0002617969294078648
0.0002623344480525702
0.0002595051482785493
0.00025646647554822266
0.0002546604664530605
0.00025322940200567245
0.00025044960784725845
0.0002487306483089924
0.0002468224265612662
0.000245075614657253
0.0002434522903058678
0.00024207412207033485
0.00024040619609877467
0.00023897310893516988
0.00023740030883345753
0.00023516594956163317
0.00023370013514067978
0.00023261879687197506
0.0002325866516912356
0.00023022419190965593
0.00022840258316136897
0.00022659453679807484
0.00022497137251775712
0.00022324780002236366
0.00022974153398536146
0.0002310941054020077
0.00022507536050397903
0.00022168344003148377
0.0002192959509557113
0.00021790963364765048
0.0002159727009711787
0.00021364491840358824
0.00021225794625934213
0.00021024851594120264
0.00021198217291384935
0.00021611896227113903
0.000212944156373851
0.00020827798289246857
0.0002052464842563495
0.00020449011935852468
0.00020249097724445164
0.0002007244183914736
0.00019831248209811747
0.0001987704890780151
0.00019737851107493043
0.0001957249187398702
0.00019376353884581476
0.00019299732230138034
0.00019213525229133666
0.00019102948135696352
0.00018930385704152286
0.00018787788576446474
0.00018731728778220713
0.00018620910122990608
0.00018522610480431467
0.00018518033903092146
0.0001827266823966056
0.00018165571964345872
0.00018091774836648256
0.000181117226020433
0.00018060220463667065
0.00017805761308409274
0.00017639189900364727
0.00017522774578537792
0.00017464107077103108
0.0001772291725501418
0.0001746704219840467
0.00017277483129873872
0.0001721142907626927
0.0001702076697256416
0.0001722560846246779
0.00018551845278125256
0.00019123281526844949
0.0001767223293427378
0.00016965319809969515
0.00016655190847814083
0.0001634001382626593
0.00016257280367426574
0.0001616340159671381
0.00016090658027678728
0.00016019032045733184
0.0001594854547875002
0.00015907088527455926
0.00015837042883504182
0.00015760460519231856
0.00015714354231022298
0.00015657256881240755
0.00015582541527692229
0.00015528828953392804
0.00015585981600452214
0.00015646571409888566
0.00015574542339891195
0.00015439231356140226
0.00015344643907155842
0.00015290288138203323
0.00015383242862299085
0.00015523990441579372
0.00015419209375977516
0.00015211760182864964
0.0001503888051956892
0.00014941536937840283
0.00014865631237626076
0.00014776566240470856
0.00014730678230989724
0.00014664184709545225
0.00014586589531973004
0.00014527063467539847
0.00014793452282901853
0.00014673361147288233
0.00014604056195821613
0.00014450897288043052
0.00014360572095029056
0.00014439875667449087
0.00014307470701169223
0.00014186519547365606
0.00014126836322247982
0.0001405516086379066
0.00014000349619891495
0.00013937889889348298
0.0001387736847391352
0.00013829543604515493
0.00013740842405240983
0.0001379200693918392
0.00013747886987403035
0.00013700728595722467
0.0001365466887364164
0.00013599581143353134
0.00013534551544580609
0.0001348515652352944
0.0001338808360742405
0.00013334698451217264
0.00013288053742144257
0.00013230038166511804
0.00013182847760617733
0.00013127250713296235
0.000130847271066159
0.00013158636284060776
0.00013090202992316335
0.00012998099555261433
0.00012928542855661362
0.0001286344777327031
0.00012801460979972035
0.00012747157597914338
0.00012691592564806342
0.00012636232713703066
0.000125853403005749
0.00012542669719550759
0.00012488204811234027
0.0001246090978384018
0.00012416114623192698
0.0001235458767041564
0.00012312638864386827
0.00012266759586054832
0.0001224794250447303
0.00012181038619019091
0.00012120282917749137
0.00012155211152276024
0.00012263830285519361
0.00012150728434789926
0.00012034008250338957
0.00011974437074968591
0.00011893208284163848
0.00011819638166343793
0.00011789863492595032
0.00011717480811057612
0.00011675652785925195
0.00011623285536188632
0.00011577482655411586
0.00011546850873855874
0.00011512245691847056
0.00011460703535703942
0.0001143214394687675
0.0001136733335442841
0.00011301138147246093
0.00011251094110775739
0.0001120081651606597
0.00011148707562824711
0.00011125774472020566
0.00011103615543106571
0.00011091228225268424
0.00011084513243986294
0.00011079879914177582
0.0001105748669942841
0.00011019765952369198
0.00010991015005856752
0.00010946560360025615
0.00010922910587396473
0.00010893195576500148
0.00010874652798520401
0.000108589134470094
0.00010834973363671452
0.00010807890794239938
0.00010779452713904902
0.00010788180952658877
0.00010876335727516562
0.00010828553058672696
0.00010772533278213814
0.00010732397640822455
0.00010664938599802554
0.00010638370440574363
0.00010615948121994734
0.00010575074702501297
0.00010550857405178249
0.00010531202133279294
0.00010534545435803011
0.00010535676847212017
0.00010455541632836685
0.00010425849177408963
0.00010396054858574644
0.00010373298573540524
0.00010343539179302752
0.00010322986054234207
0.00010310386278433725
0.00010276745888404548
0.00010249473416479304
0.00010242730058962479
0.00010206298611592501
0.0001018501934595406
0.00010175377246923745
0.00010142030077986419
0.00010128914436791092
0.00010100092913489789
0.00010061322245746851
0.00010030503472080454
9.999200119636953e-05
9.968991798814386e-05
9.946965292328969e-05
9.932230022968724e-05
9.905271872412413e-05
9.886072075460106e-05
9.865896572591737e-05
9.838466212386265e-05
9.808530012378469e-05
9.782844426808879e-05
9.768715972313657e-05
9.745587158249691e-05
9.719027002574876e-05
9.690130536910146e-05
9.664204117143527e-05
9.640725329518318e-05
9.613302972866222e-05
9.589546971255913e-05
9.575071453582495e-05
9.564129868522286e-05
9.525282075628638e-05
9.486491035204381e-05
9.465464972890913e-05
9.420749120181426e-05
9.408260666532442e-05
9.380857954965904e-05
9.372615022584796e-05
9.348594176117331e-05
9.334726200904697e-05
9.298781515099108e-05
9.272577153751627e-05
9.25701460801065e-05
9.21960745472461e-05
9.218103514285758e-05
9.21074315556325e-05
9.121583570959046e-05
9.136318840319291e-05
9.12294490262866e-05
9.075582056539133e-05
9.0408357209526e-05
9.00632658158429e-05
8.988573972601444e-05
8.970867929747328e-05
8.926037844503298e-05
8.909143070923164e-05
8.880184759618714e-05
8.876885840436444e-05
8.850873564369977e-05
8.820024959277362e-05
8.815033652354032e-05
8.848365541780367e-05
8.792166045168415e-05
8.755727321840823e-05
8.736077870707959e-05
8.712495036888868e-05
8.689048991072923e-05
8.673451520735398e-05
8.655937563162297e-05
8.633915422251448e-05
8.672382682561874e-05
8.665687346365303e-05
8.644649642519653e-05
8.625008194940165e-05
8.599882858106866e-05
8.579152199672535e-05
8.56447804835625e-05
8.54310710565187e-05
8.526982855983078e-05
8.50810538395308e-05
8.497282397001982e-05
8.483655983582139e-05
8.468444138998166e-05
8.485899161314592e-05
8.46248003654182e-05
8.442821854259819e-05
8.424679253948852e-05
8.40627690195106e-05
8.391216397285461e-05
8.37449697428383e-05
8.364762470591813e-05
8.346239337697625e-05
8.339872147189453e-05
8.332269499078393e-05
8.314491424243897e-05
8.314422302646562e-05
8.295278530567884e-05
8.267342491308227e-05
8.247627556556836e-05
8.233760308939964e-05
8.215105481212959e-05
8.205943595385179e-05
8.189288200810552e-05
8.187467028619722e-05
8.234360575443134e-05
8.217315189540386e-05
8.187934145098552e-05
8.170098590198904e-05
8.152868394972757e-05
8.115816308418289e-05
8.093795622698963e-05
8.076453377725556e-05
8.052911289269105e-05
8.038799569476396e-05
8.058999810600653e-05
8.049728785408661e-05
8.021859684959054e-05
7.999272929737344e-05
7.985224510775879e-05
7.954576722113416e-05
7.937156624393538e-05
7.932042353786528e-05
7.90954363765195e-05
7.888695108704269e-05
7.868317334214225e-05
7.849310350138694e-05
7.82241186243482e-05
7.854758587200195e-05
7.845614163670689e-05
7.815052958903834e-05
7.8208526247181e-05
7.816260767867789e-05
7.795386773068458e-05
7.769696094328538e-05
7.743992318864912e-05
7.731290679657832e-05
7.699133129790425e-05
7.678604015382007e-05
7.665927842026576e-05
7.661087875021622e-05
7.642221316928044e-05
7.622655539307743e-05
7.612139597767964e-05
7.58597016101703e-05
7.572081085527316e-05
7.548568828497082e-05
7.53161875763908e-05
7.512178126489744e-05
7.513452146667987e-05
7.500574429286644e-05
7.509593706345186e-05
7.476052269339561e-05
7.457021274603903e-05
7.43253986001946e-05
7.411095430143178e-05
7.389813254121691e-05
