0.6229317784309387
0.48425570130348206
0.4375709295272827
0.41098299622535706
0.39210599660873413
0.3768453598022461
0.363901287317276
0.35490670800209045
0.34947469830513
0.3416822552680969
0.33451130986213684
0.32756686210632324
0.3219393491744995
0.31661489605903625
0.31600114703178406
0.31099796295166016
0.3053056597709656
0.3022425174713135
0.29945653676986694
0.29544827342033386
0.29621636867523193
0.29446688294410706
0.2912366986274719
0.28702855110168457
0.2842904031276703
0.2805280387401581
0.27790015935897827
0.27657580375671387
0.27403512597084045
0.2712538540363312
0.27045825123786926
0.26819226145744324
0.26588165760040283
0.2682494819164276
0.26465892791748047
0.2703407406806946
0.2614787518978119
0.2572743892669678
0.2557785212993622
0.2538212835788727
0.2538715898990631
0.2507869005203247
0.24669989943504333
0.2481960654258728
0.2455684393644333
0.2441113144159317
0.241682767868042
0.23952160775661469
0.23630951344966888
0.2338593453168869
0.23300518095493317
0.23288406431674957
0.23193390667438507
0.22838939726352692
0.22643648087978363
0.23025548458099365
0.23473593592643738
0.22576956450939178
0.22338496148586273
0.2198692411184311
0.21885453164577484
0.2165878415107727
0.21469007432460785
0.21278713643550873
0.2116497904062271
0.20904557406902313
0.20965902507305145
0.2095562219619751
0.20915669202804565
0.21152983605861664
0.21340130269527435
0.2158326506614685
0.2028805911540985
0.20047804713249207
0.2084854692220688
0.20911738276481628
0.1999170482158661
0.1964694708585739
0.19358858466148376
0.19173063337802887
0.19381453096866608
0.19117696583271027
0.18702611327171326
0.1860509067773819
0.19024468958377838
0.1864754557609558
0.18433715403079987
0.17932848632335663
0.1775055229663849
0.17683382332324982
0.17630529403686523
0.1736999750137329
0.17251837253570557
0.1716783344745636
0.1697622686624527
0.16899116337299347
0.1709318608045578
0.1685706228017807
0.1660601943731308
0.1651478409767151
0.1640845686197281
0.1621694266796112
0.1630374640226364
0.1600991040468216
0.16063754260540009
0.1586100310087204
0.16290605068206787
0.1574496179819107
0.15401622653007507
0.1828167736530304
0.18034182488918304
0.16021642088890076
0.15934191644191742
0.15364427864551544
0.14972619712352753
0.1471962332725525
0.1462119221687317
0.1462448090314865
0.14393863081932068
0.1427433341741562
0.14305201172828674
0.1391405165195465
0.14471520483493805
0.14675526320934296
0.14704668521881104
0.1407351791858673
0.14306797087192535
0.13734635710716248
0.14102935791015625
0.14105084538459778
0.13767321407794952
0.13327911496162415
0.13101419806480408
0.12848296761512756
0.12781545519828796
0.12768486142158508
0.12680131196975708
0.12591195106506348
0.1251942366361618
0.12461227923631668
0.12379366159439087
0.12300293892621994
0.1225225180387497
0.12193667888641357
0.12182820588350296
0.1212405264377594
0.12038277834653854
0.11982447654008865
0.12123090028762817
0.12105776369571686
0.11968684196472168
0.11828237771987915
0.11861231923103333
0.1183222085237503
0.11728116869926453
0.1169249415397644
0.11610560119152069
0.11497314274311066
0.1146993339061737
0.11401594430208206
0.11667399853467941
0.1190178319811821
0.11668749153614044
0.11401277035474777
0.11342623084783554
0.11236967891454697
0.1132439374923706
0.11301030963659286
0.11142904311418533
0.10972575843334198
0.11095955967903137
0.11428412050008774
0.11152219772338867
0.10940922796726227
0.10877247899770737
0.1078280508518219
0.10751508921384811
0.10796617716550827
0.10905210673809052
0.11075694113969803
0.11084827035665512
0.11085134744644165
0.10946826636791229
0.1052141785621643
0.10348093509674072
0.10259634256362915
0.10193046927452087
0.10123760998249054
0.10101454704999924
0.10110928863286972
0.10211583226919174
0.10405661165714264
0.10140200704336166
0.10252264142036438
0.10331709682941437
0.10014455020427704
0.09959004074335098
0.09935512393712997
0.1058003231883049
0.10123194009065628
0.09908369928598404
0.10587377101182938
0.10310903191566467
0.10029542446136475
0.09947288036346436
0.09760703146457672
0.09694533795118332
0.09566572308540344
0.09428616613149643
0.0943232923746109
0.09287746250629425
0.09263060986995697
0.09312193840742111
0.09265109896659851
0.09444770216941833
0.0915907695889473
0.09096115082502365
0.08974628150463104
0.08936899900436401
0.0885433778166771
0.08838753402233124
0.08905549347400665
0.08939648419618607
0.08893940597772598
0.08753124624490738
0.08708704262971878
0.08623956143856049
0.08740488439798355
0.09070339798927307
0.09135756641626358
0.08735852688550949
0.08596630394458771
0.08601783961057663
0.08501843363046646
0.08531012386083603
0.08571416139602661
0.08596497774124146
0.08537039160728455
0.08451329916715622
0.08429639041423798
0.08338148891925812
0.08309703320264816
0.08289431035518646
0.08242445439100266
0.08208785206079483
0.08385314047336578
0.08403883129358292
0.0825543999671936
0.08228156715631485
0.08190548419952393
0.08246370404958725
0.08234008401632309
0.08174140751361847
0.08098720759153366
0.08069878816604614
0.08080656826496124
0.08036120235919952
0.07980826497077942
0.07961434870958328
0.07945191860198975
0.07961715012788773
0.07925549149513245
0.07890534400939941
0.07932711392641068
0.07885544002056122
0.07817784696817398
0.07802411913871765
0.07764068245887756
0.07749814540147781
0.07732918113470078
0.07718470692634583
0.07686073333024979
0.07674787938594818
0.0769747793674469
0.07732396572828293
0.0767940953373909
0.07647284120321274
0.07620584219694138
0.07586397230625153
0.07588034868240356
0.07571426033973694
0.07543318718671799
0.07570881396532059
0.07547497749328613
0.07504741847515106
0.07471514493227005
0.07456016540527344
0.07431519776582718
0.0738658756017685
0.0744553729891777
0.07429294288158417
0.07420669496059418
0.07382463663816452
0.07348889857530594
0.0733407735824585
0.07315544039011002
0.07308286428451538
0.07277864962816238
0.07240176200866699
0.07219676673412323
0.07208913564682007
0.07185817509889603
0.07160862535238266
0.07148623466491699
0.07253442704677582
0.07260209321975708
0.07202012091875076
0.07137885689735413
0.0711241364479065
0.07090496271848679
0.07078137248754501
0.07056229561567307
0.07046037167310715
0.07041176408529282
0.07049047946929932
0.07011300325393677
0.06983135640621185
0.069678895175457
0.070201575756073
0.0697750523686409
0.06913137435913086
0.06903097033500671
0.06859524548053741
0.06827983260154724
0.06841195374727249
0.06811918318271637
0.06787669658660889
0.06779883801937103
0.06776074320077896
0.06722109019756317
0.06705684214830399
0.06701186299324036
0.06709233671426773
0.06674008071422577
0.06666550785303116
0.0666034072637558
0.06646650284528732
0.06636165082454681
0.06612139195203781
0.06612639129161835
0.06596804410219193
0.06585726886987686
0.06567563116550446
0.0657416582107544
0.06563236564397812
0.0655304417014122
0.0654151439666748
0.06536147743463516
0.06521671265363693
0.06514175236225128
0.06522416323423386
0.06523741036653519
0.06507834047079086
0.06496255844831467
0.06493496149778366
0.06490206718444824
0.06496397405862808
0.06520505249500275
0.06522857397794724
0.06480143219232559
0.06443227082490921
0.06429343670606613
0.06428428739309311
0.06405084580183029
0.06420303881168365
0.06449463218450546
0.06439381092786789
0.06401597708463669
0.06379300355911255
0.06356313079595566
0.06338529288768768
0.06347565352916718
0.06331103295087814
0.06317730247974396
0.063021719455719
0.06291027367115021
0.06281798332929611
0.06275257468223572
0.06264224648475647
0.06262639164924622
0.06263138353824615
0.06293698400259018
0.06323430687189102
0.06293143332004547
0.06277860701084137
0.06301047652959824
0.06282929331064224
0.06257670372724533
0.06220454350113869
0.062153689563274384
0.062156111001968384
0.062246713787317276
0.0620235800743103
0.06198027357459068
0.06182113289833069
0.061588309705257416
0.06142061948776245
0.061328526586294174
0.06109876558184624
0.06115792691707611
0.06139273941516876
0.06136072427034378
0.06104833632707596
0.06075796112418175
0.060680460184812546
0.06065245717763901
0.06062882021069527
0.060643311589956284
0.060896389186382294
0.060635313391685486
0.06036972254514694
0.06031785160303116
0.06019298732280731
0.060106758028268814
0.05995049700140953
0.05975623428821564
0.059535231441259384
0.059726472944021225
0.059785760939121246
0.06015403941273689
0.05985788255929947
0.059536729007959366
0.05962112918496132
0.05951864644885063
0.05919148027896881
0.05884426459670067
0.0588873028755188
0.05884202569723129
0.05861830711364746
0.05869681388139725
0.058703355491161346
0.05847037956118584
0.058395493775606155
0.05815069377422333
0.05810229107737541
0.05810980498790741
0.05805303156375885
0.05797024443745613
0.057915713638067245
0.05793225020170212
0.0578714944422245
0.057801712304353714
0.05776936560869217
0.05768265947699547
0.05763686075806618
0.05767091363668442
0.05750313401222229
0.05751604586839676
0.05751033499836922
0.057422660291194916
0.05757980793714523
0.05753199756145477
0.05745278671383858
0.05729357525706291
0.057262759655714035
0.057141877710819244
0.05708383023738861
0.05705651640892029
0.0570356547832489
0.05701150745153427
0.05686984583735466
0.05689837411046028
0.05688207969069481
0.05712110921740532
0.05732281878590584
0.05719134211540222
0.057039108127355576
0.05694374069571495
0.056763045489788055
0.05669690668582916
0.056607212871313095
0.056584395468235016
0.056612126529216766
0.056500717997550964
0.056531988084316254
0.0564715713262558
0.05640942603349686
0.05641498789191246
0.05637715011835098
0.0562715157866478
0.056206196546554565
0.05614347755908966
0.0561048723757267
0.05604114755988121
0.05600065737962723
0.055958423763513565
0.05594722926616669
0.055914465337991714
0.056038349866867065
0.05596008896827698
0.055928174406290054
0.0559096485376358
0.05582490190863609
0.05566216632723808
0.05562954768538475
0.055589303374290466
0.055511292070150375
0.05549271032214165
0.05536717548966408
0.05527564510703087
0.055439673364162445
0.05534185841679573
0.05540623888373375
0.055220827460289
0.05516272783279419
0.05516515299677849
0.055232562124729156
0.0552268885076046
0.055167824029922485
0.0550827831029892
0.05500970035791397
0.054965343326330185
0.054791275411844254
0.054829392582178116
0.05475945025682449
0.05471612140536308
0.05484502390027046
0.05479530990123749
0.05474308133125305
0.054650209844112396
0.05465834215283394
0.054545916616916656
0.054512105882167816
0.05444509908556938
0.05439095199108124
0.05436054617166519
0.05440140515565872
0.05449718236923218
0.054503683000802994
0.05446688458323479
0.05431240424513817
0.054198041558265686
0.05413184314966202
0.054034050554037094
0.05399492010474205
0.05397435277700424
0.053957462310791016
0.05394162982702255
0.05389029532670975
0.053872205317020416
0.053850263357162476
0.053823549300432205
0.05381373316049576
0.05377424880862236
0.05376468971371651
0.05375583469867706
0.053846001625061035
0.05373000353574753
0.05366409197449684
0.05368361249566078
0.05363626405596733
0.053606342524290085
0.053587906062603
0.05357334762811661
0.05353158712387085
0.05352229252457619
0.05348924547433853
0.05347398668527603
0.05344555899500847
0.05341223254799843
0.053403083235025406
0.05340295284986496
0.053411830216646194
0.05333273485302925
0.053399909287691116
0.05335655063390732
0.0533471517264843
0.05330163612961769
0.053260594606399536
0.053236205130815506
0.053223367780447006
0.05319470539689064
0.053149376064538956
0.053131673485040665
0.0531185120344162
0.05310624837875366
0.053102120757102966
0.0530489981174469
0.053043872117996216
0.05303608253598213
0.053041789680719376
0.053037673234939575
0.05300967022776604
0.05302247405052185
0.05302215740084648
0.052972082048654556
0.052916932851076126
0.05290400609374046
0.052863866090774536
0.05283288657665253
0.05281170830130577
0.052790265530347824
0.05276314541697502
0.052737317979335785
0.0527157336473465
0.052719853818416595
0.05270780995488167
0.05268725007772446
0.05266590043902397
0.05263900011777878
0.05262700468301773
0.052578240633010864
