0.5994412302970886
0.4349516034126282
0.3821677565574646
0.35408803820610046
0.3391265273094177
0.30701112747192383
0.2932218313217163
0.28034359216690063
0.2673332095146179
0.25603383779525757
0.24595990777015686
0.23659919202327728
0.22605000436306
0.22549067437648773
0.2143358588218689
0.20425210893154144
0.19793379306793213
0.19173921644687653
0.18139071762561798
0.16616302728652954
0.15997181832790375
0.15660490095615387
0.14463506639003754
0.14507396519184113
0.12701530754566193
0.11796104907989502
0.10915546119213104
0.11737588047981262
0.13698716461658478
0.13088993728160858
0.10743020474910736
0.1952919065952301
0.17244018614292145
0.1327403038740158
0.10463932901620865
0.09152460098266602
0.08250343799591064
0.07501261681318283
0.13594992458820343
0.11509181559085846
0.13305918872356415
0.1598588526248932
0.12658244371414185
0.0962734967470169
0.0741768330335617
0.061862558126449585
0.05507010594010353
0.049972496926784515
0.044951535761356354
0.04090333357453346
0.03793850168585777
0.03432415425777435
0.031131654977798462
0.030494239181280136
0.027296282351017
0.02472340501844883
0.023052344098687172
0.02080819569528103
0.01916404254734516
0.017462080344557762
0.015856582671403885
0.014656790532171726
0.01374824345111847
0.013586358167231083
0.012009240686893463
0.010667090304195881
0.009875582531094551
0.009171434678137302
0.008554483763873577
0.008008558303117752
0.00738894147798419
0.0070062242448329926
0.006386073771864176
0.006393950432538986
0.005619608331471682
0.005280189216136932
0.005239400546997786
0.00484613049775362
0.004431334789842367
0.004166157450526953
0.0038734953850507736
0.00430293707177043
0.00371178169734776
0.0033482881262898445
0.0031999594066292048
0.0029939189553260803
0.002815425395965576
0.0026915965136140585
0.002595675177872181
0.003342427546158433
0.0027953837998211384
0.002552008256316185
0.002293724101036787
0.00214772904291749
0.0019874288700520992
0.0018577298615127802
0.001756976475007832
0.0016876915469765663
0.0016347740311175585
0.0015326127177104354
0.0014710676623508334
0.0014186229091137648
0.001364188501611352
0.0013279325794428587
0.0012804735451936722
0.001266726292669773
0.001179570914246142
0.0011436532950028777
0.0011183943133801222
0.0010958772618323565
0.0010778679279610515
0.001062655821442604
0.0010391258401796222
0.0010147161083295941
0.0010000047041103244
0.0009803161956369877
0.0009643062949180603
0.0009503431501798332
0.0009720467496663332
0.0009672691230662167
0.0009146325173787773
0.0008864830597303808
0.0008708002860657871
0.0008663585176691413
0.0008711253176443279
0.0008414393523707986
0.0008225420606322587
0.0007931792642921209
0.0007743649766780436
0.0007558755460195243
0.0007427609525620937
0.0007303864695131779
0.0007160810055211186
0.0007038881885819137
0.000693254463840276
0.0006807491299696267
0.0006807649624533951
0.0006732272449880838
0.00065570417791605
0.0008641494205221534
0.0008814160246402025
0.0006905502523295581
0.0006621725624427199
0.0006140246405266225
0.0005938398535363376
0.0005834975163452327
0.0005774751189164817
0.0005652974359691143
0.000558452564291656
0.0005447769071906805
0.0005323419463820755
0.0005240006139501929
0.0005105496966280043
0.0005084290751256049
0.000498147972393781
0.0004865977098233998
0.0004797687870450318
0.0004722520534414798
0.00046520194155164063
0.00045572721865028143
0.0004486856050789356
0.0004444009973667562
0.0004367643559817225
0.0004361580649856478
0.0004423081991262734
0.000425069680204615
0.0004154456255491823
0.0004079038626514375
0.0004047295078635216
0.00039793626638129354
0.00038839137414470315
0.00038253876846283674
0.00037499514291994274
0.0003673894389066845
0.00036186270881444216
0.0003562825731933117
0.0003523891791701317
0.000356355361873284
0.000351638940628618
0.00033883325522765517
0.00033295262255705893
0.0003276068309787661
0.0003217632183805108
0.0003190069692209363
0.00031467320513911545
0.0003097684821113944
0.00030630285618826747
0.00030189251992851496
0.0002967200125567615
0.0002932715869974345
0.0002889016177505255
0.0002855309285223484
0.00028175878105685115
0.00027886894531548023
0.00027448657783679664
0.0002711355045903474
0.0002679985191207379
0.0002645225904416293
0.0002613907854538411
0.0002578733256086707
0.0002556330873630941
0.00025180538068525493
0.00025012315018102527
0.0002462908159941435
0.00024298625066876411
0.00024021569697652012
0.00023759444593451917
0.0002357451885472983
0.00023437969502992928
0.00023325941583607346
0.00023171589418780059
0.00023054236953612417
0.0002292092831339687
0.00022797267592977732
0.00022634204651694745
0.00022500894556287676
0.0002235526917502284
0.00022221548715606332
0.00022112582519184798
0.0002198264264734462
0.00021844693401362747
0.000217464825254865
0.00021571914840023965
0.0002146526239812374
0.00021373048366513103
0.00021523510804399848
0.00021311893942765892
0.00021113079856149852
0.0002096712269121781
0.00020851375302299857
0.00020676746498793364
0.0002049121103482321
0.000203973293537274
0.0002028355374932289
0.00020094632054679096
0.00019936291209887713
0.00019827275536954403
0.0001966863201232627
0.00019662894192151725
0.00019523910304997116
0.0001935580075951293
0.0001919128990266472
0.00019017666636500508
0.00018864660523831844
0.00018720397201832384
0.00018654274754226208
0.00018482457380741835
0.00018377657397650182
0.00018193833238910884
0.0001809798995964229
0.00017964496510103345
0.00017831982404459268
0.00017713643319439143
0.00017683628539089113
0.00017685184138827026
0.00017466748249717057
0.00017308990936726332
0.00017206127813551575
0.0001705762551864609
0.00016885351215023547
0.00016814777336549014
0.00016701206914149225
0.00016560174117330462
0.00016450826660729945
0.00016889222024474293
0.00018440946587361395
0.00017528720491100103
0.00016576697817072272
0.0001621311530470848
0.00016029771359171718
0.00016029812104534358
0.0001587030856171623
0.00015679890930186957
0.00015529539086855948
0.00015353750495705754
0.0001520116493338719
0.00015166426601354033
0.0001504413812654093
0.00014883861877024174
0.00014787455438636243
0.00014665785420220345
0.0001462479995097965
0.00014752749120816588
0.00014644302427768707
0.00014515870134346187
0.00014330963313113898
0.00014136687968857586
0.0001411570847267285
0.0001401221816195175
0.00013912648137193173
0.00013740728900302202
0.00013601883256342262
0.00013470939302351326
0.0001336945133516565
0.00013278874394018203
0.0001317944552283734
0.00013068871339783072
0.00012983132910449058
0.0001290051150135696
0.0001279950374737382
0.0001271940564038232
0.00012648635311052203
0.0001260485441889614
0.00012552236148621887
0.00012459031131584197
0.0001263873855350539
0.0001345163764199242
0.0001317149872193113
0.000127581472042948
0.00012529367813840508
0.00012312243052292615
0.00012203951337141916
0.00012106832582503557
0.00012027394404867664
0.00011963000724790618
0.00011912330955965444
0.00011847720452351496
0.00011795016325777397
0.0001173295167973265
0.00011688822269206867
0.00011635407281573862
0.00011481514957267791
0.00011512190394569188
0.00011480494868010283
0.0001142528053605929
0.00011349693522788584
0.00011284182983217761
0.00011228202492929995
0.00011186559277120978
0.00011115780216641724
0.0001106025229091756
0.00011051288311136886
0.00011033216287614778
0.0001099540531868115
0.0001095566331059672
0.0001089219149434939
0.00010816086432896554
0.00010748439672170207
0.00010691565694287419
0.00010645898873917758
0.00010562064562691376
0.00010522201773710549
0.00010453626600792632
0.0001039518610923551
0.00010367473441874608
0.00010317726264474913
0.000102625934232492
0.00010214876965619624
0.00010167688742512837
0.00010120590013684705
0.00010071326687466353
0.00010036413732450455
9.987632074626163e-05
9.939220763044432e-05
9.898393182083964e-05
9.85908045549877e-05
9.820530249271542e-05
9.773801866685972e-05
9.73333153524436e-05
9.696296910988167e-05
9.64560458669439e-05
9.619032789487392e-05
9.58588279900141e-05
9.555445285513997e-05
9.512880933471024e-05
9.464623872190714e-05
9.427346230950207e-05
9.384965233039111e-05
9.34999916353263e-05
9.31141767068766e-05
9.275515185436234e-05
9.24590858630836e-05
9.212247096002102e-05
9.174575097858906e-05
9.173380385618657e-05
9.163585491478443e-05
9.120968024944887e-05
9.070262603927404e-05
9.020559082273394e-05
8.967183384811506e-05
8.969079499365762e-05
8.911606710171327e-05
8.863172115525231e-05
8.813691238174215e-05
8.79012222867459e-05
8.764961239648983e-05
8.702258492121473e-05
8.661586616653949e-05
8.643764158478007e-05
8.608846110291779e-05
8.568775228923187e-05
8.523630094714463e-05
8.486238220939413e-05
8.438537042820826e-05
8.403117681154981e-05
8.366593829123303e-05
8.359636558452621e-05
8.308503311127424e-05
8.267449447885156e-05
8.239248563768342e-05
8.200282900361344e-05
8.161148434737697e-05
8.117836114251986e-05
8.175493712769821e-05
8.195036207325757e-05
8.069821342360228e-05
8.016984793357551e-05
7.988178549567237e-05
7.962092058733106e-05
7.936761539895087e-05
7.92321443441324e-05
7.901796197984368e-05
7.88563847891055e-05
7.868046668590978e-05
7.846879452699795e-05
7.830709364498034e-05
7.811040995875373e-05
7.792240648996085e-05
7.770731463097036e-05
7.74713626015e-05
7.732486119493842e-05
7.70073602325283e-05
7.724356692051515e-05
7.716929394518957e-05
7.690217171330005e-05
7.664366421522573e-05
7.640024705324322e-05
7.617763913003728e-05
7.598592492286116e-05
7.575878407806158e-05
7.537539204349741e-05
7.514598109992221e-05
7.495085446862504e-05
7.474922313122079e-05
7.458636537194252e-05
7.438632746925578e-05
7.446845120284706e-05
7.423401984851807e-05
7.416134030791e-05
7.403710333164781e-05
7.385876961052418e-05
7.34836794435978e-05
7.335699774557725e-05
7.360237941611558e-05
7.333482062676921e-05
7.30925821699202e-05
7.290131907211617e-05
7.274874224094674e-05
7.247200846904889e-05
7.208771421574056e-05
7.185518188634887e-05
7.160081440815702e-05
7.142861431930214e-05
7.1234731876757e-05
7.099744834704325e-05
7.076876499922946e-05
7.059722702251747e-05
7.043279038043693e-05
7.020221528364345e-05
7.00376695021987e-05
6.993470015004277e-05
6.975667929509655e-05
6.946170469745994e-05
6.92625981173478e-05
6.909257353981957e-05
6.890167423989624e-05
6.881358422106132e-05
6.861219299025834e-05
6.848747580079362e-05
6.827212200732902e-05
6.801847484894097e-05
6.781009869882837e-05
6.757989467587322e-05
6.738299271091819e-05
6.738148658769205e-05
6.726736319251359e-05
6.713901530019939e-05
6.693965406157076e-05
6.6662862082012e-05
6.641171785304323e-05
6.624722300330177e-05
6.600230699405074e-05
6.583070353372023e-05
6.560396286658943e-05
6.549678073497489e-05
6.523668707814068e-05
6.498997390735894e-05
6.478701834566891e-05
6.458174902945757e-05
6.436840340029448e-05
6.411361391656101e-05
6.408367335097864e-05
6.391771603375673e-05
6.37868361081928e-05
6.351601041387767e-05
6.338509410852566e-05
6.320056854747236e-05
6.296367064351216e-05
6.272318569244817e-05
6.261009548325092e-05
6.240871880436316e-05
6.228788697626442e-05
6.205163663253188e-05
6.190702697494999e-05
6.171410495880991e-05
6.15015160292387e-05
6.131042027845979e-05
6.119925819803029e-05
6.110010872362182e-05
6.100942118791863e-05
6.0912036133231595e-05
6.081125684431754e-05
6.072135511203669e-05
6.06154280831106e-05
6.058752478566021e-05
6.0475107602542266e-05
6.0382091760402545e-05
6.041820961399935e-05
6.0705373471137136e-05
6.061928070266731e-05
6.0488142480608076e-05
6.030699660186656e-05
6.013961319695227e-05
5.995498941047117e-05
5.9812005929416046e-05
5.964679075987078e-05
5.955701635684818e-05
5.943487849435769e-05
5.934643922955729e-05
5.9274920204188675e-05
5.9206056903349236e-05
5.906191290705465e-05
5.88542825425975e-05
5.87662507314235e-05
5.8632384025258943e-05
5.852793765370734e-05
5.845511986990459e-05
5.832201350131072e-05
5.82048887736164e-05
5.810354559798725e-05
5.7980749261332676e-05
5.7844037655740976e-05
5.7778728660196066e-05
5.7684923376655206e-05
5.758144106948748e-05
5.750997661380097e-05
5.727598545490764e-05
5.7256365835200995e-05
5.716802115784958e-05
5.7077912060776725e-05
5.698510358342901e-05
5.6854190916055813e-05
5.675201100530103e-05
5.663662886945531e-05
5.654449705616571e-05
5.642904216074385e-05
5.633854016195983e-05
5.621672607958317e-05
5.6085249525494874e-05
5.596416667685844e-05
5.5874821555335075e-05
5.577595220529474e-05
5.566229083342478e-05
5.554599920287728e-05
5.543533552554436e-05
5.532621798920445e-05
5.534742012969218e-05
5.519129626918584e-05
5.507571404450573e-05
5.4947351600276306e-05
5.4844891565153375e-05
5.4712032579118386e-05
5.462393892230466e-05
5.451918696053326e-05
5.44169161003083e-05
5.431125100585632e-05
5.421014066087082e-05
5.4102583817439154e-05
5.3998483053874224e-05
5.389394937083125e-05
5.378664718591608e-05
5.368456550058909e-05
5.358600174076855e-05
5.348721970221959e-05
5.338485061656684e-05
5.3276460675988346e-05
5.318203693605028e-05
5.30675970367156e-05
5.2988365496275946e-05
5.2850329666398466e-05
5.2780778787564486e-05
5.267799133434892e-05
5.256458462099545e-05
5.243561463430524e-05
5.239510574028827e-05
5.2267900173319504e-05
5.2154980949126184e-05
5.2039635193068534e-05
5.1902097766287625e-05
5.1794006139971316e-05
5.173338649910875e-05
