0.6255858540534973
0.47442421317100525
0.42332595586776733
0.40012237429618835
0.380999892950058
0.3713526129722595
0.35802334547042847
0.3453379273414612
0.34070640802383423
0.3324107825756073
0.33103471994400024
0.3218347728252411
0.31491389870643616
0.30341482162475586
0.2970542907714844
0.2917296886444092
0.28645381331443787
0.28071123361587524
0.2825622260570526
0.27435389161109924
0.2697146236896515
0.26605066657066345
0.2604236602783203
0.27429601550102234
0.26867398619651794
0.25282418727874756
0.2469683289527893
0.24497494101524353
0.24827998876571655
0.24369938671588898
0.2390468716621399
0.23336221277713776
0.23288747668266296
0.2270299792289734
0.2222503423690796
0.221541166305542
0.22032514214515686
0.21599552035331726
0.21344386041164398
0.21005329489707947
0.20712926983833313
0.20466704666614532
0.2124493569135666
0.19951318204402924
0.19885501265525818
0.19402985274791718
0.19072282314300537
0.18754318356513977
0.1856500804424286
0.1838054656982422
0.19378125667572021
0.18512487411499023
0.17925217747688293
0.17513376474380493
0.172614187002182
0.1716850847005844
0.16993321478366852
0.16659431159496307
0.18212765455245972
0.1781819611787796
0.16567973792552948
0.16073350608348846
0.1650547981262207
0.1589147299528122
0.15289486944675446
0.14993730187416077
0.14829562604427338
0.14635024964809418
0.143546462059021
0.15141461789608002
0.15794160962104797
0.14777931571006775
0.14032384753227234
0.14585265517234802
0.13821807503700256
0.13259686529636383
0.13447797298431396
0.15120594203472137
0.14118391275405884
0.1308995485305786
0.12618307769298553
0.12238028645515442
0.12056408822536469
0.11895692348480225
0.11510263383388519
0.11391005665063858
0.11373399943113327
0.11062232404947281
0.10938356816768646
0.11034844815731049
0.11321799457073212
0.16023387014865875
0.14733414351940155
0.11993024498224258
0.11012689769268036
0.10699648410081863
0.10450732707977295
0.09918005764484406
0.11472973972558975
0.1036386489868164
0.10160034894943237
0.09704646468162537
0.09375903010368347
0.09077279269695282
0.08730331808328629
0.08537567406892776
0.08356845378875732
0.09004928171634674
0.09402158856391907
0.08410269021987915
0.08035048842430115
0.07864128798246384
0.07631164789199829
0.07704903930425644
0.07720664888620377
0.07554908841848373
0.08241432160139084
0.10621753334999084
0.08143607527017593
0.07150299102067947
0.07168617844581604
0.06729421764612198
0.06486823409795761
0.06365149468183517
0.06300201267004013
0.06329194456338882
0.061796389520168304
0.060782745480537415
0.0621950738132
0.06132367253303528
0.06157999858260155
0.06007136404514313
0.05906280502676964
0.057952310889959335
0.05803515762090683
0.05725578963756561
0.05768704041838646
0.059669602662324905
0.056734342128038406
0.055966898798942566
0.054354891180992126
0.05472902953624725
0.05442814156413078
0.05358395352959633
0.05212879553437233
0.05242021381855011
0.053126268088817596
0.051287807524204254
0.055416446179151535
0.05494597181677818
0.05122780054807663
0.04941198602318764
0.04871939867734909
0.049030181020498276
0.047374624758958817
0.046668872237205505
0.0462179072201252
0.04580488055944443
0.045143336057662964
0.04714458808302879
0.05427015945315361
0.05455484241247177
0.04832687973976135
0.04718703404068947
0.04701446369290352
0.043787579983472824
0.04299652948975563
0.04242634028196335
0.041657622903585434
0.04195377975702286
0.044984351843595505
0.04095619171857834
0.039835311472415924
0.03913162648677826
0.05136634781956673
0.06617670506238937
0.05293656140565872
0.0440496951341629
0.04172058776021004
0.03904545307159424
0.03818371891975403
0.037022288888692856
0.037500880658626556
0.036247335374355316
0.035885829478502274
0.03695671260356903
0.03649430349469185
0.03561460226774216
0.034291550517082214
0.03503687307238579
0.0339752733707428
0.03300641104578972
0.03324808552861214
0.037989530712366104
0.03675549104809761
0.034517109394073486
0.03269647806882858
0.0346013605594635
0.03313664719462395
0.03210382163524628
0.031141826882958412
0.029720956459641457
0.029906848445534706
0.02940058521926403
0.030546104535460472
0.031775545328855515
0.030618203803896904
0.02954826131463051
0.028976745903491974
0.02799058146774769
0.02797565795481205
0.028030334040522575
0.027769457548856735
0.02748175710439682
0.02674667350947857
0.026016734540462494
0.026936380192637444
0.027013035491108894
0.025900017470121384
0.025060847401618958
0.024399301037192345
0.024328013882040977
0.0416751392185688
0.03573400527238846
0.027740202844142914
0.026243939995765686
0.024792825803160667
0.02440696954727173
0.024069860577583313
0.02391071617603302
0.023437652736902237
0.023246046155691147
0.02302648313343525
0.023151027038693428
0.02285531908273697
0.02260712720453739
0.02280339039862156
0.022945687174797058
0.02288634516298771
0.022632939741015434
0.021990472450852394
0.02194284461438656
0.02165043354034424
0.02151407301425934
0.02172243781387806
0.021334752440452576
0.021348262205719948
0.021487435325980186
0.02109602466225624
0.02092386782169342
0.02090735360980034
0.02106793411076069
0.020828545093536377
0.020727647468447685
0.020523039624094963
0.020327914506196976
0.020018713548779488
0.019915767014026642
0.019742798060178757
0.01961737871170044
0.01987665705382824
0.019573427736759186
0.01945475861430168
0.019153863191604614
0.019164683297276497
0.018990321084856987
0.020197635516524315
0.02011992409825325
0.01934155263006687
0.019018257036805153
0.01867756061255932
0.018725967034697533
0.018663130700588226
0.018482282757759094
0.01855367422103882
0.01819881796836853
0.017918214201927185
0.01775376684963703
0.017757976427674294
0.017835348844528198
0.01750783436000347
0.017332525923848152
0.017212718725204468
0.017125459387898445
0.01705300435423851
0.016904326155781746
0.016743378713726997
0.017262052744627
0.01659802347421646
0.016660477966070175
0.016468049958348274
0.0166168250143528
0.01657162792980671
0.01645503006875515
0.01636522263288498
0.015949824824929237
0.01646275818347931
0.018974076956510544
0.016973981633782387
0.020271597430109978
0.019280174747109413
0.02122667245566845
0.021217823028564453
0.02134013921022415
0.016219282522797585
0.01598282903432846
0.01921795681118965
0.020509812980890274
0.017076438292860985
0.015797294676303864
0.015481796115636826
0.015589462593197823
0.014972248114645481
0.014715343713760376
0.014582843519747257
0.01434366125613451
0.01422826386988163
0.014101305976510048
0.013996708206832409
0.013837349601089954
0.013771208934485912
0.014040167443454266
0.013744024559855461
0.01374584436416626
0.01359259057790041
0.013530748896300793
0.013528785668313503
0.013594632968306541
0.013576418161392212
0.013488108292222023
0.013411208055913448
0.013320003636181355
0.013224816881120205
0.01317365001887083
0.013130909763276577
0.013046933338046074
0.013001300394535065
0.012959419749677181
0.013108965009450912
0.013790440745651722
0.013305037282407284
0.013146897777915001
0.012904074974358082
0.012837393209338188
0.013083834201097488
0.012961224652826786
0.012747464701533318
0.012684362940490246
0.012594111263751984
0.012541735544800758
0.012479485012590885
0.012443100102245808
0.012410554103553295
0.01232672668993473
0.012639678083360195
0.01247450988739729
0.012292238883674145
0.012279032729566097
0.012306985445320606
0.012358873151242733
0.012356380000710487
0.012313786894083023
0.012182381004095078
0.01206344086676836
0.011991861276328564
0.011959146708250046
0.012087508104741573
0.012140598148107529
0.01261910330504179
0.012410909868776798
0.012043744325637817
0.011833541095256805
0.011813796125352383
0.011744622141122818
0.011620528064668179
0.011569340713322163
0.011538492515683174
0.011474412865936756
0.011445264331996441
0.01141544058918953
0.011460460722446442
0.011528183706104755
0.011459073051810265
0.011355025693774223
0.011262914165854454
0.011230052448809147
0.011201691813766956
0.011251494288444519
0.011314167641103268
0.011242398992180824
0.011103407479822636
0.011022459715604782
0.010968539863824844
0.0109248086810112
0.010898766107857227
0.010945618152618408
0.010843954980373383
0.010774286463856697
0.010725579224526882
0.010688167065382004
0.011446155607700348
0.011489138938486576
0.011074275709688663
0.011103363707661629
0.010860550217330456
0.010681088082492352
0.010605938732624054
0.01056204829365015
0.010452675633132458
0.010387778282165527
0.010679751634597778
0.010985879227519035
0.010403000749647617
0.01099390909075737
0.01060546189546585
0.010361737571656704
0.010276220738887787
0.010195230133831501
0.010129567235708237
0.010055412538349628
0.010006715543568134
0.00998196005821228
0.009905600920319557
0.00987436342984438
0.010076871141791344
0.010615960694849491
0.010666812770068645
0.010245741344988346
0.010075556114315987
0.010035031475126743
0.009914821945130825
0.009848193265497684
0.009818301536142826
0.009759841486811638
0.009764312766492367
0.009739765897393227
0.009777810424566269
0.009767312556505203
0.009724446572363377
0.009723808616399765
0.009651677682995796
0.009577506221830845
0.009542644955217838
0.009611621499061584
0.009578749537467957
0.009510823525488377
0.009476757608354092
0.009476904757320881
0.009449945762753487
0.009476160630583763
0.009524574503302574
0.00946301780641079
0.009467394091188908
0.009432956576347351
0.009400653652846813
0.009357157163321972
0.009291283786296844
0.009321277029812336
0.009291738271713257
0.009270814247429371
0.009247669018805027
0.009210684336721897
0.009237111546099186
0.009260225109755993
0.009249675087630749
0.009204287081956863
0.009161979891359806
0.009168509393930435
0.009105348959565163
0.009075760841369629
0.009061128832399845
0.009040349163115025
0.009014736860990524
0.009013277478516102
0.00900432001799345
0.008990594185888767
0.008949320763349533
0.00892292894423008
0.008907649666070938
0.00887550599873066
0.008868027478456497
0.008844797499477863
0.00884266197681427
0.0088088009506464
0.00880444422364235
0.008766443468630314
0.008747040294110775
0.008748919703066349
0.008701752871274948
0.008763271383941174
0.008748454973101616
0.008675076998770237
0.008690595626831055
0.008664734661579132
0.00863024964928627
0.008605233393609524
0.00857582688331604
0.008643892593681812
0.008600101806223392
0.00854821689426899
0.008546761237084866
0.008503539487719536
0.008542047813534737
0.008534307591617107
0.00850988645106554
0.008499904535710812
0.008490723557770252
0.008460090495646
0.008402219973504543
0.008407128974795341
0.008512517437338829
0.008407656103372574
0.008349564857780933
0.008317431434988976
0.008307339623570442
0.00829511322081089
0.00826929323375225
0.008227748796343803
0.008213349618017673
0.008187523111701012
0.00817208644002676
0.008144262246787548
0.00811723992228508
0.008106373250484467
0.008100617676973343
0.00809171237051487
0.008080537430942059
0.008073728531599045
0.008083218708634377
0.008075973019003868
0.008061790838837624
0.00804555881768465
0.00802645180374384
0.008025776594877243
0.008016272448003292
0.008009622804820538
0.007998145185410976
0.007976713590323925
0.008097019046545029
0.008067051880061626
0.008073999546468258
0.008025269024074078
0.00798282865434885
0.007975572720170021
0.00796467624604702
0.007950888946652412
0.007939540781080723
0.007924092933535576
0.007901367731392384
0.007916606031358242
0.007915474474430084
0.00789315439760685
0.007885627448558807
0.007871396839618683
0.007887608371675014
0.007879335433244705
0.007872018031775951
0.007832582108676434
0.007812839932739735
0.007801610045135021
0.007789582014083862
0.007777018938213587
0.007765436545014381
0.007757485378533602
0.007743926253169775
0.007737254723906517
0.007723850663751364
0.007718204520642757
0.00771125964820385
0.007704243995249271
0.007685935590416193
0.007692660205066204
0.007669377606362104
0.007663458585739136
0.007701252121478319
0.007721916306763887
0.007688223849982023
0.007651142776012421
0.007633779663592577
0.007617159280925989
0.007630683947354555
0.007602735422551632
0.0076033733785152435
0.007597470190376043
0.007625888101756573
0.007616607006639242
0.0077746277675032616
0.007737705018371344
0.007652139291167259
0.007607488427311182
0.007576304487884045
0.007560905069112778
0.0075299181044101715
0.00754235265776515
0.007501920685172081
0.007488587871193886
0.007481674663722515
0.007453215774148703
0.0074536665342748165
0.0074377949349582195
0.007421273738145828
