0.6985646486282349
0.6904255747795105
0.685018002986908
0.6803227663040161
0.6759997010231018
0.6714847683906555
0.6672422885894775
0.661996603012085
0.6566346883773804
0.6515043377876282
0.6463043093681335
0.6395307183265686
0.6325302720069885
0.6256974339485168
0.6188127994537354
0.6121835112571716
0.6057083010673523
0.5991055369377136
0.5920014977455139
0.5835437178611755
0.5757935643196106
0.5698292851448059
0.5629954934120178
0.5560658574104309
0.5498825311660767
0.5435032844543457
0.5365216135978699
0.5298353433609009
0.5235764384269714
0.5170283913612366
0.5105175375938416
0.5040640234947205
0.4989238977432251
0.494319885969162
0.48921284079551697
0.4843860864639282
0.47947531938552856
0.4763405919075012
0.47088903188705444
0.4653674066066742
0.4609471559524536
0.456219345331192
0.45273104310035706
0.44887691736221313
0.4457736909389496
0.4417918920516968
0.4394988417625427
0.43699541687965393
0.4335545301437378
0.4305277168750763
0.42781803011894226
0.42471545934677124
0.42214709520339966
0.41989144682884216
0.4174635112285614
0.4150083065032959
0.4132095277309418
0.4113246202468872
0.4096703827381134
0.407850980758667
0.4061654210090637
0.40439799427986145
0.40273135900497437
0.4012180268764496
0.4000402092933655
0.39924460649490356
0.3972285985946655
0.39564329385757446
0.39470818638801575
0.39286959171295166
0.3917465806007385
0.3902418315410614
0.38890209794044495
0.38829442858695984
0.3865741491317749
0.3854374885559082
0.3842935562133789
0.3831985592842102
0.38246700167655945
0.3817451000213623
0.380636602640152
0.3799861669540405
0.3788982033729553
0.3813903331756592
0.38172248005867004
0.3786558210849762
0.3764333724975586
0.37583306431770325
0.3749002516269684
0.37405216693878174
0.37419605255126953
0.3735031485557556
0.3727852702140808
0.3723205029964447
0.371580570936203
0.37099331617355347
0.3708997070789337
0.3706676661968231
0.36993446946144104
0.3701167404651642
0.3681650459766388
0.3679884672164917
0.3670969009399414
0.3670662045478821
0.36712464690208435
0.36660143733024597
0.36537447571754456
0.3649529218673706
0.36519888043403625
0.36385416984558105
0.3638434410095215
0.3632504940032959
0.3628591001033783
0.3627079725265503
0.3622850775718689
0.36192023754119873
0.3616420328617096
0.3615155518054962
0.3613766133785248
0.3610171377658844
0.36090803146362305
0.36061638593673706
0.3601643145084381
0.3595420718193054
0.35911673307418823
0.3591111898422241
0.3598807752132416
0.35994747281074524
0.3598141670227051
0.35923677682876587
0.3573451340198517
0.3574597239494324
0.35724011063575745
0.35692930221557617
0.3566352128982544
0.35641613602638245
0.35678261518478394
0.35726499557495117
0.35620224475860596
0.35519933700561523
0.35457751154899597
0.35444533824920654
0.35422372817993164
0.35405561327934265
0.3540843427181244
0.3543930649757385
0.3546929955482483
0.3541908264160156
0.3548015058040619
0.3559860587120056
0.35564106702804565
0.3544255793094635
0.35354316234588623
0.3522323668003082
0.35248586535453796
0.3525938391685486
0.35313650965690613
0.3528003990650177
0.3520629405975342
0.35179388523101807
0.3513565957546234
0.3521982431411743
0.35171979665756226
0.35130876302719116
0.3510187864303589
0.3508840799331665
0.3505866825580597
0.3514195680618286
0.3505963683128357
0.3498922884464264
0.34945446252822876
0.3493730127811432
0.34878337383270264
0.3498283624649048
0.35058191418647766
0.34958580136299133
0.34824150800704956
0.348513126373291
0.34963545203208923
0.3487715423107147
0.34790870547294617
0.34760361909866333
0.34744080901145935
0.3469759523868561
0.3470889925956726
0.3471737205982208
0.3471372723579407
0.3469594120979309
0.34841057658195496
0.34743013978004456
0.34622257947921753
0.34599512815475464
0.34569939970970154
0.3452604115009308
0.34559449553489685
0.3454324007034302
0.3451310694217682
0.34485748410224915
0.3446032702922821
0.34437909722328186
0.34420591592788696
0.3441053032875061
0.34415125846862793
0.3438274562358856
0.3435829281806946
0.34348630905151367
0.3439284861087799
0.3442138135433197
0.3433913588523865
0.34302154183387756
0.34270188212394714
0.34265244007110596
0.342163622379303
0.34189823269844055
0.3416938781738281
0.34126460552215576
0.3411612808704376
0.3409167528152466
0.34156233072280884
0.3409264087677002
0.34018832445144653
0.3399544060230255
0.33969414234161377
0.3394162952899933
0.33922749757766724
0.33903953433036804
0.3389027714729309
0.338552862405777
0.3392743170261383
0.3386297821998596
0.33846941590309143
0.33780109882354736
0.3375829756259918
0.33763882517814636
0.33747386932373047
0.3375048041343689
0.33707574009895325
0.3366307318210602
0.33652442693710327
0.33633801341056824
0.336245596408844
0.3361097276210785
0.33597707748413086
0.3357928693294525
0.3358345925807953
0.33668404817581177
0.33590400218963623
0.33549270033836365
0.3351009786128998
0.33486470580101013
0.33473607897758484
0.3345367908477783
0.3344199061393738
0.3342539370059967
0.33428990840911865
0.33395957946777344
0.3358778953552246
0.33551380038261414
0.3347889482975006
0.33403724431991577
0.33417531847953796
0.3346346914768219
0.33401796221733093
0.3335968554019928
0.3334619402885437
0.33372020721435547
0.3332739472389221
0.3329412043094635
0.3328016400337219
0.33265337347984314
0.33245849609375
0.3321407735347748
0.3324753940105438
0.33237969875335693
0.3320911228656769
0.3318861126899719
0.3316248655319214
0.3322390615940094
0.3320256173610687
0.3318045139312744
0.3311801254749298
0.3312283456325531
0.330709308385849
0.3306405246257782
0.3304349482059479
0.3305063545703888
0.33037808537483215
0.33042705059051514
0.3303747773170471
0.32990264892578125
0.3296504020690918
0.32978126406669617
0.3296887278556824
0.32954514026641846
0.3293359875679016
0.3293660581111908
0.32932427525520325
0.33061715960502625
0.33099862933158875
0.33025413751602173
0.32966098189353943
0.32923591136932373
0.3289458453655243
0.3294233977794647
0.32929354906082153
0.32939666509628296
0.3292643129825592
0.33011549711227417
0.33127158880233765
0.33087846636772156
0.329853892326355
0.32928726077079773
0.328573077917099
0.328197717666626
0.3285462558269501
0.3283476233482361
0.3280740976333618
0.327755331993103
0.32754746079444885
0.32762500643730164
0.32734763622283936
0.3272583484649658
0.3274872601032257
0.3272763192653656
0.3269164562225342
0.3267572820186615
0.3266584575176239
0.3265749216079712
0.3264807462692261
0.3262717127799988
0.32616251707077026
0.3260042071342468
0.32622864842414856
0.3259781301021576
0.32580238580703735
0.3257146179676056
0.3256022334098816
0.32540035247802734
0.32524076104164124
0.32530343532562256
0.32532793283462524
0.3246682286262512
0.32560229301452637
0.32616767287254333
0.3257704973220825
0.3258662223815918
0.3251475393772125
0.32526883482933044
0.325648695230484
0.3257632553577423
0.32548579573631287
0.32528114318847656
0.32504814863204956
0.325074166059494
0.3248863220214844
0.32462257146835327
0.324625164270401
0.3244466483592987
0.32429248094558716
0.3241841495037079
0.32400456070899963
0.32396647334098816
0.3237781822681427
0.3236161768436432
0.32349693775177
0.3231959939002991
0.32296526432037354
0.32295137643814087
0.32243192195892334
0.3238186538219452
0.3245742619037628
0.3226844072341919
0.32337817549705505
0.3233935236930847
0.32319754362106323
0.3239379823207855
0.32333213090896606
0.3229782283306122
0.3228090703487396
0.3226209282875061
0.32231593132019043
0.3220580220222473
0.3219156563282013
0.3229061961174011
0.3226899206638336
0.3216901123523712
0.32131892442703247
0.32106584310531616
0.3213268518447876
0.3216286599636078
0.32128089666366577
0.3210300803184509
0.3208787143230438
0.3204164206981659
0.3202936351299286
0.3208889961242676
0.3203636407852173
0.3202356696128845
0.3198828101158142
0.31993812322616577
0.3199525773525238
0.31986379623413086
0.31955257058143616
0.3196410536766052
0.3195701539516449
0.31930413842201233
0.3193328082561493
0.3191179037094116
0.3190375566482544
0.3185804486274719
0.3187442421913147
0.3186902403831482
0.3187715411186218
0.3186042606830597
0.31854715943336487
0.31956759095191956
0.3193538784980774
0.3190566897392273
0.3187616765499115
0.3187263607978821
0.31882432103157043
0.3188973069190979
0.31906628608703613
0.31919750571250916
0.319245845079422
0.3190421462059021
0.31857776641845703
0.31825220584869385
0.3184971809387207
0.31843301653862
0.3182111382484436
0.3182757496833801
0.318246454000473
0.3180380165576935
0.3180336058139801
0.31779152154922485
0.31751951575279236
0.3175429701805115
0.3175179660320282
0.317384272813797
0.31725549697875977
0.3173467218875885
0.317526251077652
0.3174353241920471
0.31808748841285706
0.3179969787597656
0.31772732734680176
0.3175252676010132
0.3173450231552124
0.31697890162467957
0.31638914346694946
0.31662553548812866
0.3165968656539917
0.3166313171386719
0.3163703382015228
0.31655585765838623
0.3165309727191925
0.3166337013244629
0.3165661692619324
0.3165557086467743
0.3163306415081024
0.3163094222545624
0.3162754476070404
0.3165089786052704
0.3162989914417267
0.3162456452846527
0.3160478174686432
0.3167530298233032
0.3170827329158783
0.31686240434646606
0.3165806233882904
0.31634122133255005
0.31607672572135925
0.31579941511154175
0.3156948983669281
0.31592902541160583
0.3162018656730652
0.31604936718940735
0.3158814013004303
0.31569042801856995
0.31557348370552063
0.31546109914779663
0.31537559628486633
0.3152434825897217
0.31524112820625305
0.3153974115848541
0.31535330414772034
0.31573137640953064
0.3157472014427185
0.31562817096710205
0.3152751922607422
0.3151176869869232
0.31515341997146606
0.31548818945884705
0.3150792717933655
0.3150797188282013
0.3147657811641693
0.31465214490890503
0.31494811177253723
0.31490060687065125
0.3148055374622345
0.3146563470363617
0.31469836831092834
0.3144122064113617
0.3141908645629883
0.3140399754047394
0.31404203176498413
0.31395429372787476
0.31395891308784485
0.31389299035072327
0.3138619065284729
0.31380710005760193
0.31386056542396545
0.3137955665588379
0.31368497014045715
0.3136575222015381
0.3137199878692627
0.31371641159057617
0.31371837854385376
0.3137388229370117
0.3136618435382843
0.3136202096939087
0.3136385381221771
0.31347694993019104
0.31343138217926025
0.3133734166622162
0.31334513425827026
0.3133128881454468
0.3132916986942291
0.31319233775138855
0.3131655752658844
0.3131915032863617
0.31312960386276245
0.31309688091278076
0.3130364716053009
0.3130381405353546
0.3130539655685425
0.31295159459114075
0.3129260241985321
0.31289318203926086
0.3130149841308594
0.31294840574264526
0.31280916929244995
0.3127959966659546
0.31276649236679077
0.31273719668388367
0.31267714500427246
0.31266894936561584
0.3129642605781555
0.3128372132778168
0.31282228231430054
0.3127319812774658
0.31276074051856995
0.3127060830593109
0.3127001225948334
0.3126293122768402
0.31265169382095337
0.31267014145851135
0.3126564025878906
0.31263238191604614
0.3126339316368103
0.3124813735485077
0.31239762902259827
0.31230589747428894
0.3123242259025574
0.31229138374328613
0.3122691512107849
0.3121911287307739
0.31196358799934387
0.31224265694618225
0.31224972009658813
0.3122064173221588
0.31212425231933594
0.31204622983932495
0.31199881434440613
0.31195977330207825
0.31194427609443665
0.31186550855636597
0.31191298365592957
0.3122270405292511
0.3122914731502533
0.31227636337280273
0.3120874762535095
0.31203368306159973
0.3119555413722992
0.311891108751297
0.3118979036808014
0.3118147552013397
0.3118430972099304
0.31179195642471313
0.311772882938385
0.3117428719997406
0.3117952048778534
0.3117399215698242
0.311644047498703
0.3116019368171692
0.31159016489982605
0.31151238083839417
0.31154483556747437
0.3114633560180664
0.31142789125442505
0.311384916305542
0.31137898564338684
0.3112781047821045
0.31130528450012207
0.3113309442996979
0.3113204836845398
0.3112143576145172
0.31109586358070374
0.31108465790748596
0.3111233115196228
0.31109297275543213
0.3110630512237549
0.31105145812034607
0.3110184073448181
0.31098803877830505
0.31099733710289
0.31098392605781555
0.3109579086303711
0.31090641021728516
0.31088921427726746
0.3108789622783661
0.3108060657978058
0.31086376309394836
0.31086796522140503
0.3108551800251007
0.3108460307121277
0.3108193874359131
0.3108038008213043
0.3108120858669281
0.3108665347099304
0.3107815980911255
0.3107663691043854
0.31084322929382324
0.31077465415000916
0.3107268810272217
0.3106987178325653
0.31067389249801636
0.31065768003463745
0.3106510043144226
0.3108583390712738
0.310695618391037
0.3107728660106659
0.31078991293907166
0.3107694983482361
0.3107321560382843
0.31071001291275024
0.31067487597465515
0.31067392230033875
0.3106246590614319
0.3106500804424286
0.31070756912231445
0.3107044994831085
0.31067025661468506
0.31063520908355713
0.3105957806110382
0.31050655245780945
0.31047478318214417
0.31042981147766113
0.31055834889411926
0.3104477822780609
0.31042641401290894
0.3103939890861511
0.3103821873664856
0.3103666603565216
0.31034305691719055
0.31032782793045044
0.31033942103385925
0.310292512178421
0.3102491497993469
0.31024810671806335
0.3102046549320221
0.3102116286754608
0.31019145250320435
0.31016308069229126
0.3100956380367279
0.31011995673179626
0.31021085381507874
0.3101615905761719
0.3101094365119934
0.31011277437210083
0.3101081848144531
0.31007641553878784
0.3101049065589905
0.3100678026676178
0.310065895318985
0.3100259006023407
0.3101188540458679
0.31011494994163513
0.3100607991218567
0.310037761926651
0.3099746108055115
0.3099863827228546
0.30993545055389404
0.3099276125431061
0.3098876178264618
0.3098885715007782
0.3098598122596741
0.309848427772522
0.30982938408851624
0.3098140358924866
0.30980315804481506
0.3098020553588867
0.30977338552474976
0.309774249792099
0.30974191427230835
0.30974772572517395
0.30974701046943665
0.3096625506877899
0.3097086548805237
0.30970659852027893
0.3098422586917877
0.30974555015563965
0.30973106622695923
0.30974501371383667
0.30973148345947266
0.309747576713562
0.3097107410430908
0.30969303846359253
0.30967146158218384
0.3096357583999634
0.30963194370269775
0.30962374806404114
0.3096213936805725
0.3096091151237488
0.3095981180667877
0.309622198343277
0.3096120357513428
0.3095993399620056
0.30959200859069824
0.30958303809165955
0.3095824122428894
0.3095840811729431
0.30956602096557617
0.3095584809780121
0.30953648686408997
0.3095353841781616
0.309521347284317
0.3095155954360962
0.3095112442970276
0.3094978332519531
0.3094933331012726
0.3094842731952667
0.3094838857650757
0.3094693422317505
0.3094649314880371
0.30944859981536865
0.309447705745697
0.30944353342056274
0.3094315826892853
0.30941885709762573
0.30941519141197205
0.30942991375923157
0.30940771102905273
0.30941203236579895
0.309408962726593
0.30942249298095703
0.30939897894859314
0.30938777327537537
0.3093835711479187
0.30937033891677856
0.3093472719192505
0.3093685209751129
0.30935138463974
0.30934417247772217
0.30934008955955505
0.309344619512558
0.30933877825737
0.309327632188797
0.309304416179657
0.30929329991340637
0.3092995882034302
0.30927774310112
0.30927154421806335
0.30925604701042175
0.30925169587135315
0.30926513671875
0.30925124883651733
0.3092522919178009
0.3092445135116577
0.3092280328273773
0.30921968817710876
0.3092174232006073
0.3092058002948761
0.3092372715473175
0.30920177698135376
0.3091951012611389
0.30918556451797485
0.3091822862625122
0.3091672956943512
0.30916109681129456
0.30914729833602905
0.30914488434791565
0.30913862586021423
0.30912432074546814
0.30911681056022644
0.3091098964214325
0.3090975880622864
0.3090916574001312
0.30909478664398193
0.3090513348579407
0.3090624511241913
0.30908146500587463
0.3090597689151764
0.3090757727622986
0.3090439736843109
0.30907192826271057
0.30905330181121826
0.3090445399284363
