0.6956155896186829
0.5952062606811523
0.533344566822052
0.47329550981521606
0.4273184835910797
0.39309605956077576
0.3701117932796478
0.3553588390350342
0.34433987736701965
0.3385840058326721
0.33248409628868103
0.31834644079208374
0.3097688555717468
0.3042779266834259
0.30700865387916565
0.3009463846683502
0.2906479239463806
0.2860966920852661
0.2811434864997864
0.2756337523460388
0.27207648754119873
0.2676333785057068
0.26584672927856445
0.2608797550201416
0.25939932465553284
0.25441715121269226
0.25172513723373413
0.24940650165081024
0.24554447829723358
0.24296881258487701
0.23994818329811096
0.23554320633411407
0.23758766055107117
0.23620261251926422
0.2440725564956665
0.24581031501293182
0.23084639012813568
0.22654005885124207
0.2220471352338791
0.21812811493873596
0.21561191976070404
0.21734216809272766
0.21217802166938782
0.20882855355739594
0.2050611823797226
0.2041568160057068
0.2006739377975464
0.1983717978000641
0.19391730427742004
0.19097301363945007
0.18985624611377716
0.18946383893489838
0.1895594596862793
0.1844082474708557
0.1808183491230011
0.18150565028190613
0.18063926696777344
0.17915725708007812
0.177010640501976
0.1720593273639679
0.1684480458498001
0.16510140895843506
0.17349408566951752
0.17170920968055725
0.16202600300312042
0.15641851723194122
0.15882785618305206
0.15578897297382355
0.16946345567703247
0.17580893635749817
0.1587744802236557
0.1553962081670761
0.14607053995132446
0.14244388043880463
0.19136375188827515
0.1924460232257843
0.17239876091480255
0.15949609875679016
0.15184493362903595
0.15358226001262665
0.15317091345787048
0.14251184463500977
0.13548880815505981
0.13271112740039825
0.1358393430709839
0.13124047219753265
0.12723799049854279
0.12261593341827393
0.11825049668550491
0.118389792740345
0.1186642050743103
0.11307986825704575
0.11179623752832413
0.1106000542640686
0.10841497033834457
0.10627473145723343
0.10612491518259048
0.10382289439439774
0.10115548223257065
0.09939616173505783
0.09757651388645172
0.09616418927907944
0.11240085959434509
0.10420898348093033
0.11387673765420914
0.10952619463205338
0.11039130389690399
0.0975775346159935
0.09168533235788345
0.10627542436122894
0.09495859593153
0.09249677509069443
0.0876411572098732
0.08396156132221222
0.08174001425504684
0.07966206222772598
0.08355426788330078
0.08056702464818954
0.07726872712373734
0.07646060734987259
0.0760897547006607
0.07167177647352219
0.07605812698602676
0.07272540777921677
0.06983087211847305
0.07579644024372101
0.07202818244695663
0.06703648716211319
0.06489799171686172
0.0635736882686615
0.0627770647406578
0.06213318184018135
0.06090173125267029
0.06017449498176575
0.05937489494681358
0.05863826721906662
0.05790161341428757
0.05748866870999336
0.05686653032898903
0.05630841478705406
0.055448684841394424
0.05489922687411308
0.05451442301273346
0.053806375712156296
0.05367029458284378
0.052802152931690216
0.05255735293030739
0.051681037992239
0.05205743759870529
0.051373936235904694
0.05016946792602539
0.049675971269607544
0.04991637170314789
0.04917171970009804
0.04967162013053894
0.04860591143369675
0.04816644638776779
0.04668319970369339
0.046097688376903534
0.0455593504011631
0.046638768166303635
0.04632115736603737
0.044707056134939194
0.04384547099471092
0.04345492646098137
0.045248985290527344
0.0451933778822422
0.044284213334321976
0.04298056289553642
0.04178453981876373
0.04360869899392128
0.04393142834305763
0.04092412441968918
0.03985537961125374
0.03946518525481224
0.03892358019948006
0.03820349648594856
0.0378548763692379
0.03742944449186325
0.04521078243851662
0.04474756494164467
0.04114091396331787
0.03866998851299286
0.03666270896792412
0.03577805310487747
0.0351845845580101
0.03455308452248573
0.034053735435009
0.03782700002193451
0.03876962885260582
0.04147801920771599
0.048040010035037994
0.040618930011987686
0.038692373782396317
0.036241091787815094
0.03414015471935272
0.032892752438783646
0.03504865616559982
0.0337340272963047
0.03202265873551369
0.030801527202129364
0.03175297752022743
0.031615108251571655
0.030655356124043465
0.029948994517326355
0.028821207582950592
0.028778843581676483
0.027970263734459877
0.027366433292627335
0.02743268758058548
0.026914797723293304
0.02669021300971508
0.026331957429647446
0.026296136900782585
0.025772223249077797
0.02558549866080284
0.025294946506619453
0.024985114112496376
0.02453317679464817
0.024292532354593277
0.023860324174165726
0.02389298751950264
0.02700665406882763
0.025494271889328957
0.028708556666970253
0.027458999305963516
0.02518109604716301
0.023788446560502052
0.023520024493336678
0.023623833432793617
0.023128725588321686
0.022683823481202126
0.02258334867656231
0.02222801372408867
0.022184105589985847
0.02237461321055889
0.021881068125367165
0.021442867815494537
0.02118423581123352
0.021112648770213127
0.02104986272752285
0.020917313173413277
0.020607801154255867
0.020405126735568047
0.02026279643177986
0.021973980590701103
0.024036236107349396
0.02262517623603344
0.02237747609615326
0.021403705701231956
0.020710989832878113
0.01926443539559841
0.0210589449852705
0.020435050129890442
0.019931502640247345
0.019420644268393517
0.019237300381064415
0.01889736019074917
0.018756704404950142
0.018575724214315414
0.018539872020483017
0.018382128328084946
0.01817677915096283
0.018117358908057213
0.017924612388014793
0.017901049926877022
0.01772499457001686
0.01763925887644291
0.017572572454810143
0.017465494573116302
0.01737341284751892
0.01726929470896721
0.01721980795264244
0.017174774780869484
0.01721358299255371
0.017078107222914696
0.016924509778618813
0.016762329265475273
0.016752716153860092
0.016812533140182495
0.016705194488167763
0.01645074412226677
0.016358783468604088
0.016281045973300934
0.01615053042769432
0.016110219061374664
0.016039051115512848
0.016010740771889687
0.015814227983355522
0.015788609161973
0.01566215604543686
0.015640350058674812
0.015509560704231262
0.01542388740926981
0.016324341297149658
0.016788799315690994
0.016045840457081795
0.015479816123843193
0.01521019171923399
0.01508051622658968
0.015021967701613903
0.01492361444979906
0.014775857329368591
0.01604238711297512
0.0162929967045784
0.015974069014191628
0.01544987317174673
0.014872301369905472
0.014632550068199635
0.01457303762435913
0.01463389489799738
0.014389469288289547
0.014197276905179024
0.014218163676559925
0.014236095361411572
0.014090832322835922
0.013942993246018887
0.01383934449404478
0.013756027445197105
0.013624458573758602
0.013511360622942448
0.013639355078339577
0.013443686999380589
0.013317380100488663
0.013231027871370316
0.013453526422381401
0.013525418005883694
0.01328655518591404
0.013281413353979588
0.013107008300721645
0.013007511384785175
0.012930295430123806
0.012892613187432289
0.012823282741010189
0.01274775993078947
0.012698980048298836
0.012640109285712242
0.012609182856976986
0.01257525384426117
0.012636536732316017
0.012559903785586357
0.012531585060060024
0.012468120083212852
0.012392095290124416
0.012368423864245415
0.012327282689511776
0.012299356050789356
0.012250060215592384
0.012188217602670193
0.012128688395023346
0.0120474211871624
0.012005056254565716
0.011977179907262325
0.01189940981566906
0.01200203038752079
0.012007118202745914
0.011882181279361248
0.01194565836340189
0.011856400407850742
0.011714020743966103
0.011590622365474701
0.011573598720133305
0.011543994769454002
0.011460579000413418
0.011383681558072567
0.011313065886497498
0.011269690468907356
0.01124001108109951
0.011178831569850445
0.011153974570333958
0.01112526934593916
0.011098884977400303
0.011080619879066944
0.011030587367713451
0.010991246439516544
0.010940798558294773
0.010912914760410786
0.010878031142055988
0.01086596492677927
0.010882328264415264
0.010889461264014244
0.01094985380768776
0.010977381840348244
0.010860989801585674
0.010785002261400223
0.010773241519927979
0.010679232887923717
0.010711032897233963
0.010637703351676464
0.010584928095340729
0.010495034046471119
0.01047893799841404
0.010443766601383686
0.010378824546933174
0.010499607771635056
0.01038564182817936
0.010331031866371632
0.01026564184576273
0.010242386721074581
0.01027342677116394
0.010182672180235386
0.010207713581621647
0.010197294875979424
0.010181153193116188
0.010105573572218418
0.010277152061462402
0.01087025087326765
0.01055169478058815
0.010280102491378784
0.010081357322633266
0.009959354065358639
0.009928623214364052
0.009856021963059902
0.009805914014577866
0.009805024601519108
0.009766708128154278
0.009682098403573036
0.009645609185099602
0.009594998322427273
0.00953648705035448
0.00949845090508461
0.00949692539870739
0.009531685151159763
0.009447535499930382
0.009361015632748604
0.00940470490604639
0.009363965131342411
0.009310463443398476
0.009255653247237206
0.009232836775481701
0.009218390099704266
0.009190843440592289
0.009189681150019169
0.009155326522886753
0.009133866056799889
0.009155022911727428
0.009134547784924507
0.009105988778173923
0.009082905948162079
0.009081444703042507
0.009049481712281704
0.009036758914589882
0.009008577093482018
0.00899756234139204
0.008973249234259129
0.00898913573473692
0.008956239558756351
0.008925465866923332
0.008939597755670547
0.009041986428201199
0.00908520258963108
0.009033548645675182
0.008913806639611721
0.008892710320651531
0.008853940293192863
0.008828403428196907
0.008802908472716808
0.008795802481472492
0.00877974834293127
0.008767945691943169
0.008759470656514168
0.008720098994672298
0.00870180781930685
0.008684500120580196
0.008711902424693108
0.008671080693602562
0.008656330406665802
0.008621443063020706
0.008599524386227131
0.008575940504670143
0.008555454201996326
0.008550833910703659
0.00853212270885706
0.008502859622240067
0.008494624868035316
0.008477997966110706
0.00850748922675848
0.008717281743884087
0.008701173588633537
0.008638594299554825
0.00858845841139555
0.008565325289964676
0.008566651493310928
0.008548074401915073
0.008511207066476345
0.008501281961798668
0.008440733887255192
0.008417978882789612
0.008433423936367035
0.008410001173615456
0.008394869044423103
0.0083540678024292
0.008319956250488758
0.008300944231450558
0.00827003549784422
0.00823278073221445
0.008215118199586868
0.008195571601390839
0.008162659592926502
0.008149044588208199
0.008140048012137413
0.008112887851893902
0.008099081926047802
0.008068402297794819
0.008044261485338211
0.008040939457714558
0.008049420081079006
0.00801349151879549
0.008003448136150837
0.008012562990188599
0.00797287281602621
0.007955310866236687
0.007927129045128822
0.007918565534055233
0.007894317619502544
0.007887140847742558
0.007851144298911095
0.007845836691558361
0.00784300547093153
0.007806603331118822
0.007914981804788113
0.007874274626374245
0.00783224031329155
0.007784275338053703
0.007742689922451973
0.007729101926088333
0.007724052760750055
0.007729554083198309
0.0076974621042609215
0.007676724810153246
0.007661809213459492
0.007655237335711718
0.007650119252502918
0.007631711196154356
0.007632732391357422
0.007614847272634506
0.0076146372593939304
0.007600021548569202
0.007593872491270304
0.007591200992465019
0.007575254421681166
0.007562275044620037
0.0075552938506007195
0.007556757889688015
0.007545024156570435
0.007535874377936125
0.007530026603490114
0.007517697289586067
0.007517536636441946
0.007507228292524815
0.007499400060623884
0.007502269931137562
0.007492593489587307
0.007482483517378569
0.0074696349911391735
0.007460213731974363
0.007473569829016924
0.007456047926098108
0.007446003146469593
0.007429960649460554
0.007419376168400049
0.00741706695407629
0.007408287841826677
0.007292353082448244
0.007662476040422916
0.007637331262230873
0.007596456911414862
0.007531773764640093
0.007500617299228907
0.007468547206372023
0.007454917300492525
0.007442801259458065
0.007412363775074482
0.007398057263344526
0.007378991227596998
0.007367855403572321
0.007356788497418165
0.007346005644649267
0.007335837464779615
0.007324925623834133
0.007311873137950897
0.007305712904781103
0.007311118301004171
0.007307952735573053
0.007293234579265118
0.007277727127075195
0.00725695351138711
0.007262471131980419
0.007248065900057554
0.007234741002321243
0.007222258020192385
0.0072131832130253315
0.007203130982816219
0.007204586640000343
0.0071783168241381645
0.007173958700150251
0.007164265029132366
0.00715651223435998
0.007144705858081579
0.007171210367232561
0.007167150732129812
