0.6370716691017151
0.6495327353477478
0.663551390171051
0.6697819232940674
0.6822429895401001
0.6853582262992859
0.6900311708450317
0.7071651220321655
0.7071651220321655
0.7102803587913513
0.7165108919143677
0.7258567214012146
0.732087254524231
0.7461059093475342
0.7445482611656189
0.7523364424705505
0.7601246237754822
0.7647975087165833
0.777258574962616
0.781931459903717
0.7850467562675476
0.7881619930267334
0.795950174331665
0.8006230592727661
0.8037382960319519
0.8084112405776978
0.8099688291549683
0.8146417737007141
0.822429895401001
0.8286604285240173
0.8302180767059326
0.8333333134651184
0.836448609828949
0.8395638465881348
0.8380062580108643
0.84112149477005
0.8426791429519653
0.8473520278930664
0.8504672646522522
0.8504672646522522
0.8520249128341675
0.855140209197998
0.8613707423210144
0.8598130941390991
0.8629283308982849
0.8644859790802002
0.8691588640213013
0.8707165122032166
0.8707165122032166
0.8660436272621155
0.8660436272621155
0.8691588640213013
0.8722741603851318
0.8707165122032166
0.8738317489624023
0.8753893971443176
0.8753893971443176
0.8722741603851318
0.8722741603851318
0.8691588640213013
0.8707165122032166
0.8707165122032166
0.8738317489624023
0.8722741603851318
0.8753893971443176
0.8753893971443176
0.8769470453262329
0.8738317489624023
0.8738317489624023
0.8753893971443176
0.8738317489624023
0.8785046935081482
0.8769470453262329
0.8753893971443176
0.8800622820854187
0.8785046935081482
0.8753893971443176
0.8753893971443176
0.8785046935081482
0.8800622820854187
0.8769470453262329
0.8785046935081482
0.8785046935081482
0.8785046935081482
0.8800622820854187
0.881619930267334
0.8831775784492493
0.881619930267334
0.881619930267334
0.8785046935081482
0.8785046935081482
0.8769470453262329
0.8800622820854187
0.8800622820854187
0.881619930267334
0.8800622820854187
0.881619930267334
0.881619930267334
0.8800622820854187
0.881619930267334
0.8800622820854187
0.8800622820854187
0.8800622820854187
0.8785046935081482
0.8800622820854187
0.8785046935081482
0.8769470453262329
0.8847352266311646
0.8831775784492493
0.8847352266311646
0.881619930267334
0.881619930267334
0.8831775784492493
0.8862928152084351
0.8831775784492493
0.8831775784492493
0.881619930267334
0.8831775784492493
0.8831775784492493
0.881619930267334
0.881619930267334
0.881619930267334
0.881619930267334
0.8831775784492493
0.8847352266311646
0.8847352266311646
0.8831775784492493
0.8785046935081482
0.881619930267334
0.8847352266311646
0.8862928152084351
0.8862928152084351
0.8862928152084351
0.8878504633903503
0.8878504633903503
0.8878504633903503
0.8831775784492493
0.8847352266311646
0.8878504633903503
0.8878504633903503
0.8878504633903503
0.8862928152084351
0.8878504633903503
0.8878504633903503
0.8878504633903503
0.8878504633903503
0.8862928152084351
0.8847352266311646
0.8878504633903503
0.8894081115722656
0.8894081115722656
0.8894081115722656
0.8894081115722656
0.8894081115722656
0.8894081115722656
0.8878504633903503
0.8878504633903503
0.8878504633903503
0.8878504633903503
0.8909657597541809
0.8862928152084351
0.8894081115722656
0.8894081115722656
0.8878504633903503
0.8909657597541809
0.8894081115722656
0.8909657597541809
0.8909657597541809
0.8925233483314514
0.8925233483314514
0.8925233483314514
0.8894081115722656
0.8894081115722656
0.8925233483314514
0.8940809965133667
0.895638644695282
0.8940809965133667
0.8925233483314514
0.895638644695282
0.8925233483314514
0.8894081115722656
0.895638644695282
0.8940809965133667
0.8940809965133667
0.895638644695282
0.895638644695282
0.8940809965133667
0.8940809965133667
0.8940809965133667
0.8940809965133667
0.895638644695282
0.8987538814544678
0.8971962332725525
0.9003115296363831
0.8987538814544678
0.9018691778182983
0.9003115296363831
0.9018691778182983
0.8940809965133667
0.8925233483314514
0.8940809965133667
0.8940809965133667
0.8940809965133667
0.8971962332725525
0.8987538814544678
0.8987538814544678
0.8940809965133667
0.8940809965133667
0.8971962332725525
0.9018691778182983
0.9003115296363831
0.9034267663955688
0.8987538814544678
0.8987538814544678
0.9003115296363831
0.9003115296363831
0.8987538814544678
0.9003115296363831
0.8987538814544678
0.8987538814544678
0.9003115296363831
0.8971962332725525
0.8971962332725525
0.8987538814544678
0.9003115296363831
0.9003115296363831
0.8987538814544678
0.8987538814544678
0.8987538814544678
0.8971962332725525
0.8971962332725525
0.8971962332725525
0.8971962332725525
0.9018691778182983
0.8987538814544678
0.8987538814544678
0.9003115296363831
0.9003115296363831
0.9018691778182983
0.9003115296363831
0.9003115296363831
0.9018691778182983
0.9018691778182983
0.9003115296363831
0.9018691778182983
0.9018691778182983
0.9034267663955688
0.9034267663955688
0.9003115296363831
0.9034267663955688
0.895638644695282
0.8940809965133667
0.8971962332725525
0.9018691778182983
0.9003115296363831
0.9003115296363831
0.9034267663955688
0.9034267663955688
0.9034267663955688
0.9034267663955688
0.9049844145774841
0.9034267663955688
0.9080997109413147
0.9065420627593994
0.9065420627593994
0.9080997109413147
0.9080997109413147
0.9080997109413147
0.9049844145774841
0.9034267663955688
0.9080997109413147
0.9080997109413147
0.9065420627593994
0.9080997109413147
0.9065420627593994
0.9049844145774841
0.9049844145774841
0.9065420627593994
0.9096572995185852
0.9080997109413147
0.9065420627593994
0.9049844145774841
0.9049844145774841
0.9049844145774841
0.9065420627593994
0.9065420627593994
0.9096572995185852
0.9096572995185852
0.9096572995185852
0.9112149477005005
0.9112149477005005
0.9080997109413147
0.9080997109413147
0.9096572995185852
0.9096572995185852
0.9080997109413147
0.9080997109413147
0.9065420627593994
0.9080997109413147
0.9080997109413147
0.9080997109413147
0.9080997109413147
0.9065420627593994
0.9080997109413147
0.9080997109413147
0.9065420627593994
0.9049844145774841
0.9049844145774841
0.9049844145774841
0.9049844145774841
0.9049844145774841
0.9049844145774841
0.9049844145774841
0.9065420627593994
0.9065420627593994
0.9065420627593994
0.9065420627593994
0.9065420627593994
0.9080997109413147
0.9080997109413147
0.9080997109413147
0.9080997109413147
0.9080997109413147
0.9065420627593994
0.9065420627593994
0.9065420627593994
0.9065420627593994
0.9065420627593994
0.9065420627593994
0.9065420627593994
0.9065420627593994
0.9065420627593994
0.9065420627593994
0.9065420627593994
0.9080997109413147
0.9080997109413147
0.9065420627593994
0.9065420627593994
0.9049844145774841
0.9034267663955688
0.9034267663955688
0.9034267663955688
0.9034267663955688
0.9049844145774841
0.9049844145774841
0.9049844145774841
0.9080997109413147
0.9096572995185852
0.9096572995185852
0.9096572995185852
0.9080997109413147
0.9065420627593994
0.9049844145774841
0.9049844145774841
0.9080997109413147
0.9096572995185852
0.9127725958824158
0.914330244064331
0.9127725958824158
0.9112149477005005
0.9112149477005005
0.9096572995185852
0.9096572995185852
0.9080997109413147
0.9049844145774841
0.9065420627593994
0.9049844145774841
0.9018691778182983
0.9034267663955688
0.9034267663955688
0.9034267663955688
0.9065420627593994
0.9065420627593994
0.9065420627593994
0.9065420627593994
0.9065420627593994
0.9065420627593994
0.9065420627593994
0.9065420627593994
0.9065420627593994
0.9065420627593994
0.9065420627593994
0.9065420627593994
0.9065420627593994
0.9049844145774841
0.9049844145774841
0.9049844145774841
0.9065420627593994
0.9065420627593994
0.9065420627593994
0.9049844145774841
0.9034267663955688
0.9034267663955688
0.9034267663955688
0.9034267663955688
0.9034267663955688
0.9034267663955688
0.9034267663955688
0.9034267663955688
0.9034267663955688
0.9034267663955688
0.9034267663955688
0.9049844145774841
0.9065420627593994
0.9065420627593994
0.9049844145774841
0.9065420627593994
0.9049844145774841
0.9065420627593994
0.9065420627593994
0.9065420627593994
0.9065420627593994
0.9065420627593994
0.9065420627593994
0.9049844145774841
0.9065420627593994
0.9080997109413147
0.9080997109413147
0.9112149477005005
0.9096572995185852
0.9096572995185852
0.9096572995185852
0.9096572995185852
0.9096572995185852
0.9080997109413147
0.9080997109413147
0.9065420627593994
0.9065420627593994
0.9065420627593994
0.9065420627593994
0.9065420627593994
0.9049844145774841
0.9065420627593994
0.9065420627593994
0.9065420627593994
0.9065420627593994
0.9065420627593994
0.9080997109413147
0.9080997109413147
0.9065420627593994
0.9065420627593994
0.9065420627593994
0.9065420627593994
0.9065420627593994
0.9080997109413147
0.9080997109413147
0.9080997109413147
0.9112149477005005
0.9112149477005005
0.9112149477005005
0.9112149477005005
0.9112149477005005
0.9112149477005005
0.9112149477005005
0.9112149477005005
0.9096572995185852
0.9096572995185852
0.9096572995185852
0.9096572995185852
0.9112149477005005
0.9096572995185852
0.9065420627593994
0.9065420627593994
0.9080997109413147
0.9049844145774841
0.9049844145774841
0.9080997109413147
0.9080997109413147
0.9096572995185852
0.9080997109413147
0.9080997109413147
0.9080997109413147
0.9065420627593994
0.9080997109413147
0.9080997109413147
0.9080997109413147
0.9080997109413147
0.9080997109413147
0.9096572995185852
0.9080997109413147
0.9080997109413147
0.9080997109413147
0.9080997109413147
0.9080997109413147
0.9080997109413147
0.9080997109413147
0.9080997109413147
0.9080997109413147
0.9080997109413147
0.9080997109413147
0.9080997109413147
0.9080997109413147
0.9080997109413147
0.9080997109413147
0.9080997109413147
0.9080997109413147
0.9080997109413147
0.9080997109413147
0.9080997109413147
0.9080997109413147
0.9080997109413147
0.9096572995185852
0.9080997109413147
0.9080997109413147
0.9080997109413147
0.9080997109413147
0.9096572995185852
0.9096572995185852
0.9096572995185852
0.9096572995185852
0.9096572995185852
0.9096572995185852
0.9096572995185852
0.9096572995185852
0.9112149477005005
0.9112149477005005
0.9112149477005005
0.9096572995185852
0.9096572995185852
0.9096572995185852
0.9112149477005005
0.9112149477005005
0.9112149477005005
0.9112149477005005
0.9112149477005005
0.9112149477005005
0.9112149477005005
0.9112149477005005
0.9112149477005005
0.9127725958824158
0.9127725958824158
0.9112149477005005
0.9112149477005005
0.9112149477005005
0.9112149477005005
0.9112149477005005
0.9112149477005005
0.9112149477005005
0.9112149477005005
0.9096572995185852
0.9096572995185852
0.9096572995185852
0.9096572995185852
0.9096572995185852
0.9096572995185852
0.9096572995185852
0.9112149477005005
0.9112149477005005
0.9112149477005005
0.9112149477005005
0.9127725958824158
0.9127725958824158
0.9127725958824158
0.9127725958824158
0.9127725958824158
0.9127725958824158
0.9096572995185852
0.9080997109413147
0.9080997109413147
0.9080997109413147
0.9080997109413147
0.9096572995185852
0.9080997109413147
0.9080997109413147
0.9080997109413147
0.9080997109413147
0.9080997109413147
0.9080997109413147
0.9096572995185852
0.9096572995185852
0.9096572995185852
0.9096572995185852
0.9096572995185852
0.9096572995185852
0.9096572995185852
0.9096572995185852
0.9096572995185852
0.9096572995185852
0.9096572995185852
0.9096572995185852
0.9096572995185852
0.9096572995185852
0.9096572995185852
0.9080997109413147
0.9080997109413147
0.9080997109413147
0.9080997109413147
0.9080997109413147
0.9080997109413147
0.9080997109413147
0.9080997109413147
0.9080997109413147
0.9080997109413147
0.9080997109413147
0.9080997109413147
0.9080997109413147
0.9096572995185852
0.9096572995185852
0.9096572995185852
0.9096572995185852
0.9096572995185852
0.9096572995185852
0.9096572995185852
0.9096572995185852
0.9096572995185852
0.9112149477005005
0.9112149477005005
0.9112149477005005
0.9112149477005005
0.9112149477005005
0.9112149477005005
0.9096572995185852
0.9096572995185852
0.9096572995185852
0.9096572995185852
0.9127725958824158
0.9112149477005005
0.9127725958824158
0.9112149477005005
0.9112149477005005
0.9112149477005005
0.9112149477005005
0.9112149477005005
0.9096572995185852
0.9096572995185852
0.9096572995185852
0.9096572995185852
0.9096572995185852
0.9096572995185852
0.9096572995185852
0.9096572995185852
0.9096572995185852
0.9096572995185852
0.9096572995185852
0.9096572995185852
0.9096572995185852
0.9096572995185852
0.9096572995185852
0.9096572995185852
0.9112149477005005
0.9127725958824158
0.9127725958824158
0.9127725958824158
0.9127725958824158
0.9127725958824158
0.9127725958824158
0.9127725958824158
0.9127725958824158
0.9127725958824158
0.9127725958824158
0.9127725958824158
0.9127725958824158
0.9127725958824158
0.9127725958824158
0.9127725958824158
0.9127725958824158
0.9127725958824158
0.9127725958824158
0.9127725958824158
0.9127725958824158
0.9127725958824158
0.9127725958824158
0.9127725958824158
0.9112149477005005
0.9112149477005005
0.9112149477005005
0.9112149477005005
0.9112149477005005
0.9112149477005005
0.9127725958824158
0.9127725958824158
