0.7977042198181152
0.47451892495155334
0.3997602164745331
0.3820139765739441
0.35913628339767456
0.35005927085876465
0.3424185812473297
0.3292742669582367
0.3205105662345886
0.31256037950515747
0.3074197471141815
0.29408007860183716
0.2857051193714142
0.28053346276283264
0.27373382449150085
0.2937838137149811
0.2694903314113617
0.26087450981140137
0.25139129161834717
0.2524328827857971
0.25124526023864746
0.23924997448921204
0.23107938468456268
0.22873632609844208
0.22488224506378174
0.21718920767307281
0.2135017067193985
0.20683428645133972
0.20000293850898743
0.19521106779575348
0.18960410356521606
0.1859089434146881
0.18737220764160156
0.18212860822677612
0.1811600774526596
0.19480006396770477
0.20582976937294006
0.19820581376552582
0.17872779071331024
0.16407984495162964
0.15915921330451965
0.15298976004123688
0.14717301726341248
0.14232291281223297
0.13964402675628662
0.13664408028125763
0.13164447247982025
0.13229140639305115
0.13187740743160248
0.1270718276500702
0.12358053028583527
0.11707353591918945
0.1354045867919922
0.13566379249095917
0.1983870267868042
0.18759766221046448
0.1356639862060547
0.12669780850410461
0.11096621304750443
0.10421083867549896
0.09903697669506073
0.09444176405668259
0.09100072830915451
0.08939827233552933
0.08632737398147583
0.08300581574440002
0.10307347774505615
0.09267555922269821
0.0798458680510521
0.07561811059713364
0.07974158972501755
0.07305200397968292
0.07076813280582428
0.06648298352956772
0.0627639889717102
0.05910009890794754
0.05660182982683182
0.05372777208685875
0.053180936723947525
0.05066317319869995
0.05165977030992508
0.05581904947757721
0.0634629875421524
0.05666409060359001
0.051883649080991745
0.04738771170377731
0.04092446342110634
0.038890596479177475
0.036365244537591934
0.034893639385700226
0.03477710112929344
0.031981904059648514
0.03178758546710014
0.03023073822259903
0.028850290924310684
0.027435846626758575
0.05531247332692146
0.05563746765255928
0.03833771497011185
0.034047916531562805
0.08951122313737869
0.05739298090338707
0.05439205840229988
0.03371494263410568
0.032289862632751465
0.029571738094091415
0.024099862203001976
0.022115372121334076
0.020207824185490608
0.019181687384843826
0.018324989825487137
0.017233481630682945
0.01657593622803688
0.01692708395421505
0.015954798087477684
0.014622935093939304
0.014117719605565071
0.013842527754604816
0.014471786096692085
0.014844169840216637
0.013768593780696392
0.012587941251695156
0.011413243599236012
0.01111652608960867
0.010588965378701687
0.010156732983887196
0.010041517205536366
0.015943685546517372
0.010679188184440136
0.01000205334275961
0.009222021326422691
0.008833550848066807
0.008603382855653763
0.008495822548866272
0.00850890763103962
0.008229118771851063
0.008163834922015667
0.008058378472924232
0.0077384416945278645
0.007656329311430454
0.007537578698247671
0.007338619790971279
0.007231363095343113
0.007188181392848492
0.006959615275263786
0.006933819968253374
0.006779644172638655
0.006668431684374809
0.00661205779761076
0.0067721083760261536
0.006585747469216585
0.00633536372333765
0.006205915939062834
0.006085130851715803
0.005969432182610035
0.005978449247777462
0.005829476751387119
0.005714501719921827
0.0056532914750278
0.005555777344852686
0.00550282234326005
0.005439885891973972
0.005385892931371927
0.005240625701844692
0.005137288477271795
0.0050642346031963825
0.004989473149180412
0.004877765662968159
0.0048989467322826385
0.004732668865472078
0.00468390341848135
0.0046584876254200935
0.004688045475631952
0.0044732666574418545
0.004483016673475504
0.0043298956006765366
0.0042826710268855095
0.004205301869660616
0.004265907220542431
0.005074296612292528
0.005058606155216694
0.004376879893243313
0.004025712143629789
0.003929683938622475
0.0037886989302933216
0.0037633369211107492
0.0036721755750477314
0.003635904984548688
0.003580393036827445
0.0035194200463593006
0.0035397938918322325
0.0034762544091790915
0.0036792466416954994
0.003632153384387493
0.0034134555608034134
0.003236088901758194
0.003223002888262272
0.0031224763952195644
0.003131384029984474
0.003035294823348522
0.002978484844788909
0.0032611798960715532
0.003182475920766592
0.002945070620626211
0.0028108456172049046
0.002758696908131242
0.0027177680749446154
0.002675783121958375
0.0026460180524736643
0.00285108364187181
0.002897425554692745
0.003226969391107559
0.00266924686729908
0.0026698734145611525
0.002491273684427142
0.0025349422357976437
0.0023408178240060806
0.0023545362055301666
0.0022857848089188337
0.0022898265160620213
0.002247398253530264
0.0022926079109311104
0.0021602048072963953
0.0021037620026618242
0.0020561160054057837
0.00206310348585248
0.0019897439051419497
0.0019569629803299904
0.0019492603605613112
0.0019190863240510225
0.0018952857935801148
0.0018768685404211283
0.0018681793007999659
0.001849635038524866
0.0018356273649260402
0.0018276362679898739
0.0024134311825037003
0.002428579144179821
0.0019626631401479244
0.001864218502305448
0.0018282545497640967
0.0017736648442223668
0.0017490115715190768
0.0017221200978383422
0.0017127569299191236
0.0016896979650482535
0.0016841074684634805
0.0016687363386154175
0.0016470291884616017
0.001648868783377111
0.001658532302826643
0.00163267704192549
0.001610887935385108
0.0015918222488835454
0.0015879260608926415
0.0015603950014337897
0.0015650256536900997
0.0015376791125163436
0.0015206843381747603
0.0015161593910306692
0.0015130742685869336
0.0014940755208954215
0.0014757277676835656
0.0014604462776333094
0.0014581545256078243
0.0014509522588923573
0.0014306198572739959
0.001427478389814496
0.0014199480647221208
0.0014011618914082646
0.001393702463246882
0.0013832428958266973
0.0013740520225837827
0.0013608626322820783
0.001350666512735188
0.0013409489765763283
0.0013300571590662003
0.001326809753663838
0.0013198878150433302
0.0013034847797825933
0.0012910607038065791
0.0012977210571989417
0.0012973742559552193
0.0012999591417610645
0.001278572715818882
0.0012655885657295585
0.0014059353852644563
0.0014786687679588795
0.0012376904487609863
0.0012509999796748161
0.0012170885456725955
0.001625235192477703
0.0016422879416495562
0.0019473698921501637
0.0013956770999357104
0.001369805308058858
0.0012964794877916574
0.001239911187440157
0.0012100019957870245
0.0011710734106600285
0.0011488980380818248
0.0011323257349431515
0.0011227610521018505
0.0011065517319366336
0.0010862491326406598
0.0012026398908346891
0.0012667622650042176
0.0011535929515957832
0.0010921688517555594
0.0010715079260990024
0.0010407848749309778
0.0010251208441331983
0.0010145505657419562
0.001007517334073782
0.0010101905791088939
0.0009900251170620322
0.0009794699726626277
0.0009699258953332901
0.00096086913254112
0.0009528641821816564
0.0009468618663959205
0.0009367377497255802
0.0009348156745545566
0.0009215614409185946
0.0009147231467068195
0.0009117591544054449
0.0009073721012100577
0.0008919521933421493
0.0008930732146836817
0.0008901354158297181
0.0008814379689283669
0.0008780453936196864
0.0008759933989495039
0.0008715539588592947
0.000874625809956342
0.0008789224084466696
0.0008758529438637197
0.0008655633428134024
0.0008623318863101304
0.0008582908194512129
0.0008520951960235834
0.0008463668054901063
0.000842408393509686
0.0008383237291127443
0.0008425149717368186
0.0008419714285992086
0.0008327645482495427
0.0008265987271443009
0.0008237087167799473
0.0008200582233257592
0.0008170883520506322
0.0008123669540509582
0.0008116968674585223
0.000853836361784488
0.0008628343348391354
0.000847373332362622
0.0008275039144791663
0.0008164313621819019
0.0007941522053442895
0.0008162781014107168
0.0007819071179255843
0.0007939981878735125
0.0007962305098772049
0.0007835512515157461
0.000775307125877589
0.0007711455691605806
0.0007678146939724684
0.0010603806003928185
0.0012254570610821247
0.0009674516040831804
0.0008000096422620118
0.0007928920676931739
0.000796164502389729
0.00078385736560449
0.0007640253752470016
0.0007546485867351294
0.0007499503553844988
0.0007407477824017406
0.0007341851596720517
0.0007295362302102149
0.0007262311410158873
0.0007214646902866662
0.0007163616246543825
0.0007193119381554425
0.0008102894062176347
0.0007594351191073656
0.00071941246278584
0.0007015659939497709
0.0006974494317546487
0.0006937935831956565
0.0006892645615153015
0.000686297717038542
0.000681564852129668
0.0006773234927095473
0.0006781112169846892
0.0006749884923920035
0.0006759703974239528
0.0006677298224531114
0.00066889583831653
0.0006682128296233714
0.0006884057656861842
0.000734228000510484
0.0007169503951445222
0.0006765483412891626
0.0006628793780691922
0.0006515854620374739
0.0006614613230340183
0.000691625231411308
0.0006646021502092481
0.0006417904514819384
0.0006331951590254903
0.0006288528675213456
0.0006231606821529567
0.0006207792903296649
0.0006166124367155135
0.0006144181243143976
0.0006124664796516299
0.0006114430725574493
0.0006060092709958553
0.0006026162882335484
0.0005983200389891863
0.0005968784098513424
0.0005951360799372196
0.0005898784147575498
0.0005915169604122639
0.0005876686773262918
0.000583625165745616
0.0005788196576759219
0.0005774566088803113
0.0005756128812208772
0.0005744544323533773
0.0005724345101043582
0.0005711467820219696
0.0005688974633812904
0.0005695218569599092
0.0005664583877660334
0.0005649106460623443
0.0005643856129609048
0.0005631105741485953
0.0005620149313472211
0.0005595448892563581
0.0005585102480836213
0.000557841151021421
0.0005557984695769846
0.0005537577671930194
0.0005531467613764107
0.0005523875588551164
0.0005500196130014956
0.0005491104093380272
0.0005486331647261977
0.0005466478760354221
0.0005458344239741564
0.0005473382771015167
0.0005441841203719378
0.0005426560528576374
0.0005400390364229679
0.0005392463062889874
0.0005379875074140728
0.0005357293994165957
0.0005344895762391388
0.0005337434122338891
0.0005315488087944686
0.0005299716140143573
0.000530218705534935
0.0005293782451190054
0.0005269050016067922
0.0005252816481515765
0.0005240385653451085
0.0005226393695920706
0.0005211130483075976
0.00051925890147686
0.0005185711197555065
0.0005167659255675972
0.0005153486272320151
0.0005157787818461657
0.0005152294761501253
0.0005130870267748833
0.0005124852177686989
0.0005092891515232623
0.0005076758679933846
0.0005068841855973005
0.0005045256693847477
0.0005034691421315074
0.0005018948577344418
0.0005014532944187522
0.0004998382646590471
0.0004985973355360329
0.0004981486708857119
0.0004962529055774212
0.0004941726219840348
0.0004934177850373089
0.000491713872179389
0.0004922420484945178
0.00048821757081896067
0.0004873654688708484
0.00048594296094961464
0.00048440523096360266
0.0004834297869820148
0.00048206481733359396
0.0004815588181372732
0.0004790100210811943
0.0004787802172359079
0.00047748329234309494
0.0004754590627271682
0.00047388250823132694
0.00047272874508053064
0.0004715336544904858
0.00047045096289366484
0.0004714656970463693
0.00047151953913271427
0.00047099252697080374
0.0004672629584092647
0.00046524053323082626
0.0004722891026176512
0.0005216982681304216
0.0005022524273954332
0.00048267413512803614
0.0004737591661978513
0.00046809983905404806
0.00046346793533302844
0.0004597180522978306
0.0004570791788864881
0.0004538091889116913
0.0004513035237323493
0.0004517331253737211
0.0004575693455990404
0.0004846121883019805
0.0004734407120849937
0.00046382774598896503
0.00045499493717215955
0.0004503027012106031
0.0004451516142580658
0.00044334353879094124
0.0004412091220729053
0.00044014464947395027
0.0004383958294056356
0.0004380264144856483
0.00043724820716306567
0.0004355419659987092
0.00043440598528832197
0.0004335700359661132
0.000432972505223006
0.00043227284913882613
0.00043093066778965294
0.0004307142226025462
0.00043013558024540544
0.00042888266034424305
0.0004276815743651241
0.00042676800512708724
0.00042553915409371257
0.0004249604535289109
0.0004240094858687371
0.0004229933547321707
0.00042201249743811786
0.0004214899381622672
0.00042110992944799364
0.00042004749411717057
0.00041900831274688244
0.00041803446947596967
0.0004170557076577097
0.0004166837316006422
0.0004161040124017745
0.00041546826832927763
0.0004142496327403933
0.0004132798931095749
0.0004129274166189134
0.0004115482443012297
0.0004111251619178802
0.0004106252745259553
0.00040937226731330156
0.0004084532556589693
0.00040795901441015303
0.0004075306933373213
0.0004065914254169911
0.0004088796558789909
0.000409474567277357
0.000408823398174718
0.0004059521888848394
0.0004048874834552407
0.0004028188996016979
0.00040183818782679737
0.00040055575664155185
0.00039951049257069826
0.0003996440500486642
0.0004027305403724313
0.0004023268411401659
0.0003986538795288652
0.0003965644573327154
0.00039534896495752037
0.0003944117925129831
0.0003934904234483838
0.0003915311535820365
0.00039230691618286073
0.0003910961968358606
0.0003903930482920259
0.00038987898733466864
0.0003886221966240555
0.00038724549813196063
0.00038859312189742923
0.0003864277387037873
0.00038549123564735055
0.0003838171251118183
0.0003833987866528332
0.0003825665626209229
0.0003816080279648304
0.0003838320844806731
0.0003872067609336227
