0.6165948510169983
0.4143811762332916
0.36837688088417053
0.3376162350177765
0.3158019185066223
0.3007701635360718
0.2854532301425934
0.278965562582016
0.2676600515842438
0.2596855163574219
0.2512712776660919
0.2473098635673523
0.2298082560300827
0.216436505317688
0.20756903290748596
0.23395970463752747
0.22543717920780182
0.20076946914196014
0.19011573493480682
0.17794932425022125
0.16878773272037506
0.16115088760852814
0.15464971959590912
0.167464941740036
0.16750672459602356
0.15099889039993286
0.1392451673746109
0.12496495246887207
0.13431087136268616
0.11598241329193115
0.1055632010102272
0.10976193845272064
0.09510007500648499
0.08605162054300308
0.09764706343412399
0.09095171093940735
0.08371693640947342
0.08979476243257523
0.07317616790533066
0.08866021782159805
0.06224691867828369
0.06323719769716263
0.07284494489431381
0.0861751139163971
0.05465879291296005
0.041646845638751984
0.03529786691069603
0.03024975024163723
0.02970927767455578
0.02649162895977497
0.024104146286845207
0.028766987845301628
0.027424322441220284
0.021738385781645775
0.017559098079800606
0.016057783737778664
0.013870349153876305
0.012463826686143875
0.01128068845719099
0.010025378316640854
0.009161612950265408
0.008240812458097935
0.011173348873853683
0.010164492763578892
0.008005074225366116
0.006484871730208397
0.00594911677762866
0.0059513733722269535
0.00514428224414587
0.004639844875782728
0.004250362515449524
0.003975625615566969
0.003731244010850787
0.003722113324329257
0.003336797235533595
0.0040960852056741714
0.0030794446356594563
0.002942024962976575
0.0027611306868493557
0.00254469970241189
0.0024624376092106104
0.00240411632694304
0.0022148729767650366
0.0021890203934162855
0.0019939164631068707
0.001959351822733879
0.0018857454415410757
0.0017613103846088052
0.001692264573648572
0.0016385485650971532
0.0016002573538571596
0.0018173534190282226
0.0016047729877755046
0.0014430648880079389
0.0013735993998125196
0.001311490428633988
0.0012571667321026325
0.0012490081135183573
0.0016601092647761106
0.0012544634519144893
0.0012432881630957127
0.0010975055629387498
0.0010408152593299747
0.0010254151420667768
0.0010217759991064668
0.0009686173289082944
0.0008940184488892555
0.0008511434425599873
0.0008603818132542074
0.0008259414462372661
0.0007818773156031966
0.0007420259062200785
0.0007249946356751025
0.0006970221293158829
0.0006811463390477002
0.0006639384664595127
0.0006486119236797094
0.0006394451484084129
0.0006142730708234012
0.0006030163494870067
0.0005914175999350846
0.0005807798006571829
0.0005733341677114367
0.0005663178162649274
0.0005560823483392596
0.0005518828402273357
0.0005448793526738882
0.0005340935313142836
0.000532609352376312
0.0005236800643615425
0.0005173556273803115
0.0005176011472940445
0.0005007156869396567
0.0004979955265298486
0.0005051018088124692
0.0004921656800433993
0.00048176536802202463
0.000472559331683442
0.000472371670184657
0.00046370652853511274
0.00045852072071284056
0.00045214968849904835
0.000446555350208655
0.00044241041177883744
0.0004320513107813895
0.0004251972131896764
0.0004221273702569306
0.00041614737710915506
0.0004110356676392257
0.00040914767305366695
0.00040166027611121535
0.0003968392265960574
0.00038988012238405645
0.00038643446168862283
0.00038060941733419895
0.0003759670944418758
0.000372093403711915
0.000368412584066391
0.0003633325977716595
0.00035780659527517855
0.0003692734753713012
0.0003692508616950363
0.00035236356779932976
0.0003484355111140758
0.00034131930442526937
0.0003339937247801572
0.00033107789931818843
0.0003286849532742053
0.0003234175965189934
0.0003181230858899653
0.00031262164702638984
0.00030908314511179924
0.0003042345051653683
0.00030246208189055324
0.0003107180236838758
0.0003186859539709985
0.000312870746711269
0.0002987169718835503
0.0002901546540670097
0.0002829981967806816
0.00027917843544855714
0.0002744383236858994
0.00027315726038068533
0.0002875407226383686
0.0002777019690256566
0.000268682575551793
0.00027000397676602006
0.0002622409083414823
0.0002543156442698091
0.00025167068815790117
0.0002481411793269217
0.00024271862639579922
0.0002461777185089886
0.00024283411039505154
0.00029859572532586753
0.0002865241840481758
0.00023889595468062907
0.00022701933630742133
0.00022282142890617251
0.00021991532412357628
0.00021647482935804874
0.00021220717462711036
0.00021066305635031313
0.0002078109682770446
0.00020588270854204893
0.00020478673104662448
0.00020151612989138812
0.00020340616174507886
0.00020069863239768893
0.00019709413754753768
0.0001945722324308008
0.0001929046120494604
0.00018857175018638372
0.00018606836965773255
0.00018393514619674534
0.0001833581191021949
0.00018024476594291627
0.00018112982797902077
0.00017861153173726052
0.00017648033099249005
0.00017496162035968155
0.0001740471343509853
0.0002196026616729796
0.0002798407804220915
0.00022380401787813753
0.00018925123731605709
0.00018173243734054267
0.00017734832363203168
0.00017367220425512642
0.00017059303354471922
0.00016801113088149577
0.00016632235201541334
0.00016450810653623194
0.00016388145741075277
0.00016225453873630613
0.00016066654643509537
0.00016468983085360378
0.00019216982764191926
0.0001842123456299305
0.00016507861437276006
0.00016044451331254095
0.00015818078827578574
0.00015501743473578244
0.0001532818569103256
0.0001521306694485247
0.00015057026757858694
0.00014963073772378266
0.00014834753528703004
0.0001473126612836495
0.00014647522766608745
0.00014601046859752387
0.00014470549649558961
0.00014426115376409143
0.00014343630755320191
0.00014237406139727682
0.00014136162644717842
0.00014098524115979671
0.00014073851343709975
0.00013944962120149285
0.00013849402603227645
0.00013707697507925332
0.0001360787427984178
0.00013523470261134207
0.00013423092605080456
0.00013370861415751278
0.00013266174937598407
0.00013364791811909527
0.00013463551294989884
0.00013366075290832669
0.00013165734708309174
0.0001303379249293357
0.0001294852263526991
0.0001351097016595304
0.00014867522986605763
0.00013876926095690578
0.00013165833661332726
0.00012881263683084399
0.00012574633001349866
0.00012396657257340848
0.00012305114069022238
0.0001220873382408172
0.00012135581346228719
0.00012024199531879276
0.00011937510862480849
0.00011860801896546036
0.0001179779355879873
0.00011745807569241151
0.00011857855133712292
0.00011666106001939625
0.00011532291682669893
0.00011495576472952962
0.0001149286181316711
0.00011547701433300972
0.00011409103171899915
0.00011267442459939048
0.00011135121167171746
0.00011199880827916786
0.00011393934983061627
0.00011066665319958702
0.00010970059520332143
0.00011010844900738448
0.00010817954171216115
0.00010782983008539304
0.00011093422654084861
0.00010982531966874376
0.000106158695416525
0.00010433012357680127
0.00010388873488409445
0.0001025754536385648
0.00010169693268835545
0.00010118138015968725
0.00010028820543084294
9.965528442990035e-05
0.00010003856004914269
0.0001009436891763471
9.890212822938338e-05
9.764110291143879e-05
9.697390487417579e-05
9.618896729080006e-05
9.571798000251874e-05
9.542853513266891e-05
9.650243009673432e-05
9.79046308202669e-05
9.731786121847108e-05
9.58847303991206e-05
9.537494770484045e-05
9.463137394050136e-05
9.435904212296009e-05
9.468514326727018e-05
9.419948764843866e-05
9.343342389911413e-05
9.281881648348644e-05
9.230168507201597e-05
9.189949923893437e-05
9.133639105129987e-05
9.106758079724386e-05
9.070744999917224e-05
9.027776104630902e-05
9.033037349581718e-05
9.414454689249396e-05
9.245353430742398e-05
9.139259054791182e-05
8.945546869654208e-05
8.907495794119313e-05
8.86282286955975e-05
8.800916839390993e-05
8.770708518568426e-05
8.729731780476868e-05
8.69131981744431e-05
8.660960156703368e-05
8.624867768958211e-05
8.594309474574402e-05
8.569301280658692e-05
8.522668940713629e-05
8.519387483829632e-05
8.490637264912948e-05
8.450189488939941e-05
8.426593558397144e-05
8.393219468416646e-05
8.38421328808181e-05
8.352157601621002e-05
8.29624550533481e-05
8.262818300863728e-05
8.233833068516105e-05
8.201621676562354e-05
8.173357491614297e-05
8.171897934516892e-05
8.148824417730793e-05
8.130884089041501e-05
8.112790965242311e-05
8.053515921346843e-05
8.017723303055391e-05
8.004828850971535e-05
7.9662240750622e-05
7.926542457425967e-05
7.910227577667683e-05
7.899398042354733e-05
7.881144847488031e-05
7.82636707299389e-05
7.787030335748568e-05
7.765203918097541e-05
7.721399742877111e-05
7.692407962167636e-05
7.668193575227633e-05
7.727018964942545e-05
7.695278327446431e-05
7.642144919373095e-05
7.576528150821105e-05
7.547262794105336e-05
7.515367906307802e-05
7.481453940272331e-05
7.43801356293261e-05
7.42069460102357e-05
7.386475772364065e-05
7.361202733591199e-05
7.353418186539784e-05
7.307706982828677e-05
7.281307625817135e-05
7.261215796461329e-05
7.222269050544128e-05
7.214186916826293e-05
7.19873933121562e-05
7.159708184190094e-05
7.139814260881394e-05
7.112355524441227e-05
7.067067053867504e-05
7.037600153125823e-05
7.005050429143012e-05
6.979960016906261e-05
6.951286923140287e-05
6.927235517650843e-05
6.919132283655927e-05
6.902557652210817e-05
6.925364868948236e-05
6.851051875855774e-05
6.793668580939993e-05
6.776874943170696e-05
6.753250636393204e-05
6.72447495162487e-05
6.700761150568724e-05
6.684392428724095e-05
6.675665645161644e-05
6.652582669630647e-05
6.638658669544384e-05
6.638593185925856e-05
6.696288619423285e-05
6.805433076806366e-05
6.695897172903642e-05
6.705722626065835e-05
6.706020940328017e-05
6.664731336059049e-05
6.631809810642153e-05
6.602784560527653e-05
6.568781827809289e-05
6.546299846377224e-05
6.518113514175639e-05
6.506958015961573e-05
6.500697782030329e-05
6.455639231717214e-05
6.44287938484922e-05
6.414455856429413e-05
6.396698881871998e-05
6.370996561599895e-05
6.37622651993297e-05
6.362763815559447e-05
6.335943908197805e-05
6.317772931652144e-05
6.299710366874933e-05
6.297512300079688e-05
6.277915235841647e-05
6.279612716753036e-05
6.254822801565751e-05
6.235439650481567e-05
6.21505532762967e-05
6.190697604324669e-05
6.1749953601975e-05
6.144444341771305e-05
6.15576864220202e-05
6.141730409581214e-05
6.110775575507432e-05
6.105681677581742e-05
6.097674122429453e-05
6.0760954511351883e-05
6.061035310267471e-05
6.04903107159771e-05
6.0314880101941526e-05
6.0134101659059525e-05
6.031383600202389e-05
5.995457831886597e-05
5.9760357544291764e-05
5.9610672906273976e-05
5.946321107330732e-05
5.9269877965562046e-05
5.929282997385599e-05
5.9470185078680515e-05
5.9356541896704584e-05
5.885381324333139e-05
5.86396454309579e-05
5.849638182553463e-05
5.8240450016455725e-05
5.817653436679393e-05
5.794717071694322e-05
5.7841501984512433e-05
5.7620440202299505e-05
5.752514334744774e-05
5.7309680414618924e-05
5.716240411857143e-05
5.705311559722759e-05
5.692993363481946e-05
5.694289575330913e-05
5.7249024393968284e-05
5.7230485253967345e-05
5.690427860827185e-05
5.643402982968837e-05
5.6147480790968984e-05
5.588691419688985e-05
5.5690274166408926e-05
5.5503616749774665e-05
5.5345954024232924e-05
5.5168962717289105e-05
5.505412264028564e-05
5.488528768182732e-05
5.475443686009385e-05
5.467657319968566e-05
5.446264913189225e-05
5.440858512884006e-05
5.42840534762945e-05
5.404554758570157e-05
5.407517164712772e-05
5.388506542658433e-05
5.3764451877214015e-05
5.35792023583781e-05
5.337973198038526e-05
5.318478724802844e-05
5.297067036735825e-05
5.29826465935912e-05
5.2772225899389014e-05
5.259222598397173e-05
5.242281258688308e-05
5.234309719526209e-05
5.2246272389311343e-05
5.2095972932875156e-05
5.216593126533553e-05
5.20751673320774e-05
5.196514757699333e-05
5.1817634812323377e-05
5.175159458303824e-05
5.162907837075181e-05
5.1629351219162345e-05
5.154607424628921e-05
5.140628491062671e-05
5.130119461682625e-05
5.121490903547965e-05
5.113812585477717e-05
5.106014577904716e-05
5.1004099077545106e-05
5.089451587991789e-05
5.1035061915172264e-05
5.103675721329637e-05
5.090130434837192e-05
5.0988262955797836e-05
5.066832818556577e-05
5.05229108966887e-05
5.0517588533693925e-05
5.042536213295534e-05
5.0288934289710596e-05
5.0218699470860884e-05
5.0102338718716055e-05
4.996669667889364e-05
4.9973044951912016e-05
4.98668996442575e-05
4.9735626816982403e-05
4.967872882843949e-05
4.95922431582585e-05
4.9503356422064826e-05
4.936582990922034e-05
4.928879934595898e-05
4.9185906391358e-05
4.9096714064944535e-05
4.90215934405569e-05
4.893808363704011e-05
4.883794827037491e-05
4.875875674770214e-05
4.8751029680715874e-05
4.860069748247042e-05
4.846942101721652e-05
4.872225326835178e-05
4.868233736488037e-05
4.851894482271746e-05
4.835756772081368e-05
4.818867091671564e-05
4.809322126675397e-05
4.796330540557392e-05
4.792555046151392e-05
4.7739886213093996e-05
4.768526559928432e-05
4.7625231673009694e-05
4.751402957481332e-05
4.738647839985788e-05
4.723626625491306e-05
4.742217788589187e-05
4.758446812047623e-05
4.777427966473624e-05
4.780041490448639e-05
4.7747780627105385e-05
4.7454970626858994e-05
4.716175317298621e-05
4.71596977149602e-05
4.7067802370293066e-05
4.685255407821387e-05
4.668382462114096e-05
4.644285581889562e-05
4.631324554793537e-05
4.618960156221874e-05
4.603285196935758e-05
4.5971428335178643e-05
4.585687202052213e-05
4.5704873627983034e-05
4.5640099415322766e-05
4.552390964818187e-05
4.541795715340413e-05
