0.9354118704795837
0.7854089140892029
0.7237308621406555
0.6982783079147339
0.683900773525238
0.6764883995056152
0.6690627336502075
0.6573635339736938
0.643364429473877
0.6294224858283997
0.6151389479637146
0.601594865322113
0.5859528183937073
0.5709046721458435
0.5541812181472778
0.5383991599082947
0.5215326547622681
0.5035713315010071
0.4873098134994507
0.46804970502853394
0.4520196318626404
0.44139978289604187
0.4290241599082947
0.4195592701435089
0.41222891211509705
0.40251725912094116
0.3956196904182434
0.3935808539390564
0.3848944306373596
0.3718107044696808
0.3653261661529541
0.35987043380737305
0.3543689548969269
0.35175472497940063
0.3489209711551666
0.3479761779308319
0.34218981862068176
0.3381775915622711
0.33413174748420715
0.32881563901901245
0.32633498311042786
0.3225506842136383
0.31932535767555237
0.3163487911224365
0.31457334756851196
0.3105926811695099
0.3147181570529938
0.3105032742023468
0.3092128038406372
0.30695831775665283
0.3038611114025116
0.2998582422733307
0.2979954779148102
0.29679471254348755
0.2938825488090515
0.2912155091762543
0.2892690598964691
0.28884583711624146
0.28755325078964233
0.2839851379394531
0.28215688467025757
0.28020918369293213
0.2793540954589844
0.2768796682357788
0.29558712244033813
0.3025228679180145
0.28471696376800537
0.27629610896110535
0.2764537036418915
0.2739545702934265
0.27074819803237915
0.2687796354293823
0.26653361320495605
0.2652427554130554
0.2635582685470581
0.2618447542190552
0.2604225277900696
0.25948095321655273
0.2584858238697052
0.26057741045951843
0.2563420236110687
0.25462448596954346
0.2528533339500427
0.25500035285949707
0.2540738880634308
0.2508627772331238
0.24841980636119843
0.24805961549282074
0.24683734774589539
0.2445467710494995
0.24523374438285828
0.24343009293079376
0.2414010763168335
0.24102187156677246
0.2393670678138733
0.23798584938049316
0.2372063547372818
0.2422083020210266
0.2371770292520523
0.23910948634147644
0.2323121577501297
0.23445069789886475
0.23264484107494354
0.2310236245393753
0.23110347986221313
0.22943371534347534
0.22776497900485992
0.22556445002555847
0.22467699646949768
0.22304663062095642
0.2218608260154724
0.2211073338985443
0.22027690708637238
0.21900556981563568
0.21758466958999634
0.21649952232837677
0.2153887152671814
0.21471676230430603
0.21412715315818787
0.2149094194173813
0.21657143533229828
0.2148701250553131
0.21709002554416656
0.21278908848762512
0.2140675038099289
0.21429048478603363
0.21038798987865448
0.2163553386926651
0.21531306207180023
0.20895704627037048
0.20760796964168549
0.20487721264362335
0.20247822999954224
0.2020736187696457
0.2011570930480957
0.2044171690940857
0.19895336031913757
0.19825008511543274
0.19628645479679108
0.1932060569524765
0.19396904110908508
0.1955179125070572
0.19244663417339325
0.18854203820228577
0.19315285980701447
0.19347287714481354
0.19019395112991333
0.18739622831344604
0.18978051841259003
0.1875573992729187
0.18482348322868347
0.1835394948720932
0.18216177821159363
0.1841810941696167
0.18604139983654022
0.18189020454883575
0.1777033656835556
0.17977066338062286
0.1785861998796463
0.17538155615329742
0.17446890473365784
0.1731448769569397
0.17232383787631989
0.17049966752529144
0.1690780371427536
0.16768325865268707
0.16662800312042236
0.17208854854106903
0.17092446982860565
0.1669469177722931
0.16479428112506866
0.1639777570962906
0.162345752120018
0.1667182445526123
0.1653665155172348
0.16236986219882965
0.15970253944396973
0.18313337862491608
0.18371045589447021
0.17584803700447083
0.1675577163696289
0.16312889754772186
0.1618662327528
0.16032662987709045
0.16173642873764038
0.16226612031459808
0.15883181989192963
0.15706855058670044
0.1566455066204071
0.15545280277729034
0.1543755978345871
0.1552186757326126
0.1541408747434616
0.15326830744743347
0.15371020138263702
0.15338952839374542
0.1523459553718567
0.15203484892845154
0.15110230445861816
0.15057684481143951
0.1500515192747116
0.14966566860675812
0.15004689991474152
0.1504075676202774
0.1493379771709442
0.14879505336284637
0.15038487315177917
0.1504574418067932
0.15013690292835236
0.14929333329200745
0.14805030822753906
0.14730297029018402
0.14667221903800964
0.1473560780286789
0.1461593061685562
0.14684362709522247
0.1465785950422287
0.145660400390625
0.1454789638519287
0.14455385506153107
0.14393702149391174
0.14319753646850586
0.14300552010536194
0.14314603805541992
0.1422901749610901
0.14195123314857483
0.14237523078918457
0.14286485314369202
0.14196577668190002
0.14132899045944214
0.14086005091667175
0.1405324786901474
0.13983474671840668
0.13960644602775574
0.13899417221546173
0.13887052237987518
0.13861238956451416
0.13837756216526031
0.13802452385425568
0.13755114376544952
0.13712625205516815
0.13699623942375183
0.13637469708919525
0.13642163574695587
0.13969644904136658
0.14481356739997864
0.13968080282211304
0.13937820494174957
0.13823963701725006
0.13746923208236694
0.13713054358959198
0.13598914444446564
0.13564914464950562
0.1350524127483368
0.13721957802772522
0.13870319724082947
0.14054368436336517
0.13902421295642853
0.1394408792257309
0.13686341047286987
0.1353054791688919
0.13370905816555023
0.1330411732196808
0.1324046105146408
0.13210420310497284
0.13261185586452484
0.1321742981672287
0.1321382075548172
0.13127903640270233
0.1308874487876892
0.1303219199180603
0.13052767515182495
0.1306418925523758
0.13009285926818848
0.1291879266500473
0.12892037630081177
0.1284622699022293
0.1286141276359558
0.12810856103897095
0.1274789273738861
0.1272759586572647
0.12705662846565247
0.1267898827791214
0.12663908302783966
0.12645366787910461
0.12629766762256622
0.126195028424263
0.12643620371818542
0.12646672129631042
0.12594041228294373
0.125875324010849
0.12579531967639923
0.1254701018333435
0.12532539665699005
0.1251230239868164
0.1253073364496231
0.12594805657863617
0.12870416045188904
0.12774811685085297
0.12552887201309204
0.1250743418931961
0.12452385574579239
0.12418275326490402
0.12453383207321167
0.12411591410636902
0.12391304969787598
0.12357310205698013
0.12391910701990128
0.12426817417144775
0.12380679696798325
0.1232648715376854
0.12310335785150528
0.12301499396562576
0.12291645258665085
0.12405048310756683
0.12369275838136673
0.12295612692832947
0.12275957316160202
0.12232453376054764
0.1219295859336853
0.12177293002605438
0.12162285298109055
0.1215122640132904
0.12119609117507935
0.12130241841077805
0.12098955363035202
0.1208634302020073
0.12067250162363052
0.120536670088768
0.12042394280433655
0.1203356683254242
0.12033446133136749
0.1202530562877655
0.11996486037969589
0.1203216090798378
0.12005969136953354
0.12011846154928207
0.12211988866329193
0.12079234421253204
0.12071806937456131
0.1204712763428688
0.11988970637321472
0.11949893087148666
0.11916584521532059
0.11888867616653442
0.11870566755533218
0.1184673011302948
0.1183331087231636
0.11810635775327682
0.11801078170537949
0.1179112121462822
0.11791688948869705
0.11775984615087509
0.11763663589954376
0.11746029555797577
0.1173224151134491
0.1171007826924324
0.11692763864994049
0.11673644930124283
0.11658533662557602
0.1165081262588501
0.11627468466758728
0.11606036871671677
0.11585281789302826
0.11569062620401382
0.11552083492279053
0.11538570374250412
0.115211620926857
0.11496198922395706
0.11502356827259064
0.11572962254285812
0.1154923364520073
0.11496416479349136
0.11451271921396255
0.11417921632528305
0.11449727416038513
0.11467203497886658
0.11528594046831131
0.11459280550479889
0.11385542899370193
0.11361464858055115
0.11350693553686142
0.11330242455005646
0.11312101036310196
0.11299003660678864
0.11291102319955826
0.11283882707357407
0.11275683343410492
0.11311636120080948
0.1131061315536499
0.11278753727674484
0.11257631331682205
0.11237906664609909
0.11224281042814255
0.11211287975311279
0.1119985282421112
0.11193612217903137
0.11181508749723434
0.11173665523529053
0.11181461066007614
0.11175085604190826
0.11175484955310822
0.11176709830760956
0.11192566901445389
0.11180607974529266
0.11213430762290955
0.11177472025156021
0.11149481683969498
0.11138572543859482
0.1110011413693428
0.11143392324447632
0.11130405962467194
0.11124707758426666
0.11106506735086441
0.11096052080392838
0.11094348132610321
0.11102158576250076
0.11078166961669922
0.11073660850524902
0.11048854887485504
0.11062619835138321
0.11054045706987381
0.11048383265733719
0.11032678186893463
0.11026622354984283
0.11021385341882706
0.11085707694292068
0.11067778617143631
0.11019537597894669
0.11009511351585388
0.10992980748414993
0.10981215536594391
0.10970430821180344
0.1095583513379097
0.10946225374937057
0.10955239832401276
0.1094064712524414
0.10927529633045197
0.10917134582996368
0.10916227847337723
0.10908925533294678
0.10910002142190933
0.10899047553539276
0.10876670479774475
0.10906089842319489
0.10888779163360596
0.10862957686185837
0.10853267461061478
0.10848358273506165
0.1083366870880127
0.10824772715568542
0.10844892263412476
0.10873708873987198
0.10865633934736252
0.10804169625043869
0.10844850540161133
0.10836303234100342
0.10819459706544876
0.10791103541851044
0.10819192975759506
0.10800231248140335
0.10780859738588333
0.10763711482286453
0.10779155790805817
0.10760945826768875
0.1075720265507698
0.10765466839075089
0.10752812772989273
0.10742510855197906
0.10756386071443558
0.1073727235198021
0.1071898564696312
0.10704627633094788
0.10698240250349045
0.10686526447534561
0.10680541396141052
0.10672833770513535
0.10662392526865005
0.106528140604496
0.10640174895524979
0.10637801140546799
0.10634465515613556
0.10657617449760437
0.10651154071092606
0.10638625919818878
0.10625985264778137
0.10617448389530182
0.10620756447315216
0.10617604106664658
0.10613898187875748
0.10607448220252991
0.10602717846632004
0.10596030950546265
0.10597650706768036
0.10587606579065323
0.10614528506994247
0.10602186620235443
0.10597125440835953
0.10593581944704056
0.10587077587842941
0.10581423342227936
0.10576286166906357
0.10576850920915604
0.10570689290761948
0.10567322373390198
0.10561779886484146
0.1055881679058075
0.10556071996688843
0.10552654415369034
0.10547590255737305
0.10544033348560333
0.10540614277124405
0.10538005083799362
0.10539819300174713
0.10531400889158249
0.1052582859992981
0.10538554936647415
0.10542941093444824
0.1053447425365448
0.10534290224313736
0.10535069555044174
0.10531368851661682
0.1053958311676979
0.10561368614435196
0.10541274398565292
0.10535062849521637
0.10524988919496536
0.10515660792589188
0.10506504774093628
0.1049899160861969
0.10497257858514786
0.10496044158935547
0.10493221133947372
0.10487351566553116
0.10478941351175308
0.10475824028253555
0.1047295331954956
0.1047143042087555
0.10465826094150543
0.10465927422046661
0.10466481000185013
0.10460497438907623
0.10451243817806244
0.10448184609413147
0.10442512482404709
0.10438171774148941
0.10433484613895416
0.10430840402841568
0.10429468005895615
0.10424518585205078
0.10422467440366745
0.10421095788478851
0.10431825369596481
0.10425601899623871
0.10413976013660431
0.10409197956323624
0.1040576919913292
0.10410632193088531
0.10417541116476059
0.10417499393224716
0.10410726070404053
0.10398522764444351
0.10404868423938751
0.10399200767278671
0.10393963754177094
0.10385052114725113
0.10380424559116364
0.10376065969467163
0.10368632525205612
0.10367625951766968
0.10362022370100021
0.10361005365848541
0.10362465679645538
0.10353250056505203
0.10348162800073624
0.10347456485033035
0.10346925258636475
0.10341129451990128
0.10339000076055527
0.10333582013845444
0.10334554314613342
0.10332311689853668
0.10329519212245941
0.10326609760522842
0.10323280096054077
0.10321849584579468
0.10322480648756027
0.10320277512073517
0.10325067490339279
0.10319872200489044
0.10317844897508621
0.1031426414847374
0.10314477980136871
0.10310165584087372
0.10311788320541382
0.10309602320194244
0.10306721180677414
0.10302001982927322
0.10300609469413757
0.10297057777643204
0.10297613590955734
