0.5702782869338989
0.42236408591270447
0.3835400640964508
0.3643088638782501
0.3474574387073517
0.3387553095817566
0.3300531804561615
0.3252178430557251
0.3228328227996826
0.31068453192710876
0.3090118169784546
0.3107341229915619
0.298993855714798
0.2929072976112366
0.2874066233634949
0.28817683458328247
0.28287458419799805
0.2774094343185425
0.27480700612068176
0.2715394198894501
0.268459677696228
0.2662607729434967
0.2631157338619232
0.28293368220329285
0.27501046657562256
0.2593086361885071
0.25295567512512207
0.2494468092918396
0.2509801983833313
0.24617208540439606
0.2448827475309372
0.24024240672588348
0.24683870375156403
0.24116936326026917
0.23376141488552094
0.23616047203540802
0.2321750968694687
0.2284652143716812
0.22361594438552856
0.22105973958969116
0.2192002832889557
0.21704821288585663
0.22215038537979126
0.2103678435087204
0.21041423082351685
0.20721176266670227
0.20365861058235168
0.2020905613899231
0.2001110315322876
0.1968340128660202
0.19833645224571228
0.19434276223182678
0.19154131412506104
0.18897107243537903
0.18667593598365784
0.1866241693496704
0.184938445687294
0.18240013718605042
0.18969805538654327
0.1874784380197525
0.17871885001659393
0.1759822815656662
0.18343496322631836
0.17976337671279907
0.17445793747901917
0.1680343896150589
0.16503651440143585
0.1625574827194214
0.15929283201694489
0.16854789853096008
0.16700740158557892
0.16385342180728912
0.1561664193868637
0.15455961227416992
0.14982564747333527
0.1472577452659607
0.14603859186172485
0.15807418525218964
0.14845773577690125
0.14366993308067322
0.13799035549163818
0.13556885719299316
0.13571113348007202
0.13410767912864685
0.12784960865974426
0.128352552652359
0.1272304207086563
0.12461786717176437
0.12303221225738525
0.12099312990903854
0.12014362961053848
0.1412917822599411
0.13657787442207336
0.12347348779439926
0.11399143934249878
0.11167090386152267
0.11250824481248856
0.10637067258358002
0.10824920237064362
0.1096622422337532
0.11322039365768433
0.10426376014947891
0.1034698635339737
0.09621354937553406
0.09400228410959244
0.09222385287284851
0.08965902775526047
0.09450437873601913
0.0951099693775177
0.08751662075519562
0.08543477207422256
0.0833968073129654
0.08046439290046692
0.08005111664533615
0.08487097918987274
0.08139244467020035
0.09007345139980316
0.09525156766176224
0.08093759417533875
0.07401543855667114
0.07269429415464401
0.06967718154191971
0.06869059056043625
0.06598759442567825
0.06545782089233398
0.06666471064090729
0.06303726136684418
0.06111466512084007
0.061866939067840576
0.061493176966905594
0.059859730303287506
0.05979363992810249
0.05846087634563446
0.0573170967400074
0.05954112112522125
0.05726735666394234
0.05700486898422241
0.05624328553676605
0.05481405556201935
0.057207249104976654
0.05596886947751045
0.053850315511226654
0.053930241614580154
0.05354296788573265
0.05099612846970558
0.05128316208720207
0.05222012847661972
0.04978562891483307
0.04998089000582695
0.048976778984069824
0.04827864095568657
0.04880773648619652
0.047882724553346634
0.04741071164608002
0.04638488590717316
0.04667360708117485
0.04807978868484497
0.048472002148628235
0.04545598104596138
0.04376794770359993
0.0558079332113266
0.05355093255639076
0.04679691046476364
0.045254211872816086
0.050519347190856934
0.04584191367030144
0.042226266115903854
0.04399294778704643
0.045834124088287354
0.04393488168716431
0.05320253223180771
0.04199682176113129
0.03988746926188469
0.03910364583134651
0.046391237527132034
0.0480475127696991
0.044516466557979584
0.039405569434165955
0.03814270347356796
0.03709765896201134
0.03617507219314575
0.03516334295272827
0.03458402305841446
0.038104500621557236
0.03666965290904045
0.036262985318899155
0.03450903296470642
0.03330983221530914
0.03308100253343582
0.03371252492070198
0.032407984137535095
0.03156743198633194
0.03231256455183029
0.04264090955257416
0.03694352135062218
0.033361729234457016
0.031150029972195625
0.031401537358760834
0.03045649267733097
0.029183663427829742
0.02848626673221588
0.027700139209628105
0.02786944806575775
0.02711307629942894
0.02867066115140915
0.02863774262368679
0.028278904035687447
0.027935657650232315
0.027263792231678963
0.02635074406862259
0.0257687009871006
0.02635648101568222
0.026212003082036972
0.025458859279751778
0.02432587929069996
0.024025477468967438
0.024278167635202408
0.024148263037204742
0.02356811612844467
0.023171551525592804
0.02260425314307213
0.022559242323040962
0.04294497147202492
0.02882767841219902
0.02567189373075962
0.02409154176712036
0.02239316515624523
0.021915916353464127
0.021659133955836296
0.021506749093532562
0.021173356100916862
0.02100343070924282
0.02084185928106308
0.02091459184885025
0.02065160684287548
0.020481927320361137
0.02118777111172676
0.022451383993029594
0.0214991457760334
0.02063569612801075
0.019955001771450043
0.019915305078029633
0.019640881568193436
0.019500285387039185
0.01974182203412056
0.019277207553386688
0.01931113749742508
0.0190707016736269
0.01894085481762886
0.018922921270132065
0.018907111138105392
0.018834317103028297
0.01865660957992077
0.018631160259246826
0.018608424812555313
0.018683241680264473
0.01872725412249565
0.018242977559566498
0.01799960993230343
0.01791398599743843
0.017889434471726418
0.01763715036213398
0.01754475198686123
0.01741132326424122
0.017418716102838516
0.017194164916872978
0.018225688487291336
0.018478477373719215
0.01796993613243103
0.017477769404649734
0.017009582370519638
0.016963308677077293
0.017422037199139595
0.018092799931764603
0.017121128737926483
0.016571391373872757
0.01632300764322281
0.016205646097660065
0.016071900725364685
0.01598917506635189
0.015883874148130417
0.015740375965833664
0.015671703964471817
0.015567777678370476
0.01551359985023737
0.015431515872478485
0.015306352637708187
0.015862323343753815
0.015281809493899345
0.015182899311184883
0.015046719461679459
0.016472578048706055
0.017069140449166298
0.016025494784116745
0.015377885662019253
0.01487941574305296
0.015431763604283333
0.01706440933048725
0.015061375685036182
0.01750161498785019
0.016111835837364197
0.016903674229979515
0.015260825864970684
0.016352759674191475
0.014461267739534378
0.013968491926789284
0.01772482506930828
0.018941394984722137
0.01523397397249937
0.014052597805857658
0.014300868846476078
0.013903290964663029
0.01348919328302145
0.013399792835116386
0.013310457579791546
0.013094580732285976
0.012985299341380596
0.012872586026787758
0.01278568897396326
0.012631521560251713
0.012594198808073997
0.013025208376348019
0.013043061830103397
0.012642985209822655
0.012447528541088104
0.012377665378153324
0.012257999740540981
0.012407081201672554
0.012557164765894413
0.012374093756079674
0.012165854685008526
0.012039470486342907
0.011981917545199394
0.011927396059036255
0.011862276121973991
0.01182189304381609
0.011789962649345398
0.01173977181315422
0.011719396337866783
0.011885044164955616
0.01172645203769207
0.011701920069754124
0.011643242090940475
0.011578191071748734
0.011543112806975842
0.011482409201562405
0.011430999264121056
0.01140191312879324
0.011363163590431213
0.011325167492032051
0.011279286816716194
0.01124319713562727
0.01121563371270895
0.011164390482008457
0.011209317483007908
0.011151413433253765
0.011083589866757393
0.011066015809774399
0.011036280542612076
0.011017248965799809
0.011058888398110867
0.011111912317574024
0.011004913598299026
0.010925072245299816
0.010862395167350769
0.010842693038284779
0.010888089425861835
0.01089322566986084
0.010819652117788792
0.010810320265591145
0.010962755419313908
0.011019565165042877
0.010876081883907318
0.010687804780900478
0.010599196888506413
0.010506469756364822
0.010478399693965912
0.010423548519611359
0.010383432731032372
0.01034346129745245
0.010336585342884064
0.010536778718233109
0.010625731199979782
0.010472732596099377
0.010374712757766247
0.010333020240068436
0.010183626785874367
0.010268180631101131
0.01049691904336214
0.010636979714035988
0.010282563045620918
0.010132642462849617
0.010053110308945179
0.009990629740059376
0.009907625615596771
0.009894763119518757
0.009795614518225193
0.009850529953837395
0.009758172556757927
0.009717825800180435
0.009919986128807068
0.010196088813245296
0.009892760775983334
0.009722759015858173
0.009638341143727303
0.00959305465221405
0.009532135911285877
0.009517704136669636
0.009450853802263737
0.009406350553035736
0.009422129020094872
0.009684235788881779
0.0092405304312706
0.009451104328036308
0.00931852962821722
0.009213978424668312
0.0091751953586936
0.00922522135078907
0.00915796123445034
0.009068384766578674
0.009017146192491055
0.009011088870465755
0.008985919877886772
0.008936936035752296
0.009076189249753952
0.009329336695373058
0.00915740616619587
0.008983138017356396
0.008909991942346096
0.008910231292247772
0.008842028677463531
0.00879894569516182
0.008780000731348991
0.00873166136443615
0.008769015781581402
0.008722053840756416
0.008696899749338627
0.008712483569979668
0.008717501536011696
0.008688511326909065
0.0086482809856534
0.008593903854489326
0.008554517291486263
0.008554070256650448
0.008543412201106548
0.00850374810397625
0.008476754650473595
0.00846144836395979
0.008432935923337936
0.008430981077253819
0.008445327170193195
0.008407282643020153
0.008474688977003098
0.00844566896557808
0.008396415039896965
0.008374912664294243
0.008336654864251614
0.008402133360505104
0.00835926178842783
0.008342931978404522
0.008356587961316109
0.008378800004720688
0.008364209905266762
0.008386606350541115
0.008353336714208126
0.008297627791762352
0.008247186429798603
0.00823843851685524
0.00815741065889597
0.008123825304210186
0.008099823258817196
0.008106051944196224
0.008057824335992336
0.008026950992643833
0.008003593422472477
0.008001431822776794
0.007969672791659832
0.007958458736538887
0.007954783737659454
0.00790876429527998
0.007919277995824814
0.007903022691607475
0.007883372716605663
0.007890718057751656
0.00791321974247694
0.00786210410296917
0.00781739130616188
0.0078008160926401615
0.0077659511007368565
0.007798577193170786
0.007781076245009899
0.007737874984741211
0.00770921353250742
0.007719553075730801
0.00768324313685298
0.007666671182960272
0.007629992440342903
0.007649269420653582
0.007642626296728849
0.007600318640470505
0.007596516516059637
0.007559394463896751
0.0075964294373989105
0.007601938676089048
0.007570470217615366
0.00753377377986908
0.00752406008541584
0.00747931282967329
0.007452179677784443
0.0074367825873196125
0.00747933704406023
0.007424408569931984
0.00739815691486001
0.007368272636085749
0.00737276766449213
0.0074017709121108055
0.007376024033874273
0.007311280816793442
0.007295204326510429
0.007273546885699034
0.00724435830488801
0.007210118696093559
0.007213039789348841
0.007190687116235495
0.007173388730734587
0.007147127762436867
0.007121145725250244
0.007114205975085497
0.007140706293284893
0.007118064444512129
0.007100660819560289
0.0070887599140405655
0.007070848252624273
0.007070628460496664
0.007055342197418213
0.007045153994113207
0.007032598834484816
0.007035273127257824
0.007077551446855068
0.007063740864396095
0.007141247857362032
0.007107507437467575
0.007039268966764212
0.007011320907622576
0.006999083328992128
0.006977845449000597
0.00696523766964674
0.006954945623874664
0.006940985564142466
0.006964544765651226
0.006950582843273878
0.006929307710379362
0.0069291782565414906
0.006922521162778139
0.006908359471708536
0.006901406217366457
0.0068951379507780075
0.006872645113617182
0.006858402863144875
0.006851525511592627
0.006842557340860367
0.006826634053140879
0.006811602506786585
0.006807076279073954
0.006788184866309166
0.006776856258511543
0.006771989166736603
0.006777668371796608
0.006764131132513285
0.006747811567038298
0.006737989839166403
0.006751643493771553
0.006726724561303854
0.006719439290463924
0.006734924390912056
0.006767961662262678
0.006741177756339312
0.00671377731487155
0.006692338734865189
0.006669705733656883
0.0066655040718615055
0.006679962854832411
0.006725660525262356
0.006718659307807684
0.0067620850168168545
0.006766719743609428
0.0067187887616455555
0.006660110782831907
0.006619694177061319
0.006601250264793634
0.0065803830511868
0.006573216523975134
0.0065599470399320126
0.006573258899152279
0.006555854342877865
0.006532482802867889
0.0065259309485554695
0.0065087610855698586
0.006510196719318628
0.006496279966086149
0.006483684293925762
