0.5077881813049316
0.5903427004814148
0.6059190034866333
0.6059190034866333
0.6121495366096497
0.6246106028556824
0.6464174389839172
0.6744548082351685
0.6993769407272339
0.7305296063423157
0.7383177280426025
0.7461059093475342
0.7523364424705505
0.7616822719573975
0.7663551568984985
0.767912745475769
0.7710280418395996
0.777258574962616
0.7881619930267334
0.7912772297859192
0.795950174331665
0.7975077629089355
0.8021807074546814
0.8099688291549683
0.8084112405776978
0.8099688291549683
0.8130841255187988
0.8193146586418152
0.822429895401001
0.8239875435829163
0.827102780342102
0.8286604285240173
0.8302180767059326
0.8333333134651184
0.836448609828949
0.8348909616470337
0.8333333134651184
0.8333333134651184
0.8348909616470337
0.8333333134651184
0.8348909616470337
0.836448609828949
0.8380062580108643
0.8380062580108643
0.836448609828949
0.8333333134651184
0.8348909616470337
0.836448609828949
0.8380062580108643
0.8380062580108643
0.8380062580108643
0.8380062580108643
0.8380062580108643
0.8380062580108643
0.8380062580108643
0.8380062580108643
0.8395638465881348
0.8395638465881348
0.8380062580108643
0.836448609828949
0.836448609828949
0.8380062580108643
0.8380062580108643
0.8380062580108643
0.8380062580108643
0.8395638465881348
0.8380062580108643
0.8380062580108643
0.8380062580108643
0.8380062580108643
0.8380062580108643
0.84112149477005
0.8426791429519653
0.8457943797111511
0.8457943797111511
0.8489096760749817
0.8489096760749817
0.8489096760749817
0.8489096760749817
0.8489096760749817
0.8520249128341675
0.8520249128341675
0.8520249128341675
0.8520249128341675
0.8535825610160828
0.8520249128341675
0.8535825610160828
0.8520249128341675
0.8520249128341675
0.8535825610160828
0.8535825610160828
0.8566977977752686
0.8582554459571838
0.8613707423210144
0.8613707423210144
0.8613707423210144
0.8535825610160828
0.8520249128341675
0.8520249128341675
0.855140209197998
0.855140209197998
0.8598130941390991
0.8613707423210144
0.8598130941390991
0.8629283308982849
0.8629283308982849
0.8644859790802002
0.8644859790802002
0.8660436272621155
0.8676012754440308
0.8676012754440308
0.8676012754440308
0.8676012754440308
0.8676012754440308
0.8691588640213013
0.8691588640213013
0.8707165122032166
0.8707165122032166
0.8707165122032166
0.8707165122032166
0.8707165122032166
0.8707165122032166
0.8707165122032166
0.8707165122032166
0.8707165122032166
0.8722741603851318
0.8722741603851318
0.8722741603851318
0.8722741603851318
0.8707165122032166
0.8722741603851318
0.8722741603851318
0.8722741603851318
0.8722741603851318
0.8722741603851318
0.8722741603851318
0.8722741603851318
0.8722741603851318
0.8722741603851318
0.8722741603851318
0.8722741603851318
0.8722741603851318
0.8722741603851318
0.8722741603851318
0.8722741603851318
0.8722741603851318
0.8707165122032166
0.8707165122032166
0.8707165122032166
0.8722741603851318
0.8722741603851318
0.8738317489624023
0.8738317489624023
0.8738317489624023
0.8722741603851318
0.8722741603851318
0.8738317489624023
0.8738317489624023
0.8738317489624023
0.8753893971443176
0.8753893971443176
0.8753893971443176
0.8738317489624023
0.8738317489624023
0.8738317489624023
0.8738317489624023
0.8738317489624023
0.8738317489624023
0.8738317489624023
0.8738317489624023
0.8753893971443176
0.8753893971443176
0.8769470453262329
0.8769470453262329
0.8769470453262329
0.8753893971443176
0.8769470453262329
0.8753893971443176
0.8738317489624023
0.8722741603851318
0.8753893971443176
0.8769470453262329
0.8753893971443176
0.8769470453262329
0.8769470453262329
0.8769470453262329
0.8769470453262329
0.8769470453262329
0.8769470453262329
0.8769470453262329
0.8769470453262329
0.8769470453262329
0.8769470453262329
0.8769470453262329
0.8769470453262329
0.8769470453262329
0.8769470453262329
0.881619930267334
0.881619930267334
0.8800622820854187
0.8785046935081482
0.8800622820854187
0.8831775784492493
0.8831775784492493
0.8847352266311646
0.8847352266311646
0.8847352266311646
0.8831775784492493
0.8831775784492493
0.881619930267334
0.881619930267334
0.8831775784492493
0.881619930267334
0.8785046935081482
0.8785046935081482
0.8800622820854187
0.881619930267334
0.881619930267334
0.8831775784492493
0.8831775784492493
0.8831775784492493
0.8831775784492493
0.8831775784492493
0.8831775784492493
0.8847352266311646
0.881619930267334
0.8847352266311646
0.8847352266311646
0.8847352266311646
0.8831775784492493
0.8847352266311646
0.8862928152084351
0.8847352266311646
0.8847352266311646
0.8862928152084351
0.8862928152084351
0.8862928152084351
0.8862928152084351
0.8862928152084351
0.8862928152084351
0.8862928152084351
0.8862928152084351
0.8862928152084351
0.8862928152084351
0.8862928152084351
0.8862928152084351
0.8862928152084351
0.8847352266311646
0.8847352266311646
0.8862928152084351
0.8862928152084351
0.8862928152084351
0.8862928152084351
0.8862928152084351
0.8862928152084351
0.8862928152084351
0.8862928152084351
0.8862928152084351
0.8862928152084351
0.8862928152084351
0.8862928152084351
0.8862928152084351
0.8862928152084351
0.8862928152084351
0.8862928152084351
0.8862928152084351
0.8862928152084351
0.8862928152084351
0.8862928152084351
0.8862928152084351
0.8862928152084351
0.8862928152084351
0.8862928152084351
0.8862928152084351
0.8862928152084351
0.8862928152084351
0.8862928152084351
0.8847352266311646
0.8831775784492493
0.8862928152084351
0.8878504633903503
0.8878504633903503
0.8847352266311646
0.8847352266311646
0.8894081115722656
0.8878504633903503
0.8862928152084351
0.8862928152084351
0.8878504633903503
0.8878504633903503
0.8878504633903503
0.8878504633903503
0.8878504633903503
0.8878504633903503
0.8894081115722656
0.8894081115722656
0.8894081115722656
0.8894081115722656
0.8894081115722656
0.8894081115722656
0.8894081115722656
0.8894081115722656
0.8894081115722656
0.8894081115722656
0.8894081115722656
0.8894081115722656
0.8894081115722656
0.8894081115722656
0.8894081115722656
0.8894081115722656
0.8894081115722656
0.8894081115722656
0.8894081115722656
0.8894081115722656
0.8878504633903503
0.8878504633903503
0.8878504633903503
0.8878504633903503
0.8878504633903503
0.8894081115722656
0.8894081115722656
0.8894081115722656
0.8894081115722656
0.8894081115722656
0.8894081115722656
0.8894081115722656
0.8894081115722656
0.8894081115722656
0.8894081115722656
0.8894081115722656
0.8894081115722656
0.8894081115722656
0.8894081115722656
0.8894081115722656
0.8894081115722656
0.8894081115722656
0.8894081115722656
0.8894081115722656
0.8894081115722656
0.8894081115722656
0.8894081115722656
0.8894081115722656
0.8894081115722656
0.8894081115722656
0.8894081115722656
0.8894081115722656
0.8894081115722656
0.8894081115722656
0.8894081115722656
0.8894081115722656
0.8894081115722656
0.8894081115722656
0.8894081115722656
0.8894081115722656
0.8894081115722656
0.8894081115722656
0.8894081115722656
0.8894081115722656
0.8894081115722656
0.8878504633903503
0.8894081115722656
0.8894081115722656
0.8894081115722656
0.8894081115722656
0.8894081115722656
0.8894081115722656
0.8894081115722656
0.8894081115722656
0.8894081115722656
0.8894081115722656
0.8894081115722656
0.8909657597541809
0.8909657597541809
0.8909657597541809
0.8909657597541809
0.8909657597541809
0.8909657597541809
0.8909657597541809
0.8909657597541809
0.8909657597541809
0.8909657597541809
0.8909657597541809
0.8909657597541809
0.8909657597541809
0.8909657597541809
0.8909657597541809
0.8909657597541809
0.8909657597541809
0.8909657597541809
0.8909657597541809
0.8894081115722656
0.8909657597541809
0.8909657597541809
0.8909657597541809
0.8909657597541809
0.8894081115722656
0.8894081115722656
0.8909657597541809
0.8909657597541809
0.8909657597541809
0.8909657597541809
0.8909657597541809
0.8909657597541809
0.8909657597541809
0.8909657597541809
0.8909657597541809
0.8909657597541809
0.8909657597541809
0.8909657597541809
0.8909657597541809
0.8909657597541809
0.8909657597541809
0.8909657597541809
0.8909657597541809
0.8909657597541809
0.8909657597541809
0.8909657597541809
0.8909657597541809
0.8909657597541809
0.8909657597541809
0.8909657597541809
0.8909657597541809
0.8909657597541809
0.8909657597541809
0.8909657597541809
0.8909657597541809
0.8909657597541809
0.8909657597541809
0.8909657597541809
0.8909657597541809
0.8909657597541809
0.8909657597541809
0.8909657597541809
0.8909657597541809
0.8909657597541809
0.8909657597541809
0.8909657597541809
0.8909657597541809
0.8909657597541809
0.8909657597541809
0.8909657597541809
0.8909657597541809
0.8909657597541809
0.8909657597541809
0.8909657597541809
0.8909657597541809
0.8909657597541809
0.8909657597541809
0.8909657597541809
0.8909657597541809
0.8909657597541809
0.8909657597541809
0.8909657597541809
0.8909657597541809
0.8909657597541809
0.8909657597541809
0.8909657597541809
0.8909657597541809
0.8909657597541809
0.8909657597541809
0.8909657597541809
0.8909657597541809
0.8909657597541809
0.8909657597541809
0.8909657597541809
0.8909657597541809
0.8909657597541809
0.8909657597541809
0.8909657597541809
0.8909657597541809
0.8909657597541809
0.8909657597541809
0.8909657597541809
0.8925233483314514
0.8925233483314514
0.8925233483314514
0.8925233483314514
0.8925233483314514
0.8925233483314514
0.8925233483314514
0.8925233483314514
0.8925233483314514
0.8925233483314514
0.8925233483314514
0.8925233483314514
0.8925233483314514
0.8925233483314514
0.8925233483314514
0.8925233483314514
0.8925233483314514
0.8925233483314514
0.8925233483314514
0.8925233483314514
0.8925233483314514
0.8925233483314514
0.8925233483314514
0.8925233483314514
0.8925233483314514
0.8925233483314514
0.8925233483314514
0.8925233483314514
0.8925233483314514
0.8925233483314514
0.8925233483314514
0.8925233483314514
0.8925233483314514
0.8925233483314514
0.8925233483314514
0.8925233483314514
0.8925233483314514
0.8909657597541809
0.8925233483314514
0.8925233483314514
0.8925233483314514
0.8925233483314514
0.8925233483314514
0.8925233483314514
0.8925233483314514
0.8925233483314514
0.8925233483314514
0.8925233483314514
0.8925233483314514
0.8925233483314514
0.8925233483314514
0.8925233483314514
0.8925233483314514
0.8925233483314514
0.8925233483314514
0.8925233483314514
0.8925233483314514
0.8925233483314514
0.8925233483314514
0.8925233483314514
0.8925233483314514
0.8925233483314514
0.8925233483314514
0.8925233483314514
0.8925233483314514
0.8925233483314514
0.8925233483314514
0.8925233483314514
0.8925233483314514
0.8925233483314514
0.8925233483314514
0.8925233483314514
0.8925233483314514
0.8925233483314514
0.8925233483314514
0.8925233483314514
0.8925233483314514
0.8925233483314514
0.8925233483314514
0.8925233483314514
0.8925233483314514
0.8925233483314514
0.8925233483314514
0.8925233483314514
0.8925233483314514
0.8925233483314514
0.8925233483314514
0.8925233483314514
0.8925233483314514
0.8925233483314514
0.8925233483314514
0.8925233483314514
0.8925233483314514
0.8925233483314514
0.8925233483314514
0.8925233483314514
0.8925233483314514
0.8925233483314514
0.8925233483314514
0.8925233483314514
0.8925233483314514
0.8925233483314514
0.8925233483314514
0.8925233483314514
0.8925233483314514
0.8925233483314514
0.8925233483314514
0.8925233483314514
0.8925233483314514
0.8925233483314514
0.8925233483314514
0.8925233483314514
0.8925233483314514
0.8925233483314514
0.8925233483314514
0.8925233483314514
0.8925233483314514
0.8925233483314514
0.8925233483314514
0.8925233483314514
0.8925233483314514
0.8925233483314514
0.8925233483314514
0.8925233483314514
0.8925233483314514
0.8925233483314514
0.8925233483314514
0.8925233483314514
0.8925233483314514
0.8925233483314514
0.8925233483314514
0.8925233483314514
0.8925233483314514
0.8925233483314514
0.8925233483314514
0.8925233483314514
0.8925233483314514
0.8925233483314514
0.8925233483314514
0.8925233483314514
0.8925233483314514
0.8925233483314514
0.8925233483314514
0.8925233483314514
0.8925233483314514
0.8925233483314514
0.8925233483314514
0.8925233483314514
0.8925233483314514
0.8925233483314514
0.8925233483314514
0.8925233483314514
0.8925233483314514
0.8925233483314514
0.8925233483314514
0.8925233483314514
0.8925233483314514
0.8925233483314514
0.8925233483314514
0.8925233483314514
0.8925233483314514
0.8925233483314514
0.8925233483314514
0.8925233483314514
0.8925233483314514
0.8925233483314514
0.8925233483314514
0.8925233483314514
0.8925233483314514
0.8925233483314514
0.8925233483314514
0.8925233483314514
0.8925233483314514
0.8925233483314514
0.8925233483314514
0.8925233483314514
0.8925233483314514
0.8925233483314514
0.8925233483314514
0.8925233483314514
0.8925233483314514
0.8925233483314514
0.8925233483314514
0.8925233483314514
0.8925233483314514
0.8925233483314514
0.8925233483314514
0.8925233483314514
0.8925233483314514
0.8925233483314514
0.8925233483314514
0.8925233483314514
0.8925233483314514
0.8925233483314514
0.8925233483314514
0.8925233483314514
0.8925233483314514
0.8925233483314514
0.8925233483314514
0.8925233483314514
0.8925233483314514
0.8925233483314514
0.8925233483314514
0.8925233483314514
0.8925233483314514
0.8925233483314514
0.8925233483314514
0.8925233483314514
0.8925233483314514
0.8925233483314514
0.8925233483314514
0.8925233483314514
0.8925233483314514
0.8925233483314514
0.8925233483314514
0.8925233483314514
0.8925233483314514
0.8925233483314514
0.8925233483314514
0.8925233483314514
0.8925233483314514
0.8925233483314514
0.8925233483314514
0.8925233483314514
0.8925233483314514
0.8925233483314514
0.8925233483314514
0.8925233483314514
