0.6847727298736572
0.5559313893318176
0.49326926469802856
0.4454178810119629
0.4101997911930084
0.38673391938209534
0.3680320680141449
0.35817545652389526
0.3470797538757324
0.3499572277069092
0.3470454812049866
0.3285553455352783
0.31351354718208313
0.3084753751754761
0.3195970058441162
0.30305615067481995
0.2939271926879883
0.2853263020515442
0.2787603735923767
0.27270689606666565
0.273039847612381
0.2666388154029846
0.26502689719200134
0.2590310275554657
0.2502633333206177
0.24754799902439117
0.24324925243854523
0.24356722831726074
0.23662152886390686
0.22944816946983337
0.2262592911720276
0.2220907062292099
0.227861687541008
0.22158311307430267
0.2360440492630005
0.22744855284690857
0.21389399468898773
0.20449261367321014
0.1992262303829193
0.19612346589565277
0.2016337513923645
0.20500962436199188
0.19988353550434113
0.19041495025157928
0.18149451911449432
0.1772523671388626
0.1723923683166504
0.17185938358306885
0.16724462807178497
0.16386187076568604
0.15947382152080536
0.1881495863199234
0.1723015010356903
0.1593553125858307
0.15562312304973602
0.14986364543437958
0.14970050752162933
0.1412564516067505
0.13873669505119324
0.1337691992521286
0.12905269861221313
0.12479712814092636
0.12142068147659302
0.11687228083610535
0.11384197324514389
0.11954139173030853
0.12586668133735657
0.11842474341392517
0.14665812253952026
0.13187217712402344
0.11575201898813248
0.13826562464237213
0.12555037438869476
0.10593172162771225
0.11385085433721542
0.10408864915370941
0.09768152236938477
0.08948194980621338
0.08704434335231781
0.09068255126476288
0.08161357790231705
0.07662411034107208
0.07187128812074661
0.06814364343881607
0.07237017154693604
0.06752118468284607
0.061769843101501465
0.059594158083200455
0.05701301991939545
0.054254382848739624
0.05211108177900314
0.0503251850605011
0.050224486738443375
0.04838678240776062
0.04606306925415993
0.04782567173242569
0.04827851802110672
0.04359175264835358
0.041757211089134216
0.04448622837662697
0.03957073763012886
0.03680507838726044
0.03615923225879669
0.03528957441449165
0.03471403196454048
0.033176273107528687
0.06216566264629364
0.06016632542014122
0.045485686510801315
0.11739010363817215
0.07934877276420593
0.05602499097585678
0.040716469287872314
0.0367564931511879
0.03004002571105957
0.027581170201301575
0.025546617805957794
0.02513388730585575
0.023526478558778763
0.022281473502516747
0.021320264786481857
0.020736556500196457
0.021177450194954872
0.019762475043535233
0.018400253728032112
0.01789477840065956
0.018411243334412575
0.017193323001265526
0.016679927706718445
0.01692277193069458
0.015203211456537247
0.014757180586457253
0.013330759480595589
0.012715589255094528
0.012426489032804966
0.012703062035143375
0.012252626940608025
0.012007956393063068
0.01157290954142809
0.01119391992688179
0.0110088549554348
0.010838492773473263
0.01057474035769701
0.010468375869095325
0.010249389335513115
0.010177064687013626
0.00988597422838211
0.009748541750013828
0.00956698041409254
0.009413022547960281
0.009428190998733044
0.009148511104285717
0.009174239821732044
0.009162304922938347
0.008722574450075626
0.008687039837241173
0.008590801618993282
0.008317846804857254
0.008232664316892624
0.008022457361221313
0.0079006627202034
0.007835734635591507
0.007680171635001898
0.007642277982085943
0.007528499700129032
0.008018500171601772
0.008012300357222557
0.00746141467243433
0.007406209595501423
0.007051114924252033
0.0074554914608597755
0.007322670891880989
0.006853647995740175
0.006594341713935137
0.006436956115067005
0.006302485242486
0.006670296657830477
0.006554162595421076
0.00625745439901948
0.007347037084400654
0.0066252113319933414
0.007569183129817247
0.015043552964925766
0.009147110395133495
0.008672645315527916
0.0064692371524870396
0.00581560330465436
0.005629285704344511
0.005414969753473997
0.0052353148348629475
0.009138938039541245
0.006592466030269861
0.006048502400517464
0.005519107449799776
0.0051463753916323185
0.00475325295701623
0.004708005581051111
0.004485900979489088
0.0044480725191533566
0.00434922706335783
0.004257227759808302
0.004433561582118273
0.004343297332525253
0.005457605700939894
0.004995284136384726
0.006335550453513861
0.004652887582778931
0.004529926460236311
0.003996392246335745
0.0038812109269201756
0.003880799748003483
0.0036857384257018566
0.0038605215959250927
0.004951304756104946
0.004627009388059378
0.0041081164963543415
0.0035551150795072317
0.003444371512159705
0.003301815362647176
0.0032128081656992435
0.0032426805701106787
0.0031534128356724977
0.003853867296129465
0.0034287795424461365
0.0031214929185807705
0.003014396410435438
0.002920562867075205
0.0030249126721173525
0.0031622203532606363
0.003060301998630166
0.0029070600867271423
0.0027647230308502913
0.0027021104469895363
0.0026338957250118256
0.002609016839414835
0.002584489295259118
0.0025636604987084866
0.0025424601044505835
0.002575611462816596
0.002698783529922366
0.002637850120663643
0.002529939403757453
0.002509002573788166
0.002445121994242072
0.0024567185901105404
0.0029664200264960527
0.0030236016027629375
0.0024728160351514816
0.002811197657138109
0.0025870248209685087
0.002655576216056943
0.0026551897171884775
0.0024343805853277445
0.0023571201600134373
0.002320865634828806
0.0022931904532015324
0.002269175136461854
0.0022388752549886703
0.002203145995736122
0.0021840857807546854
0.0021644101943820715
0.0021378458477556705
0.002120046876370907
0.002107748296111822
0.0020889684092253447
0.002065079053863883
0.002063421066850424
0.002039574086666107
0.0020334096625447273
0.002033586846664548
0.0020008953288197517
0.001986443530768156
0.0019694671500474215
0.0020699037704616785
0.0022311678621917963
0.0020525057334452868
0.0019722969736903906
0.0019305753521621227
0.0019032452255487442
0.001882982556708157
0.0018852209905162454
0.0018437998369336128
0.0018268036656081676
0.0018107159994542599
0.00179438223131001
0.0017800128553062677
0.0017699868185445666
0.00175458041485399
0.0017481347313150764
0.0017556770471855998
0.001726085669361055
0.0017092289635911584
0.001694988226518035
0.0016794551629573107
0.001669992576353252
0.0016571389278396964
0.0016538959462195635
0.0016337502747774124
0.0016213350463658571
0.0016072791768237948
0.0016008906532078981
0.0015839538536965847
0.0015766308642923832
0.001672424259595573
0.0017359612975269556
0.0016292318468913436
0.0015676892362535
0.0015409942716360092
0.001528608612716198
0.0015095010166987777
0.001497025485150516
0.0014849224826321006
0.0014765692176297307
0.0014892021426931024
0.0015099402517080307
0.0014834917383268476
0.0014566053869202733
0.0014346224488690495
0.0014185940381139517
0.0014025433920323849
0.001390690915286541
0.001386917196214199
0.0013676295056939125
0.001355085289105773
0.0013662823475897312
0.0013538030907511711
0.0013358811847865582
0.001327024307101965
0.001311994856223464
0.0012954160338267684
0.001287060440517962
0.0013071834109723568
0.0013027079403400421
0.0012662564404308796
0.0012640105560421944
0.0012574524153023958
0.0012482970487326384
0.0012425398454070091
0.0012350330362096429
0.0012308458099141717
0.0012271064333617687
0.0012197187170386314
0.0012175237061455846
0.001211517839692533
0.0012072734534740448
0.0012024722527712584
0.0011966107413172722
0.0011933072237297893
0.001188789145089686
0.0011831045849248767
0.0011799543863162398
0.0012000269489362836
0.0012228258419781923
0.0011979046976193786
0.0011793001322075725
0.0011653290130198002
0.0011593298986554146
0.0011557464022189379
0.0011503985151648521
0.0011444888077676296
0.0011373135494068265
0.0011366900289431214
0.001129159820266068
0.0011239030864089727
0.001197944045998156
0.0012621619971469045
0.0011936149094253778
0.001144880778156221
0.0011269107926636934
0.0011184794129803777
0.0011042584665119648
0.0011471430771052837
0.001124520436860621
0.001105681760236621
0.0010928213596343994
0.0010795361595228314
0.0010708514600992203
0.0010643823770806193
0.0010619745589792728
0.0010537217603996396
0.0010546245612204075
0.001044857781380415
0.0010407917434349656
0.0010334606049582362
0.0010455631418153644
0.0010488388361409307
0.0010371820535510778
0.0010340455919504166
0.0010237452806904912
0.0010178491938859224
0.0010703756706789136
0.0011296195443719625
0.0010732458904385567
0.001022734446451068
0.0009977560257539153
0.0009915371192619205
0.0009853211231529713
0.0009781679837033153
0.0009718896471895278
0.0009689501603133976
0.0009616028401069343
0.0009555338765494525
0.0009501485619693995
0.0009457374108023942
0.0009408671176061034
0.0009515770943835378
0.000986663973890245
0.0009592724381946027
0.0009464621543884277
0.0009353934437967837
0.0009235833422280848
0.0009155587176792324
0.0009081621537916362
0.0009045402985066175
0.0008966760360635817
0.000892894749995321
0.000886238063685596
0.0008828620775602758
0.000923770887311548
0.0009748867014423013
0.0009314955677837133
0.0008891422767192125
0.000881089479662478
0.0008721554768271744
0.0008672690019011497
0.0008611607481725514
0.0008560116402804852
0.0008476607617922127
0.0008411218295805156
0.0008367113186977804
0.000831986777484417
0.0008269320824183524
0.0008276588632725179
0.0008190492517314851
0.0008163024322129786
0.0008141665603034198
0.0008119592675939202
0.0008098308462649584
0.0008080037077888846
0.0008141195285134017
0.0008105549495667219
0.0008065151632763445
0.0008008553413674235
0.000798232271336019
0.000795785803347826
0.000794933526776731
0.0007907164981588721
0.000790587451774627
0.0007892146822996438
0.0007874903385527432
0.0007852627895772457
0.0007824582862667739
0.0007817010045982897
0.0007784367771819234
0.000775290944147855
0.0007722213631495833
0.0007699196576140821
0.0007688329205848277
0.0007678005495108664
0.0007696074899286032
0.0007703410228714347
0.0007755020633339882
0.0007707989425398409
0.0007642465061508119
0.0007611530600115657
0.0007586512947455049
0.0007536488119512796
0.0007519870414398611
0.0007485934183932841
0.0007463841466233134
0.0007435352890752256
0.0007440642802976072
0.0007424919749610126
0.0007371638203039765
0.0007347711944021285
0.00073271244764328
0.0007329701911658049
0.0007455311133526266
0.0007501922664232552
0.0007370379171334207
0.0007312236120924354
0.0007247113389894366
0.0007197410450316966
0.0007170570315793157
0.0007151407771743834
0.0007151376339606941
0.0007114051841199398
0.0007138034561648965
0.0007179657113738358
0.0007130731828510761
0.0007078067283146083
0.0007040859200060368
0.0007012583082541823
0.0006996648735366762
0.0006990097463130951
0.0006932314718142152
0.000689618056640029
0.0006875417311675847
0.000683872785884887
0.0006866658222861588
0.0006982742343097925
0.0006921688909642398
0.0006902177701704204
0.0006789334584027529
0.0006760769756510854
0.0006716296193189919
0.0006686259293928742
0.0006682792445644736
0.0006669648573733866
0.0006663509993813932
0.0006631343276239932
0.0006601469940505922
0.0006558478926308453
0.0006639915518462658
0.0006583762587979436
0.0006535843131132424
0.0006561768241226673
0.0006679488578811288
0.0006617541657760739
0.0006517823785543442
0.0006733342306688428
0.0006911087548360229
0.0006806618184782565
0.0006628760602325201
0.000651078182272613
0.0006441202131099999
0.0006374996155500412
0.0006389977061189711
0.0006450766231864691
0.000637486984487623
0.0006302557303570211
0.0006242619710974395
0.0006208165432326496
0.0006165454396978021
0.0006157179013825953
0.0006144347717054188
0.0006143173668533564
0.0006113317795097828
0.0006093851407058537
0.0006074123666621745
0.0006074457196518779
0.0006059342413209379
0.0006045431946404278
0.000602995976805687
0.0006005592877045274
0.0005991777870804071
0.0005980193964205682
0.0005986836040392518
0.0005982621805742383
0.0005969277699477971
0.0005938587710261345
0.0005948984762653708
0.0005922570126131177
0.0005895528593100607
0.000587694812566042
0.0005857776268385351
0.0005845819250680506
0.0005830790614709258
0.0005821686354465783
0.0005802755476906896
0.0005791516159661114
0.0005778574850410223
0.0005770322168245912
0.0005796686164103448
0.0006012221565470099
0.0005933267530053854
0.0005872136098332703
0.0005782539374195039
0.0005755426245741546
0.0005743135116063058
0.0005733251455239952
0.0005708670360036194
0.0005685455980710685
0.0005713959690183401
0.0005711261183023453
0.0005688814562745392
0.0005662484909407794
0.0005661830073222518
0.0005663931951858103
0.0005638521397486329
0.0005611047381535172
0.00055854138918221
0.0005563530139625072
0.0005546382744796574
0.0005539464182220399
0.0005519366823136806
0.0005502030835486948
0.0005510238115675747
0.0005488613969646394
0.0005471882759593427
0.0005460090469568968
0.0005455511854961514
0.0005444328999146819
0.0005430507590062916
0.000541345332749188
0.0005402737879194319
0.0005392677849158645
0.0005381419905461371
0.0005370495491661131
0.000535585917532444
0.000534704071469605
