0.5879773497581482
0.5614767074584961
0.5383342504501343
0.5192557573318481
0.5029436349868774
0.4880455732345581
0.47482195496559143
0.463395357131958
0.45407742261886597
0.4455307722091675
0.43866264820098877
0.43172556161880493
0.42544397711753845
0.41910243034362793
0.4133784770965576
0.40785256028175354
0.4035126268863678
0.3988979756832123
0.39409059286117554
0.3906433582305908
0.38618436455726624
0.38254687190055847
0.37878721952438354
0.3759383261203766
0.37365615367889404
0.37192070484161377
0.36969050765037537
0.3670308291912079
0.36492645740509033
0.3625272810459137
0.36014196276664734
0.3577527105808258
0.35610195994377136
0.35463061928749084
0.35263580083847046
0.35081005096435547
0.34960678219795227
0.34846094250679016
0.3466607332229614
0.34509846568107605
0.3438760042190552
0.34265458583831787
0.34170520305633545
0.3398008346557617
0.3387085497379303
0.3374100625514984
0.33626869320869446
0.33512943983078003
0.33419671654701233
0.33274945616722107
0.33185702562332153
0.3308461606502533
0.3300535976886749
0.32904690504074097
0.32795628905296326
0.327301025390625
0.32630467414855957
0.32529574632644653
0.32448843121528625
0.32388097047805786
0.32238584756851196
0.3214080035686493
0.3199876844882965
0.31953397393226624
0.31853386759757996
0.3170999586582184
0.31624990701675415
0.3153725266456604
0.31456372141838074
0.31440943479537964
0.3131689131259918
0.3122659921646118
0.3115254044532776
0.3108759820461273
0.30976274609565735
0.30879512429237366
0.3087538480758667
0.3083057105541229
0.3081291615962982
0.306944876909256
0.30559125542640686
0.3043363690376282
0.30330780148506165
0.302285760641098
0.30138689279556274
0.3011171221733093
0.300197958946228
0.29930824041366577
0.2985902726650238
0.29793038964271545
0.2974931597709656
0.29717448353767395
0.2966160178184509
0.2961781919002533
0.2948155105113983
0.2944083511829376
0.29326480627059937
0.2925671637058258
0.29180222749710083
0.29167234897613525
0.2911908030509949
0.2910183072090149
0.2907570004463196
0.2897779643535614
0.2890656292438507
0.2883665859699249
0.2875736355781555
0.28714483976364136
0.28731611371040344
0.28642478585243225
0.2854599952697754
0.28488603234291077
0.28398874402046204
0.2836873531341553
0.28266558051109314
0.28185147047042847
0.2818871736526489
0.2809669077396393
0.2800821363925934
0.2792847156524658
0.27886974811553955
0.2782067358493805
0.2779175639152527
0.2778826653957367
0.2774486839771271
0.27708569169044495
0.2762157618999481
0.2759365141391754
0.2759428322315216
0.2754639685153961
0.2744353711605072
0.273314893245697
0.2731819152832031
0.2726641297340393
0.27222397923469543
0.27171605825424194
0.2712268829345703
0.2708889842033386
0.27077654004096985
0.27043047547340393
0.26951926946640015
0.26994192600250244
0.26936769485473633
0.26866093277931213
0.2680051028728485
0.2674494981765747
0.2682364881038666
0.2675662338733673
0.2669134736061096
0.26650115847587585
0.265604168176651
0.26521432399749756
0.26494500041007996
0.2641027569770813
0.2635918855667114
0.2629159092903137
0.26271459460258484
0.26233971118927
0.26169639825820923
0.261440247297287
0.2618563771247864
0.26270753145217896
0.2633054852485657
0.26210272312164307
0.26071324944496155
0.25993451476097107
0.2591322064399719
0.25835922360420227
0.2577303349971771
0.2572965621948242
0.2563880681991577
0.2563486397266388
0.25588661432266235
0.2551290690898895
0.25524085760116577
0.25465282797813416
0.25422438979148865
0.2545734643936157
0.25463128089904785
0.25400376319885254
0.25321274995803833
0.2522452771663666
0.2524746358394623
0.25376906991004944
0.25323304533958435
0.25120100378990173
0.2517300546169281
0.25098901987075806
0.25013214349746704
0.24993804097175598
0.24903938174247742
0.2479463666677475
0.24738247692584991
0.24797222018241882
0.24817386269569397
0.24808287620544434
0.24630197882652283
0.24552111327648163
0.24596832692623138
0.24710549414157867
0.24595730006694794
0.24483773112297058
0.24420702457427979
0.24357013404369354
0.24343116581439972
0.2438911646604538
0.24361667037010193
0.24259202182292938
0.24210716784000397
0.24145691096782684
0.24133248627185822
0.24106019735336304
0.24053943157196045
0.24012233316898346
0.2393702268600464
0.24048423767089844
0.24027803540229797
0.24013015627861023
0.23933614790439606
0.23887670040130615
0.23835210502147675
0.23756028711795807
0.2390860617160797
0.23998576402664185
0.23878435790538788
0.2374466061592102
0.23680804669857025
0.23600883781909943
0.2355467826128006
0.23467114567756653
0.23526117205619812
0.2350594848394394
0.23471929132938385
0.23487399518489838
0.23461857438087463
0.23441839218139648
0.2352675199508667
0.235548734664917
0.23533494770526886
0.2346799671649933
0.23409011960029602
0.2337668538093567
0.23340833187103271
0.23304609954357147
0.2329270988702774
0.23260018229484558
0.23228266835212708
0.2320309430360794
0.2320990413427353
0.23184244334697723
0.23145493865013123
0.23137380182743073
0.23113754391670227
0.23104749619960785
0.23135563731193542
0.2309691309928894
0.2307075411081314
0.23054930567741394
0.23033805191516876
0.2301662415266037
0.23046766221523285
0.23017850518226624
0.2297835499048233
0.22956499457359314
0.22933101654052734
0.22918298840522766
0.22902940213680267
0.2289900928735733
0.2288299798965454
0.2285446971654892
0.2283758968114853
0.22830763459205627
0.2281031608581543
0.22800913453102112
0.22869925200939178
0.22848401963710785
0.22850008308887482
0.22786428034305573
0.22762790322303772
0.22736836969852448
0.22730790078639984
0.2271709442138672
0.2269447296857834
0.2267395406961441
0.22657543420791626
0.22653062641620636
0.2262614369392395
0.2264431118965149
0.22618386149406433
0.22601988911628723
0.22593562304973602
0.2256193310022354
0.2257281392812729
0.22539804875850677
0.22517839074134827
0.22491410374641418
0.22451023757457733
0.2253636121749878
0.2250756174325943
0.22504733502864838
0.22428251802921295
0.22417119145393372
0.2241126149892807
0.22461089491844177
0.22513337433338165
0.22509557008743286
0.22508375346660614
0.2250688076019287
0.22442322969436646
0.2239607274532318
0.22374646365642548
0.2235192060470581
0.2231050729751587
0.2222319096326828
0.22254037857055664
0.22239160537719727
0.22222568094730377
0.22212913632392883
0.22189942002296448
0.2217545360326767
0.22161045670509338
0.22157959640026093
0.22198054194450378
0.2217753827571869
0.22108080983161926
0.221208855509758
0.22108687460422516
0.2209164798259735
0.22055578231811523
0.22036048769950867
0.22017118334770203
0.22002889215946198
0.22002890706062317
0.2198784202337265
0.21984651684761047
0.21970652043819427
0.21963220834732056
0.21953219175338745
0.21943843364715576
0.21935227513313293
0.21924343705177307
0.21917249262332916
0.21900828182697296
0.21915706992149353
0.21920232474803925
0.2190435528755188
0.2189600169658661
0.21896067261695862
0.21890603005886078
0.21879510581493378
0.21869851648807526
0.21858279407024384
0.21847377717494965
0.21849016845226288
0.2183324694633484
0.21837839484214783
0.21830964088439941
0.21826855838298798
0.21818134188652039
0.21803399920463562
0.21790190041065216
0.21778936684131622
0.2177116721868515
0.21761003136634827
0.21750859916210175
0.21742816269397736
0.21735365688800812
0.21739065647125244
0.2176576405763626
0.21740786731243134
0.21732789278030396
0.21719902753829956
0.21708182990550995
0.21695952117443085
0.21692585945129395
0.21671327948570251
0.21663033962249756
0.2165573686361313
0.21642251312732697
0.21654722094535828
0.21673692762851715
0.21665982902050018
0.21644888818264008
0.21628442406654358
0.21616384387016296
0.21607108414173126
0.21597042679786682
0.21584388613700867
0.2158171534538269
0.21574729681015015
0.21564239263534546
0.21557901799678802
0.21551953256130219
0.21547183394432068
0.21531865000724792
0.21531349420547485
0.2152332365512848
0.21523955464363098
0.21512708067893982
0.21509739756584167
0.21535451710224152
0.21503795683383942
0.21499137580394745
0.2148861587047577
0.21476837992668152
0.21472474932670593
0.21461965143680573
0.21457348763942719
0.2144768089056015
0.21441422402858734
0.21436600387096405
0.21444235742092133
0.21450191736221313
0.21440216898918152
0.21429328620433807
0.21414396166801453
0.21406129002571106
0.21404223144054413
0.2140181064605713
0.21384954452514648
0.21379733085632324
0.2136903554201126
0.21372082829475403
0.2135940045118332
0.213539719581604
0.21344904601573944
0.2133995145559311
0.2133079618215561
0.21334591507911682
0.21319922804832458
0.21314595639705658
0.21307852864265442
0.21307465434074402
0.21306750178337097
0.21305160224437714
0.21295218169689178
0.21293050050735474
0.21291853487491608
0.21288175880908966
0.2128416895866394
0.21279439330101013
0.21278873085975647
0.2127912938594818
0.2127959281206131
0.21280714869499207
0.21274098753929138
0.21270005404949188
0.21261480450630188
0.21258369088172913
0.2125416249036789
0.21248583495616913
0.21245279908180237
0.21242079138755798
0.21235865354537964
0.21228909492492676
0.21225722134113312
0.2122054100036621
0.21218140423297882
0.21210125088691711
0.2121182084083557
0.21209405362606049
0.2120678424835205
0.21202965080738068
0.2120090126991272
0.21197748184204102
0.21192316710948944
0.21191558241844177
0.21193015575408936
0.21186931431293488
0.21177542209625244
0.21177811920642853
0.21178440749645233
0.2117234170436859
0.21166923642158508
0.21160957217216492
0.21160180866718292
0.21155904233455658
0.21152856945991516
0.21154142916202545
0.21142466366291046
0.211440771818161
0.2114270180463791
0.2113991379737854
0.21134889125823975
0.2113504558801651
0.2113131880760193
0.21127663552761078
0.21123620867729187
0.21113629639148712
0.21124006807804108
0.21124306321144104
0.21110570430755615
0.21109187602996826
0.21111038327217102
0.21102061867713928
0.21099473536014557
0.21094797551631927
0.21098655462265015
0.21092663705348969
0.2108890563249588
0.21087026596069336
0.21079522371292114
0.21077148616313934
0.2107786387205124
0.21073822677135468
0.21073229610919952
0.21065524220466614
0.21064522862434387
0.2107030749320984
0.2105623483657837
0.21061064302921295
0.21057632565498352
0.21055231988430023
0.21048516035079956
0.2104339301586151
0.21042975783348083
0.21032734215259552
0.21030813455581665
0.21029646694660187
0.21027201414108276
0.21023738384246826
0.21019038558006287
0.21016664803028107
0.21012410521507263
0.2101011723279953
0.21006454527378082
0.2100190669298172
0.209991455078125
0.20998455584049225
0.2099316269159317
0.20987734198570251
0.20986619591712952
0.20984354615211487
0.20984269678592682
0.20984265208244324
0.2098085582256317
0.20979879796504974
0.20977568626403809
0.20980826020240784
0.20980674028396606
0.20985904335975647
0.20980843901634216
0.20978890359401703
0.20977111160755157
0.20974215865135193
0.2097419947385788
0.20972834527492523
0.20971159636974335
0.2096918374300003
0.20969398319721222
0.20968492329120636
0.20965231955051422
0.20963402092456818
0.20961110293865204
0.20954719185829163
0.20953956246376038
0.2095232605934143
0.20950286090373993
0.2094934582710266
0.20946869254112244
0.20945137739181519
0.20944900810718536
0.2094312459230423
0.20948109030723572
0.209424689412117
0.20940978825092316
0.20938824117183685
0.2093774974346161
0.2093546986579895
0.20933860540390015
0.20932233333587646
0.20931702852249146
0.20929335057735443
0.2092754989862442
0.20924676954746246
0.20922116935253143
0.20922021567821503
0.20920275151729584
0.2091909646987915
0.2091798335313797
0.2091865837574005
0.20919683575630188
0.20915736258029938
0.20916201174259186
0.20914891362190247
0.2091134637594223
0.20909546315670013
0.2090962529182434
0.20902495086193085
0.20900662243366241
0.20901398360729218
0.20896659791469574
0.20897343754768372
0.20896387100219727
0.2089192271232605
0.2089013010263443
0.20888395607471466
0.20886103808879852
0.20885540544986725
0.2088298201560974
0.20880889892578125
0.20883381366729736
0.20882515609264374
0.20882149040699005
0.20883002877235413
0.20884108543395996
0.2088160365819931
0.2088070511817932
0.20878605544567108
0.20875433087348938
0.2087360918521881
0.2087249755859375
0.2087109088897705
0.20867589116096497
0.20869460701942444
0.2086910903453827
0.20867528021335602
0.20867395401000977
0.20866769552230835
0.20866082608699799
0.20863203704357147
0.20861373841762543
0.2085871696472168
0.2086160033941269
0.20854662358760834
0.20854178071022034
0.20852452516555786
0.20850995182991028
0.20852330327033997
0.20850911736488342
