0.707919716835022
0.613074779510498
0.5481188893318176
0.5025350451469421
0.4639485776424408
0.43448784947395325
0.41150301694869995
0.39473772048950195
0.3850601315498352
0.3720918595790863
0.365627259016037
0.3585575520992279
0.350609689950943
0.3434680104255676
0.337458074092865
0.33219119906425476
0.3275563716888428
0.32229703664779663
0.31916344165802
0.3154018223285675
0.3103938102722168
0.30768728256225586
0.30364924669265747
0.3109172582626343
0.32088974118232727
0.302240788936615
0.29506173729896545
0.29139024019241333
0.2905568778514862
0.2895895838737488
0.28218862414360046
0.28202712535858154
0.2790413498878479
0.27759817242622375
0.2738535404205322
0.2713695168495178
0.27140191197395325
0.2686207890510559
0.2674734890460968
0.26335835456848145
0.26233959197998047
0.2598990201950073
0.2593764662742615
0.2565153241157532
0.25497013330459595
0.25259265303611755
0.2509491741657257
0.2492419332265854
0.24748137593269348
0.2450605034828186
0.24500702321529388
0.2425362914800644
0.24070021510124207
0.2391386181116104
0.23738230764865875
0.23565857112407684
0.23502613604068756
0.23282256722450256
0.2357698678970337
0.23801548779010773
0.23326945304870605
0.2303774654865265
0.2277573198080063
0.2339327037334442
0.22663404047489166
0.22440393269062042
0.2197238802909851
0.21816913783550262
0.21674396097660065
0.21698951721191406
0.21827800571918488
0.2149292677640915
0.2140568047761917
0.2114909589290619
0.20932206511497498
0.206863671541214
0.21067529916763306
0.21195176243782043
0.2126232385635376
0.2056051641702652
0.20216408371925354
0.19957584142684937
0.19840788841247559
0.19771349430084229
0.19545909762382507
0.19427211582660675
0.19249340891838074
0.19140316545963287
0.19018472731113434
0.20109538733959198
0.2085522562265396
0.21159060299396515
0.20648488402366638
0.19826850295066833
0.19043458998203278
0.18763865530490875
0.1851661056280136
0.18305276334285736
0.18930666148662567
0.19377221167087555
0.18909862637519836
0.1838761419057846
0.1803818792104721
0.17859967052936554
0.1763259917497635
0.17443151772022247
0.17281168699264526
0.1759955883026123
0.17495834827423096
0.17197951674461365
0.169504314661026
0.16763228178024292
0.16585268080234528
0.167056605219841
0.16762368381023407
0.16820701956748962
0.16986083984375
0.171092227101326
0.169645294547081
0.16581106185913086
0.16210076212882996
0.1586124449968338
0.15669864416122437
0.15593217313289642
0.15454819798469543
0.1555127501487732
0.15291938185691833
0.15155565738677979
0.15399692952632904
0.1499749720096588
0.1489715576171875
0.14997686445713043
0.1489364206790924
0.14694838225841522
0.14576347172260284
0.14517901837825775
0.14517390727996826
0.14584530889987946
0.1455812156200409
0.14441260695457458
0.14630013704299927
0.14832386374473572
0.14574405550956726
0.14292867481708527
0.14136378467082977
0.14198677241802216
0.14378519356250763
0.14107589423656464
0.13970789313316345
0.13928577303886414
0.13843269646167755
0.14030180871486664
0.1397361159324646
0.1390238106250763
0.136773481965065
0.13573777675628662
0.13547010719776154
0.13601717352867126
0.134999081492424
0.13545945286750793
0.13875027000904083
0.13976828753948212
0.13737066090106964
0.13604310154914856
0.1348324418067932
0.13382519781589508
0.13343217968940735
0.13313935697078705
0.1325487196445465
0.1325109750032425
0.1305391937494278
0.13099122047424316
0.13098573684692383
0.1301773637533188
0.1302475482225418
0.1307966411113739
0.13006186485290527
0.12773799896240234
0.12662097811698914
0.12591755390167236
0.12552081048488617
0.1266331821680069
0.12922360002994537
0.12801288068294525
0.12737388908863068
0.13009782135486603
0.12983570992946625
0.12628188729286194
0.12518565356731415
0.1272440403699875
0.12501594424247742
0.12308548390865326
0.12147867679595947
0.1227462887763977
0.12282735854387283
0.12037371098995209
0.12097612768411636
0.12119579315185547
0.12008153647184372
0.11908286064863205
0.11802125722169876
0.1172410398721695
0.11691059917211533
0.11636845767498016
0.11941133439540863
0.11991196870803833
0.12230926007032394
0.11890261620283127
0.11712184548377991
0.11625784635543823
0.11483047157526016
0.11543635278940201
0.1150069311261177
0.11376679688692093
0.11308422684669495
0.11310387402772903
0.11504793167114258
0.11710399389266968
0.11463708430528641
0.11213700473308563
0.1107192263007164
0.11113415658473969
0.11818280071020126
0.11702566593885422
0.11030490696430206
0.10917112231254578
0.10846075415611267
0.10727018862962723
0.10702986270189285
0.10645675659179688
0.10607486963272095
0.10600578784942627
0.10519866645336151
0.10727627575397491
0.10628893226385117
0.10521198809146881
0.10559359192848206
0.10772013664245605
0.10674724727869034
0.10582048445940018
0.10500530898571014
0.10405656695365906
0.10350372642278671
0.10305412858724594
0.10352836549282074
0.10313335061073303
0.10340370237827301
0.10396428406238556
0.10288125276565552
0.10262464731931686
0.10286422818899155
0.10244669020175934
0.10165221244096756
0.10196388512849808
0.10332117974758148
0.10260245949029922
0.10182537883520126
0.10108991712331772
0.10047588497400284
0.10012032836675644
0.10015503317117691
0.09962394088506699
0.09915263950824738
0.09867769479751587
0.09864158183336258
0.09822281450033188
0.09868460893630981
0.0990724265575409
0.09827575832605362
0.0978379100561142
0.09757103770971298
0.09758617728948593
0.0975995734333992
0.09907445311546326
0.09837958961725235
0.09807966649532318
0.09733259677886963
0.09660304337739944
0.09625493735074997
0.09605620801448822
0.0962449386715889
0.09590646624565125
0.09517955780029297
0.09523098170757294
0.09498906880617142
0.09457352012395859
0.09422390908002853
0.09494760632514954
0.09404599666595459
0.09416945278644562
0.09453434497117996
0.09512286633253098
0.09418629854917526
0.09352744370698929
0.09307557344436646
0.09254787117242813
0.09220638126134872
0.09547512978315353
0.09653275460004807
0.09705797582864761
0.0951511412858963
0.09562358260154724
0.0966598391532898
0.10459669679403305
0.10215651988983154
0.09522033482789993
0.09451666474342346
0.09376461803913116
0.09324169158935547
0.0921909511089325
0.09234987199306488
0.09191384166479111
0.09091816842556
0.0900798887014389
0.0905810296535492
0.08969977498054504
0.08922196924686432
0.08888993412256241
0.08877253532409668
0.08838839083909988
0.08821053057909012
0.09101993590593338
0.09271080791950226
0.09014955908060074
0.08863113820552826
0.08812274038791656
0.087722547352314
0.08960560709238052
0.09070857614278793
0.0892343521118164
0.08787009865045547
0.08727435767650604
0.08690803498029709
0.08673039823770523
0.08647019416093826
0.08630619943141937
0.08617605268955231
0.08606372028589249
0.08595524728298187
0.0858238935470581
0.08569635450839996
0.08561261743307114
0.08540436625480652
0.0855492427945137
0.08593058586120605
0.08592157065868378
0.08579985052347183
0.08551568537950516
0.0853748470544815
0.08516282588243484
0.08507702499628067
0.08486256003379822
0.08475229144096375
0.08442762494087219
0.08613413572311401
0.08616123348474503
0.08533203601837158
0.08506004512310028
0.08462824672460556
0.08440496027469635
0.08441564440727234
0.08442901819944382
0.08415324240922928
0.08386087417602539
0.08367811888456345
0.08364656567573547
0.0838589146733284
0.08430755138397217
0.08488546311855316
0.08451078832149506
0.08396512269973755
0.08355709165334702
0.08333253115415573
0.08309635519981384
0.08298000693321228
0.08282415568828583
0.08267222344875336
0.08255760371685028
0.08245604485273361
0.0824074074625969
0.08231132477521896
0.08229708671569824
0.08212964236736298
0.08198055624961853
0.08187974244356155
0.0819331631064415
0.0817851722240448
0.08163466304540634
0.08178110420703888
0.08167735487222672
0.08142954856157303
0.08126095682382584
0.08123449236154556
0.08110326528549194
0.08111540973186493
0.08114248514175415
0.08097244054079056
0.08081819117069244
0.08065572381019592
0.08060859143733978
0.08200299739837646
0.0822833850979805
0.08151431381702423
0.08084823936223984
0.08072387427091599
0.08061519265174866
0.08034732937812805
0.08040563762187958
0.0802372545003891
0.07997214794158936
0.0799761638045311
0.08107185363769531
0.08060427755117416
0.08000531792640686
0.07977886497974396
0.07948257029056549
0.07934154570102692
0.0794939324259758
0.07938553392887115
0.07911821454763412
0.07890427857637405
0.07880769670009613
0.07879405468702316
0.07868250459432602
0.07889708876609802
0.07886239886283875
0.0786217451095581
0.07831351459026337
0.07832247018814087
0.07850537449121475
0.07864958047866821
0.07826278358697891
0.07834312319755554
0.07817790657281876
0.07806272059679031
0.07810810208320618
0.07809522747993469
0.07815175503492355
0.0778605118393898
0.07778280228376389
0.07766802608966827
0.07761191576719284
0.07749394327402115
0.07756888121366501
0.0776023268699646
0.07745583355426788
0.07732140272855759
0.07723093777894974
0.07718141376972198
0.07717055827379227
0.07715018093585968
0.07708743959665298
0.0771898701786995
0.07699964195489883
0.07695304602384567
0.07690857350826263
0.07679545879364014
0.07678493112325668
0.07670844346284866
0.07700600475072861
0.07703118026256561
0.07695302367210388
0.07691194117069244
0.07679641991853714
0.07663920521736145
0.0765225812792778
0.07643522322177887
0.0765237808227539
0.07644608616828918
0.07638011127710342
0.07633524388074875
0.07629073411226273
0.07631967961788177
0.07616972178220749
0.07602386176586151
0.07600295543670654
0.07595309615135193
0.07590186595916748
0.0758989080786705
0.07571205496788025
0.07581319659948349
0.0757712721824646
0.07572051882743835
0.07563043385744095
0.07558245956897736
0.07550143450498581
0.07544780522584915
0.07541238516569138
0.07531403005123138
0.07552239298820496
0.075440913438797
0.0752919390797615
0.07519600540399551
0.07527825981378555
0.07518263161182404
0.07507529109716415
0.07496701180934906
0.07500873506069183
0.0749664232134819
0.07480158656835556
0.0748187005519867
0.07471180707216263
0.07469438761472702
0.07467953860759735
0.07461482286453247
0.07475745677947998
0.07493419945240021
0.07488665729761124
0.07473862171173096
0.07465406507253647
0.07462805509567261
0.074465811252594
0.07438479363918304
0.07426385581493378
0.07416629791259766
0.07413534820079803
0.07403003424406052
0.07396969199180603
0.07393978536128998
0.07387834042310715
0.07381600141525269
0.07372495532035828
0.07373110204935074
0.07369746267795563
0.07366269826889038
0.07354814559221268
0.07350549101829529
0.07340624928474426
0.07384515553712845
0.07399296760559082
0.07386324554681778
0.07368498295545578
0.07343517243862152
0.07336463034152985
0.07334201782941818
0.07324938476085663
0.07322198897600174
0.07316260039806366
0.0732981488108635
0.07330470532178879
0.0733633041381836
0.07330981642007828
0.0731678456068039
0.07309987396001816
0.07304777950048447
0.07300379127264023
0.07295714318752289
0.0729246512055397
0.07290074229240417
0.07295747101306915
0.07301881909370422
0.07293925434350967
0.07291284948587418
0.0727977454662323
0.07275073230266571
0.07269656658172607
0.07267407327890396
0.07262571901082993
0.07260026782751083
0.07256785780191422
0.07258560508489609
0.07253143191337585
0.0724990963935852
0.07250820100307465
0.07244701683521271
0.07241585850715637
0.07238515466451645
0.07237531244754791
0.07234174013137817
0.07230878621339798
0.07225675135850906
0.07224603742361069
0.07225865870714188
0.07222497463226318
0.07217662036418915
0.07215322554111481
0.07211773097515106
0.07208746671676636
0.07206424325704575
0.0720447525382042
0.07204976677894592
0.07200827449560165
0.0719781145453453
0.07202817499637604
0.07208704948425293
0.0719962865114212
0.07190871983766556
0.0719948336482048
0.07188864052295685
0.07185908406972885
0.07186055183410645
0.07182913273572922
0.0717908963561058
0.07185956835746765
0.07173258811235428
0.0718221515417099
0.07174177467823029
0.07169513404369354
0.07169657200574875
0.07160855829715729
0.07157308608293533
