0.8805018067359924
0.5647023320198059
0.475787490606308
0.43348997831344604
0.4039785861968994
0.390082985162735
0.3755592107772827
0.3621780574321747
0.35607337951660156
0.3433712124824524
0.33815982937812805
0.33425265550613403
0.3254324793815613
0.3169086277484894
0.3104269802570343
0.30525848269462585
0.30123403668403625
0.2955670952796936
0.2917537987232208
0.28767645359039307
0.2829030752182007
0.27979689836502075
0.276851624250412
0.29038354754447937
0.2965151071548462
0.27392444014549255
0.2697671055793762
0.2655698359012604
0.2735753357410431
0.2685197591781616
0.25966429710388184
0.25949710607528687
0.25559017062187195
0.25229471921920776
0.25004062056541443
0.24998661875724792
0.2487185001373291
0.24414952099323273
0.2442222684621811
0.23896832764148712
0.24127472937107086
0.23773293197155
0.24011415243148804
0.2333044409751892
0.23139898478984833
0.22885359823703766
0.22643475234508514
0.2246709018945694
0.2237599492073059
0.2207079529762268
0.2243339866399765
0.2224258929491043
0.21817803382873535
0.21385706961154938
0.211238831281662
0.2114821821451187
0.2100638449192047
0.20703960955142975
0.2068432718515396
0.20740777254104614
0.20238734781742096
0.1999749392271042
0.19767895340919495
0.19799238443374634
0.19603677093982697
0.19320005178451538
0.19302120804786682
0.1886737048625946
0.1885935515165329
0.197221040725708
0.19016745686531067
0.18570205569267273
0.18367408215999603
0.18451951444149017
0.18128933012485504
0.17616106569766998
0.17658179998397827
0.17648813128471375
0.17498047649860382
0.17054696381092072
0.16699430346488953
0.1645410805940628
0.16288337111473083
0.16153211891651154
0.15878280997276306
0.15744367241859436
0.15533661842346191
0.15473777055740356
0.16252943873405457
0.1625121682882309
0.16190357506275177
0.16569970548152924
0.1604541540145874
0.15176542103290558
0.14837704598903656
0.1470182240009308
0.1427786946296692
0.14003361761569977
0.14768058061599731
0.15454573929309845
0.1508263498544693
0.1409052461385727
0.13910697400569916
0.1345282346010208
0.1350342482328415
0.12965355813503265
0.1263115257024765
0.127420574426651
0.12794627249240875
0.12372644990682602
0.12129015475511551
0.11806704103946686
0.1157720685005188
0.12003124505281448
0.13693396747112274
0.13977517187595367
0.1262417435646057
0.12052731961011887
0.11584536731243134
0.11348724365234375
0.11067501455545425
0.10639617592096329
0.10457906126976013
0.10278917849063873
0.10166104882955551
0.10207702219486237
0.09953077882528305
0.0969628095626831
0.09612599015235901
0.09499641507863998
0.09427813440561295
0.09244103729724884
0.09171067923307419
0.08998221158981323
0.08915599435567856
0.08877616375684738
0.08820851892232895
0.08775921165943146
0.08700653910636902
0.0881805419921875
0.08805511146783829
0.08804687112569809
0.08684848248958588
0.08477085828781128
0.08289122581481934
0.08551570028066635
0.08547154068946838
0.08222559094429016
0.085005022585392
0.08401988446712494
0.08127851784229279
0.07931941747665405
0.07952991127967834
0.07845520228147507
0.07675577700138092
0.07563228905200958
0.07473760843276978
0.07430748641490936
0.07375970482826233
0.07374794036149979
0.07892773300409317
0.07979884743690491
0.07507006078958511
0.07360794395208359
0.07336653023958206
0.07201121747493744
0.07095930725336075
0.0703945904970169
0.06893250346183777
0.0687730610370636
0.07562165707349777
0.0724947601556778
0.06819410622119904
0.06600454449653625
0.06653366982936859
0.07964654266834259
0.07656639069318771
0.06828504800796509
0.06734238564968109
0.0641588568687439
0.06302603334188461
0.061550069600343704
0.06155185028910637
0.060773447155952454
0.06004265323281288
0.06037409231066704
0.061704304069280624
0.05979363992810249
0.058513592928647995
0.05881253629922867
0.057303883135318756
0.05644888058304787
0.0575723722577095
0.0663290023803711
0.06653334945440292
0.05940821021795273
0.057444557547569275
0.05516055226325989
0.05461015924811363
0.053651101887226105
0.052595168352127075
0.05172237381339073
0.051244646310806274
0.052070070058107376
0.05349627509713173
0.05397740751504898
0.05216784402728081
0.05045007914304733
0.050320059061050415
0.049317412078380585
0.04947841167449951
0.05028684437274933
0.048573121428489685
0.04782926291227341
0.05152798444032669
0.051215752959251404
0.04959888756275177
0.04729284346103668
0.04630506411194801
0.04495147243142128
0.044510163366794586
0.04437541216611862
0.05612218379974365
0.054776474833488464
0.047667309641838074
0.04531320556998253
0.04402270168066025
0.04315175861120224
0.04238301143050194
0.04175123944878578
0.04112525284290314
0.04036642611026764
0.0401284359395504
0.04049128666520119
0.03994831442832947
0.03952953219413757
0.039982009679079056
0.0406700074672699
0.03995075821876526
0.039364371448755264
0.038676660507917404
0.038664791733026505
0.038298796862363815
0.037994980812072754
0.038150668144226074
0.037670135498046875
0.03745737299323082
0.03731798380613327
0.03703855350613594
0.0373879075050354
0.03748223930597305
0.03702004626393318
0.03694400563836098
0.03805660083889961
0.037610821425914764
0.036818042397499084
0.03627481311559677
0.0356631837785244
0.03547852113842964
0.03535880148410797
0.03560274466872215
0.0351778082549572
0.03493738919496536
0.03455895185470581
0.034610576927661896
0.03438128903508186
0.03451923280954361
0.034588731825351715
0.034474994987249374
0.034030698239803314
0.033668965101242065
0.03365577012300491
0.03396139666438103
0.035189639776945114
0.034262847155332565
0.033571794629096985
0.03304092586040497
0.032440073788166046
0.032326698303222656
0.03208046033978462
0.03193444758653641
0.031774844974279404
0.03153807669878006
0.0314604789018631
0.031243223696947098
0.031133238226175308
0.030978286638855934
0.031613901257514954
0.03098365105688572
0.0307804923504591
0.030533939599990845
0.03111238032579422
0.03217596560716629
0.03081071935594082
0.030120065435767174
0.029755806550383568
0.030611392110586166
0.03530067950487137
0.03291945159435272
0.039580732583999634
0.0389004610478878
0.03310162574052811
0.03137711063027382
0.03326023370027542
0.03178415447473526
0.0295795276761055
0.029041610658168793
0.02916734479367733
0.028713274747133255
0.028162572532892227
0.02809327282011509
0.027797387912869453
0.027540506795048714
0.027631759643554688
0.028418030589818954
0.02726387232542038
0.02700755186378956
0.026891060173511505
0.026682235300540924
0.02645554021000862
0.026253534480929375
0.0279900711029768
0.028413930907845497
0.02675795927643776
0.02628781646490097
0.02598009631037712
0.025743450969457626
0.026033656671643257
0.02580328658223152
0.025488030165433884
0.025240084156394005
0.025004541501402855
0.024944361299276352
0.024874521419405937
0.02473846822977066
0.024665795266628265
0.02457483857870102
0.024483082816004753
0.024427352473139763
0.02446601539850235
0.024349573999643326
0.02440801076591015
0.024343764409422874
0.024234658107161522
0.024298129603266716
0.02431536465883255
0.02416161634027958
0.024001022800803185
0.02387022040784359
0.023790569975972176
0.023717224597930908
0.023627713322639465
0.023576850071549416
0.023602578788995743
0.023635730147361755
0.02360563725233078
0.02354702353477478
0.023481812328100204
0.02345873787999153
0.023497439920902252
0.023421501740813255
0.023391148075461388
0.02327149175107479
0.023073319345712662
0.023048419505357742
0.022959914058446884
0.02292708493769169
0.023131806403398514
0.02320379577577114
0.02302829548716545
0.02287442982196808
0.022758588194847107
0.022626418620347977
0.02244032733142376
0.022374331951141357
0.022257264703512192
0.022184140980243683
0.022121112793684006
0.022021213546395302
0.02194354310631752
0.022009845823049545
0.02202187478542328
0.021876901388168335
0.021755198016762733
0.021696556359529495
0.02164752036333084
0.02154030092060566
0.021446993574500084
0.021502967923879623
0.02141895890235901
0.021279100328683853
0.0212177075445652
0.021147413179278374
0.021092325448989868
0.0210321843624115
0.021016310900449753
0.02089630626142025
0.020920172333717346
0.020862393081188202
0.02077222429215908
0.021311374381184578
0.021701689809560776
0.021313495934009552
0.020886436104774475
0.020949004217982292
0.02078237012028694
0.020752573385834694
0.02069193124771118
0.020529141649603844
0.02035706862807274
0.02051343023777008
0.021250713616609573
0.020530685782432556
0.020446883514523506
0.02026785910129547
0.020065512508153915
0.01993878372013569
0.01985842175781727
0.019757434725761414
0.019654350355267525
0.01959259808063507
0.019549069926142693
0.019475195556879044
0.01940407045185566
0.019547458738088608
0.019741134718060493
0.019588489085435867
0.019327333196997643
0.019321542233228683
0.019373536109924316
0.019197892397642136
0.01899757608771324
0.018953928723931313
0.01890335977077484
0.018911343067884445
0.01887037605047226
0.018875572830438614
0.01888103038072586
0.018750987946987152
0.018747011199593544
0.018690135329961777
0.018658678978681564
0.01861194334924221
0.01868578977882862
0.018637988716363907
0.018554743379354477
0.018489010632038116
0.01844898983836174
0.018475286662578583
0.018434014171361923
0.018378864973783493
0.01833161897957325
0.01830476149916649
0.018260382115840912
0.01821599341928959
0.018220296129584312
0.018165679648518562
0.018245765939354897
0.018179969862103462
0.01815088279545307
0.018087567761540413
0.01803465373814106
0.017992382869124413
0.017956828698515892
0.017928551882505417
0.01790703274309635
0.01785881817340851
0.017939463257789612
0.017855806276202202
0.017825208604335785
0.017797820270061493
0.017781242728233337
0.017727339640259743
0.017689546570181847
0.017678475007414818
0.01765027455985546
0.017580712214112282
0.017575955018401146
0.01754223182797432
0.017487961798906326
0.01747732050716877
0.017430737614631653
0.017408575862646103
0.01736745610833168
0.017322953790426254
0.01729731075465679
0.017254633828997612
0.017232084646821022
0.01721012033522129
0.017227184027433395
0.017277266830205917
0.017128536477684975
0.017093705013394356
0.017070109024643898
0.017032437026500702
0.017011184245347977
0.01697007194161415
0.01694810390472412
0.01692804880440235
0.01688411831855774
0.01689048670232296
0.01684698462486267
0.01683936081826687
0.01680809073150158
0.016753265634179115
0.016781296581029892
0.016825493425130844
0.016764109954237938
0.016687368974089622
0.016638435423374176
0.01666932925581932
0.01658312976360321
0.01652299240231514
0.016478946432471275
0.01644042879343033
0.016495684161782265
0.0164507906883955
0.016385093331336975
0.016359737142920494
0.016296235844492912
0.01625778153538704
0.016189469024538994
0.01619747094810009
0.016154948621988297
0.016122741624712944
0.016100501641631126
0.016065580770373344
0.01600893959403038
0.016340669244527817
0.01631741225719452
0.016190895810723305
0.016056327149271965
0.015971634536981583
0.01592942327260971
0.015894973650574684
0.015870124101638794
0.015845535323023796
0.015820369124412537
0.01587986759841442
0.015869181603193283
0.015895215794444084
0.01582908071577549
0.015754688531160355
0.01574217900633812
0.01570536196231842
0.01567663811147213
0.015668559819459915
0.015652088448405266
0.015621372498571873
0.015644194558262825
0.015633994713425636
0.015595520846545696
0.015575098805129528
0.015548191964626312
0.015524432994425297
0.015505964867770672
0.015497087500989437
0.015482872724533081
0.015461633913218975
0.015444301068782806
0.015437427908182144
0.0154136186465621
0.015395509079098701
0.015478603541851044
0.015493422746658325
0.015460258349776268
0.015421965159475803
0.015416092239320278
0.015375452116131783
0.015331248752772808
0.015305663459002972
0.015288887545466423
0.015266084112226963
0.015246606431901455
0.015227707102894783
0.015221945941448212
0.015205113217234612
0.015182070434093475
0.015159761533141136
0.015142648480832577
0.015135466121137142
0.015141081996262074
0.015156615525484085
0.015141851268708706
0.015273180790245533
0.015242918394505978
0.015161462128162384
0.015081051737070084
0.015033015981316566
0.015010264702141285
0.014991410076618195
0.01496933214366436
0.014946725219488144
0.01500528585165739
0.014959772117435932
0.014936444349586964
0.01491529867053032
0.014881793409585953
0.014883491210639477
0.014847765676677227
0.01482160110026598
