0.8031314611434937
0.6293228268623352
0.5706207156181335
0.5348591804504395
0.513184666633606
0.4896917939186096
0.4685170352458954
0.4506489038467407
0.4322394132614136
0.4182766377925873
0.4055909216403961
0.3966525197029114
0.38564372062683105
0.3788245916366577
0.370301753282547
0.36243733763694763
0.35626137256622314
0.35041379928588867
0.34578898549079895
0.34060418605804443
0.3339538276195526
0.3320300281047821
0.3274182677268982
0.3229537606239319
0.31950801610946655
0.31808072328567505
0.31345364451408386
0.3103463351726532
0.30724653601646423
0.30386027693748474
0.30129000544548035
0.30525901913642883
0.30035078525543213
0.29625463485717773
0.2946920096874237
0.29194408655166626
0.2901482880115509
0.28787606954574585
0.2972424328327179
0.28852662444114685
0.32855480909347534
0.3042975068092346
0.3070901036262512
0.2906251847743988
0.2851841151714325
0.28128567337989807
0.2793829143047333
0.27847298979759216
0.27597349882125854
0.27392324805259705
0.2733430862426758
0.27291080355644226
0.2700647711753845
0.26990583539009094
0.26794204115867615
0.2664773166179657
0.2646183371543884
0.2644861340522766
0.26246267557144165
0.2614847421646118
0.2611514925956726
0.2676771283149719
0.26981785893440247
0.26463019847869873
0.2627315819263458
0.256174772977829
0.25436854362487793
0.25266918540000916
0.25177323818206787
0.25045469403266907
0.2494572401046753
0.2482154369354248
0.24643516540527344
0.24572154879570007
0.247125044465065
0.24374589323997498
0.24258898198604584
0.24094364047050476
0.23940901458263397
0.2382032722234726
0.23710200190544128
0.24369660019874573
0.24200841784477234
0.2352532297372818
0.23388686776161194
0.23242315649986267
0.2311261147260666
0.2301701158285141
0.23365524411201477
0.24574436247348785
0.2477487176656723
0.23417770862579346
0.22771836817264557
0.22590680420398712
0.2239021509885788
0.2220512181520462
0.22110296785831451
0.2210073471069336
0.22301721572875977
0.21971175074577332
0.22798475623130798
0.22129322588443756
0.2150302529335022
0.2146254926919937
0.21340391039848328
0.215524360537529
0.21780695021152496
0.21443255245685577
0.21033404767513275
0.20865455269813538
0.20584793388843536
0.2052288055419922
0.2032005786895752
0.20115458965301514
0.19993384182453156
0.1986141800880432
0.19882699847221375
0.20116716623306274
0.20526370406150818
0.20623467862606049
0.19779260456562042
0.19515244662761688
0.1933472752571106
0.1924450844526291
0.19156308472156525
0.1896650791168213
0.18779446184635162
0.18629321455955505
0.183321014046669
0.18264682590961456
0.1811692714691162
0.17970064282417297
0.17920511960983276
0.19147226214408875
0.18983766436576843
0.1826876997947693
0.18089456856250763
0.17538386583328247
0.17357563972473145
0.18389731645584106
0.17806340754032135
0.17425689101219177
0.16883637011051178
0.16802160441875458
0.16652125120162964
0.16571234166622162
0.16491170227527618
0.170359805226326
0.1784178465604782
0.17531746625900269
0.16689446568489075
0.16488109529018402
0.16404542326927185
0.16363859176635742
0.1619337648153305
0.16081999242305756
0.1593521386384964
0.15875335037708282
0.15815657377243042
0.15720079839229584
0.15680883824825287
0.15656888484954834
0.15535637736320496
0.15516003966331482
0.15675003826618195
0.15577980875968933
0.15469343960285187
0.15600687265396118
0.1542915552854538
0.15356360375881195
0.15547071397304535
0.15519492328166962
0.1515287458896637
0.150748148560524
0.15023326873779297
0.14942999184131622
0.1489870548248291
0.1504909098148346
0.15097759664058685
0.14875362813472748
0.14825297892093658
0.14678789675235748
0.14656509459018707
0.14704464375972748
0.16817937791347504
0.1642364263534546
0.15564315021038055
0.15076693892478943
0.14689476788043976
0.14661094546318054
0.14583541452884674
0.1443556249141693
0.14343205094337463
0.1428496241569519
0.14264117181301117
0.141525998711586
0.14128120243549347
0.14061342179775238
0.13968873023986816
0.1391165852546692
0.1390913426876068
0.14179784059524536
0.1469966322183609
0.14152634143829346
0.13885565102100372
0.13751092553138733
0.13674914836883545
0.13621729612350464
0.1358637660741806
0.13507556915283203
0.13442443311214447
0.13477115333080292
0.13483168184757233
0.13394562900066376
0.13317520916461945
0.13419951498508453
0.13219422101974487
0.13216373324394226
0.1319689005613327
0.13201378285884857
0.1331416517496109
0.13489298522472382
0.13369546830654144
0.13118235766887665
0.130108043551445
0.1306486278772354
0.12939003109931946
0.12883253395557404
0.12958551943302155
0.12835271656513214
0.12828242778778076
0.12699681520462036
0.1256062239408493
0.12583309412002563
0.12485676258802414
0.12458575516939163
0.13077455759048462
0.12689371407032013
0.127038836479187
0.12639029324054718
0.12456909567117691
0.12603279948234558
0.12527191638946533
0.12950876355171204
0.12751895189285278
0.12475887686014175
0.12337404489517212
0.12262945622205734
0.12367881834506989
0.12351702153682709
0.12192461639642715
0.12140793353319168
0.12257441133260727
0.12296473234891891
0.12344270944595337
0.1211506649851799
0.12048309296369553
0.11978628486394882
0.11923195421695709
0.11880265921354294
0.11875183135271072
0.11861057579517365
0.11832627654075623
0.1181180477142334
0.11917488276958466
0.12012234330177307
0.11804213374853134
0.12246733903884888
0.11918611824512482
0.11797985434532166
0.11757875978946686
0.11695380508899689
0.11662620306015015
0.11620813608169556
0.11611616611480713
0.11611691117286682
0.11589821428060532
0.11626903712749481
0.11530429869890213
0.11625953018665314
0.11550392210483551
0.11491168290376663
0.11700531840324402
0.11677236109972
0.11746799200773239
0.11729884892702103
0.11612068116664886
0.11544083058834076
0.11473125219345093
0.11434920132160187
0.11380468308925629
0.113637775182724
0.11331439018249512
0.11293741315603256
0.11253958195447922
0.11246614903211594
0.112354576587677
0.11204952001571655
0.1119808554649353
0.11192816495895386
0.11156485974788666
0.11131057143211365
0.11450324952602386
0.11591660976409912
0.11251884698867798
0.1123226061463356
0.11240264773368835
0.11086035519838333
0.1115121841430664
0.1105605885386467
0.10981442779302597
0.11049653589725494
0.11037396639585495
0.10943783819675446
0.10932657122612
0.10947246104478836
0.10865557938814163
0.1085776537656784
0.10847936570644379
0.1082085594534874
0.10970636457204819
0.10932020097970963
0.10884891450405121
0.10831687599420547
0.10765207558870316
0.10837490856647491
0.10765261948108673
0.10783576220273972
0.10801299661397934
0.10676957666873932
0.10666698962450027
0.10665767639875412
0.10598128288984299
0.10668366402387619
0.11180050671100616
0.10814198851585388
0.10735142976045609
0.10682137310504913
0.10604166984558105
0.10567216575145721
0.10534537583589554
0.10486135631799698
0.104550302028656
0.10454220324754715
0.10485650599002838
0.10450870543718338
0.10423410683870316
0.10403867810964584
0.10374177247285843
0.10353843122720718
0.10353114455938339
0.10333175957202911
0.10316473245620728
0.10309381037950516
0.10295592248439789
0.10285235196352005
0.10275784134864807
0.1025950238108635
0.10250155627727509
0.10245347768068314
0.10239901393651962
0.10215874761343002
0.10203909128904343
0.10200172662734985
0.10189543664455414
0.10183491557836533
0.1017577052116394
0.10164736211299896
0.10161372274160385
0.10142800211906433
0.10129914432764053
0.10129373520612717
0.10127805918455124
0.10109864175319672
0.10151419043540955
0.10225989669561386
0.10167314857244492
0.10107866674661636
0.10112860798835754
0.10077419131994247
0.101092129945755
0.1004723310470581
0.10038731247186661
0.10024447739124298
0.10017405450344086
0.10013400763273239
0.09997859597206116
0.09995976835489273
0.0999671146273613
0.09972373396158218
0.09991948306560516
0.10011249780654907
0.09948712587356567
0.09907328337430954
0.09906212985515594
0.09894648939371109
0.10116976499557495
0.10225901752710342
0.10040097683668137
0.09960963577032089
0.09966937452554703
0.09977706521749496
0.098909892141819
0.09907808154821396
0.09992486238479614
0.09946621209383011
0.09881981462240219
0.09850510954856873
0.09829017519950867
0.09825001657009125
0.09816721826791763
0.09789147228002548
0.09763552248477936
0.09755723923444748
0.09745924919843674
0.09802436083555222
0.09759540855884552
0.09727714210748672
0.09702905267477036
0.09685119241476059
0.09756198525428772
0.09624180942773819
0.09797001630067825
0.09850418567657471
0.09748245775699615
0.09688591957092285
0.09653802961111069
0.09629949182271957
0.09625503420829773
0.09638746827840805
0.09606585651636124
0.09594444930553436
0.09606221318244934
0.09598345309495926
0.09579143673181534
0.09548483043909073
0.09643733501434326
0.09600743651390076
0.09632864594459534
0.09746166318655014
0.09685462713241577
0.09610402584075928
0.09634741395711899
0.09672977030277252
0.09641700237989426
0.0958840548992157
0.09561356902122498
0.09548808634281158
0.09524518251419067
0.09507694095373154
0.09500955790281296
0.09488797932863235
0.09478522837162018
0.09484348446130753
0.09495507925748825
0.09473121911287308
0.094658762216568
0.09438511729240417
0.09418565779924393
0.09410698711872101
0.0940801352262497
0.09424314647912979
0.09410613775253296
0.09400499612092972
0.09404751658439636
0.09396061301231384
0.09386295825242996
0.09386084973812103
0.09385712444782257
0.09370717406272888
0.09365502744913101
0.09351354092359543
0.09347432106733322
0.09342072159051895
0.09331831336021423
0.09327720105648041
0.09321727603673935
0.09316933900117874
0.09314252436161041
0.09305936098098755
0.09301754087209702
0.09289230406284332
0.09303495287895203
0.09301207959651947
0.09293708205223083
0.0928727313876152
0.09292209893465042
0.09287839382886887
0.09283962845802307
0.09272065758705139
0.09256493300199509
0.0925804153084755
0.09251855313777924
0.09254142642021179
0.09252215176820755
0.09281937032938004
0.09286585450172424
0.09258406609296799
0.09209681302309036
0.0922345221042633
0.09225237369537354
0.0921671912074089
0.09217748045921326
0.09214242547750473
0.09204628318548203
0.0919869914650917
0.09191485494375229
0.0918501764535904
0.09175002574920654
0.09209708124399185
0.0919279083609581
0.09174339473247528
0.09163511544466019
0.09162077307701111
0.09177521616220474
0.09172546863555908
0.0915486291050911
0.09157887101173401
0.09171758592128754
0.09183362126350403
0.09167007356882095
0.09155640751123428
0.09137571603059769
0.09127029031515121
0.09121015667915344
0.0911051332950592
0.09110087156295776
0.09100695699453354
0.09104425460100174
0.09094744175672531
0.09089528024196625
0.09088190644979477
0.09078816324472427
0.09076448529958725
0.09065163135528564
0.09060190618038177
0.09055691957473755
0.09050100296735764
0.09046071767807007
0.09038908779621124
0.09032948315143585
0.09038902819156647
0.09062306582927704
0.09055548906326294
0.09039263427257538
0.09027232974767685
0.09026093035936356
0.09041749686002731
0.09052066504955292
0.09055222570896149
0.09046968817710876
0.09033564478158951
0.0902513638138771
0.0901632159948349
0.09009148180484772
0.09001602977514267
0.08996708691120148
0.08993739634752274
0.08989089727401733
0.0898454412817955
0.08990685641765594
0.08993853628635406
0.09005097299814224
0.08986112475395203
0.08977765589952469
0.08971821516752243
0.0898396447300911
0.08988028019666672
0.08995603770017624
0.0898977518081665
0.08976397663354874
0.08960094302892685
0.0895104631781578
0.08952360600233078
0.08952435106039047
0.08948221802711487
0.08942408859729767
0.08938521146774292
0.08938729017972946
0.08937771618366241
0.08932621777057648
0.08932101726531982
0.08925644308328629
0.08923038840293884
0.0892028734087944
0.08914289623498917
0.089174784719944
0.0890900120139122
0.08936163038015366
0.08931870013475418
0.08925977349281311
0.08916936814785004
0.08909327536821365
0.08900920301675797
0.08900649100542068
0.08896841108798981
0.08894422650337219
0.08888635039329529
0.08885712921619415
0.0888325497508049
0.08883285522460938
0.08878803253173828
0.0887446328997612
