0.712821364402771
0.49962955713272095
0.4282318651676178
0.3985137641429901
0.38304466009140015
0.3644573986530304
0.35120612382888794
0.3411729335784912
0.33202746510505676
0.3236214518547058
0.3171151280403137
0.31203702092170715
0.306143581867218
0.3031821548938751
0.29639768600463867
0.2922787368297577
0.28989744186401367
0.2899555265903473
0.28284749388694763
0.2774374783039093
0.2718782424926758
0.27117833495140076
0.266906201839447
0.26171547174453735
0.26032310724258423
0.2565127909183502
0.2555048167705536
0.2541866898536682
0.24656054377555847
0.24725760519504547
0.23990243673324585
0.23663242161273956
0.23416945338249207
0.23043827712535858
0.2271357923746109
0.22895118594169617
0.22478921711444855
0.21996831893920898
0.2355918288230896
0.23263250291347504
0.23972225189208984
0.24997304379940033
0.2238713949918747
0.21853654086589813
0.20694378018379211
0.2028954029083252
0.19986508786678314
0.19709749519824982
0.19660712778568268
0.19252344965934753
0.19607020914554596
0.19369962811470032
0.18623901903629303
0.18940359354019165
0.18151843547821045
0.18185846507549286
0.17548154294490814
0.17407141625881195
0.17006103694438934
0.1679411679506302
0.16681163012981415
0.1690964698791504
0.16398435831069946
0.1624964326620102
0.1591581255197525
0.1542825996875763
0.15744465589523315
0.15838998556137085
0.15181557834148407
0.15080371499061584
0.1507701873779297
0.1485786736011505
0.14204637706279755
0.1440199464559555
0.13932928442955017
0.13495954871177673
0.1327337622642517
0.13157381117343903
0.12787967920303345
0.1262541562318802
0.12388613075017929
0.13796131312847137
0.129470556974411
0.12119623273611069
0.11912968009710312
0.11982440948486328
0.115546315908432
0.11302844434976578
0.11324018239974976
0.15096506476402283
0.1309843510389328
0.11615314334630966
0.13095805048942566
0.1293676197528839
0.1095755398273468
0.10692418366670609
0.10661445558071136
0.10434421896934509
0.119849294424057
0.10171332955360413
0.09679452329874039
0.09297243505716324
0.09022302180528641
0.09562738239765167
0.10388945043087006
0.0997462198138237
0.09585832804441452
0.09070569276809692
0.09187497943639755
0.08381965011358261
0.08385080844163895
0.07961571216583252
0.0775953084230423
0.07574471831321716
0.07488056272268295
0.0733228549361229
0.09151890128850937
0.08616721630096436
0.08331118524074554
0.07419602572917938
0.07054811716079712
0.06701421737670898
0.0810743123292923
0.07447368651628494
0.06761831045150757
0.06281208992004395
0.06188315525650978
0.06048741564154625
0.05880121886730194
0.05755874887108803
0.056400131434202194
0.054999276995658875
0.05448407307267189
0.061078935861587524
0.058600448071956635
0.05633706599473953
0.056863054633140564
0.05323436111211777
0.05253973603248596
0.081545889377594
0.06524544954299927
0.06038621813058853
0.052988070994615555
0.05274965614080429
0.05023351311683655
0.049663037061691284
0.04897651448845863
0.04893478378653526
0.04997173324227333
0.04887593165040016
0.04763903096318245
0.046684250235557556
0.046293023973703384
0.04584142193198204
0.04534640908241272
0.04576156288385391
0.045294567942619324
0.044431209564208984
0.04390842095017433
0.043014563620090485
0.04257798567414284
0.042869627475738525
0.04199919477105141
0.0417855940759182
0.04138460382819176
0.04065701365470886
0.04212816059589386
0.042713675647974014
0.043820034712553024
0.043979741632938385
0.0495029017329216
0.04643752798438072
0.04204406216740608
0.038962457329034805
0.038641009479761124
0.03742580488324165
0.03711862489581108
0.03731400519609451
0.036484237760305405
0.036126282066106796
0.03559727594256401
0.03528830409049988
0.03632216528058052
0.03654051199555397
0.04233855381608009
0.039691876620054245
0.03683452308177948
0.03485585376620293
0.035604819655418396
0.03498832881450653
0.03310249000787735
0.032447174191474915
0.031989097595214844
0.03161421790719032
0.031382523477077484
0.031166665256023407
0.030609332025051117
0.03044525906443596
0.03010556474328041
0.029542408883571625
0.029481524601578712
0.028793834149837494
0.028917184099555016
0.02852076292037964
0.028221985325217247
0.02781759575009346
0.02761632762849331
0.027143577113747597
0.02695036120712757
0.026650981977581978
0.02646985463798046
0.026219971477985382
0.0258844792842865
0.02576969936490059
0.025451913475990295
0.025299185886979103
0.02481289952993393
0.024549638852477074
0.024259408935904503
0.024515485391020775
0.02435188926756382
0.023815767839550972
0.026493024080991745
0.025736333802342415
0.02366485260426998
0.025293445214629173
0.024235576391220093
0.023189930245280266
0.022558830678462982
0.022881856188178062
0.02220129780471325
0.021681949496269226
0.021305806934833527
0.021057341247797012
0.020931797102093697
0.02092125453054905
0.020861096680164337
0.020586078986525536
0.020560530945658684
0.020534995943307877
0.020936692133545876
0.023432232439517975
0.022020548582077026
0.023014381527900696
0.02164117805659771
0.02065523900091648
0.02010377123951912
0.019587380811572075
0.020463788881897926
0.021890658885240555
0.020372681319713593
0.019918929785490036
0.01982334442436695
0.02108948491513729
0.021806195378303528
0.019524753093719482
0.019071033224463463
0.01863705739378929
0.018333304673433304
0.018070921301841736
0.018255604431033134
0.01795181632041931
0.017834220081567764
0.01760941371321678
0.021612780168652534
0.02163228578865528
0.019669122993946075
0.019316699355840683
0.017692452296614647
0.017398614436388016
0.017637107521295547
0.017176933586597443
0.01691429875791073
0.016690753400325775
0.016497133299708366
0.017330877482891083
0.018405061215162277
0.01770838163793087
0.01655062660574913
0.016269486397504807
0.015938278287649155
0.01664627343416214
0.016440998762845993
0.016097402200102806
0.016375521197915077
0.016068238765001297
0.015604428015649319
0.01557424757629633
0.01530021894723177
0.015275146812200546
0.01499104592949152
0.014874005690217018
0.014735696837306023
0.014570322819054127
0.0144938500598073
0.014361469075083733
0.014288468286395073
0.014196663163602352
0.01414484716951847
0.014007705263793468
0.013920806348323822
0.013817653059959412
0.014132817275822163
0.014464056119322777
0.01436036266386509
0.016390811651945114
0.01668017916381359
0.014715079218149185
0.014545207843184471
0.013652699068188667
0.013395044952630997
0.013269499875605106
0.013465164229273796
0.013687980361282825
0.013280998915433884
0.0129850497469306
0.01274765282869339
0.012623589485883713
0.012777445837855339
0.013608605600893497
0.014564741402864456
0.012988604605197906
0.012805736623704433
0.012495248578488827
0.012184325605630875
0.012258392758667469
0.012104024179279804
0.011793144978582859
0.012577138841152191
0.012085648253560066
0.011755017563700676
0.011488055810332298
0.011396397836506367
0.011281861923635006
0.011522342450916767
0.011501967906951904
0.011211535893380642
0.011058432050049305
0.011026603169739246
0.01095708180218935
0.010906433686614037
0.01086336374282837
0.010815486311912537
0.010788592509925365
0.010836317203938961
0.01072610542178154
0.01066031027585268
0.010640558786690235
0.010576118715107441
0.010526129975914955
0.010519509203732014
0.010511000640690327
0.0104342270642519
0.010385030880570412
0.010329827666282654
0.01029871217906475
0.010295132175087929
0.010257689282298088
0.010214870795607567
0.010336639359593391
0.01030974742025137
0.010208788327872753
0.010151573456823826
0.010079910978674889
0.010010776109993458
0.009966897778213024
0.009943014942109585
0.00990212056785822
0.009855704382061958
0.00981399230659008
0.009791581891477108
0.009747538715600967
0.009730719029903412
0.009655744768679142
0.009653558023273945
0.009608029387891293
0.00957786850631237
0.009562693536281586
0.009536267258226871
0.009482048451900482
0.009502289816737175
0.009425164200365543
0.009401078335940838
0.009372741915285587
0.009425651282072067
0.009355575777590275
0.009339247830212116
0.009287475608289242
0.009312200360000134
0.009238644503057003
0.00924508087337017
0.009354855865240097
0.009136311709880829
0.009012337774038315
0.009004250168800354
0.008952734991908073
0.009060938842594624
0.009030772373080254
0.008882352150976658
0.00881359912455082
0.008834781125187874
0.008902917616069317
0.00871683843433857
0.008991541340947151
0.008964125998318195
0.008736522868275642
0.008641649037599564
0.00854285154491663
0.008530969731509686
0.008465200662612915
0.008431456983089447
0.00840908382087946
0.008365029469132423
0.00832408107817173
0.008295243605971336
0.008328531868755817
0.008267479948699474
0.008274118416011333
0.008311178535223007
0.00823422521352768
0.008151121437549591
0.008294290862977505
0.008864830248057842
0.008750949054956436
0.0085104675963521
0.008405474945902824
0.00817404966801405
0.008002018555998802
0.00801803171634674
0.0079609090462327
0.007882696576416492
0.00793630350381136
0.008080217987298965
0.008023642934858799
0.007908230647444725
0.0078093260526657104
0.007813475094735622
0.007787784561514854
0.007823088206350803
0.00779386842623353
0.007707086857408285
0.007674568332731724
0.007684812415391207
0.007729995995759964
0.007699460722506046
0.007645569741725922
0.007606571074575186
0.007583393715322018
0.007549183908849955
0.007520680781453848
0.007487989496439695
0.007463095709681511
0.007450154982507229
0.007436442654579878
0.007441451773047447
0.007404856849461794
0.007373348344117403
0.007356565911322832
0.007348841987550259
0.007342642173171043
0.0073157427832484245
0.007327931467443705
0.00731290178373456
0.007286550011485815
0.007248199079185724
0.007241441402584314
0.007249891757965088
0.007265293505042791
0.007243863306939602
0.007204943336546421
0.0071737016551196575
0.007146785501390696
0.007123485207557678
0.007105139549821615
0.007093185093253851
0.0072176591493189335
0.007182877976447344
0.007142356596887112
0.007098437286913395
0.00705136451870203
0.007035139016807079
0.007009394001215696
0.006985632237046957
0.00696598319336772
0.006961749866604805
0.006983548868447542
0.006973444018512964
0.006966835353523493
0.006936842575669289
0.006911526434123516
0.00685919402167201
0.007097336463630199
0.007068229373544455
0.006995406933128834
0.006896535400301218
0.006891512777656317
0.006879434455186129
0.006837160792201757
0.006800571922212839
0.006774896290153265
0.006752862595021725
0.0067243436351418495
0.006712053436785936
0.0067059933207929134
0.006699876859784126
0.006670184433460236
0.006643975619226694
0.006615765858441591
0.0066127413883805275
0.0066026789136230946
0.006576386746019125
0.006559195928275585
0.006546328775584698
0.0065498813055455685
0.006534029729664326
0.006511931773275137
0.006501639727503061
0.006632172968238592
0.006628197617828846
0.00655473442748189
0.006518189329653978
0.006497012451291084
0.006450587883591652
0.006416458170861006
0.006414058618247509
0.006391733884811401
0.006370481103658676
0.006332485005259514
0.006371805444359779
0.006349245086312294
0.006332226097583771
0.006290660239756107
0.006273478269577026
0.0062606800347566605
0.006247653625905514
0.006242463365197182
0.006233894266188145
0.006222249008715153
0.006214465480297804
0.006212741602212191
0.006208615377545357
0.0062018390744924545
0.006213219836354256
0.006242515053600073
0.006219248753041029
0.006199553608894348
0.006204926874488592
0.006226447876542807
0.0062598492950201035
0.006273035891354084
0.006238565780222416
0.0062013245187699795
0.006173248402774334
0.006154327653348446
0.006140976678580046
0.006125165149569511
0.006110851652920246
0.0060957190580666065
0.006084292661398649
0.006073744036257267
0.00607438525184989
0.006074734032154083
0.006061922758817673
0.006040695123374462
0.006029793992638588
0.0060198744758963585
0.006048128474503756
0.006034815683960915
0.0060753547586500645
0.006084780674427748
0.006043835077434778
0.005997105035930872
0.005967470817267895
0.005966713652014732
0.00595056964084506
0.00594170019030571
0.005930533166974783
0.005922420881688595
0.005928805563598871
0.00592136662453413
0.005905550438910723
0.005897177383303642
0.00588770629838109
0.005880416836589575
0.005868027918040752
0.0058596171438694
0.005857538431882858
0.005848946515470743
0.005896260030567646
0.005875561852008104
0.005864981561899185
0.005836012773215771
0.005820336285978556
0.005809116642922163
0.005813339725136757
0.005802868399769068
0.005792110227048397
0.005780501756817102
0.005771403666585684
0.005773158278316259
0.005789501126855612
0.005792340263724327
