0.8911823034286499
0.7233254313468933
0.6225495934486389
0.551902174949646
0.49953967332839966
0.46403321623802185
0.4385302662849426
0.41708803176879883
0.4006013870239258
0.388762503862381
0.38037344813346863
0.3732175827026367
0.3657408356666565
0.3604704737663269
0.35460445284843445
0.3503701984882355
0.348044753074646
0.3459944427013397
0.34219565987586975
0.3391631543636322
0.335149884223938
0.33118265867233276
0.3294685184955597
0.3271770477294922
0.3268219530582428
0.32524722814559937
0.3220463991165161
0.3196020722389221
0.31708991527557373
0.3154979348182678
0.31518056988716125
0.3127077519893646
0.31257617473602295
0.3123173415660858
0.31060951948165894
0.30858296155929565
0.3055751621723175
0.30384618043899536
0.303096741437912
0.3020687997341156
0.30216726660728455
0.3053930699825287
0.3046046793460846
0.3004242479801178
0.2974652647972107
0.2948976159095764
0.29316583275794983
0.291520357131958
0.29003018140792847
0.28818419575691223
0.28930798172950745
0.28795889019966125
0.2867603898048401
0.28525421023368835
0.2837955951690674
0.2826474606990814
0.2816539406776428
0.28045347332954407
0.27961453795433044
0.27884742617607117
0.278076708316803
0.2780923545360565
0.27638790011405945
0.2759057581424713
0.27379366755485535
0.2734226584434509
0.2722409665584564
0.2728143632411957
0.27109792828559875
0.2729538679122925
0.2700982391834259
0.26763373613357544
0.2660593092441559
0.26505306363105774
0.2645636200904846
0.26335278153419495
0.2621450424194336
0.26067230105400085
0.2595648467540741
0.2617166042327881
0.25906679034233093
0.26172858476638794
0.2617516815662384
0.2580720782279968
0.25543278455734253
0.25482508540153503
0.2543938457965851
0.25169607996940613
0.2519979476928711
0.25006669759750366
0.2506088316440582
0.2505490183830261
0.25004643201828003
0.24687661230564117
0.24512334167957306
0.2438533455133438
0.24413619935512543
0.24490228295326233
0.24193300306797028
0.2408970594406128
0.24164476990699768
0.23935602605342865
0.2375044822692871
0.23623205721378326
0.23570965230464935
0.23451149463653564
0.23446476459503174
0.23472240567207336
0.23315873742103577
0.23115922510623932
0.23069508373737335
0.2299172282218933
0.22856788337230682
0.22728490829467773
0.2260316014289856
0.2252403050661087
0.22437797486782074
0.22313521802425385
0.22382473945617676
0.22310234606266022
0.22181513905525208
0.22310683131217957
0.22596250474452972
0.22196412086486816
0.22009208798408508
0.21955308318138123
0.21855975687503815
0.22331097722053528
0.2223876565694809
0.21920621395111084
0.21624810993671417
0.21475474536418915
0.21486032009124756
0.2153446227312088
0.215678870677948
0.21364253759384155
0.21157021820545197
0.21055015921592712
0.21044738590717316
0.21024425327777863
0.20976416766643524
0.208907350897789
0.2083020806312561
0.20858429372310638
0.20775653421878815
0.20742705464363098
0.20707567036151886
0.20684199035167694
0.20609867572784424
0.20560923218727112
0.20547951757907867
0.20509247481822968
0.2046661078929901
0.20417051017284393
0.20398010313510895
0.20354169607162476
0.20290698111057281
0.20309843122959137
0.20262549817562103
0.2020769715309143
0.20331712067127228
0.20273730158805847
0.2019031047821045
0.20227311551570892
0.20186348259449005
0.20098504424095154
0.200161874294281
0.2001640349626541
0.199460968375206
0.19926849007606506
0.19856251776218414
0.19868485629558563
0.19871190190315247
0.1978568285703659
0.1973537802696228
0.19691522419452667
0.19616656005382538
0.19657377898693085
0.19661657512187958
0.1955866664648056
0.19550268352031708
0.19557589292526245
0.1951007843017578
0.19443443417549133
0.19392840564250946
0.197161465883255
0.19605329632759094
0.19420865178108215
0.19354502856731415
0.19547760486602783
0.19454026222229004
0.1931084543466568
0.19225913286209106
0.19165393710136414
0.19155675172805786
0.1907733827829361
0.19059908390045166
0.19017325341701508
0.1901988536119461
0.19100897014141083
0.191656231880188
0.19059228897094727
0.1900443136692047
0.18988563120365143
0.1888102889060974
0.18798555433750153
0.18738442659378052
0.18720847368240356
0.18666422367095947
0.1866723597049713
0.18631987273693085
0.18619482219219208
0.18566960096359253
0.1854456216096878
0.18552462756633759
0.18436983227729797
0.18447880446910858
0.18410824239253998
0.18364101648330688
0.18394078314304352
0.18326358497142792
0.1823873370885849
0.18223679065704346
0.18218140304088593
0.18220354616641998
0.18137846887111664
0.18139024078845978
0.1808299869298935
0.18030615150928497
0.1802835911512375
0.17962104082107544
0.17941570281982422
0.17930693924427032
0.17908304929733276
0.17899994552135468
0.17891563475131989
0.17857134342193604
0.17841655015945435
0.17901313304901123
0.17909513413906097
0.1786077916622162
0.17803126573562622
0.17767484486103058
0.17753005027770996
0.1772887408733368
0.17732171714305878
0.1769489198923111
0.17677564918994904
0.1766851395368576
0.17669866979122162
0.17723776400089264
0.1771245300769806
0.17661723494529724
0.17609256505966187
0.1758899688720703
0.1756424754858017
0.17533063888549805
0.1752316653728485
0.17496941983699799
0.17496205866336823
0.1747017353773117
0.1746523678302765
0.17443613708019257
0.17426326870918274
0.17422892153263092
0.17397794127464294
0.17378753423690796
0.17357876896858215
0.17335735261440277
0.1734572947025299
0.17313136160373688
0.17330089211463928
0.17314675450325012
0.17291048169136047
0.17277178168296814
0.17268404364585876
0.17233721911907196
0.1721547394990921
0.17230626940727234
0.17260397970676422
0.17250989377498627
0.17211826145648956
0.17174583673477173
0.1716301292181015
0.1712539941072464
0.17113052308559418
0.17085129022598267
0.17070372402668
0.17053885757923126
0.17035265266895294
0.17066428065299988
0.17057818174362183
0.17107392847537994
0.17062754929065704
0.17034077644348145
0.1699569821357727
0.16971690952777863
0.1692129671573639
0.1691526472568512
0.16952170431613922
0.16925430297851562
0.16897445917129517
0.16814595460891724
0.16939671337604523
0.1691599190235138
0.16898000240325928
0.16865478456020355
0.16879944503307343
0.16852788627147675
0.16797782480716705
0.16791632771492004
0.16765820980072021
0.16771656274795532
0.16767914593219757
0.16783656179904938
0.16747824847698212
0.1678612232208252
0.16778641939163208
0.16871705651283264
0.16821980476379395
0.1675548106431961
0.16721904277801514
0.1671261489391327
0.16681775450706482
0.16651923954486847
0.16638092696666718
0.16600848734378815
0.16578416526317596
0.1653435230255127
0.1653558611869812
0.16530470550060272
0.16520781815052032
0.1651393324136734
0.16509629786014557
0.1651616096496582
0.16522586345672607
0.16508322954177856
0.16482971608638763
0.16471900045871735
0.1645030975341797
0.16426981985569
0.16435694694519043
0.16427814960479736
0.16421933472156525
0.16415885090827942
0.16405941545963287
0.16413210332393646
0.16408291459083557
0.16400620341300964
0.1638871282339096
0.16384179890155792
0.16376227140426636
0.16395826637744904
0.16405297815799713
0.16405510902404785
0.16382724046707153
0.1635478287935257
0.16331197321414948
0.16324099898338318
0.16315874457359314
0.16308549046516418
0.16305436193943024
0.16296188533306122
0.16286854445934296
0.16270112991333008
0.16288350522518158
0.16279642283916473
0.16268064081668854
0.1625646948814392
0.16266003251075745
0.16251227259635925
0.16261857748031616
0.16250713169574738
0.16249290108680725
0.1625860035419464
0.16262120008468628
0.16237486898899078
0.16226141154766083
0.16208405792713165
0.16215355694293976
0.16219760477542877
0.16213658452033997
0.1619340479373932
0.16181455552577972
0.16171449422836304
0.16163529455661774
0.16154582798480988
0.16149424016475677
0.16139841079711914
0.1613500416278839
0.1612745076417923
0.16119030117988586
0.16122284531593323
0.16123372316360474
0.16116271913051605
0.16139650344848633
0.16138724982738495
0.1613721251487732
0.1612624228000641
0.16115161776542664
0.1610913872718811
0.16112932562828064
0.1609390377998352
0.16101647913455963
0.16071388125419617
0.16060395538806915
0.16045965254306793
0.1604001820087433
0.16032283008098602
0.1602684110403061
0.1601875126361847
0.16010427474975586
0.16002251207828522
0.15994377434253693
0.15993894636631012
0.15969246625900269
0.160331130027771
0.16007143259048462
0.16004759073257446
0.1599692702293396
0.15987692773342133
0.15972790122032166
0.15967263281345367
0.15963836014270782
0.15956012904644012
0.16010616719722748
0.16020745038986206
0.1606653928756714
0.1604776531457901
0.1602667272090912
0.16005732119083405
0.16000984609127045
0.15989266335964203
0.15979716181755066
0.15976037085056305
0.15974199771881104
0.15974345803260803
0.15966641902923584
0.15950851142406464
0.15933869779109955
0.15926633775234222
0.15917308628559113
0.15908938646316528
0.15908707678318024
0.15903085470199585
0.15896448493003845
0.15895520150661469
0.15891264379024506
0.15881024301052094
0.1587570160627365
0.1586798131465912
0.15865185856819153
0.1586100161075592
0.1585599184036255
0.1584991216659546
0.15849941968917847
0.15848492085933685
0.1584373116493225
0.15835800766944885
0.15859119594097137
0.15861494839191437
0.15857987105846405
0.15849080681800842
0.15838193893432617
0.1582856923341751
0.15820832550525665
0.15834759175777435
0.1582067608833313
0.1580921709537506
0.15811991691589355
0.15799878537654877
0.158062145113945
0.15789152681827545
0.15804339945316315
0.15801067650318146
0.15793275833129883
0.15786881744861603
0.15775056183338165
0.1577017903327942
0.1577053666114807
0.15762406587600708
0.15762273967266083
0.15756745636463165
0.15754038095474243
0.1575092226266861
0.15751437842845917
0.15759588778018951
0.1575106382369995
0.15747596323490143
0.1574542373418808
0.15739572048187256
0.15733079612255096
0.1572880893945694
0.1572631299495697
0.15718381106853485
0.1571860909461975
0.15721558034420013
0.15729039907455444
0.15721669793128967
0.1572321057319641
0.15731941163539886
0.1572001427412033
0.15716034173965454
0.15712441504001617
0.1570536345243454
0.1570073664188385
0.15696477890014648
0.1569371372461319
0.1569223254919052
0.1570238173007965
0.1569906771183014
0.15700803697109222
0.15697352588176727
0.15689806640148163
0.1568359136581421
0.15679019689559937
0.15680715441703796
0.15676233172416687
0.15670910477638245
0.15666919946670532
0.1566319465637207
0.15658137202262878
0.15653355419635773
0.1565297245979309
0.1564970463514328
0.15643857419490814
0.15649662911891937
0.15645341575145721
0.15640011429786682
0.1563853919506073
0.15632756054401398
0.15630711615085602
0.15629005432128906
0.15624959766864777
0.15623395144939423
0.15622244775295258
0.15621866285800934
0.15618465840816498
0.15615268051624298
0.15613588690757751
0.1561070829629898
0.15610207617282867
0.15608933568000793
0.15608911216259003
0.15607641637325287
0.15609325468540192
0.15606825053691864
0.15599040687084198
0.15596066415309906
0.15595830976963043
0.1559683084487915
0.15593336522579193
0.1559140533208847
0.15599380433559418
0.15594686567783356
0.15595118701457977
0.155920147895813
0.1559060961008072
0.1558893322944641
0.1558539867401123
0.15582595765590668
0.15582413971424103
0.15580640733242035
0.15579281747341156
0.1557801514863968
0.1557643860578537
0.15574690699577332
0.15570026636123657
0.15566186606884003
0.15566237270832062
0.15567149221897125
0.15566545724868774
0.155628964304924
0.15561361610889435
0.15560099482536316
0.15560847520828247
0.1555636078119278
0.15555119514465332
0.15553687512874603
0.1555188000202179
0.15553498268127441
0.15549053251743317
0.15547777712345123
0.15545427799224854
0.1554700881242752
0.155430868268013
0.1554086059331894
0.15539108216762543
0.15537108480930328
0.15540756285190582
0.1553853154182434
0.15537135303020477
0.15531957149505615
0.155461385846138
0.15547847747802734
0.1554633229970932
0.1554429829120636
0.15543286502361298
0.1554209440946579
0.15539100766181946
0.15536785125732422
