0.769434928894043
0.6913512349128723
0.6444600820541382
0.6157307028770447
0.5938327312469482
0.5748069286346436
0.5578823089599609
0.5397453904151917
0.5224420428276062
0.5053505301475525
0.4918557405471802
0.4777168929576874
0.4636644124984741
0.45030641555786133
0.43714720010757446
0.4259673058986664
0.41677966713905334
0.4062337875366211
0.3983088731765747
0.39470115303993225
0.3868911564350128
0.38080844283103943
0.37434354424476624
0.3708115816116333
0.3676237165927887
0.3672705888748169
0.36288872361183167
0.3576413094997406
0.35449472069740295
0.3521977365016937
0.34965577721595764
0.3466535806655884
0.3479959964752197
0.3451695144176483
0.34199512004852295
0.3391309976577759
0.3372320234775543
0.33532723784446716
0.3335150480270386
0.33210843801498413
0.3308156430721283
0.3292030990123749
0.3294307291507721
0.32663896679878235
0.32597815990448
0.32532182335853577
0.323788583278656
0.3219887316226959
0.32270702719688416
0.32679635286331177
0.3235619366168976
0.31964734196662903
0.3177885115146637
0.31645289063453674
0.3150879442691803
0.31452134251594543
0.3169636130332947
0.31532037258148193
0.3131770193576813
0.3110012114048004
0.30964258313179016
0.30894047021865845
0.3084454834461212
0.30672046542167664
0.3058559000492096
0.3053089380264282
0.3041633367538452
0.3033928871154785
0.3032194674015045
0.3027486503124237
0.3017508089542389
0.30146530270576477
0.30143648386001587
0.3004988133907318
0.2995537221431732
0.29788845777511597
0.2990402281284332
0.2983469069004059
0.2965167164802551
0.2950625717639923
0.2947300374507904
0.2942148745059967
0.29574018716812134
0.2957616448402405
0.2946435511112213
0.29409533739089966
0.2953684329986572
0.2919675409793854
0.2885163128376007
0.28735992312431335
0.2872288227081299
0.2865968644618988
0.28673255443573
0.2849147617816925
0.2870415151119232
0.2861408591270447
0.2841954827308655
0.2838737368583679
0.28352347016334534
0.2820588946342468
0.2806941270828247
0.2809845805168152
0.28018876910209656
0.2794272005558014
0.27764618396759033
0.27626773715019226
0.27569764852523804
0.27460572123527527
0.27482858300209045
0.27375495433807373
0.2737928032875061
0.2734672427177429
0.2729911804199219
0.2716441750526428
0.2701839506626129
0.2688726782798767
0.2677112817764282
0.26684463024139404
0.2661507725715637
0.26447078585624695
0.2647261619567871
0.26393547654151917
0.26263630390167236
0.26248323917388916
0.26462316513061523
0.2641690671443939
0.2622837722301483
0.2604938745498657
0.2606208622455597
0.2604508399963379
0.2598959803581238
0.2588656544685364
0.25734004378318787
0.2562689185142517
0.2562587559223175
0.26283177733421326
0.2709748148918152
0.2662230432033539
0.2574266195297241
0.25411540269851685
0.252932608127594
0.2514841556549072
0.2517889142036438
0.2515190839767456
0.24991391599178314
0.24913904070854187
0.2483048439025879
0.24931468069553375
0.2482491135597229
0.2483580857515335
0.24748608469963074
0.24953240156173706
0.2520778775215149
0.24735715985298157
0.24453140795230865
0.24469278752803802
0.24455812573432922
0.24310721457004547
0.2480160892009735
0.24693162739276886
0.24136939644813538
0.23954305052757263
0.24024339020252228
0.2408635914325714
0.24155782163143158
0.2405792623758316
0.23767812550067902
0.23700399696826935
0.2363157868385315
0.2351495921611786
0.2356080412864685
0.2330387681722641
0.2348644882440567
0.23627407848834991
0.23394355177879333
0.23200885951519012
0.2326301485300064
0.23109742999076843
0.23036488890647888
0.23518283665180206
0.23592184484004974
0.23517094552516937
0.23088429868221283
0.2291153520345688
0.23154877126216888
0.2335066944360733
0.23201587796211243
0.23186887800693512
0.23161788284778595
0.23071065545082092
0.22780513763427734
0.22664646804332733
0.22357472777366638
0.22355343401432037
0.22267234325408936
0.22250498831272125
0.222513809800148
0.22168000042438507
0.2213141918182373
0.21983398497104645
0.2193000316619873
0.21971333026885986
0.2194042056798935
0.21861235797405243
0.21800392866134644
0.2172468900680542
0.21677733957767487
0.2163676768541336
0.21596942842006683
0.21585026383399963
0.2154545783996582
0.2149735987186432
0.21485725045204163
0.21444346010684967
0.21417906880378723
0.21496249735355377
0.2145613431930542
0.21360574662685394
0.2146102637052536
0.2157963365316391
0.21387529373168945
0.21213163435459137
0.21153713762760162
0.21100951731204987
0.21084901690483093
0.21099399030208588
0.2106143981218338
0.21012775599956512
0.21140308678150177
0.21167215704917908
0.20992155373096466
0.2092987447977066
0.20853590965270996
0.20808736979961395
0.20800641179084778
0.20743992924690247
0.20717456936836243
0.20670993626117706
0.2063627392053604
0.2059527039527893
0.20565229654312134
0.20562078058719635
0.20525576174259186
0.20511123538017273
0.2048267126083374
0.2042454332113266
0.20379629731178284
0.20318379998207092
0.20383813977241516
0.20255258679389954
0.20219148695468903
0.20214085280895233
0.2019086629152298
0.20180551707744598
0.2012736052274704
0.20442619919776917
0.20284295082092285
0.20151305198669434
0.20040465891361237
0.2002645879983902
0.19987384974956512
0.199508398771286
0.19895268976688385
0.1984981745481491
0.1980641484260559
0.19823892414569855
0.19753634929656982
0.19961954653263092
0.19946253299713135
0.19854427874088287
0.20299015939235687
0.2037685513496399
0.201055645942688
0.200600266456604
0.20017533004283905
0.19847720861434937
0.19754482805728912
0.19687798619270325
0.19626156985759735
0.1985459178686142
0.19796743988990784
0.19636403024196625
0.19426478445529938
0.19495195150375366
0.19368776679039001
0.19355225563049316
0.19297850131988525
0.19237403571605682
0.19189752638339996
0.19249531626701355
0.1934000700712204
0.1928252875804901
0.1918332874774933
0.19147714972496033
0.19073495268821716
0.1901543140411377
0.18973086774349213
0.1895454078912735
0.18943513929843903
0.18926359713077545
0.189024418592453
0.18883071839809418
0.18884310126304626
0.18877126276493073
0.18854619562625885
0.18830406665802002
0.18783023953437805
0.18801072239875793
0.18846777081489563
0.18807217478752136
0.1879149079322815
0.18728335201740265
0.18710681796073914
0.18692831695079803
0.18666906654834747
0.18761533498764038
0.1873568892478943
0.1869814693927765
0.18646128475666046
0.18620061874389648
0.18643981218338013
0.187094047665596
0.18641473352909088
0.18624714016914368
0.1866058111190796
0.18594756722450256
0.18591833114624023
0.18559373915195465
0.18501082062721252
0.1854242980480194
0.1852847933769226
0.1848851442337036
0.18458402156829834
0.18440210819244385
0.18423254787921906
0.18413592875003815
0.18409638106822968
0.1837526112794876
0.1835544854402542
0.18372230231761932
0.18347521126270294
0.18325677514076233
0.1834544539451599
0.18484535813331604
0.18516956269741058
0.1846322864294052
0.1838667243719101
0.1830706000328064
0.18279904127120972
0.18256951868534088
0.18247289955615997
0.18225893378257751
0.1820368617773056
0.18216145038604736
0.18230974674224854
0.1823587715625763
0.18232376873493195
0.18213431537151337
0.18205112218856812
0.18177130818367004
0.18144558370113373
0.1811373084783554
0.18098482489585876
0.18074531853199005
0.18057477474212646
0.18134234845638275
0.18183830380439758
0.18146678805351257
0.18082812428474426
0.1804119497537613
0.18011674284934998
0.17972403764724731
0.1796819418668747
0.1797868311405182
0.17958109080791473
0.1792251318693161
0.1791829913854599
0.1790277659893036
0.17883004248142242
0.17936600744724274
0.17934741079807281
0.17906659841537476
0.1786329299211502
0.1783183068037033
0.17822904884815216
0.17800460755825043
0.1783747524023056
0.1791822761297226
0.17856204509735107
0.17817409336566925
0.17791080474853516
0.17775894701480865
0.17767778038978577
0.17767609655857086
0.1778089702129364
0.17727252840995789
0.17704352736473083
0.1769537478685379
0.17682427167892456
0.17673559486865997
0.1766456514596939
0.176549032330513
0.1764996200799942
0.17637215554714203
0.17625947296619415
0.1761881709098816
0.17630107700824738
0.1761346310377121
0.17625516653060913
0.17608782649040222
0.17592395842075348
0.17585666477680206
0.17596140503883362
0.17598628997802734
0.1759454756975174
0.175759956240654
0.17578908801078796
0.17580169439315796
0.1759641468524933
0.17579835653305054
0.17560531198978424
0.1753852665424347
0.17524929344654083
0.17513799667358398
0.17509880661964417
0.1749812215566635
0.1748952716588974
0.17492392659187317
0.17484092712402344
0.1746242642402649
0.1745191514492035
0.1745333969593048
0.1743961125612259
0.17432068288326263
0.17426809668540955
0.17419612407684326
0.17415422201156616
0.17450973391532898
0.17450881004333496
0.17447181046009064
0.1743212789297104
0.17421014606952667
0.17412114143371582
0.1739245355129242
0.17417529225349426
0.17426998913288116
0.1740262806415558
0.17385989427566528
0.17366985976696014
0.17370900511741638
0.17346541583538055
0.17331887781620026
0.17328259348869324
0.17326603829860687
0.17318643629550934
0.1731090545654297
0.1729578971862793
0.1729150265455246
0.1728595495223999
0.17278295755386353
0.1727311611175537
0.17263244092464447
0.17264780402183533
0.1724405139684677
0.1724058836698532
0.17232699692249298
0.1722610592842102
0.17217564582824707
0.1720982789993286
0.17201288044452667
0.17202186584472656
0.17193454504013062
0.1717648208141327
0.17163972556591034
0.17159458994865417
0.17150446772575378
0.17146921157836914
0.1713612824678421
0.1712452471256256
0.17114883661270142
0.17110560834407806
0.17102809250354767
0.17096982896327972
0.17098021507263184
0.1708095520734787
0.1707780957221985
0.17070665955543518
0.1706678867340088
0.17102806270122528
0.1713196039199829
0.17127172648906708
0.1709412932395935
0.1706307977437973
0.17050302028656006
0.17035643756389618
0.17026513814926147
0.17021167278289795
0.17016370594501495
0.17013025283813477
0.1700504720211029
0.1700553148984909
0.17003647983074188
0.1700328290462494
0.16999661922454834
0.16988353431224823
0.16982106864452362
0.1697380393743515
0.1697305291891098
0.16969744861125946
0.1696726232767105
0.16956405341625214
0.16969510912895203
0.16967740654945374
0.16970551013946533
0.16962505877017975
0.16966280341148376
0.16969475150108337
0.16963152587413788
0.16956517100334167
0.16951806843280792
0.16937300562858582
0.16937263309955597
0.16928598284721375
0.1692538559436798
0.1692817360162735
0.16918614506721497
0.16919158399105072
0.16917815804481506
0.16912713646888733
0.16907650232315063
0.16900859773159027
0.16894809901714325
0.16891300678253174
0.16888907551765442
0.16879339516162872
0.16884230077266693
0.1688971221446991
0.16888724267482758
0.1688457429409027
0.1687418669462204
0.1686377376317978
0.16858552396297455
0.1685839742422104
0.16856573522090912
0.16852279007434845
0.16881023347377777
0.16860899329185486
0.1686629056930542
0.1686541885137558
0.1686413437128067
0.16856800019741058
0.16847380995750427
0.16838769614696503
0.16840171813964844
0.1682649403810501
0.16822056472301483
0.16813376545906067
0.16814571619033813
0.16810593008995056
0.16808658838272095
0.1680598109960556
0.16798079013824463
0.16795356571674347
0.16800688207149506
0.16796176135540009
0.1679789274930954
0.16791650652885437
0.16787666082382202
0.16782154142856598
0.16777576506137848
0.16776102781295776
0.16772431135177612
0.16777577996253967
0.16763532161712646
0.16770990192890167
0.16760118305683136
0.1675703376531601
0.16749678552150726
0.16739267110824585
0.167375385761261
0.16734446585178375
0.1673247367143631
0.16724668443202972
0.16724662482738495
0.16722503304481506
0.1671806424856186
0.16720379889011383
0.16717171669006348
0.16713914275169373
0.16711241006851196
0.16704551875591278
0.16702982783317566
0.16697780787944794
0.16692370176315308
0.16689689457416534
0.16681446135044098
0.16684815287590027
0.16684070229530334
0.16681380569934845
0.16681094467639923
0.16677358746528625
