0.5685358047485352
0.6199377179145813
0.663551390171051
0.6947040557861328
0.7274143099784851
0.7211837768554688
0.7242990732192993
0.7336448431015015
0.7429906725883484
0.7538940906524658
0.7538940906524658
0.7570093274116516
0.763239860534668
0.7647975087165833
0.7710280418395996
0.7803738117218018
0.7990654110908508
0.8006230592727661
0.8068535923957825
0.8130841255187988
0.8099688291549683
0.8161993622779846
0.8161993622779846
0.8208722472190857
0.8302180767059326
0.8333333134651184
0.8380062580108643
0.8457943797111511
0.8457943797111511
0.8489096760749817
0.8457943797111511
0.8442367315292358
0.8504672646522522
0.8489096760749817
0.8535825610160828
0.855140209197998
0.8535825610160828
0.8598130941390991
0.8566977977752686
0.8566977977752686
0.8566977977752686
0.8598130941390991
0.8598130941390991
0.8598130941390991
0.8598130941390991
0.8582554459571838
0.8598130941390991
0.8613707423210144
0.8598130941390991
0.8613707423210144
0.8644859790802002
0.8644859790802002
0.8644859790802002
0.8660436272621155
0.8676012754440308
0.8629283308982849
0.8660436272621155
0.8629283308982849
0.8676012754440308
0.8691588640213013
0.8722741603851318
0.8691588640213013
0.8691588640213013
0.8629283308982849
0.8676012754440308
0.8660436272621155
0.8676012754440308
0.8676012754440308
0.8676012754440308
0.8722741603851318
0.8722741603851318
0.8738317489624023
0.8738317489624023
0.8769470453262329
0.8753893971443176
0.8738317489624023
0.8738317489624023
0.8738317489624023
0.8738317489624023
0.8769470453262329
0.8769470453262329
0.8769470453262329
0.8769470453262329
0.8738317489624023
0.8769470453262329
0.8769470453262329
0.8738317489624023
0.8753893971443176
0.8738317489624023
0.8753893971443176
0.8769470453262329
0.8753893971443176
0.8753893971443176
0.8738317489624023
0.8753893971443176
0.8753893971443176
0.8769470453262329
0.8738317489624023
0.8738317489624023
0.8753893971443176
0.8738317489624023
0.8753893971443176
0.8753893971443176
0.8753893971443176
0.8753893971443176
0.8769470453262329
0.8753893971443176
0.8738317489624023
0.8769470453262329
0.8800622820854187
0.8800622820854187
0.8800622820854187
0.8800622820854187
0.8800622820854187
0.8800622820854187
0.8800622820854187
0.8800622820854187
0.8862928152084351
0.8862928152084351
0.881619930267334
0.8831775784492493
0.8831775784492493
0.8831775784492493
0.8847352266311646
0.8831775784492493
0.8831775784492493
0.8847352266311646
0.8847352266311646
0.8847352266311646
0.881619930267334
0.8847352266311646
0.8831775784492493
0.8847352266311646
0.8831775784492493
0.8862928152084351
0.8862928152084351
0.8862928152084351
0.8878504633903503
0.8894081115722656
0.8894081115722656
0.8878504633903503
0.8878504633903503
0.8878504633903503
0.8878504633903503
0.8878504633903503
0.8862928152084351
0.8878504633903503
0.8878504633903503
0.8862928152084351
0.8894081115722656
0.8862928152084351
0.8878504633903503
0.8878504633903503
0.8894081115722656
0.8894081115722656
0.8894081115722656
0.8894081115722656
0.8862928152084351
0.8878504633903503
0.8894081115722656
0.8878504633903503
0.8894081115722656
0.8894081115722656
0.8894081115722656
0.8925233483314514
0.8894081115722656
0.8909657597541809
0.8878504633903503
0.8878504633903503
0.8862928152084351
0.8878504633903503
0.8894081115722656
0.8894081115722656
0.8894081115722656
0.8878504633903503
0.8909657597541809
0.8894081115722656
0.8894081115722656
0.8878504633903503
0.8909657597541809
0.8925233483314514
0.8909657597541809
0.8894081115722656
0.8878504633903503
0.8878504633903503
0.8878504633903503
0.8878504633903503
0.8862928152084351
0.8878504633903503
0.8909657597541809
0.8894081115722656
0.8925233483314514
0.8894081115722656
0.8909657597541809
0.8909657597541809
0.8909657597541809
0.8909657597541809
0.8909657597541809
0.8909657597541809
0.8894081115722656
0.8894081115722656
0.8894081115722656
0.8909657597541809
0.8909657597541809
0.8894081115722656
0.8909657597541809
0.8909657597541809
0.8925233483314514
0.8925233483314514
0.8940809965133667
0.8940809965133667
0.8925233483314514
0.8925233483314514
0.8925233483314514
0.895638644695282
0.8940809965133667
0.8940809965133667
0.8940809965133667
0.8940809965133667
0.8909657597541809
0.8909657597541809
0.8940809965133667
0.8940809965133667
0.895638644695282
0.895638644695282
0.895638644695282
0.8940809965133667
0.895638644695282
0.895638644695282
0.8971962332725525
0.8940809965133667
0.895638644695282
0.8940809965133667
0.895638644695282
0.8940809965133667
0.8940809965133667
0.8940809965133667
0.895638644695282
0.8987538814544678
0.8987538814544678
0.895638644695282
0.895638644695282
0.895638644695282
0.8971962332725525
0.8971962332725525
0.8971962332725525
0.9003115296363831
0.9003115296363831
0.8987538814544678
0.9003115296363831
0.9003115296363831
0.9003115296363831
0.9003115296363831
0.9003115296363831
0.9018691778182983
0.9003115296363831
0.9003115296363831
0.9003115296363831
0.9003115296363831
0.9003115296363831
0.9003115296363831
0.8971962332725525
0.9003115296363831
0.9003115296363831
0.9034267663955688
0.9034267663955688
0.9034267663955688
0.9034267663955688
0.9034267663955688
0.9018691778182983
0.9018691778182983
0.9018691778182983
0.9018691778182983
0.9018691778182983
0.9018691778182983
0.9018691778182983
0.9018691778182983
0.9034267663955688
0.9034267663955688
0.9034267663955688
0.9034267663955688
0.9049844145774841
0.9018691778182983
0.8987538814544678
0.8987538814544678
0.9018691778182983
0.9034267663955688
0.9034267663955688
0.9018691778182983
0.895638644695282
0.895638644695282
0.9003115296363831
0.9034267663955688
0.9049844145774841
0.9049844145774841
0.9049844145774841
0.9049844145774841
0.9049844145774841
0.9049844145774841
0.9049844145774841
0.9049844145774841
0.9049844145774841
0.9034267663955688
0.9034267663955688
0.9034267663955688
0.9034267663955688
0.9034267663955688
0.9034267663955688
0.9034267663955688
0.9049844145774841
0.9049844145774841
0.9049844145774841
0.9049844145774841
0.9049844145774841
0.9049844145774841
0.9049844145774841
0.9049844145774841
0.9049844145774841
0.9049844145774841
0.9018691778182983
0.9034267663955688
0.9049844145774841
0.9034267663955688
0.9049844145774841
0.9049844145774841
0.9049844145774841
0.9049844145774841
0.9049844145774841
0.9049844145774841
0.9049844145774841
0.9049844145774841
0.9049844145774841
0.9049844145774841
0.9049844145774841
0.9049844145774841
0.9049844145774841
0.9049844145774841
0.9049844145774841
0.9049844145774841
0.9049844145774841
0.9034267663955688
0.9034267663955688
0.9034267663955688
0.9034267663955688
0.9049844145774841
0.9049844145774841
0.9049844145774841
0.9049844145774841
0.9065420627593994
0.9080997109413147
0.9080997109413147
0.9080997109413147
0.9065420627593994
0.9065420627593994
0.9065420627593994
0.9049844145774841
0.9049844145774841
0.9049844145774841
0.9049844145774841
0.9049844145774841
0.9065420627593994
0.9065420627593994
0.9018691778182983
0.9018691778182983
0.9018691778182983
0.9049844145774841
0.9065420627593994
0.9065420627593994
0.9065420627593994
0.9065420627593994
0.9065420627593994
0.9065420627593994
0.9065420627593994
0.9049844145774841
0.9049844145774841
0.9065420627593994
0.9065420627593994
0.9049844145774841
0.9065420627593994
0.9065420627593994
0.9065420627593994
0.9065420627593994
0.9065420627593994
0.9080997109413147
0.9065420627593994
0.9065420627593994
0.9065420627593994
0.9080997109413147
0.9080997109413147
0.9080997109413147
0.9080997109413147
0.9080997109413147
0.9065420627593994
0.8987538814544678
0.9003115296363831
0.9049844145774841
0.9065420627593994
0.9080997109413147
0.9080997109413147
0.9080997109413147
0.9080997109413147
0.9080997109413147
0.9080997109413147
0.9080997109413147
0.9080997109413147
0.9096572995185852
0.9096572995185852
0.9096572995185852
0.9096572995185852
0.9080997109413147
0.9080997109413147
0.9080997109413147
0.9080997109413147
0.9080997109413147
0.9080997109413147
0.9080997109413147
0.9080997109413147
0.9080997109413147
0.9080997109413147
0.9080997109413147
0.9080997109413147
0.9080997109413147
0.9080997109413147
0.9080997109413147
0.9080997109413147
0.9080997109413147
0.9080997109413147
0.9080997109413147
0.9080997109413147
0.9080997109413147
0.9080997109413147
0.9080997109413147
0.9080997109413147
0.9080997109413147
0.9080997109413147
0.9080997109413147
0.9080997109413147
0.9080997109413147
0.9080997109413147
0.9080997109413147
0.9080997109413147
0.9080997109413147
0.9080997109413147
0.9080997109413147
0.9080997109413147
0.9080997109413147
0.9080997109413147
0.9080997109413147
0.9080997109413147
0.9080997109413147
0.9080997109413147
0.9096572995185852
0.9096572995185852
0.9096572995185852
0.9096572995185852
0.9096572995185852
0.9096572995185852
0.9096572995185852
0.9096572995185852
0.9096572995185852
0.9096572995185852
0.9096572995185852
0.9080997109413147
0.9080997109413147
0.9080997109413147
0.9080997109413147
0.9080997109413147
0.9080997109413147
0.9080997109413147
0.9080997109413147
0.9096572995185852
0.9096572995185852
0.9096572995185852
0.9096572995185852
0.9096572995185852
0.9096572995185852
0.9065420627593994
0.9065420627593994
0.9096572995185852
0.9096572995185852
0.9096572995185852
0.9096572995185852
0.9096572995185852
0.9096572995185852
0.9096572995185852
0.9096572995185852
0.9096572995185852
0.9096572995185852
0.9096572995185852
0.9096572995185852
0.9096572995185852
0.9096572995185852
0.9096572995185852
0.9096572995185852
0.9096572995185852
0.9096572995185852
0.9096572995185852
0.9096572995185852
0.9096572995185852
0.9096572995185852
0.9080997109413147
0.9096572995185852
0.9096572995185852
0.9096572995185852
0.9096572995185852
0.9096572995185852
0.9096572995185852
0.9096572995185852
0.9096572995185852
0.9096572995185852
0.9096572995185852
0.9096572995185852
0.9096572995185852
0.9096572995185852
0.9096572995185852
0.9096572995185852
0.9096572995185852
0.9096572995185852
0.9080997109413147
0.9096572995185852
0.9096572995185852
0.9096572995185852
0.9065420627593994
0.9065420627593994
0.9065420627593994
0.9065420627593994
0.9065420627593994
0.9065420627593994
0.9080997109413147
0.9080997109413147
0.9080997109413147
0.9080997109413147
0.9080997109413147
0.9080997109413147
0.9096572995185852
0.9096572995185852
0.9096572995185852
0.9096572995185852
0.9096572995185852
0.9096572995185852
0.9096572995185852
0.9096572995185852
0.9096572995185852
0.9096572995185852
0.9096572995185852
0.9096572995185852
0.9096572995185852
0.9096572995185852
0.9096572995185852
0.9096572995185852
0.9096572995185852
0.9096572995185852
0.9096572995185852
0.9096572995185852
0.9096572995185852
0.9096572995185852
0.9096572995185852
0.9096572995185852
0.9096572995185852
0.9096572995185852
0.9096572995185852
0.9096572995185852
0.9096572995185852
0.9096572995185852
0.9096572995185852
0.9096572995185852
0.9096572995185852
0.9096572995185852
0.9096572995185852
0.9096572995185852
0.9096572995185852
0.9096572995185852
0.9096572995185852
0.9096572995185852
0.9096572995185852
0.9096572995185852
0.9096572995185852
0.9096572995185852
0.9096572995185852
0.9096572995185852
0.9096572995185852
0.9096572995185852
0.9096572995185852
0.9096572995185852
0.9096572995185852
0.9096572995185852
0.9096572995185852
0.9096572995185852
0.9096572995185852
0.9096572995185852
0.9096572995185852
0.9096572995185852
0.9096572995185852
0.9096572995185852
0.9096572995185852
0.9096572995185852
0.9096572995185852
0.9096572995185852
0.9096572995185852
0.9096572995185852
0.9096572995185852
0.9096572995185852
0.9096572995185852
0.9096572995185852
0.9096572995185852
0.9096572995185852
0.9096572995185852
0.9096572995185852
0.9096572995185852
0.9096572995185852
0.9096572995185852
0.9096572995185852
0.9096572995185852
0.9096572995185852
0.9096572995185852
0.9096572995185852
0.9096572995185852
0.9096572995185852
