0.9042324423789978
0.7409700155258179
0.6337939500808716
0.5635837912559509
0.5135902166366577
0.4771242141723633
0.4504510462284088
0.43220725655555725
0.41967663168907166
0.4062415361404419
0.39728590846061707
0.3890261650085449
0.38131847977638245
0.37449148297309875
0.3684654235839844
0.3633711636066437
0.35820621252059937
0.35332056879997253
0.34876081347465515
0.3479585349559784
0.3424533009529114
0.33897921442985535
0.33581438660621643
0.3384714424610138
0.3454554080963135
0.33608344197273254
0.3284956216812134
0.3258618414402008
0.3253980875015259
0.32329174876213074
0.31997406482696533
0.318549782037735
0.3167666494846344
0.31704801321029663
0.3147980272769928
0.31333133578300476
0.3120678961277008
0.3104246258735657
0.3093032240867615
0.3072114586830139
0.30623549222946167
0.30479922890663147
0.3038894832134247
0.30204230546951294
0.3020476698875427
0.29981446266174316
0.29862236976623535
0.29733172059059143
0.29674339294433594
0.2954316735267639
0.2938592731952667
0.2928231656551361
0.29156503081321716
0.2904258668422699
0.28934812545776367
0.2887575328350067
0.28796979784965515
0.2871970236301422
0.2863897681236267
0.28594541549682617
0.28366947174072266
0.2822592556476593
0.28032898902893066
0.2819071114063263
0.2802523076534271
0.2782163918018341
0.27746739983558655
0.2761147618293762
0.2744731605052948
0.27414432168006897
0.27496105432510376
0.2727538049221039
0.2732144594192505
0.2728254795074463
0.27076587080955505
0.26856163144111633
0.2674214243888855
0.2678162157535553
0.27036693692207336
0.26734083890914917
0.26450738310813904
0.2629707157611847
0.26186901330947876
0.2610459625720978
0.2604537308216095
0.2595757246017456
0.2589728534221649
0.2578984797000885
0.25689902901649475
0.25969743728637695
0.26462769508361816
0.2590102553367615
0.2590474486351013
0.2571061849594116
0.2534484565258026
0.25485801696777344
0.25221359729766846
0.25153693556785583
0.2494061142206192
0.2511551082134247
0.2502802908420563
0.2516009211540222
0.2502080500125885
0.24712088704109192
0.24664421379566193
0.24425573647022247
0.24293598532676697
0.2450319081544876
0.24633009731769562
0.24275702238082886
0.24048654735088348
0.23938506841659546
0.238082617521286
0.23855407536029816
0.23775474727153778
0.24051150679588318
0.23972751200199127
0.23692189157009125
0.23645491898059845
0.2354658842086792
0.23393534123897552
0.23291859030723572
0.2320980429649353
0.23188351094722748
0.23108424246311188
0.23145857453346252
0.22973033785820007
0.22886314988136292
0.22917762398719788
0.22806081175804138
0.22685037553310394
0.22646574676036835
0.2265692502260208
0.22500132024288177
0.22406472265720367
0.22362634539604187
0.22301504015922546
0.2234354019165039
0.22342558205127716
0.222451850771904
0.22579756379127502
0.22885845601558685
0.22424477338790894
0.22071950137615204
0.21927259862422943
0.21822097897529602
0.21980373561382294
0.2181215137243271
0.21733041107654572
0.21656882762908936
0.21541303396224976
0.21450327336788177
0.21486195921897888
0.21393851935863495
0.2135113626718521
0.2121087908744812
0.21095114946365356
0.21037320792675018
0.20929010212421417
0.21135754883289337
0.2173902839422226
0.21652528643608093
0.21354208886623383
0.20991432666778564
0.20871761441230774
0.20720739662647247
0.20603179931640625
0.20510149002075195
0.20498310029506683
0.20479856431484222
0.20412635803222656
0.20560722053050995
0.20517410337924957
0.20408357679843903
0.20339909195899963
0.20227842032909393
0.20194047689437866
0.20284079015254974
0.20323820412158966
0.20234496891498566
0.20149996876716614
0.20061177015304565
0.20198829472064972
0.2034314125776291
0.20211516320705414
0.1994936168193817
0.2023276388645172
0.2013491541147232
0.20058731734752655
0.20023125410079956
0.19915157556533813
0.1980729103088379
0.19733019173145294
0.19789481163024902
0.1985824853181839
0.19745005667209625
0.19685092568397522
0.19702179729938507
0.19765889644622803
0.19705039262771606
0.19553114473819733
0.19497178494930267
0.19447967410087585
0.1942645162343979
0.1944943368434906
0.19492466747760773
0.19451114535331726
0.1937250792980194
0.19329507648944855
0.19264239072799683
0.19252650439739227
0.19241006672382355
0.19181834161281586
0.1914253830909729
0.19111114740371704
0.1913043111562729
0.1916675865650177
0.19185799360275269
0.19120587408542633
0.19066616892814636
0.19011862576007843
0.19004139304161072
0.193455308675766
0.19406333565711975
0.19098690152168274
0.18922455608844757
0.18885627388954163
0.18818654119968414
0.18801459670066833
0.18735577166080475
0.18730293214321136
0.18750493228435516
0.18650181591510773
0.18757180869579315
0.18782466650009155
0.18673886358737946
0.1881474256515503
0.19024555385112762
0.18819838762283325
0.18669471144676208
0.18577884137630463
0.18507637083530426
0.18444840610027313
0.18394158780574799
0.18393830955028534
0.18331852555274963
0.18305855989456177
0.18315403163433075
0.18323352932929993
0.18315130472183228
0.18275536596775055
0.18236598372459412
0.18200130760669708
0.18229170143604279
0.18470880389213562
0.18337786197662354
0.18192633986473083
0.1812126487493515
0.18067245185375214
0.18048764765262604
0.1807977259159088
0.18002504110336304
0.1793917566537857
0.1789522022008896
0.17894384264945984
0.17845980823040009
0.17809127271175385
0.17845451831817627
0.17811454832553864
0.17753325402736664
0.17741012573242188
0.177366703748703
0.17725826799869537
0.17760179936885834
0.17765286564826965
0.17752060294151306
0.17768797278404236
0.17721393704414368
0.17693212628364563
0.17659762501716614
0.17661015689373016
0.17653629183769226
0.1763046234846115
0.1764972060918808
0.1765548437833786
0.17657192051410675
0.17620401084423065
0.17636394500732422
0.17589189112186432
0.17602017521858215
0.17615486681461334
0.1761743724346161
0.17622722685337067
0.17572703957557678
0.17531976103782654
0.1750485748052597
0.17451977729797363
0.17594373226165771
0.17585088312625885
0.17536337673664093
0.17435863614082336
0.1742599457502365
0.1743498295545578
0.17672096192836761
0.17708641290664673
0.1762218326330185
0.1761324107646942
0.17591314017772675
0.17485280334949493
0.173841655254364
0.1736675202846527
0.17336376011371613
0.1727055013179779
0.17213989794254303
0.17236417531967163
0.17204733192920685
0.17185518145561218
0.17179244756698608
0.17165113985538483
0.17144900560379028
0.17132598161697388
0.17160241305828094
0.17246848344802856
0.1721813827753067
0.171349436044693
0.17136353254318237
0.1710834503173828
0.17105990648269653
0.17070303857326508
0.17058992385864258
0.17024075984954834
0.17000049352645874
0.1700739711523056
0.16985781490802765
0.1698884665966034
0.16957131028175354
0.1694989949464798
0.16931386291980743
0.16928493976593018
0.1691332459449768
0.16893558204174042
0.16879457235336304
0.1685764342546463
0.16858382523059845
0.1688215732574463
0.1689438819885254
0.16887575387954712
0.16846239566802979
0.16841615736484528
0.16820883750915527
0.1680724173784256
0.16790178418159485
0.16777539253234863
0.1674683392047882
0.16801732778549194
0.16793692111968994
0.1676354855298996
0.16758786141872406
0.16730158030986786
0.16708944737911224
0.16755405068397522
0.1681622564792633
0.1676849126815796
0.16721074283123016
0.1666155606508255
0.16651976108551025
0.16639259457588196
0.16665001213550568
0.16700974106788635
0.166770800948143
0.16650864481925964
0.16629506647586823
0.16611827909946442
0.16592347621917725
0.16588343679904938
0.1656443178653717
0.16552132368087769
0.1654132455587387
0.16534119844436646
0.16550317406654358
0.16555197536945343
0.1655610203742981
0.16522946953773499
0.1650407463312149
0.1649317592382431
0.16499119997024536
0.16485169529914856
0.16470734775066376
0.16481326520442963
0.16479414701461792
0.1646241843700409
0.16455833613872528
0.16450127959251404
0.16443653404712677
0.16430900990962982
0.16423819959163666
0.1641375869512558
0.16418424248695374
0.16413864493370056
0.16409644484519958
0.16438914835453033
0.16412042081356049
0.1641479730606079
0.16390292346477509
0.1638241708278656
0.16372619569301605
0.16359136998653412
0.16350553929805756
0.1634507179260254
0.1633533388376236
0.163277268409729
0.16344717144966125
0.16338984668254852
0.1633146107196808
0.1632358282804489
0.16310764849185944
0.16304869949817657
0.16301329433918
0.16297022998332977
0.16282255947589874
0.16276876628398895
0.1627267450094223
0.16283543407917023
0.16256928443908691
0.16253341734409332
0.162414088845253
0.1624084711074829
0.1623205840587616
0.16233059763908386
0.16237059235572815
0.16239719092845917
0.1623341292142868
0.16227591037750244
0.16234973073005676
0.1626194566488266
0.16226789355278015
0.1620045006275177
0.1621626317501068
0.16188456118106842
0.16184677183628082
0.16172346472740173
0.16168442368507385
0.16155429184436798
0.16178998351097107
0.16191990673542023
0.16171640157699585
0.1615387201309204
0.16127638518810272
0.16124874353408813
0.1611589938402176
0.16112753748893738
0.16105611622333527
0.16111737489700317
0.16093352437019348
0.16089659929275513
0.1608503758907318
0.16062436997890472
0.16068600118160248
0.16056719422340393
0.1607358157634735
0.16069215536117554
0.16065354645252228
0.16046790778636932
0.16038058698177338
0.16026633977890015
0.1601586937904358
0.15999361872673035
0.16000328958034515
0.15991997718811035
0.159875750541687
0.15982401371002197
0.1598661243915558
0.15978167951107025
0.15970318019390106
0.1596076935529709
0.15964049100875854
0.1596042662858963
0.15958939492702484
0.15958569943904877
0.15946823358535767
0.15952058136463165
0.15951138734817505
0.1594744771718979
0.1594344675540924
0.15941624343395233
0.15936391055583954
0.15935152769088745
0.1593254953622818
0.159317746758461
0.1594494730234146
0.1593608558177948
0.1592511683702469
0.15918956696987152
0.1591927707195282
0.1591222882270813
0.15908852219581604
0.1590391993522644
0.15913189947605133
0.1590622216463089
0.15897612273693085
0.1589716076850891
0.15892812609672546
0.15891990065574646
0.1589575856924057
0.15888087451457977
0.15890927612781525
0.15883204340934753
0.1588170975446701
0.15885794162750244
0.1587161123752594
0.15872418880462646
0.15865182876586914
0.1586238443851471
0.1585823893547058
0.15853986144065857
0.1585182547569275
0.15846605598926544
0.15845276415348053
0.15844085812568665
0.15844473242759705
0.15840020775794983
0.15837058424949646
0.1583225280046463
0.15827801823616028
0.15826325118541718
0.1582210659980774
0.15817856788635254
0.15811890363693237
0.15827547013759613
0.15819528698921204
0.15813806653022766
0.15809814631938934
0.1580125093460083
0.1579940766096115
0.15799663960933685
0.15791676938533783
0.1579015552997589
0.157868430018425
0.158075213432312
0.1580994427204132
0.1583811491727829
0.1583104431629181
0.15817897021770477
0.1580420285463333
0.15793831646442413
0.15785381197929382
0.15781933069229126
0.15776953101158142
0.15773466229438782
0.15769602358341217
0.15766848623752594
0.15755750238895416
0.15754397213459015
0.15750250220298767
0.15740391612052917
0.15735356509685516
0.15731269121170044
0.15726836025714874
0.15724149346351624
0.1572069525718689
0.15722085535526276
0.15717723965644836
0.15713444352149963
0.15719656646251678
0.1571052521467209
0.15707486867904663
0.15700383484363556
0.15700580179691315
0.15698686242103577
0.15696249902248383
0.15691281855106354
0.1569122076034546
0.156904399394989
0.15688663721084595
0.15684795379638672
0.15682481229305267
0.15681643784046173
0.15679828822612762
0.1567804366350174
0.1567663848400116
0.15677215158939362
0.15678922832012177
0.15673793852329254
0.15674306452274323
0.15679948031902313
0.15668848156929016
0.15666653215885162
0.15670537948608398
0.15662814676761627
0.156606525182724
0.1566031277179718
0.1565690040588379
0.15656664967536926
0.15655826032161713
0.1565202921628952
0.15650583803653717
0.15647216141223907
0.1564537137746811
0.1564652919769287
0.15642666816711426
0.156405970454216
