0.8604767918586731
0.5698871612548828
0.4382665455341339
0.3844887912273407
0.36804983019828796
0.33727890253067017
0.32301080226898193
0.3110917806625366
0.3005741834640503
0.2901797294616699
0.28056734800338745
0.2757259011268616
0.2652912437915802
0.27318575978279114
0.2598123848438263
0.24475018680095673
0.24229252338409424
0.2394426017999649
0.22952179610729218
0.2169884592294693
0.2132631093263626
0.21669673919677734
0.20441345870494843
0.21173302829265594
0.18951013684272766
0.18979060649871826
0.19245776534080505
0.1854764223098755
0.18349024653434753
0.17302274703979492
0.15935906767845154
0.15039680898189545
0.14421384036540985
0.14032480120658875
0.13968445360660553
0.12685181200504303
0.11630772054195404
0.11029278486967087
0.18752965331077576
0.16304877400398254
0.17299939692020416
0.16097420454025269
0.14556707441806793
0.11840689927339554
0.10684499889612198
0.1071525290608406
0.09888233989477158
0.09133090823888779
0.08106943964958191
0.07272997498512268
0.07972288876771927
0.07552758604288101
0.06879287213087082
0.06358470022678375
0.061435580253601074
0.056139569729566574
0.05244641378521919
0.048249177634716034
0.045625895261764526
0.042967136949300766
0.03994780033826828
0.036992527544498444
0.0343400277197361
0.03266996517777443
0.03143242374062538
0.02901514247059822
0.02748538926243782
0.025786593556404114
0.02482498437166214
0.03021004982292652
0.02603071928024292
0.025466544553637505
0.023194706067442894
0.023388871923089027
0.021571515128016472
0.01773277297616005
0.016060683876276016
0.014472324401140213
0.013863615691661835
0.012992302887141705
0.012529420666396618
0.022543951869010925
0.018329018726944923
0.013777503743767738
0.011381835676729679
0.010496997274458408
0.009379818104207516
0.009373289532959461
0.008564208634197712
0.053359877318143845
0.048570651561021805
0.020502211526036263
0.012819564901292324
0.010191773064434528
0.008403660729527473
0.007724678609520197
0.006995394825935364
0.006263262126594782
0.005893539637327194
0.005423175171017647
0.004956010729074478
0.00460086902603507
0.004485245328396559
0.004478294402360916
0.004222155082970858
0.003876433242112398
0.00413719704374671
0.003750745439901948
0.003732125973328948
0.0030548651702702045
0.003167451359331608
0.002758108777925372
0.0026920505333691835
0.0025912278797477484
0.0025633862242102623
0.0024964602198451757
0.002489870646968484
0.0024464528542011976
0.002395370276644826
0.0023599874693900347
0.0022867415100336075
0.0021941130980849266
0.002172919223085046
0.0021102253813296556
0.0023762991186231375
0.002126458566635847
0.0021269479766488075
0.0020144658628851175
0.001947404583916068
0.0018970835953950882
0.0018528653308749199
0.0018344636773690581
0.0017851912416517735
0.00189093011431396
0.0018278354546055198
0.0017304548528045416
0.001701052882708609
0.0016575063345953822
0.0016338229179382324
0.005947398487478495
0.0026400561910122633
0.002201344817876816
0.0017729169921949506
0.0016871722182258964
0.0015594816068187356
0.001515813055448234
0.0014682961627840996
0.001436521066352725
0.0014347286196425557
0.0013950199354439974
0.0013625295832753181
0.001335255103185773
0.0013358931755647063
0.0012869974598288536
0.0012330005411058664
0.0012129410170018673
0.0011970388004556298
0.0012062977766618133
0.001167583861388266
0.0011357089970260859
0.0011173030361533165
0.0011130206985399127
0.0010749741923063993
0.0010660687694326043
0.0010399393504485488
0.0010283798910677433
0.0010141237871721387
0.0010236050002276897
0.0010708816116675735
0.0010215692454949021
0.0010256777750328183
0.001057916902936995
0.0009702786919660866
0.0009495102567598224
0.0009205129463225603
0.0008996144752018154
0.0011145826429128647
0.0009688129648566246
0.0008960335399024189
0.0008413477917201817
0.0008255962748080492
0.0008142607402987778
0.0008061995031312108
0.0008048159652389586
0.000996094779111445
0.0009071300737559795
0.0008123451843857765
0.0007935288012959063
0.0007476730388589203
0.0007299298304133117
0.0007355755078606308
0.0007079983479343355
0.0007031187997199595
0.0006851897342130542
0.0006819997215643525
0.0007002708152867854
0.0006645320681855083
0.0006524837226606905
0.0006488423678092659
0.0006288873264566064
0.0006323941051959991
0.0006200306233949959
0.000629838730674237
0.0006063496111892164
0.000600683328229934
0.0005938898539170623
0.000576975115109235
0.0005678937304764986
0.0005565587198361754
0.000557966239284724
0.0005389533471316099
0.0005362587980926037
0.0005272498819977045
0.000525916344486177
0.0005237244185991585
0.0005220361636020243
0.0005139574641361833
0.0005115816602483392
0.0005099131376482546
0.0005081887939013541
0.0005057271919213235
0.0004996201023459435
0.000496474327519536
0.0004910062998533249
0.0004920148639939725
0.00048556627007201314
0.00048299625632353127
0.00047894526505842805
0.0004758074937853962
0.00047368768719024956
0.00047127893776632845
0.00046835088869556785
0.0004641320265363902
0.0004616936785168946
0.00045634881826117635
0.00045971371582709253
0.00046130173723213375
0.0004556683707050979
0.0004466352111194283
0.00044346580398269
0.0005591304507106543
0.001119446475058794
0.0005470257601700723
0.0004525234398897737
0.0004434192960616201
0.000433966371929273
0.00042643339838832617
0.0004241465649101883
0.00041660774149931967
0.0005248365923762321
0.0006303513655439019
0.00046539519098587334
0.00043061451287940145
0.0004203439748380333
0.00040217229980044067
0.0003955987631343305
0.0003918755683116615
0.0003896687412634492
0.00038535863859578967
0.0003785213630180806
0.0003789538750424981
0.00037484418135136366
0.00037944616633467376
0.0003733306366484612
0.0004999483935534954
0.0006381525308825076
0.0004094922624062747
0.0004432268615346402
0.0003905089688487351
0.0003688135475385934
0.00036325620021671057
0.0003571264387574047
0.0003519938327372074
0.000347744207829237
0.0003436697879806161
0.0003393932420294732
0.0003370879276189953
0.0003337330126669258
0.00032993522472679615
0.000328466237988323
0.0003263087128289044
0.00033001648262143135
0.00035372236743569374
0.0003445922629907727
0.000332735653501004
0.0003234452451579273
0.0003196632314939052
0.00034526147646829486
0.00033103872556239367
0.00031122996006160975
0.00030709017300978303
0.00030335993506014347
0.0003014188550878316
0.00029786097002215683
0.00029430811991915107
0.00029268499929457903
0.00029187003383412957
0.0002894355566240847
0.0002865541900973767
0.00028449067031033337
0.00028336409013718367
0.00028045845101587474
0.0002792476734612137
0.00028230928000994027
0.00033044200972653925
0.0006811200291849673
0.0003152431163471192
0.00029257676214911044
0.00028774573002010584
0.0002738172479439527
0.00026728265220299363
0.0002636525023262948
0.0002615342091303319
0.0002612317039165646
0.0002595813712105155
0.0002577825216576457
0.0002558983978815377
0.00025442062178626657
0.00025375091354362667
0.00025171824381686747
0.0002512307255528867
0.00024948513600975275
0.00025011328398250043
0.0002488078607711941
0.00024747569113969803
0.0002465204452164471
0.00024514636606909335
0.00024458530242554843
0.00024383058189414442
0.00024232614669017494
0.0002433175832265988
0.00024266682157758623
0.00024178378225769848
0.00024022403522394598
0.00023945397697389126
0.00024055926769506186
0.00023853848688304424
0.0002404833649052307
0.00024096656125038862
0.0002385428233537823
0.00023683535982854664
0.0002345567918382585
0.00023238988069351763
0.00023136494564823806
0.00023098067322280258
0.0002292685239808634
0.00022790081857237965
0.0002272595593240112
0.00022572923626285046
0.00022443625493906438
0.00022373606043402106
0.00022287463070824742
0.00022183974215295166
0.00022108820849098265
0.00022008187079336494
0.0002196257992181927
0.00021877232939004898
0.00021764558914583176
0.00021692420705221593
0.000216778033063747
0.00021677765471395105
0.0002160469739465043
0.0002154740650439635
0.0002143075253115967
0.00021309658768586814
0.0002126178878825158
0.0002144529134966433
0.0002128820779034868
0.00021120262681506574
0.00021038403792772442
0.00020860825316049159
0.00020787210087291896
0.0002074547955999151
0.00020588173356372863
0.00020479878003243357
0.0002045286091743037
0.00020365946693345904
0.00020272003894206136
0.00020217147539369762
0.00020075522479601204
0.00019987336418125778
0.00019907245587091893
0.00019827297364827245
0.00019781872106250376
0.00019693348440341651
0.00020052581385243684
0.0001961756934178993
0.00019517306645866483
0.000198702109628357
0.00019845581846311688
0.00019792963576037437
0.00019553405581973493
0.0001939349458552897
0.00019133638124912977
0.00018934233230538666
0.00018773620831780136
0.000187712736078538
0.00018629572878126055
0.00018528009240981191
0.0001846092927735299
0.00018509871733840555
0.00018943149188999087
0.00018373897182755172
0.00018836732488125563
0.00019029987743124366
0.00018183419888373464
0.00018082659516949207
0.00017935626965481788
0.00017832664889283478
0.00017700229363981634
0.00017684255726635456
0.00017594191012904048
0.00017519024549983442
0.00017457446665503085
0.00017361663049086928
0.0001732124510454014
0.00017262650362681597
0.00017205644689965993
0.00017175373795907944
0.00017124571604654193
0.0001711229997454211
0.0001761766179697588
0.00019616867939475924
0.00020131617202423513
0.00019305151363369077
0.00018714800535235554
0.00018207496032118797
0.00017719193419907242
0.00017532784841023386
0.00017348452820442617
0.00017174896493088454
0.00017579598352313042
0.0001882791257230565
0.00018716986232902855
0.00018197133613284677
0.00017407671839464456
0.0001725289912428707
0.00016991797019727528
0.0001704839087324217
0.00016930827405303717
0.00016917489119805396
0.00016620683891233057
0.00016498684999532998
0.00016455337754450738
0.00016283932200167328
0.00016115786274895072
0.00016035855514928699
0.0001601455733180046
0.00015904883912298828
0.00015835391241125762
0.00015760972746647894
0.00015714285837020725
0.00015662189980503172
0.00015633893781341612
0.00015564961358904839
0.000155014538904652
0.00015449515194632113
0.0001541412202641368
0.00015353479830082506
0.0001530998997623101
0.000152707623783499
0.0001523654063930735
0.00015188151155598462
0.00015158543828874826
0.00015106347564142197
0.0001506555563537404
0.0001502381346654147
0.0001498130295658484
0.00014946844021324068
0.0001487970002926886
0.00014826952246949077
0.0001477402838645503
0.000147309125168249
0.0001468645059503615
0.00014646830095443875
0.00014658519648946822
0.0001462855434510857
0.0001457017642678693
0.00014540458505507559
0.00014473490591626614
0.00014447954890783876
0.00014345915406011045
0.00014566912432201207
0.00014506105799227953
0.0001445196830900386
0.00014327451935969293
0.00014265679055824876
0.0001425936061423272
0.00014126449241302907
0.00014077615924179554
0.00013998482609167695
0.0001394918654114008
0.00014040071982890368
0.00014018495858181268
0.00013890698028262705
0.00013964291429147124
0.00013960203796159476
0.00013844940986018628
0.00013723148731514812
0.00013662203855346888
0.0001359614252578467
0.00013545152614824474
0.00013512218720279634
0.00013467228563968092
0.0001343545736745
0.00013378214498516172
0.00013343126920517534
0.00013295569806359708
0.00013253554061520845
0.00013256851525511593
0.00013171482714824378
0.00013135219342075288
0.00013115548063069582
0.00013109367864672095
0.0001308546488871798
0.00013073124864604324
0.00013060997298453003
0.00013019215839449316
0.0001301205193158239
0.00012975960271432996
0.00012960995081812143
0.00012939002772327513
0.00012913996761199087
0.00012886400509160012
0.00012878749112132937
0.00012855668319389224
0.00012840585259255022
0.00012820790288969874
0.00012799177784472704
0.00012789406173396856
0.00012766614963766187
0.000127461738884449
0.00012709871225524694
0.00012695157784037292
0.00012661467189900577
0.0001263427984667942
0.000126246566651389
0.0001260533172171563
0.00012584187788888812
0.00012556246656458825
0.00012538183364085853
0.00012517342111095786
0.00012499852164182812
0.00012470028013922274
0.00012439217243809253
0.00012453750241547823
0.0001298647839576006
0.00013407594815362245
0.00013613264309242368
0.0001346156350336969
0.00013267768372315913
0.0001302901073358953
0.0001285117177758366
0.00012781776604242623
0.0001261615689145401
0.00012531509855762124
0.00012504823098424822
0.00012382814020384103
0.00012342364061623812
0.0001227443863172084
0.0001223030558321625
0.00012239633360877633
0.00012189417611807585
0.00012117568257963285
0.00012067848001606762
0.00012025754404021427
0.00012098262959625572
0.00012056774721713737
0.0001202072380692698
0.00011963779979851097
0.00011897627700818703
0.00011842678213724867
0.00011809347779490054
0.0001184394204756245
0.00011847308633150533
0.00011810883006546646
0.00011754059232771397
0.00011705086944857612
0.00011676567373797297
0.00011664882185868919
0.00011612774687819183
0.00011583187733776867
0.0001155924765043892
0.00011540473497007042
0.0001151625911006704
0.00011497295781737193
0.00011471980542410165
0.00011472827463876456
0.00011445976269897074
0.00011409452417865396
0.00011394348257454112
0.00011373613961040974
0.00011341921344865113
0.00011310492845950648
0.00011296391312498599
0.00011275361612206325
0.00011246563371969387
0.00011215911217732355
0.00011190834629815072
0.0001117059655371122
0.0001115037448471412
