0.6921486258506775
0.5712170600891113
0.5030122399330139
0.4589346945285797
0.4294261932373047
0.40862053632736206
0.3926374018192291
0.3803570866584778
0.36942869424819946
0.35947078466415405
0.3509928584098816
0.343113511800766
0.3359806537628174
0.32981207966804504
0.3256830871105194
0.3214452266693115
0.31517404317855835
0.3113589286804199
0.30689820647239685
0.3036547899246216
0.30348941683769226
0.29955700039863586
0.2958834767341614
0.29305315017700195
0.2918721139431
0.28906887769699097
0.2868252694606781
0.2853679955005646
0.28291556239128113
0.2811700701713562
0.28003033995628357
0.2782115340232849
0.2761549949645996
0.2777377963066101
0.27473288774490356
0.28255495429039
0.2758152484893799
0.27030545473098755
0.26909956336021423
0.2676389217376709
0.26672419905662537
0.2647319436073303
0.2624463140964508
0.26305028796195984
0.26133012771606445
0.25938159227371216
0.25764530897140503
0.2565080225467682
0.25456511974334717
0.25305554270744324
0.2522810995578766
0.25237300992012024
0.25312694907188416
0.2496238499879837
0.2482471615076065
0.24779579043388367
0.2493274211883545
0.24697645008563995
0.24455580115318298
0.24354110658168793
0.24233536422252655
0.24091346561908722
0.23981711268424988
0.23870301246643066
0.23823308944702148
0.23647505044937134
0.23643261194229126
0.2368605136871338
0.23946736752986908
0.24188104271888733
0.23650626838207245
0.2412620186805725
0.23429931700229645
0.23117873072624207
0.23735184967517853
0.24184422194957733
0.23327971994876862
0.22834481298923492
0.2281477302312851
0.2256908416748047
0.2263161689043045
0.2248694896697998
0.22234512865543365
0.22264698147773743
0.22693370282649994
0.22897343337535858
0.22346599400043488
0.2191561907529831
0.2183331698179245
0.2170732021331787
0.215757355093956
0.21428832411766052
0.21385584771633148
0.21314500272274017
0.2116968333721161
0.2114773392677307
0.21329377591609955
0.21537145972251892
0.21179869771003723
0.20907999575138092
0.20891034603118896
0.20799094438552856
0.2066977620124817
0.20549102127552032
0.2054315060377121
0.20537619292736053
0.20564450323581696
0.20309768617153168
0.20167779922485352
0.20792017877101898
0.2098022699356079
0.20278814435005188
0.19985242187976837
0.19821421802043915
0.19705981016159058
0.19638089835643768
0.1951320469379425
0.19656459987163544
0.19581525027751923
0.19405846297740936
0.19324804842472076
0.19125936925411224
0.1923595368862152
0.19192920625209808
0.1908741593360901
0.18860428035259247
0.19073572754859924
0.18970803916454315
0.18688783049583435
0.1872974932193756
0.18583834171295166
0.1846129149198532
0.18361921608448029
0.18257318437099457
0.18218426406383514
0.1820666790008545
0.18184788525104523
0.18127404153347015
0.1807481348514557
0.18021893501281738
0.1798841953277588
0.17932619154453278
0.17895722389221191
0.1784568428993225
0.17827627062797546
0.17798277735710144
0.17760369181632996
0.17739014327526093
0.17989951372146606
0.1818530559539795
0.18057796359062195
0.17844639718532562
0.17752967774868011
0.17636382579803467
0.17543627321720123
0.17498277127742767
0.17513054609298706
0.17453406751155853
0.17392805218696594
0.17346501350402832
0.17333848774433136
0.17490747570991516
0.1740056574344635
0.1725478172302246
0.1721893697977066
0.17213107645511627
0.1724376529455185
0.17242754995822906
0.17233945429325104
0.17062291502952576
0.17142415046691895
0.17290188372135162
0.17118844389915466
0.16977161169052124
0.16907468438148499
0.16838186979293823
0.16797760128974915
0.1691935509443283
0.1682833433151245
0.16877280175685883
0.16957306861877441
0.16869263350963593
0.16919158399105072
0.16768983006477356
0.1660788655281067
0.16531996428966522
0.16488973796367645
0.16424454748630524
0.16396047174930573
0.16395868360996246
0.16444051265716553
0.16529212892055511
0.16383391618728638
0.16416719555854797
0.16425341367721558
0.16264906525611877
0.1621696799993515
0.16067364811897278
0.16253429651260376
0.16236282885074615
0.16129693388938904
0.16453111171722412
0.16583757102489471
0.16065017879009247
0.16008873283863068
0.16014525294303894
0.16044583916664124
0.1593059003353119
0.15775495767593384
0.1585223376750946
0.1575884371995926
0.15603747963905334
0.1566612422466278
0.1559073030948639
0.1584111601114273
0.15605594217777252
0.1553320288658142
0.15444090962409973
0.15411986410617828
0.1534915715456009
0.153432697057724
0.15365280210971832
0.15361899137496948
0.152919739484787
0.1523113250732422
0.15177340805530548
0.1515876054763794
0.15208561718463898
0.15182432532310486
0.15205572545528412
0.15124273300170898
0.15094564855098724
0.15117743611335754
0.15029065310955048
0.14963220059871674
0.14961227774620056
0.14926625788211823
0.14915703237056732
0.14906613528728485
0.14908824861049652
0.14867933094501495
0.14837408065795898
0.14816433191299438
0.1478872001171112
0.14765292406082153
0.14936989545822144
0.14893144369125366
0.1479824036359787
0.14768782258033752
0.14715483784675598
0.14801539480686188
0.1480792611837387
0.14774870872497559
0.14713211357593536
0.14701412618160248
0.1470469832420349
0.1467275172472
0.1462535560131073
0.14601925015449524
0.14529265463352203
0.14592023193836212
0.1459256261587143
0.14535197615623474
0.14502091705799103
0.14473538100719452
0.14448240399360657
0.14445026218891144
0.14414235949516296
0.14391691982746124
0.14363911747932434
0.14366982877254486
0.14346422255039215
0.1434490829706192
0.1440405547618866
0.14461056888103485
0.14394129812717438
0.1435251384973526
0.142940491437912
0.14249804615974426
0.14271844923496246
0.14262989163398743
0.142238587141037
0.1424160599708557
0.1421734094619751
0.1417892724275589
0.14152708649635315
0.14142246544361115
0.1412685662508011
0.14112962782382965
0.14174214005470276
0.14164426922798157
0.1415816992521286
0.14103978872299194
0.14074552059173584
0.14051306247711182
0.14044304192066193
0.14038987457752228
0.1402045041322708
0.13984248042106628
0.13965944945812225
0.1395387202501297
0.13923628628253937
0.13906273245811462
0.13896363973617554
0.13885654509067535
0.13920721411705017
0.13910889625549316
0.138961061835289
0.13861258327960968
0.13835737109184265
0.1385076642036438
0.13834448158740997
0.1381990611553192
0.13796523213386536
0.13779935240745544
0.1375211924314499
0.13733607530593872
0.13704179227352142
0.13724343478679657
0.13700230419635773
0.13671302795410156
0.13670918345451355
0.13639482855796814
0.13609249889850616
0.13599276542663574
0.13586118817329407
0.13588187098503113
0.135799840092659
0.13573488593101501
0.13519644737243652
0.1350438892841339
0.13548481464385986
0.13562935590744019
0.13525593280792236
0.13506390154361725
0.1348555088043213
0.13469529151916504
0.1345413476228714
0.13436397910118103
0.13431140780448914
0.1341879516839981
0.13406509160995483
0.13391883671283722
0.13396090269088745
0.13387522101402283
0.13383765518665314
0.13375146687030792
0.13367174565792084
0.1335064321756363
0.133421391248703
0.13342440128326416
0.13330304622650146
0.1331998109817505
0.13310043513774872
0.13327378034591675
0.13314494490623474
0.13308683037757874
0.13321273028850555
0.13319271802902222
0.1329346001148224
0.13267157971858978
0.13257285952568054
0.13259916007518768
0.13241849839687347
0.13234074413776398
0.132136270403862
0.13203327357769012
0.13194364309310913
0.1318153291940689
0.13170041143894196
0.13156257569789886
0.13175536692142487
0.1315828114748001
0.13149408996105194
0.13133850693702698
0.13121728599071503
0.1311538815498352
0.1311589926481247
0.13100068271160126
0.13143233954906464
0.13155050575733185
0.13171835243701935
0.13144034147262573
0.13103100657463074
0.13064736127853394
0.13080689311027527
0.1308862268924713
0.1308833360671997
0.13052049279212952
0.13054302334785461
0.13095693290233612
0.1312471628189087
0.13102836906909943
0.13173910975456238
0.13167433440685272
0.1307593286037445
0.13035325706005096
0.1301635354757309
0.12991762161254883
0.13011987507343292
0.13032664358615875
0.13010409474372864
0.12959975004196167
0.12938296794891357
0.1295030564069748
0.12931309640407562
0.1291891485452652
0.12904861569404602
0.12941497564315796
0.12941046059131622
0.12920528650283813
0.12899787724018097
0.1289162039756775
0.12877999246120453
0.12886887788772583
0.12868523597717285
0.12838208675384521
0.12869076430797577
0.12855523824691772
0.1286052018404007
0.12848947942256927
0.12833204865455627
0.12822432816028595
0.12807749211788177
0.1280164122581482
0.12779323756694794
0.1277998387813568
0.12773026525974274
0.12765182554721832
0.12765385210514069
0.12759076058864594
0.1274844855070114
0.12742149829864502
0.12721824645996094
0.12721256911754608
0.12720553576946259
0.12714780867099762
0.12709316611289978
0.12702371180057526
0.1271212100982666
0.12704317271709442
0.12695062160491943
0.12691770493984222
0.1268392950296402
0.12681877613067627
0.1267986297607422
0.12670449912548065
0.12660378217697144
0.12656673789024353
0.12655869126319885
0.12665359675884247
0.12666088342666626
0.12656190991401672
0.12651918828487396
0.12646697461605072
0.12638264894485474
0.126323401927948
0.12629245221614838
0.12636129558086395
0.12637446820735931
0.12610916793346405
0.12617775797843933
0.12616810202598572
0.12622128427028656
0.12648360431194305
0.12645478546619415
0.12644921243190765
0.1264563649892807
0.12632103264331818
0.12623651325702667
0.1261201947927475
0.12600204348564148
0.12586325407028198
0.12580132484436035
0.1257897913455963
0.12573282420635223
0.12570151686668396
0.12573498487472534
0.12571360170841217
0.12563873827457428
0.1255856156349182
0.1255468875169754
0.12548503279685974
0.1254633665084839
0.12542226910591125
0.12538723647594452
0.12555670738220215
0.12536275386810303
0.1253870129585266
0.12539412081241608
0.12541769444942474
0.1253713071346283
0.12531547248363495
0.1252649426460266
0.12519368529319763
0.12523071467876434
0.1251901239156723
0.12517838180065155
0.12509027123451233
0.12498393654823303
0.12503154575824738
0.12501050531864166
0.12497968971729279
0.1248287558555603
0.12476710230112076
0.12474970519542694
0.12477369606494904
0.1247614324092865
0.12472663819789886
0.1246996521949768
0.12462468445301056
0.12460137158632278
0.12453784793615341
0.12456412613391876
0.12451082468032837
0.12445437908172607
0.12439650297164917
0.12432318180799484
0.12429969757795334
0.12428457289934158
0.12429048866033554
0.12418822944164276
0.12414434552192688
0.1241048201918602
0.12406526505947113
0.12404252588748932
0.12409093976020813
0.12413967400789261
0.12416070699691772
0.12417247146368027
0.12411171197891235
0.12402339279651642
0.12396575510501862
0.1238589882850647
0.12383324652910233
0.1238233745098114
0.12379048019647598
0.12380534410476685
0.12375324964523315
0.12374769896268845
0.12369046360254288
0.12367486208677292
0.12365259230136871
0.12363114207983017
0.1236049011349678
0.12358730286359787
0.12364579737186432
0.12352672964334488
0.12349731475114822
0.12351492792367935
0.12348105758428574
0.12346860766410828
0.12347780168056488
0.12347450107336044
0.12344703823328018
0.12342519313097
0.12341146916151047
0.12338141351938248
0.12335111200809479
0.12331411987543106
0.12331142276525497
0.12333659827709198
0.1233101636171341
0.12324698269367218
0.1233140379190445
0.12326793372631073
0.12326373159885406
0.12321537733078003
0.12318803369998932
0.12314110994338989
0.12315652519464493
0.1231406033039093
0.12308821827173233
0.12306441366672516
0.12304583936929703
0.12304437905550003
0.12301084399223328
0.12298070639371872
0.12297577410936356
0.12295202165842056
0.12292925268411636
0.12291685491800308
0.12287736684083939
0.12290100008249283
0.1229051873087883
0.12287399917840958
0.12285132706165314
0.12282728403806686
0.12280672788619995
0.12279035151004791
0.12276093661785126
0.1227443590760231
0.12271568924188614
0.12268773466348648
0.12267107516527176
0.12264631688594818
0.1226358637213707
0.12261723726987839
0.1226009950041771
0.12258100509643555
0.12258919328451157
0.12255032360553741
0.12252379953861237
