0.7061173915863037
0.643584668636322
0.6103150844573975
0.5701358318328857
0.5278420448303223
0.48128145933151245
0.4454197883605957
0.42055508494377136
0.4011765718460083
0.38602951169013977
0.37232449650764465
0.36131739616394043
0.35331347584724426
0.34479817748069763
0.33831170201301575
0.34183311462402344
0.34195104241371155
0.3289211690425873
0.320560097694397
0.314269095659256
0.3131195306777954
0.3064846992492676
0.3005502223968506
0.296734094619751
0.29574063420295715
0.29373282194137573
0.28950077295303345
0.2844664454460144
0.2799690365791321
0.27563712000846863
0.2723116874694824
0.26987317204475403
0.2663049101829529
0.2663879692554474
0.2606419324874878
0.26219260692596436
0.2642141878604889
0.2676716148853302
0.26063457131385803
0.25305628776550293
0.2501130998134613
0.24871481955051422
0.2453853040933609
0.24228236079216003
0.24423649907112122
0.24471889436244965
0.24277423322200775
0.23544979095458984
0.23661473393440247
0.2339278608560562
0.23471133410930634
0.23114068806171417
0.2280886173248291
0.22525908052921295
0.23160356283187866
0.23170554637908936
0.22299708425998688
0.22028681635856628
0.21809403598308563
0.21539485454559326
0.21421147882938385
0.21172980964183807
0.20923388004302979
0.20760153234004974
0.20588791370391846
0.20472203195095062
0.20337232947349548
0.2024662345647812
0.20171180367469788
0.20233605802059174
0.2000284641981125
0.1976325958967209
0.19476006925106049
0.19290629029273987
0.19086606800556183
0.18829070031642914
0.1897568702697754
0.18783777952194214
0.18362733721733093
0.18230843544006348
0.17996981739997864
0.19346486032009125
0.21076014637947083
0.2082386016845703
0.19149799644947052
0.18193504214286804
0.17663782835006714
0.17452187836170197
0.17015254497528076
0.168413907289505
0.16752693057060242
0.1638125479221344
0.1645451784133911
0.17010436952114105
0.16623972356319427
0.16041098535060883
0.16563309729099274
0.1630854308605194
0.16040143370628357
0.15440617501735687
0.15598741173744202
0.16263753175735474
0.15822865068912506
0.15458616614341736
0.1576477289199829
0.1534111052751541
0.1482710838317871
0.1444370299577713
0.142442524433136
0.13910622894763947
0.13742989301681519
0.1359306424856186
0.1346217542886734
0.13486126065254211
0.13231885433197021
0.1306372731924057
0.12914420664310455
0.12911120057106018
0.12793497741222382
0.12842164933681488
0.12785011529922485
0.12627466022968292
0.12464936822652817
0.12362317740917206
0.12560638785362244
0.12346433848142624
0.12377086281776428
0.12655320763587952
0.1233488917350769
0.12129496783018112
0.1204068660736084
0.11976982653141022
0.11857962608337402
0.11802780628204346
0.11671976745128632
0.11629974842071533
0.11567849665880203
0.1152583584189415
0.11416570097208023
0.11395268142223358
0.11491324007511139
0.1157882884144783
0.11881069839000702
0.11575101315975189
0.11332720518112183
0.1117652952671051
0.11101647466421127
0.1101858913898468
0.10972017794847488
0.10915578156709671
0.10843246430158615
0.10749449580907822
0.10718866437673569
0.10658480226993561
0.10608161985874176
0.10620518773794174
0.10496972501277924
0.10462561994791031
0.10383924096822739
0.10338477045297623
0.10488665848970413
0.1053357720375061
0.1038956344127655
0.10214660316705704
0.1008976399898529
0.10026927292346954
0.09928710758686066
0.09903469681739807
0.09833478182554245
0.09768331795930862
0.09713172167539597
0.09664299339056015
0.09660015255212784
0.09523994475603104
0.09631019085645676
0.09509303420782089
0.09514403343200684
0.09446390718221664
0.09349248558282852
0.09374405443668365
0.09364888072013855
0.09278988838195801
0.09126489609479904
0.09062914550304413
0.08971536159515381
0.09123818576335907
0.0899859294295311
0.08972906321287155
0.08806538581848145
0.08718106150627136
0.08635307848453522
0.08627317100763321
0.08781978487968445
0.0862310603260994
0.08473344892263412
0.08383116871118546
0.08396824449300766
0.08280698955059052
0.08366020768880844
0.08196602761745453
0.08073724061250687
0.08023151010274887
0.07985468953847885
0.07934898883104324
0.07866472005844116
0.0779924988746643
0.07738389819860458
0.07689255475997925
0.07610585540533066
0.07612523436546326
0.07679080218076706
0.07569293677806854
0.07553776353597641
0.0746711939573288
0.07449240237474442
0.07403433322906494
0.07328556478023529
0.07299498468637466
0.07292309403419495
0.07257381826639175
0.07185571640729904
0.07138924300670624
0.0714198648929596
0.07077358663082123
0.07054781168699265
0.07005883008241653
0.06998889893293381
0.06957534700632095
0.07137724757194519
0.07339255511760712
0.07273705303668976
0.071431964635849
0.07039406150579453
0.06958738714456558
0.06872254610061646
0.06832369416952133
0.07020418345928192
0.07018684595823288
0.06851977854967117
0.0673149898648262
0.06862170994281769
0.06871556490659714
0.0672130361199379
0.06660090386867523
0.06604467332363129
0.06575395911931992
0.06528709083795547
0.06517361104488373
0.0648159310221672
0.06511420756578445
0.06556911766529083
0.0651165321469307
0.06470851600170135
0.06439635902643204
0.06420338153839111
0.06375644356012344
0.06348154693841934
0.063168004155159
0.06289070844650269
0.06275354325771332
0.06276091188192368
0.06224464625120163
0.062088608741760254
0.06193102151155472
0.06248616799712181
0.06281507015228271
0.06192731484770775
0.06130734831094742
0.06114865094423294
0.061131320893764496
0.060675933957099915
0.06043601036071777
0.06019524112343788
0.05990507826209068
0.05984736606478691
0.05944112315773964
0.059350378811359406
0.059144504368305206
0.05896453559398651
0.0588289238512516
0.05851425230503082
0.0583636574447155
0.05819600448012352
0.057977575808763504
0.057783614844083786
0.057472631335258484
0.05747739225625992
0.05759445205330849
0.05710498243570328
0.05689496919512749
0.05662211775779724
0.056798797100782394
0.057505350559949875
0.05877324938774109
0.057287316769361496
0.05657307803630829
0.05606326460838318
0.05558733642101288
0.055481746792793274
0.05510619655251503
0.05487152189016342
0.05492878332734108
0.05466303601861
0.054341092705726624
0.05413486063480377
0.06500153243541718
0.0685587078332901
0.059065815061330795
0.05638370290398598
0.055701322853565216
0.05468090623617172
0.053936902433633804
0.05361782759428024
0.05321044474840164
0.05302171781659126
0.052738312631845474
0.05248070880770683
0.05225502327084541
0.05198369547724724
0.051866453140974045
0.05178157985210419
0.05172916501760483
0.05159086734056473
0.05151495710015297
0.05141772702336311
0.05129973217844963
0.05118053779006004
0.051118362694978714
0.05100919306278229
0.05090869218111038
0.05084679648280144
0.05091030150651932
0.05117689073085785
0.050989191979169846
0.05073624476790428
0.05060794949531555
0.050460703670978546
0.05027447268366814
0.050211790949106216
0.050192490220069885
0.050016146153211594
0.04988269880414009
0.04973483085632324
0.04957190901041031
0.049394819885492325
0.04943087324500084
0.04930710792541504
0.049213849008083344
0.049105241894721985
0.04896264895796776
0.04887261614203453
0.0487484447658062
0.04869816079735756
0.048941656947135925
0.049290865659713745
0.048868875950574875
0.048601776361465454
0.0483131967484951
0.04810962826013565
0.04807552322745323
0.047933902591466904
0.04797953739762306
0.04804130643606186
0.04773860052227974
0.047613270580768585
0.04748225212097168
0.04742785543203354
0.048278141766786575
0.04927374795079231
0.048734381794929504
0.04792047664523125
0.04741841182112694
0.04729050025343895
0.04701102152466774
0.046924080699682236
0.04677014797925949
0.046859756112098694
0.046766944229602814
0.04655900225043297
0.04641425237059593
0.04621870443224907
0.046103060245513916
0.046035680919885635
0.04605153575539589
0.04581284895539284
0.045735158026218414
0.04569469764828682
0.04557434096932411
0.04548974707722664
0.045488033443689346
0.04538680613040924
0.0452469177544117
0.04512603208422661
0.0450211763381958
0.044950198382139206
0.044916000217199326
0.04495465010404587
0.04476341977715492
0.0446413978934288
0.04455665126442909
0.04450025409460068
0.044545978307724
0.04457211121916771
0.0443216897547245
0.0442487932741642
0.04405210167169571
0.044155582785606384
0.04447786137461662
0.04421050474047661
0.04387793317437172
0.04411107674241066
0.04447748512029648
0.04440942406654358
0.044038090854883194
0.04373329132795334
0.043532174080610275
0.04332054406404495
0.043157968670129776
0.042973704636096954
0.04291900619864464
0.04283061996102333
0.04275374114513397
0.042665913701057434
0.04257071018218994
0.0427047461271286
0.04263545572757721
0.042598288506269455
0.04245101660490036
0.04235047847032547
0.04226623848080635
0.042221471667289734
0.04213603213429451
0.042113661766052246
0.042038146406412125
0.04208509624004364
0.04207915440201759
0.04201789200305939
0.04193146154284477
0.04187780246138573
0.04180935397744179
0.04173760488629341
0.041722215712070465
0.04164717718958855
0.041577599942684174
0.0415632538497448
0.04149897024035454
0.04149842634797096
0.0414261668920517
0.04136238619685173
0.041303206235170364
0.041291601955890656
0.04121154546737671
0.04118354246020317
0.04110854119062424
0.041187550872564316
0.04125744476914406
0.0412079356610775
0.0411449670791626
0.04106812924146652
0.04110076650977135
0.04099317640066147
0.04089770466089249
0.040822483599185944
0.04079960286617279
0.04071321338415146
0.04064271226525307
0.04060766100883484
0.04051027446985245
0.04045427590608597
0.0403832346200943
0.04033946245908737
0.04028422757983208
0.0402415469288826
0.040219299495220184
0.0404244028031826
0.040373124182224274
0.04023454338312149
0.04023440554738045
0.040102556347846985
0.04001053050160408
0.03995538130402565
0.0398721918463707
0.039831582456827164
0.039785124361515045
0.03972267359495163
0.039689622819423676
0.03965257480740547
0.03959474712610245
0.03962113335728645
0.039545655250549316
0.0394689179956913
0.03940822556614876
0.03938402608036995
0.03930318355560303
0.03925597667694092
0.03919876366853714
0.03917747735977173
0.039117567241191864
0.039093516767024994
0.03904425725340843
0.038976266980171204
0.038942255079746246
0.0389331579208374
0.03885331377387047
0.03881761059165001
0.03878485783934593
0.0387820228934288
0.03872618079185486
0.038654524832963943
0.03891152888536453
0.039144258946180344
0.03894427791237831
0.03865053877234459
0.038512200117111206
0.03942745551466942
0.03955747187137604
0.0393352136015892
0.03900034725666046
0.03876649588346481
0.03864771127700806
0.03855140134692192
0.03845679759979248
0.03838676959276199
0.03832954540848732
0.038277558982372284
0.03823257237672806
0.03817755728960037
0.03813529014587402
0.038103487342596054
0.03806794062256813
0.03805963695049286
0.038016047328710556
0.037977758795022964
0.03795364871621132
0.03792400658130646
0.037887562066316605
0.037875257432460785
0.03784612938761711
0.03780572488903999
0.037779565900564194
0.037773169577121735
0.037784475833177567
0.03774431347846985
0.03773580864071846
0.037747129797935486
0.03770880401134491
0.03774188458919525
0.03774159401655197
0.03771110251545906
0.03766515851020813
0.03763518109917641
0.037606023252010345
0.0375685952603817
0.03753938525915146
0.03754058852791786
0.03748747706413269
0.03745434805750847
0.03744128718972206
0.03740592673420906
0.037378132343292236
0.03736003488302231
0.03734704107046127
0.037316419184207916
0.037301525473594666
0.03723587095737457
0.03729843720793724
0.03726019337773323
0.037231236696243286
0.03720083087682724
0.03716996684670448
0.037154559046030045
0.03715287894010544
0.03713001310825348
0.037081845104694366
0.03710826486349106
0.03708215057849884
0.037052299827337265
0.037031643092632294
0.037015918642282486
0.036979664117097855
0.03696107864379883
0.03694060072302818
0.03690935671329498
0.036919739097356796
0.03686750680208206
0.03690730780363083
0.036868926137685776
0.03682814538478851
0.036814890801906586
0.036787085235118866
0.036769140511751175
0.03673522174358368
0.03672612085938454
0.03670164942741394
0.036678247153759
0.0366615392267704
0.036637723445892334
0.03662726283073425
0.036601822823286057
0.036582693457603455
0.0365874357521534
0.03661169484257698
0.03659048303961754
0.03658584505319595
0.03655128553509712
0.03652770072221756
