0.6941376328468323
0.6514347195625305
0.6238719820976257
0.6033039689064026
0.5840635895729065
0.5684157609939575
0.555525541305542
0.544670581817627
0.5343806743621826
0.5249027013778687
0.5160002112388611
0.5073310732841492
0.49945250153541565
0.4916771650314331
0.48329177498817444
0.47733286023139954
0.47079306840896606
0.464815616607666
0.45791834592819214
0.45173925161361694
0.4466378688812256
0.44124168157577515
0.4352715015411377
0.4293125569820404
0.42495182156562805
0.4211887717247009
0.4173225462436676
0.41372567415237427
0.4100663661956787
0.40668752789497375
0.40335705876350403
0.4006563425064087
0.397922158241272
0.3953403830528259
0.39256420731544495
0.39028608798980713
0.38856256008148193
0.3863508701324463
0.38385048508644104
0.381683349609375
0.37984776496887207
0.3780137300491333
0.3757353127002716
0.37334832549095154
0.37169206142425537
0.3699767589569092
0.36812490224838257
0.36651432514190674
0.3652181923389435
0.3639864921569824
0.3623897135257721
0.36083027720451355
0.3596772253513336
0.35803326964378357
0.35701173543930054
0.35620543360710144
0.3547571301460266
0.3538127839565277
0.3530540466308594
0.35201549530029297
0.35097840428352356
0.34993284940719604
0.3490569293498993
0.3487912118434906
0.3478073477745056
0.3469915986061096
0.34568890929222107
0.34470298886299133
0.3438892364501953
0.3431205451488495
0.34243088960647583
0.3417854905128479
0.34143009781837463
0.3404845893383026
0.3399115204811096
0.3386698067188263
0.33792218565940857
0.3374830484390259
0.3371284008026123
0.33679473400115967
0.33651235699653625
0.33611005544662476
0.3352282643318176
0.3344777524471283
0.3342359960079193
0.3335039019584656
0.33280959725379944
0.3323836624622345
0.33174431324005127
0.33128821849823
0.3308137357234955
0.330366313457489
0.3299619257450104
0.32936662435531616
0.32891562581062317
0.328582227230072
0.32835647463798523
0.3276548683643341
0.3272034227848053
0.3266688287258148
0.32656362652778625
0.32630836963653564
0.3260096609592438
0.32573622465133667
0.3248663544654846
0.32437556982040405
0.3237622082233429
0.3233484923839569
0.323093980550766
0.32262271642684937
0.32208678126335144
0.32148802280426025
0.32151496410369873
0.32106640934944153
0.3206959664821625
0.32040733098983765
0.32008275389671326
0.3200811445713043
0.31962132453918457
0.3192899525165558
0.31888827681541443
0.31861236691474915
0.3183410167694092
0.31806680560112
0.3185464143753052
0.31868061423301697
0.3183117210865021
0.318223237991333
0.31742221117019653
0.31729236245155334
0.317262202501297
0.3172336220741272
0.3165266811847687
0.31613725423812866
0.31547680497169495
0.31543290615081787
0.31509849429130554
0.31456974148750305
0.3142123222351074
0.31380289793014526
0.31392812728881836
0.3128027617931366
0.31532275676727295
0.315034419298172
0.31408068537712097
0.31346023082733154
0.312163770198822
0.31183740496635437
0.311585932970047
0.31128713488578796
0.31117552518844604
0.31089407205581665
0.3108145594596863
0.31044188141822815
0.3103408217430115
0.3100872337818146
0.30977028608322144
0.30955666303634644
0.30943214893341064
0.30934280157089233
0.30910903215408325
0.3087851405143738
0.308899462223053
0.308675616979599
0.3083513081073761
0.3081338703632355
0.3078194558620453
0.3077660799026489
0.30748164653778076
0.3071371018886566
0.3068717122077942
0.3065597414970398
0.3064594566822052
0.30614015460014343
0.3059481084346771
0.3056027591228485
0.30574604868888855
0.3055870234966278
0.30507802963256836
0.3047086000442505
0.3043702244758606
0.3040970265865326
0.30375543236732483
0.30358752608299255
0.3034514784812927
0.30348220467567444
0.30334043502807617
0.3027835786342621
0.3029836118221283
0.3028029799461365
0.3018760681152344
0.30251988768577576
0.3034003674983978
0.3032521903514862
0.3019771873950958
0.30094486474990845
0.30089253187179565
0.30040958523750305
0.3002534806728363
0.29996854066848755
0.29963138699531555
0.29938557744026184
0.29905715584754944
0.2988891005516052
0.2985785901546478
0.2982198894023895
0.2979782819747925
0.2978372871875763
0.29799818992614746
0.29847875237464905
0.2979699671268463
0.2978806793689728
0.2973117530345917
0.2968297302722931
0.29647350311279297
0.296022891998291
0.29576799273490906
0.29609405994415283
0.2954542934894562
0.2949215769767761
0.294814795255661
0.294308066368103
0.2941124141216278
0.29387354850769043
0.29353955388069153
0.2935798764228821
0.2938799262046814
0.2932687997817993
0.2930344045162201
0.29270580410957336
0.2925243377685547
0.29247161746025085
0.29225754737854004
0.2925775647163391
0.29225265979766846
0.29213741421699524
0.2921832501888275
0.29221490025520325
0.2919912040233612
0.29176411032676697
0.2912919223308563
0.29139819741249084
0.2917728126049042
0.29163625836372375
0.29158884286880493
0.29129505157470703
0.29104483127593994
0.2910544276237488
0.29079994559288025
0.290811687707901
0.29069191217422485
0.290634423494339
0.2906152009963989
0.2909186780452728
0.2907857596874237
0.2904820740222931
0.29020941257476807
0.29004237055778503
0.28986331820487976
0.28981390595436096
0.28964677453041077
0.289446085691452
0.28932878375053406
0.2891172468662262
0.2890244424343109
0.2889396846294403
0.2888776361942291
0.288833349943161
0.2887674868106842
0.2887430489063263
0.28876793384552
0.28880488872528076
0.2886604368686676
0.2884807288646698
0.2883816659450531
0.28849709033966064
0.2883893847465515
0.2880813479423523
0.2878713309764862
0.2877950370311737
0.2876399755477905
0.2875228524208069
0.28728145360946655
0.28722208738327026
0.28710630536079407
0.28695887327194214
0.28688347339630127
0.2867797315120697
0.2867997884750366
0.28671756386756897
0.28651368618011475
0.28650426864624023
0.2862106263637543
0.28615012764930725
0.2860463857650757
0.28591400384902954
0.2857555150985718
0.28566884994506836
0.2856251895427704
0.28543198108673096
0.2853595018386841
0.2852737009525299
0.2851704955101013
0.2851368188858032
0.28499749302864075
0.28488004207611084
0.2853928804397583
0.2859739065170288
0.2860029339790344
0.285917729139328
0.2856985926628113
0.2854215204715729
0.28511935472488403
0.2849501371383667
0.28441086411476135
0.2841334640979767
0.2838607132434845
0.28385502099990845
0.28370338678359985
0.2837379574775696
0.2836865484714508
0.28357571363449097
0.28338754177093506
0.2832801640033722
0.2833511531352997
0.28316056728363037
0.2830651104450226
0.282825231552124
0.2828843593597412
0.2828490436077118
0.28273165225982666
0.2826172411441803
0.2825133204460144
0.28241121768951416
0.2823929488658905
0.2822604775428772
0.28219446539878845
0.2822757363319397
0.2822209894657135
0.2821921110153198
0.2821464538574219
0.28203922510147095
0.28190314769744873
0.2817980945110321
0.28171974420547485
0.28174713253974915
0.2816523313522339
0.2816050052642822
0.28152671456336975
0.2814762592315674
0.281434565782547
0.28138914704322815
0.281288743019104
0.2812778651714325
0.2812146246433258
0.28114280104637146
0.28110286593437195
0.28102388978004456
0.28101950883865356
0.28097695112228394
0.28093379735946655
0.2808680534362793
0.28082531690597534
0.2807875871658325
0.2807570695877075
0.28073516488075256
0.28062447905540466
0.2808401882648468
0.28075936436653137
0.28066879510879517
0.2806546986103058
0.28057223558425903
0.28030529618263245
0.2804059088230133
0.2803531587123871
0.2802497148513794
0.2803876996040344
0.28021082282066345
0.2801515758037567
0.2800876796245575
0.28004369139671326
0.2800157964229584
0.27993836998939514
0.27983200550079346
0.27977293729782104
0.27972614765167236
0.2796424329280853
0.2797013819217682
0.2796606421470642
0.279590368270874
0.2795327305793762
0.2794974446296692
0.2794174551963806
0.27938276529312134
0.2793787717819214
0.2792825400829315
0.2792861759662628
0.27929913997650146
0.2793384790420532
0.27924835681915283
0.2791796624660492
0.2791185975074768
0.2790718078613281
0.2790586054325104
0.27897387742996216
0.2789936363697052
0.27888059616088867
0.2788776457309723
0.2788303792476654
0.2787984013557434
0.2787536382675171
0.2787444591522217
0.2787403464317322
0.27863407135009766
0.27857038378715515
0.2785448729991913
0.2784971594810486
0.27847203612327576
0.27842122316360474
0.2783674895763397
0.27831047773361206
0.2782849371433258
0.278193861246109
0.278184175491333
0.27817294001579285
0.2781459093093872
0.27811485528945923
0.27802300453186035
0.2780187427997589
0.27796390652656555
0.2779756784439087
0.278018057346344
0.27799132466316223
0.2779877185821533
0.27797579765319824
0.2779850363731384
0.2779395878314972
0.277921199798584
0.2778843641281128
0.27787458896636963
0.27785632014274597
0.27785471081733704
0.27783694863319397
0.27781370282173157
0.2777951955795288
0.2777532935142517
0.27787843346595764
0.2778415381908417
0.2777704894542694
0.2777462899684906
0.2777055501937866
0.2776627540588379
0.277626097202301
0.2776196300983429
0.2775800824165344
0.2775856852531433
0.27757740020751953
0.27754342555999756
0.27752384543418884
0.27751365303993225
0.27750882506370544
0.277488648891449
0.27750012278556824
0.2774956226348877
0.27748751640319824
0.277404248714447
0.2772957980632782
0.27727043628692627
0.2772526144981384
0.2772591710090637
0.27727827429771423
0.2772434651851654
0.2772434651851654
0.2771747410297394
0.2771614193916321
0.2771942615509033
0.2771003842353821
0.27708524465560913
0.2770465016365051
0.27704572677612305
0.2770269215106964
0.27698206901550293
0.2769613564014435
0.27695000171661377
0.2769343852996826
0.27690303325653076
0.27688777446746826
0.2768782675266266
0.276865154504776
0.2768084704875946
0.2768195569515228
0.27682995796203613
0.2768195569515228
0.2768268287181854
0.27678239345550537
0.2767627537250519
0.27675455808639526
0.27674600481987
0.2766980230808258
0.2766726613044739
0.27664414048194885
0.2766137719154358
0.2766208052635193
0.2765812277793884
0.27655696868896484
0.27654939889907837
0.2765601575374603
0.276477187871933
0.27649199962615967
0.2764424681663513
0.2764526903629303
0.2764130234718323
0.2764335572719574
0.276337206363678
0.2763308584690094
0.2763124108314514
0.276305615901947
0.27627670764923096
0.2763022184371948
0.2762775719165802
0.2762433588504791
0.2762080132961273
0.2761859595775604
0.2761871814727783
0.27613264322280884
0.27613621950149536
0.2760998606681824
0.27607324719429016
0.2760653495788574
0.27605342864990234
0.27606406807899475
0.27604058384895325
0.2760215699672699
0.2760052978992462
0.2760010361671448
0.27599623799324036
0.27598223090171814
0.27597832679748535
0.27596643567085266
0.2759590744972229
0.27594950795173645
0.27597934007644653
0.27593252062797546
0.2759057283401489
0.2759018540382385
0.27586475014686584
0.27585864067077637
0.27585625648498535
0.2758522033691406
0.27582454681396484
0.27582454681396484
0.2758127450942993
0.275808185338974
0.2758112847805023
0.2757807672023773
0.2757713198661804
0.2757570147514343
0.2757459878921509
0.2757161557674408
0.2757197916507721
0.27570387721061707
0.2757071256637573
0.2757025361061096
0.27570071816444397
0.27569156885147095
0.2756791412830353
0.27566978335380554
0.275664359331131
0.27566757798194885
0.2756514251232147
0.2756384611129761
0.27564844489097595
0.2756213843822479
0.2756103277206421
0.2756100594997406
0.27560585737228394
0.2756091058254242
0.27558988332748413
0.27557528018951416
0.27557075023651123
0.27557215094566345
0.27556487917900085
0.2755682170391083
0.27553844451904297
0.2755068242549896
0.27551600337028503
0.2754974365234375
0.2754841148853302
0.27546748518943787
0.27546426653862
0.2754504382610321
0.27543529868125916
0.27543073892593384
0.2754163146018982
0.2754107415676117
0.2753981947898865
0.275389701128006
0.2753894329071045
0.27536287903785706
0.2753547728061676
0.2753541171550751
0.2753351628780365
0.2753210663795471
0.27531930804252625
0.2753152847290039
0.27533701062202454
0.27531811594963074
0.27530330419540405
0.275285929441452
0.27528464794158936
0.2752729058265686
0.2752721607685089
0.2752755880355835
0.27524471282958984
0.2752200663089752
0.27520543336868286
0.27520444989204407
0.27522405982017517
0.2752050757408142
0.27520886063575745
0.2751785218715668
0.27517157793045044
0.27513542771339417
0.2751273214817047
0.2751134932041168
0.2751176953315735
0.2750866711139679
