0.7289719581604004
0.7445482611656189
0.7616822719573975
0.7741432785987854
0.7850467562675476
0.7943925261497498
0.8006230592727661
0.8021807074546814
0.8068535923957825
0.8115264773368835
0.8177570104598999
0.8161993622779846
0.8193146586418152
0.8239875435829163
0.8302180767059326
0.8317757248878479
0.8380062580108643
0.8302180767059326
0.8317757248878479
0.8286604285240173
0.827102780342102
0.827102780342102
0.8333333134651184
0.8317757248878479
0.8333333134651184
0.8317757248878479
0.8333333134651184
0.8348909616470337
0.836448609828949
0.8348909616470337
0.8380062580108643
0.8395638465881348
0.84112149477005
0.8426791429519653
0.8426791429519653
0.84112149477005
0.84112149477005
0.84112149477005
0.8395638465881348
0.8426791429519653
0.8457943797111511
0.8442367315292358
0.8473520278930664
0.8504672646522522
0.8520249128341675
0.855140209197998
0.8535825610160828
0.8535825610160828
0.8535825610160828
0.8566977977752686
0.8582554459571838
0.8598130941390991
0.8566977977752686
0.8582554459571838
0.8582554459571838
0.8613707423210144
0.8613707423210144
0.8598130941390991
0.8613707423210144
0.8613707423210144
0.8644859790802002
0.8613707423210144
0.8613707423210144
0.8613707423210144
0.8644859790802002
0.8644859790802002
0.8644859790802002
0.8644859790802002
0.8629283308982849
0.8629283308982849
0.8629283308982849
0.8629283308982849
0.8629283308982849
0.8613707423210144
0.8598130941390991
0.8566977977752686
0.8566977977752686
0.8598130941390991
0.8613707423210144
0.8613707423210144
0.8582554459571838
0.8582554459571838
0.8598130941390991
0.8598130941390991
0.8598130941390991
0.8598130941390991
0.8613707423210144
0.8613707423210144
0.8613707423210144
0.8613707423210144
0.8598130941390991
0.8598130941390991
0.8613707423210144
0.8629283308982849
0.8644859790802002
0.8629283308982849
0.8629283308982849
0.8644859790802002
0.8644859790802002
0.8644859790802002
0.8644859790802002
0.8644859790802002
0.8644859790802002
0.8676012754440308
0.8676012754440308
0.8676012754440308
0.8660436272621155
0.8660436272621155
0.8676012754440308
0.8676012754440308
0.8676012754440308
0.8691588640213013
0.8691588640213013
0.8691588640213013
0.8691588640213013
0.8691588640213013
0.8691588640213013
0.8691588640213013
0.8722741603851318
0.8738317489624023
0.8738317489624023
0.8738317489624023
0.8722741603851318
0.8722741603851318
0.8722741603851318
0.8722741603851318
0.8722741603851318
0.8722741603851318
0.8722741603851318
0.8691588640213013
0.8691588640213013
0.8691588640213013
0.8707165122032166
0.8707165122032166
0.8707165122032166
0.8707165122032166
0.8707165122032166
0.8738317489624023
0.8738317489624023
0.8738317489624023
0.8753893971443176
0.8753893971443176
0.8753893971443176
0.8753893971443176
0.8753893971443176
0.8738317489624023
0.8722741603851318
0.8738317489624023
0.8738317489624023
0.8738317489624023
0.8738317489624023
0.8753893971443176
0.8753893971443176
0.8738317489624023
0.8738317489624023
0.8753893971443176
0.8753893971443176
0.8753893971443176
0.8753893971443176
0.8753893971443176
0.8753893971443176
0.8753893971443176
0.8753893971443176
0.8753893971443176
0.8769470453262329
0.8722741603851318
0.8738317489624023
0.8738317489624023
0.8738317489624023
0.8722741603851318
0.8722741603851318
0.8753893971443176
0.8753893971443176
0.8738317489624023
0.8753893971443176
0.8753893971443176
0.8753893971443176
0.8722741603851318
0.8753893971443176
0.8753893971443176
0.8753893971443176
0.8753893971443176
0.8769470453262329
0.8769470453262329
0.8769470453262329
0.8753893971443176
0.8753893971443176
0.8753893971443176
0.8753893971443176
0.8738317489624023
0.8738317489624023
0.8753893971443176
0.8753893971443176
0.8769470453262329
0.8769470453262329
0.8769470453262329
0.8769470453262329
0.8738317489624023
0.8769470453262329
0.8785046935081482
0.8753893971443176
0.8753893971443176
0.8753893971443176
0.8769470453262329
0.8785046935081482
0.8769470453262329
0.8769470453262329
0.8769470453262329
0.8769470453262329
0.8769470453262329
0.8769470453262329
0.8769470453262329
0.881619930267334
0.881619930267334
0.881619930267334
0.8800622820854187
0.8800622820854187
0.8800622820854187
0.881619930267334
0.881619930267334
0.8831775784492493
0.8831775784492493
0.881619930267334
0.881619930267334
0.8800622820854187
0.8800622820854187
0.8785046935081482
0.881619930267334
0.8831775784492493
0.881619930267334
0.881619930267334
0.881619930267334
0.881619930267334
0.8831775784492493
0.8831775784492493
0.8847352266311646
0.8847352266311646
0.8847352266311646
0.8847352266311646
0.8847352266311646
0.8847352266311646
0.8847352266311646
0.8847352266311646
0.8847352266311646
0.8831775784492493
0.8831775784492493
0.8831775784492493
0.8831775784492493
0.8894081115722656
0.8894081115722656
0.8847352266311646
0.8847352266311646
0.8847352266311646
0.8831775784492493
0.8831775784492493
0.8831775784492493
0.8847352266311646
0.8847352266311646
0.8847352266311646
0.8847352266311646
0.8831775784492493
0.881619930267334
0.881619930267334
0.881619930267334
0.881619930267334
0.8847352266311646
0.8847352266311646
0.8847352266311646
0.8862928152084351
0.8862928152084351
0.8862928152084351
0.8862928152084351
0.8862928152084351
0.8862928152084351
0.8862928152084351
0.8878504633903503
0.8862928152084351
0.8862928152084351
0.8862928152084351
0.8847352266311646
0.8831775784492493
0.8847352266311646
0.8847352266311646
0.8847352266311646
0.8847352266311646
0.8847352266311646
0.8847352266311646
0.8847352266311646
0.8862928152084351
0.8847352266311646
0.8847352266311646
0.8847352266311646
0.8847352266311646
0.8847352266311646
0.8847352266311646
0.8847352266311646
0.8847352266311646
0.8847352266311646
0.8847352266311646
0.8847352266311646
0.8847352266311646
0.8847352266311646
0.8847352266311646
0.8847352266311646
0.8862928152084351
0.8862928152084351
0.8862928152084351
0.8862928152084351
0.8862928152084351
0.8862928152084351
0.8862928152084351
0.8831775784492493
0.8831775784492493
0.8847352266311646
0.8878504633903503
0.8862928152084351
0.8878504633903503
0.8862928152084351
0.8862928152084351
0.8862928152084351
0.8878504633903503
0.8878504633903503
0.8878504633903503
0.8878504633903503
0.8878504633903503
0.8878504633903503
0.8878504633903503
0.8878504633903503
0.8878504633903503
0.8878504633903503
0.8878504633903503
0.8878504633903503
0.8878504633903503
0.8878504633903503
0.8878504633903503
0.8878504633903503
0.8878504633903503
0.8878504633903503
0.8862928152084351
0.8878504633903503
0.8878504633903503
0.8878504633903503
0.8878504633903503
0.8878504633903503
0.8878504633903503
0.8878504633903503
0.8878504633903503
0.8847352266311646
0.8847352266311646
0.8847352266311646
0.8847352266311646
0.8847352266311646
0.8847352266311646
0.8847352266311646
0.8847352266311646
0.8847352266311646
0.8847352266311646
0.8847352266311646
0.8847352266311646
0.8847352266311646
0.8878504633903503
0.8862928152084351
0.8878504633903503
0.8862928152084351
0.8862928152084351
0.8847352266311646
0.8862928152084351
0.8847352266311646
0.8831775784492493
0.8847352266311646
0.8847352266311646
0.8847352266311646
0.8847352266311646
0.8847352266311646
0.8847352266311646
0.8847352266311646
0.8847352266311646
0.8862928152084351
0.8894081115722656
0.8894081115722656
0.8862928152084351
0.8862928152084351
0.8862928152084351
0.8894081115722656
0.8894081115722656
0.8894081115722656
0.8894081115722656
0.8894081115722656
0.8894081115722656
0.8909657597541809
0.8909657597541809
0.8894081115722656
0.8894081115722656
0.8878504633903503
0.8925233483314514
0.8909657597541809
0.8909657597541809
0.8909657597541809
0.8925233483314514
0.8925233483314514
0.8925233483314514
0.8940809965133667
0.8940809965133667
0.8940809965133667
0.895638644695282
0.8940809965133667
0.895638644695282
0.8909657597541809
0.8878504633903503
0.8878504633903503
0.8894081115722656
0.8894081115722656
0.8894081115722656
0.8909657597541809
0.8925233483314514
0.8925233483314514
0.8925233483314514
0.8925233483314514
0.8878504633903503
0.8878504633903503
0.8909657597541809
0.8894081115722656
0.8909657597541809
0.8909657597541809
0.8909657597541809
0.8909657597541809
0.8894081115722656
0.8894081115722656
0.8894081115722656
0.8878504633903503
0.8878504633903503
0.8894081115722656
0.8894081115722656
0.8909657597541809
0.8909657597541809
0.8909657597541809
0.8909657597541809
0.8909657597541809
0.8894081115722656
0.8909657597541809
0.8940809965133667
0.8940809965133667
0.8940809965133667
0.8940809965133667
0.8925233483314514
0.8909657597541809
0.8894081115722656
0.8878504633903503
0.8894081115722656
0.8940809965133667
0.8925233483314514
0.8909657597541809
0.8940809965133667
0.8940809965133667
0.8940809965133667
0.8925233483314514
0.8925233483314514
0.8925233483314514
0.8925233483314514
0.8925233483314514
0.8909657597541809
0.8909657597541809
0.8925233483314514
0.8925233483314514
0.8894081115722656
0.8894081115722656
0.8894081115722656
0.8894081115722656
0.8894081115722656
0.8894081115722656
0.8909657597541809
0.8925233483314514
0.8925233483314514
0.8894081115722656
0.8894081115722656
0.8894081115722656
0.8894081115722656
0.8894081115722656
0.8909657597541809
0.8909657597541809
0.8909657597541809
0.8894081115722656
0.8909657597541809
0.8909657597541809
0.8909657597541809
0.8894081115722656
0.8894081115722656
0.8909657597541809
0.8909657597541809
0.8909657597541809
0.8925233483314514
0.8909657597541809
0.8925233483314514
0.8925233483314514
0.8925233483314514
0.8925233483314514
0.8909657597541809
0.8925233483314514
0.8940809965133667
0.8940809965133667
0.8940809965133667
0.8940809965133667
0.8925233483314514
0.8925233483314514
0.8925233483314514
0.8909657597541809
0.8925233483314514
0.8894081115722656
0.8909657597541809
0.8909657597541809
0.8909657597541809
0.8909657597541809
0.8925233483314514
0.8894081115722656
0.8894081115722656
0.8894081115722656
0.8894081115722656
0.8878504633903503
0.8862928152084351
0.8862928152084351
0.8878504633903503
0.8909657597541809
0.8925233483314514
0.8940809965133667
0.8940809965133667
0.8909657597541809
0.8925233483314514
0.8925233483314514
0.8894081115722656
0.8878504633903503
0.8909657597541809
0.8909657597541809
0.8940809965133667
0.8909657597541809
0.8909657597541809
0.8878504633903503
0.8847352266311646
0.8847352266311646
0.8862928152084351
0.8878504633903503
0.8878504633903503
0.8894081115722656
0.8894081115722656
0.8862928152084351
0.8862928152084351
0.8862928152084351
0.8862928152084351
0.8862928152084351
0.8894081115722656
0.8940809965133667
0.8925233483314514
0.8940809965133667
0.8940809965133667
0.8909657597541809
0.8925233483314514
0.8925233483314514
0.8925233483314514
0.8909657597541809
0.8894081115722656
0.8909657597541809
0.8909657597541809
0.8925233483314514
0.8925233483314514
0.8925233483314514
0.8894081115722656
0.8894081115722656
0.8878504633903503
0.8878504633903503
0.8894081115722656
0.8894081115722656
0.8862928152084351
0.8862928152084351
0.8862928152084351
0.8862928152084351
0.8862928152084351
0.8862928152084351
0.8862928152084351
0.8847352266311646
0.8847352266311646
0.8878504633903503
0.8878504633903503
0.8894081115722656
0.8894081115722656
0.8909657597541809
0.8894081115722656
0.8878504633903503
0.8862928152084351
0.8862928152084351
0.8878504633903503
0.8894081115722656
0.8894081115722656
0.8894081115722656
0.8878504633903503
0.8878504633903503
0.8894081115722656
0.8878504633903503
0.8878504633903503
0.8878504633903503
0.8878504633903503
0.8878504633903503
0.8894081115722656
0.8909657597541809
0.8909657597541809
0.8894081115722656
0.8894081115722656
0.8894081115722656
0.8878504633903503
0.8894081115722656
0.8878504633903503
0.8862928152084351
0.8862928152084351
0.8894081115722656
0.8894081115722656
0.8894081115722656
0.8909657597541809
0.8909657597541809
0.8925233483314514
0.8940809965133667
0.8940809965133667
0.8940809965133667
0.8925233483314514
0.8909657597541809
0.8909657597541809
0.8894081115722656
0.8894081115722656
0.8894081115722656
0.8894081115722656
0.8909657597541809
0.8925233483314514
0.8925233483314514
0.8925233483314514
0.8894081115722656
0.8862928152084351
0.8862928152084351
0.8894081115722656
0.8925233483314514
0.8925233483314514
0.8940809965133667
0.8940809965133667
0.8940809965133667
0.8909657597541809
0.8909657597541809
0.8940809965133667
0.8940809965133667
0.8940809965133667
0.8940809965133667
0.8940809965133667
0.8940809965133667
0.8940809965133667
0.8940809965133667
0.8940809965133667
0.8940809965133667
0.8925233483314514
0.8925233483314514
0.8940809965133667
0.8940809965133667
0.8940809965133667
0.8940809965133667
0.8940809965133667
0.8940809965133667
0.8940809965133667
0.895638644695282
0.895638644695282
0.895638644695282
0.895638644695282
0.895638644695282
0.895638644695282
0.895638644695282
0.895638644695282
0.895638644695282
0.895638644695282
0.895638644695282
0.8940809965133667
0.8925233483314514
0.8925233483314514
0.8925233483314514
0.8909657597541809
0.8909657597541809
0.8909657597541809
0.8909657597541809
0.8909657597541809
0.8909657597541809
0.8909657597541809
0.8909657597541809
0.8909657597541809
0.8909657597541809
0.8909657597541809
0.8909657597541809
0.8909657597541809
0.8909657597541809
0.8909657597541809
0.8909657597541809
0.8909657597541809
0.8909657597541809
0.8909657597541809
0.8909657597541809
0.8909657597541809
0.8909657597541809
0.8909657597541809
0.8909657597541809
0.8909657597541809
0.8909657597541809
0.8909657597541809
0.8909657597541809
0.8909657597541809
0.8909657597541809
0.8909657597541809
0.8909657597541809
0.8909657597541809
0.8909657597541809
0.8925233483314514
0.8909657597541809
0.8909657597541809
0.8909657597541809
0.8909657597541809
0.8909657597541809
0.8909657597541809
0.8925233483314514
0.8925233483314514
0.8925233483314514
0.8925233483314514
0.8925233483314514
0.8925233483314514
0.8925233483314514
0.8925233483314514
0.8925233483314514
0.8925233483314514
0.8925233483314514
0.8909657597541809
0.8909657597541809
0.8925233483314514
0.8925233483314514
0.8925233483314514
0.8940809965133667
0.8940809965133667
0.8940809965133667
0.8940809965133667
0.8925233483314514
0.8940809965133667
0.8940809965133667
0.8940809965133667
0.8940809965133667
0.8940809965133667
0.8940809965133667
0.8940809965133667
0.8940809965133667
0.8940809965133667
0.8940809965133667
0.8940809965133667
0.8940809965133667
0.8940809965133667
0.8940809965133667
0.8940809965133667
0.8940809965133667
0.8940809965133667
0.8940809965133667
0.8940809965133667
0.8940809965133667
0.8940809965133667
0.8940809965133667
0.8940809965133667
0.8940809965133667
0.8940809965133667
0.8940809965133667
0.8940809965133667
0.8940809965133667
0.8940809965133667
0.8940809965133667
0.8925233483314514
0.8925233483314514
0.8925233483314514
0.8925233483314514
0.8925233483314514
0.8925233483314514
0.8925233483314514
0.8925233483314514
0.8925233483314514
0.8894081115722656
0.8894081115722656
0.8894081115722656
0.8894081115722656
0.8909657597541809
0.8894081115722656
0.8894081115722656
0.8894081115722656
0.8894081115722656
0.8894081115722656
0.8894081115722656
0.8909657597541809
0.8925233483314514
0.8925233483314514
0.8925233483314514
0.8925233483314514
0.8925233483314514
0.8925233483314514
0.8925233483314514
0.8925233483314514
0.8925233483314514
0.8925233483314514
0.8925233483314514
0.8925233483314514
0.8925233483314514
0.8925233483314514
0.8925233483314514
0.8925233483314514
0.8925233483314514
0.8925233483314514
0.8925233483314514
0.8925233483314514
0.8940809965133667
0.8940809965133667
0.8940809965133667
0.8940809965133667
0.8940809965133667
0.8940809965133667
0.8925233483314514
0.8940809965133667
0.8940809965133667
0.8940809965133667
0.8940809965133667
0.8940809965133667
0.8940809965133667
0.8940809965133667
0.8940809965133667
0.8940809965133667
0.8940809965133667
0.8940809965133667
0.8940809965133667
0.8925233483314514
0.8925233483314514
0.8925233483314514
0.8925233483314514
0.8940809965133667
0.8940809965133667
0.8940809965133667
0.8940809965133667
0.8940809965133667
0.8940809965133667
0.8940809965133667
0.8940809965133667
0.8940809965133667
0.8940809965133667
0.8940809965133667
0.8940809965133667
0.8940809965133667
0.8940809965133667
0.8940809965133667
0.8940809965133667
0.8940809965133667
0.8940809965133667
0.8940809965133667
0.8940809965133667
0.8940809965133667
0.8940809965133667
0.8940809965133667
0.8940809965133667
0.8940809965133667
0.8940809965133667
0.8940809965133667
0.8940809965133667
0.8940809965133667
0.8940809965133667
0.8940809965133667
0.8940809965133667
0.8940809965133667
0.8940809965133667
0.8940809965133667
0.8940809965133667
0.8940809965133667
0.8940809965133667
0.8940809965133667
0.8940809965133667
0.8940809965133667
0.8940809965133667
0.8940809965133667
0.8940809965133667
0.8940809965133667
0.8940809965133667
0.8940809965133667
0.8925233483314514
0.8925233483314514
0.8925233483314514
0.8925233483314514
0.8925233483314514
0.8925233483314514
0.8925233483314514
0.8925233483314514
0.8925233483314514
0.8925233483314514
0.8925233483314514
0.8925233483314514
0.8925233483314514
0.8925233483314514
0.8925233483314514
0.8925233483314514
0.8925233483314514
0.8925233483314514
0.8925233483314514
0.8925233483314514
0.8925233483314514
0.8925233483314514
0.8925233483314514
0.8925233483314514
0.8925233483314514
0.8925233483314514
0.8925233483314514
0.8925233483314514
0.8925233483314514
0.8925233483314514
0.8925233483314514
0.8940809965133667
0.8940809965133667
0.8940809965133667
0.8940809965133667
0.8940809965133667
0.8940809965133667
0.8940809965133667
0.8940809965133667
0.8940809965133667
0.8940809965133667
0.8940809965133667
0.8925233483314514
0.8940809965133667
0.8925233483314514
0.8925233483314514
0.8925233483314514
0.8925233483314514
0.8925233483314514
0.8925233483314514
0.8925233483314514
0.8925233483314514
0.8925233483314514
0.8925233483314514
0.8925233483314514
0.8925233483314514
0.8925233483314514
0.8925233483314514
0.8925233483314514
0.8925233483314514
0.8925233483314514
0.8925233483314514
0.8925233483314514
0.8925233483314514
0.8925233483314514
0.8925233483314514
0.8925233483314514
0.8925233483314514
0.8925233483314514
0.8925233483314514
0.8925233483314514
0.8925233483314514
0.8925233483314514
0.8925233483314514
0.8925233483314514
0.8925233483314514
0.8925233483314514
0.8925233483314514
0.8925233483314514
0.8925233483314514
0.8925233483314514
0.8925233483314514
0.8925233483314514
0.8925233483314514
0.8925233483314514
0.8925233483314514
0.8925233483314514
0.8925233483314514
0.8925233483314514
0.8925233483314514
0.8925233483314514
0.8925233483314514
0.8925233483314514
0.8925233483314514
0.8925233483314514
0.8925233483314514
0.8925233483314514
0.8925233483314514
0.8925233483314514
0.8925233483314514
0.8925233483314514
0.8925233483314514
0.8925233483314514
0.8925233483314514
0.8925233483314514
0.8925233483314514
0.8925233483314514
0.8925233483314514
0.8925233483314514
0.8925233483314514
0.8925233483314514
0.8925233483314514
0.8925233483314514
0.8925233483314514
0.8925233483314514
0.8925233483314514
0.8925233483314514
0.8925233483314514
0.8925233483314514
0.8925233483314514
0.8925233483314514
0.8925233483314514
0.8925233483314514
0.8925233483314514
0.8925233483314514
0.8925233483314514
0.8925233483314514
0.8925233483314514
0.8925233483314514
0.8925233483314514
0.8925233483314514
0.8925233483314514
0.8925233483314514
0.8925233483314514
0.8925233483314514
0.8925233483314514
0.8925233483314514
0.8925233483314514
0.8925233483314514
0.8925233483314514
0.8925233483314514
0.8925233483314514
0.8925233483314514
0.8925233483314514
0.8925233483314514
0.8925233483314514
0.8925233483314514
0.8925233483314514
0.8925233483314514
0.8925233483314514
0.8925233483314514
0.8925233483314514
0.8925233483314514
0.8925233483314514
0.8925233483314514
0.8925233483314514
0.8925233483314514
0.8925233483314514
0.8925233483314514
0.8925233483314514
