0.657158374786377
0.4733245372772217
0.40442797541618347
0.37442314624786377
0.35646674036979675
0.3504544198513031
0.3417895436286926
0.3323683738708496
0.3276148736476898
0.32205119729042053
0.3178861737251282
0.318585604429245
0.3132579028606415
0.3080304265022278
0.30550476908683777
0.30671846866607666
0.3051847517490387
0.29805856943130493
0.2967175543308258
0.2937281131744385
0.2940146028995514
0.2882010340690613
0.2830355763435364
0.2818327844142914
0.28019264340400696
0.2780005633831024
0.2770885229110718
0.273338258266449
0.2702416777610779
0.2673862874507904
0.26505395770072937
0.2631055414676666
0.2607269287109375
0.2605851888656616
0.25909218192100525
0.2626013159751892
0.26204124093055725
0.26307782530784607
0.2541855573654175
0.24880549311637878
0.24832548201084137
0.24547840654850006
0.24305446445941925
0.24053044617176056
0.23897017538547516
0.23787298798561096
0.23692961037158966
0.23546352982521057
0.23602139949798584
0.23188191652297974
0.2309226095676422
0.2284347265958786
0.22719769179821014
0.22467169165611267
0.2282986342906952
0.23100535571575165
0.22428107261657715
0.22062347829341888
0.2181909829378128
0.2158074527978897
0.2144569307565689
0.21254105865955353
0.21090881526470184
0.2103765606880188
0.20897822082042694
0.20671609044075012
0.20621223747730255
0.20534296333789825
0.20562192797660828
0.20475973188877106
0.20300528407096863
0.20185936987400055
0.19927997887134552
0.1966865211725235
0.19505241513252258
0.19222305715084076
0.19196422398090363
0.19173043966293335
0.18803492188453674
0.1862855702638626
0.18455955386161804
0.18720011413097382
0.19563058018684387
0.19748954474925995
0.18593357503414154
0.18152572214603424
0.17940779030323029
0.17842280864715576
0.17554828524589539
0.17424379289150238
0.1730324923992157
0.1711491197347641
0.16985207796096802
0.16956187784671783
0.16778743267059326
0.16634076833724976
0.16870886087417603
0.1662030667066574
0.16453835368156433
0.16178376972675323
0.1689613163471222
0.17504219710826874
0.16703203320503235
0.1625160574913025
0.15887583792209625
0.15681231021881104
0.1550050973892212
0.15279564261436462
0.15133769810199738
0.1521785706281662
0.1486889123916626
0.14816851913928986
0.14728356897830963
0.15565136075019836
0.15107835829257965
0.14662161469459534
0.14202989637851715
0.14804860949516296
0.15131326019763947
0.15869702398777008
0.1475316286087036
0.1423589140176773
0.13827060163021088
0.13712821900844574
0.13609221577644348
0.13420531153678894
0.1322384476661682
0.13865973055362701
0.13219766318798065
0.12920944392681122
0.1284712702035904
0.12637731432914734
0.12560401856899261
0.12452530115842819
0.1275927871465683
0.12613441050052643
0.12433764338493347
0.12303832173347473
0.12211654335260391
0.12183845788240433
0.12279573827981949
0.12067413330078125
0.12165576964616776
0.12031307816505432
0.11992201954126358
0.1223883330821991
0.12060670554637909
0.11847223341464996
0.11747147142887115
0.1167481541633606
0.11603681743144989
0.11535762250423431
0.11493846774101257
0.11429653316736221
0.11361841857433319
0.11361290514469147
0.11285161226987839
0.11235912889242172
0.11188918352127075
0.11148817837238312
0.11561798304319382
0.11746851354837418
0.11368463188409805
0.1110166385769844
0.11027842015028
0.10965854674577713
0.10826141387224197
0.10846352577209473
0.1072377860546112
0.10640163719654083
0.106291763484478
0.10567158460617065
0.10553955286741257
0.10441134124994278
0.10405313968658447
0.10355273634195328
0.10322614759206772
0.10295069217681885
0.1044653058052063
0.10365325212478638
0.10407115519046783
0.1031968891620636
0.10147907584905624
0.10068979114294052
0.09993879497051239
0.10162512958049774
0.10059786587953568
0.09991151094436646
0.09870751202106476
0.09870396554470062
0.09794507920742035
0.09863840043544769
0.10185205191373825
0.0990476906299591
0.09676910191774368
0.09498319029808044
0.09515645354986191
0.0945158302783966
0.09408064186573029
0.09367812424898148
0.0929739847779274
0.09282790869474411
0.09263839572668076
0.09202248603105545
0.09132946282625198
0.09074314683675766
0.09011123329401016
0.08965329080820084
0.08976417779922485
0.09037066996097565
0.09088209271430969
0.08985167741775513
0.0893285870552063
0.08877628296613693
0.0887146145105362
0.08847244083881378
0.08716683834791183
0.08796587586402893
0.08714114129543304
0.08726855367422104
0.08844318985939026
0.08818482607603073
0.086583711206913
0.08488057553768158
0.08413958549499512
0.0833459123969078
0.08322389423847198
0.08233486115932465
0.08578985184431076
0.09021622687578201
0.08550403267145157
0.08257368952035904
0.08128117024898529
0.08019495010375977
0.08005557209253311
0.07969077676534653
0.08000487834215164
0.07978056371212006
0.07915087789297104
0.07929736375808716
0.08009419590234756
0.07950671017169952
0.07892026752233505
0.07825733721256256
0.07779598236083984
0.07759951800107956
0.0772000327706337
0.0771559402346611
0.07674393802881241
0.07677648961544037
0.07654043287038803
0.07615944743156433
0.07611025124788284
0.07594247907400131
0.07602229714393616
0.07549905776977539
0.07522355765104294
0.07486621290445328
0.074592225253582
0.07461921870708466
0.0743938535451889
0.07410851120948792
0.07393019646406174
0.07358722388744354
0.07338257133960724
0.07320408523082733
0.07322277873754501
0.07321954518556595
0.07329060882329941
0.07322142273187637
0.07261339575052261
0.072223000228405
0.07216133922338486
0.07186076790094376
0.07177930325269699
0.07133566588163376
0.07127267122268677
0.07112663984298706
0.07105504721403122
0.0708579570055008
0.07042569667100906
0.07067203521728516
0.07068143784999847
0.07063000649213791
0.07008909434080124
0.06962418556213379
0.06991536170244217
0.06956379860639572
0.06924910843372345
0.06940311938524246
0.0688638836145401
0.06972667574882507
0.06902214884757996
0.07261086255311966
0.07039085030555725
0.06931689381599426
0.06834829598665237
0.06800084561109543
0.06790487468242645
0.06751199811697006
0.06723340600728989
0.06768340617418289
0.06728073209524155
0.06686887890100479
0.06648050248622894
0.06804420053958893
0.07100928574800491
0.0692499503493309
0.06728143244981766
0.06652146577835083
0.06611481308937073
0.06588435173034668
0.06579221785068512
0.06582236289978027
0.06599269062280655
0.06539750099182129
0.06477110832929611
0.0644354298710823
0.06423215568065643
0.06381773203611374
0.06450768560171127
0.06402327865362167
0.06359122693538666
0.06367497146129608
0.06339361518621445
0.06309373676776886
0.06278609484434128
0.0624862015247345
0.0623195506632328
0.06283234804868698
0.06271214783191681
0.06234107166528702
0.06322841346263885
0.0629863440990448
0.06262007355690002
0.062239643186330795
0.061974409967660904
0.06182705610990524
0.06167418882250786
0.06160176172852516
0.061417777091264725
0.0613800585269928
0.06173643842339516
0.061484139412641525
0.06100228428840637
0.060903437435626984
0.06076226383447647
0.06062854081392288
0.06049923226237297
0.06038742512464523
0.06028937175869942
0.06019960716366768
0.06014879047870636
0.06020651012659073
0.06004615128040314
0.060238007456064224
0.060208264738321304
0.06024954840540886
0.059963565319776535
0.05984578654170036
0.05969463661313057
0.06003016233444214
0.05996587127447128
0.05970235913991928
0.05943845584988594
0.05940566956996918
0.05934466794133186
0.06036483868956566
0.06103900820016861
0.06037081778049469
0.059482067823410034
0.059155870229005814
0.05916104093194008
0.05898156017065048
0.0587754063308239
0.05864042788743973
0.058785565197467804
0.058705881237983704
0.05847570672631264
0.0583924800157547
0.05820172652602196
0.058138515800237656
0.057961706072092056
0.057809099555015564
0.05784831568598747
0.05778488516807556
0.05769328027963638
0.05754605680704117
0.057561345398426056
0.057594530284404755
0.057471100240945816
0.05737566202878952
0.05721888318657875
0.05747859925031662
0.057509396225214005
0.0574173741042614
0.05741778761148453
0.05717066675424576
0.05705976486206055
0.05698654428124428
0.05687360092997551
0.0569305345416069
0.05697879195213318
0.05677885562181473
0.0566946379840374
0.05651763826608658
0.05638006702065468
0.057107627391815186
0.05687405914068222
0.05640715733170509
0.056325096637010574
0.05642252042889595
0.05618716776371002
0.05587974563241005
0.05559375137090683
0.05556135252118111
0.055507440119981766
0.05555880814790726
0.055744968354701996
0.05555548518896103
0.05527058243751526
0.05517730116844177
0.05502595007419586
0.05518099293112755
0.05559917539358139
0.05539193004369736
0.05503000691533089
0.05483784154057503
0.054656751453876495
0.0545429028570652
0.05468454211950302
0.05447009950876236
0.05440466105937958
0.054304931312799454
0.05426543951034546
0.05424399673938751
0.05418183282017708
0.054125312715768814
0.05407291278243065
0.054012347012758255
0.0539780892431736
0.053938739001750946
0.053867463022470474
0.05386069789528847
0.05379791557788849
0.053740546107292175
0.05375593528151512
0.05368125066161156
0.053656864911317825
0.05361158773303032
0.05360982567071915
0.05343369394540787
0.053531158715486526
0.053492672741413116
0.05356307327747345
0.05351380258798599
0.05340071767568588
0.05332363769412041
0.05326731503009796
0.05321454629302025
0.053170498460531235
0.05320017784833908
0.053224023431539536
0.05320258438587189
0.053220830857753754
0.05308132246136665
0.05297774821519852
0.052917011082172394
0.05294281616806984
0.05288412794470787
0.05284520983695984
0.052793100476264954
0.05273889750242233
0.052689578384160995
0.05295231193304062
0.05291950702667236
0.05303258076310158
0.053230807185173035
0.05293693393468857
0.05281990393996239
0.05273696035146713
0.05262373015284538
0.05254095420241356
0.05246416851878166
0.05237377807497978
0.05242288112640381
0.052376244217157364
0.052304115146398544
0.05228574573993683
0.05217228829860687
0.05219346657395363
0.05213567614555359
0.05203896388411522
0.05203228071331978
0.05194731801748276
0.05189763009548187
0.0518144927918911
0.05178743973374367
0.05176389589905739
0.051721442490816116
0.05167343094944954
0.05167599394917488
0.05187096446752548
0.05179818347096443
0.051700081676244736
0.05158216878771782
0.05162090063095093
0.051563769578933716
0.051542263478040695
0.05172823369503021
0.05184512212872505
0.05169914662837982
0.051604583859443665
0.05113520845770836
0.05137044936418533
0.05133962631225586
0.05128657445311546
0.05121225863695145
0.05127854645252228
0.05110479146242142
0.05109049007296562
0.05100651830434799
0.050916869193315506
0.05092049390077591
0.050901759415864944
0.050822723656892776
0.05076541006565094
0.05071253702044487
0.050687629729509354
0.05062997341156006
0.050648655742406845
0.05054747685790062
0.050518594682216644
0.050489503890275955
0.05047185719013214
0.05046836659312248
0.05047028139233589
0.05045228824019432
0.050412293523550034
0.05037995055317879
0.05037626251578331
0.05040822550654411
0.050367046147584915
0.050316616892814636
0.05033722519874573
0.05024250969290733
0.050237465649843216
0.050232093781232834
0.05019589513540268
0.05016527697443962
0.05014597997069359
0.05012756958603859
0.05010882392525673
0.05008348077535629
0.050071027129888535
0.05004952475428581
0.05002516135573387
0.05000467225909233
0.04998031258583069
0.049953628331422806
0.04995028302073479
0.04993272200226784
0.04990964010357857
0.04989466071128845
0.049860138446092606
0.049845799803733826
0.04982956498861313
0.04979470372200012
0.049796897917985916
0.04977009445428848
0.049764152616262436
0.04977014288306236
0.04975924640893936
0.04968556389212608
0.049848705530166626
0.04992113262414932
0.04993598535656929
0.04984541982412338
0.049816034734249115
0.04973113536834717
0.049680862575769424
0.049635279923677444
0.0495976097881794
0.04954977333545685
0.04951894283294678
0.04951505362987518
0.04949371889233589
0.04945458471775055
0.04945427179336548
0.049410708248615265
0.04938651621341705
0.04935311898589134
0.0493944026529789
0.04935220256447792
0.04932625964283943
0.04931770637631416
0.049285877496004105
0.04924708604812622
0.04926081374287605
0.0492272675037384
0.04922458156943321
0.0492217093706131
0.04918304458260536
0.049171220511198044
0.04913545772433281
0.04916970804333687
0.0492246113717556
0.04919379949569702
