0.8226267099380493
0.7074180841445923
0.6305553317070007
0.5804003477096558
0.5484614968299866
0.5198961496353149
0.49935171008110046
0.4822019338607788
0.4665343761444092
0.45397335290908813
0.44225209951400757
0.43227270245552063
0.42264416813850403
0.4141356647014618
0.4064168930053711
0.3986052870750427
0.39271044731140137
0.38764509558677673
0.38361701369285583
0.37886685132980347
0.3734935522079468
0.3690190017223358
0.36557909846305847
0.36216917634010315
0.35909348726272583
0.3580667972564697
0.3554452359676361
0.35217398405075073
0.3497265875339508
0.34730005264282227
0.34482476115226746
0.343607634305954
0.34215569496154785
0.3395693600177765
0.33684930205345154
0.33557596802711487
0.33377939462661743
0.33183377981185913
0.331978440284729
0.32895442843437195
0.3296905755996704
0.3299815356731415
0.3276519775390625
0.32624682784080505
0.32406434416770935
0.3223752975463867
0.3206636309623718
0.3195633590221405
0.31855446100234985
0.3175906836986542
0.31680554151535034
0.31562718749046326
0.31453239917755127
0.3133069574832916
0.312404602766037
0.31141531467437744
0.3099423944950104
0.3093988299369812
0.3080157935619354
0.30670636892318726
0.30646345019340515
0.3058894872665405
0.30747395753860474
0.3040145933628082
0.3025452792644501
0.3026055693626404
0.30294448137283325
0.30022919178009033
0.2989715039730072
0.2977050840854645
0.2965657711029053
0.2956955134868622
0.29486843943595886
0.2948407232761383
0.29430288076400757
0.2926473915576935
0.2915523648262024
0.29081180691719055
0.28968825936317444
0.2889288663864136
0.2882639467716217
0.28818392753601074
0.2892059087753296
0.2877824306488037
0.28630509972572327
0.28510525822639465
0.2848145067691803
0.28485068678855896
0.2840604782104492
0.28242799639701843
0.28427764773368835
0.2822110056877136
0.279847651720047
0.2799413204193115
0.27942955493927
0.27871471643447876
0.27822035551071167
0.2773597240447998
0.2769537568092346
0.27702054381370544
0.2757475674152374
0.27803075313568115
0.2769092917442322
0.2750532031059265
0.27390363812446594
0.2729538679122925
0.27319854497909546
0.27252957224845886
0.27104002237319946
0.2695121765136719
0.26839202642440796
0.2681095600128174
0.26754337549209595
0.2667754590511322
0.2661645710468292
0.26558175683021545
0.2650505006313324
0.2652721107006073
0.26567527651786804
0.2680996060371399
0.2694152891635895
0.2652265727519989
0.26271185278892517
0.26227277517318726
0.26176077127456665
0.26123809814453125
0.26038339734077454
0.2596445381641388
0.2585064172744751
0.258079469203949
0.257472425699234
0.25669679045677185
0.2562630772590637
0.2607627511024475
0.2614823281764984
0.2581028640270233
0.256503164768219
0.2549196779727936
0.2545474171638489
0.2557041049003601
0.25650426745414734
0.2539553940296173
0.25239548087120056
0.2514239549636841
0.25077006220817566
0.25015875697135925
0.24974504113197327
0.25179776549339294
0.2528364360332489
0.2513217031955719
0.25054410099983215
0.24886454641819
0.24770228564739227
0.24749596416950226
0.24627842009067535
0.2454538494348526
0.24532750248908997
0.24455328285694122
0.24366672337055206
0.24285340309143066
0.24236516654491425
0.24228976666927338
0.24121825397014618
0.24127189815044403
0.24072270095348358
0.2401103973388672
0.24038065969944
0.23987647891044617
0.23911480605602264
0.23908253014087677
0.2371809482574463
0.23910754919052124
0.23778818547725677
0.23699548840522766
0.23588167130947113
0.23571784794330597
0.235481858253479
0.23503656685352325
0.23484990000724792
0.2344902902841568
0.23426519334316254
0.23379971086978912
0.23379959166049957
0.2337189018726349
0.23400551080703735
0.23630191385746002
0.2358235865831375
0.23446998000144958
0.2331894040107727
0.23268112540245056
0.23266030848026276
0.23192532360553741
0.23152467608451843
0.23144184052944183
0.23224309086799622
0.23189102113246918
0.23129692673683167
0.23080603778362274
0.23026061058044434
0.22995957732200623
0.22967380285263062
0.22948814928531647
0.23139306902885437
0.23029166460037231
0.22961214184761047
0.22911913692951202
0.22887741029262543
0.22841237485408783
0.22819072008132935
0.22762583196163177
0.22733046114444733
0.22727417945861816
0.22690191864967346
0.22676265239715576
0.2264620065689087
0.2262471467256546
0.22636505961418152
0.22607089579105377
0.2251003384590149
0.22605760395526886
0.22544026374816895
0.22523194551467896
0.22467155754566193
0.22480733692646027
0.22459687292575836
0.22435230016708374
0.2237846702337265
0.22359417378902435
0.22334054112434387
0.22338998317718506
0.22325079143047333
0.22279506921768188
0.22224806249141693
0.2221325784921646
0.22181199491024017
0.2216213345527649
0.2221118062734604
0.22168926894664764
0.22108592092990875
0.2211519479751587
0.2208961695432663
0.22061052918434143
0.22031335532665253
0.22033751010894775
0.22022895514965057
0.2198551893234253
0.21949376165866852
0.2190690040588379
0.21907159686088562
0.21934106945991516
0.21981990337371826
0.21987950801849365
0.2186228185892105
0.2188519388437271
0.2190764993429184
0.21842928230762482
0.21788173913955688
0.21754798293113708
0.21727098524570465
0.2169029712677002
0.2167608141899109
0.21733032166957855
0.21700964868068695
0.2165660262107849
0.21627289056777954
0.21858030557632446
0.21595312654972076
0.21533982455730438
0.21501590311527252
0.21502447128295898
0.21582727134227753
0.21483205258846283
0.21491745114326477
0.2150435894727707
0.21459858119487762
0.2139454036951065
0.2138187736272812
0.21385149657726288
0.21326901018619537
0.2134646624326706
0.21320737898349762
0.2125830054283142
0.21321792900562286
0.21342049539089203
0.21446534991264343
0.2142041176557541
0.213933065533638
0.21367937326431274
0.21317459642887115
0.21308618783950806
0.2128557413816452
0.2126484513282776
0.21266554296016693
0.21239961683750153
0.21222491562366486
0.212071493268013
0.21182654798030853
0.21173682808876038
0.21168848872184753
0.21149779856204987
0.21139219403266907
0.2112671136856079
0.21160368621349335
0.21172964572906494
0.21162669360637665
0.21213403344154358
0.21261632442474365
0.2119578868150711
0.21158632636070251
0.21110978722572327
0.2105162888765335
0.2104412019252777
0.21031907200813293
0.21025073528289795
0.21011580526828766
0.2099728286266327
0.20982728898525238
0.20967425405979156
0.2094752937555313
0.2094137817621231
0.20953917503356934
0.20950041711330414
0.20947277545928955
0.20932058990001678
0.20916029810905457
0.2089819759130478
0.20893380045890808
0.20883533358573914
0.20884865522384644
0.2086499184370041
0.20855358242988586
0.20864008367061615
0.2084994614124298
0.20832522213459015
0.2084323763847351
0.208603635430336
0.20835256576538086
0.20821905136108398
0.20793284475803375
0.20785661041736603
0.2077285200357437
0.20756922662258148
0.20745626091957092
0.2073480784893036
0.20730510354042053
0.20722876489162445
0.207006573677063
0.2069961279630661
0.20700301229953766
0.20668792724609375
0.20669344067573547
0.20699697732925415
0.20658175647258759
0.20638346672058105
0.20620323717594147
0.20613518357276917
0.20607367157936096
0.20598728954792023
0.20606276392936707
0.20586690306663513
0.20597299933433533
0.2062169909477234
0.20598599314689636
0.20589889585971832
0.20577995479106903
0.20545588433742523
0.20522427558898926
0.2050541639328003
0.20496967434883118
0.2048354148864746
0.20476959645748138
0.20478473603725433
0.20473431050777435
0.2044823169708252
0.20429973304271698
0.2043190896511078
0.2042856216430664
0.20420806109905243
0.2041705846786499
0.2040461152791977
0.20404596626758575
0.20392493903636932
0.20392216742038727
0.20386505126953125
0.20380444824695587
0.20403805375099182
0.2038455307483673
0.2037968635559082
0.20377664268016815
0.20361019670963287
0.2036391645669937
0.20359838008880615
0.20362445712089539
0.20370367169380188
0.20364336669445038
0.2035137116909027
0.2038496732711792
0.2037448137998581
0.20369069278240204
0.20351570844650269
0.2032393217086792
0.20306727290153503
0.2029784470796585
0.20285597443580627
0.20302021503448486
0.2030249685049057
0.20303232967853546
0.20293787121772766
0.20286507904529572
0.20286868512630463
0.20288561284542084
0.20285017788410187
0.20276644825935364
0.20278047025203705
0.202724426984787
0.20266816020011902
0.20258395373821259
0.20252743363380432
0.20251157879829407
0.20231053233146667
0.20239198207855225
0.2020210176706314
0.20219045877456665
0.20225156843662262
0.20219923555850983
0.20210960507392883
0.2020094245672226
0.20193956792354584
0.20189730823040009
0.20186717808246613
0.20184668898582458
0.2017671763896942
0.2017427235841751
0.2016533613204956
0.20170101523399353
0.2016131430864334
0.20171722769737244
0.20165209472179413
0.20177195966243744
0.20186810195446014
0.2019176036119461
0.20170842111110687
0.20181742310523987
0.2018699049949646
0.20176911354064941
0.20168492197990417
0.20164497196674347
0.20164063572883606
0.20149950683116913
0.2013426274061203
0.2012646347284317
0.2011895775794983
0.20110748708248138
0.2011314183473587
0.20107108354568481
0.2008935809135437
0.20094454288482666
0.20083874464035034
0.20074866712093353
0.2007463574409485
0.20067213475704193
0.20065416395664215
0.20060881972312927
0.20055510103702545
0.20057885348796844
0.20050403475761414
0.20054060220718384
0.2003464698791504
0.20033502578735352
0.20030592381954193
0.200250044465065
0.20020762085914612
0.20015141367912292
0.20010794699192047
0.2000230997800827
0.2000119984149933
0.19999562203884125
0.19996914267539978
0.19994497299194336
0.1999029666185379
0.19989462196826935
0.19985973834991455
0.1998496651649475
0.19981880486011505
0.19979767501354218
0.19981952011585236
0.19978100061416626
0.1997774839401245
0.19971604645252228
0.19969257712364197
0.19963696599006653
0.1996268332004547
0.19961930811405182
0.19961245357990265
0.19958610832691193
0.19962255656719208
0.19955962896347046
0.19956423342227936
0.1995071917772293
0.19948123395442963
0.19950370490550995
0.19949176907539368
0.19943904876708984
0.19945421814918518
0.19939303398132324
0.19935959577560425
0.1993488222360611
0.19933900237083435
0.19929008185863495
0.19930247962474823
0.19925916194915771
0.19923879206180573
0.1992228627204895
0.19920702278614044
0.19919472932815552
0.19920764863491058
0.19917511940002441
0.19912579655647278
0.19918639957904816
0.1991269290447235
0.19914093613624573
0.19920234382152557
0.1991785764694214
0.19917288422584534
0.19913598895072937
0.19910208880901337
0.19908949732780457
0.19902373850345612
0.1990390568971634
0.19898658990859985
0.19893677532672882
0.1989487111568451
0.1989271342754364
0.1989067941904068
0.19887897372245789
0.1988554745912552
0.1988397091627121
0.19877810776233673
0.1987617164850235
0.19873839616775513
0.19869351387023926
0.19871161878108978
0.1987757533788681
0.19877973198890686
0.19873861968517303
0.1986183524131775
0.19851155579090118
0.1985684186220169
0.19856922328472137
0.19856882095336914
0.19856752455234528
0.19853471219539642
0.1985081285238266
0.19849610328674316
0.19847995042800903
0.19843584299087524
0.19841668009757996
0.1983707994222641
0.19839392602443695
0.19837328791618347
0.19836121797561646
0.19832159578800201
0.19833432137966156
0.1982518434524536
0.19824261963367462
0.1981882005929947
0.1982574164867401
0.19825705885887146
0.19826973974704742
0.19826100766658783
0.19822068512439728
0.1981605738401413
0.19810469448566437
0.19808241724967957
0.19803856313228607
0.19802729785442352
0.19800829887390137
0.197994202375412
0.19798865914344788
0.19797225296497345
0.19799399375915527
0.19796933233737946
0.19794638454914093
0.19793224334716797
0.19792258739471436
0.19790931046009064
0.19792886078357697
0.19777943193912506
0.19789959490299225
0.19784735143184662
0.19784945249557495
0.19783517718315125
0.1978149116039276
0.1977778673171997
0.19780856370925903
0.1978110671043396
0.1977812796831131
0.1977730095386505
0.19776013493537903
0.1977367103099823
0.19773980975151062
0.1977389007806778
