0.6838006377220154
0.7071651220321655
0.7211837768554688
0.7414330244064331
0.7492212057113647
0.7570093274116516
0.7616822719573975
0.7663551568984985
0.7710280418395996
0.777258574962616
0.777258574962616
0.7788162231445312
0.781931459903717
0.781931459903717
0.7912772297859192
0.7928348779678345
0.7975077629089355
0.8006230592727661
0.8052959442138672
0.8099688291549683
0.8146417737007141
0.822429895401001
0.827102780342102
0.8302180767059326
0.8302180767059326
0.8317757248878479
0.8317757248878479
0.8333333134651184
0.8395638465881348
0.8426791429519653
0.8473520278930664
0.8489096760749817
0.8504672646522522
0.8535825610160828
0.8535825610160828
0.8520249128341675
0.8504672646522522
0.8582554459571838
0.855140209197998
0.8489096760749817
0.8489096760749817
0.8520249128341675
0.8520249128341675
0.8520249128341675
0.8520249128341675
0.8520249128341675
0.8520249128341675
0.8535825610160828
0.8535825610160828
0.8535825610160828
0.8535825610160828
0.8535825610160828
0.8535825610160828
0.855140209197998
0.855140209197998
0.8582554459571838
0.8566977977752686
0.8566977977752686
0.8582554459571838
0.8598130941390991
0.8629283308982849
0.8660436272621155
0.8676012754440308
0.8691588640213013
0.8676012754440308
0.8676012754440308
0.8691588640213013
0.8707165122032166
0.8753893971443176
0.8753893971443176
0.8722741603851318
0.8707165122032166
0.8707165122032166
0.8722741603851318
0.8722741603851318
0.8753893971443176
0.8769470453262329
0.8753893971443176
0.8738317489624023
0.8753893971443176
0.8753893971443176
0.8753893971443176
0.8785046935081482
0.8785046935081482
0.8785046935081482
0.8769470453262329
0.8785046935081482
0.8769470453262329
0.8785046935081482
0.8785046935081482
0.8785046935081482
0.8800622820854187
0.8785046935081482
0.8785046935081482
0.8753893971443176
0.8753893971443176
0.8753893971443176
0.8753893971443176
0.8753893971443176
0.8753893971443176
0.8738317489624023
0.8753893971443176
0.8769470453262329
0.8769470453262329
0.8800622820854187
0.8785046935081482
0.8769470453262329
0.8785046935081482
0.8753893971443176
0.8738317489624023
0.8769470453262329
0.8738317489624023
0.8738317489624023
0.8738317489624023
0.8769470453262329
0.8785046935081482
0.8785046935081482
0.8785046935081482
0.8769470453262329
0.881619930267334
0.881619930267334
0.8862928152084351
0.8831775784492493
0.881619930267334
0.8800622820854187
0.8800622820854187
0.8862928152084351
0.8847352266311646
0.8847352266311646
0.8831775784492493
0.881619930267334
0.8800622820854187
0.8800622820854187
0.881619930267334
0.8831775784492493
0.8831775784492493
0.8847352266311646
0.8862928152084351
0.8862928152084351
0.8862928152084351
0.8862928152084351
0.8862928152084351
0.8862928152084351
0.8862928152084351
0.8862928152084351
0.8847352266311646
0.8878504633903503
0.8862928152084351
0.8862928152084351
0.8878504633903503
0.8878504633903503
0.8878504633903503
0.8878504633903503
0.8862928152084351
0.8862928152084351
0.8847352266311646
0.8847352266311646
0.8847352266311646
0.8878504633903503
0.8878504633903503
0.8878504633903503
0.8862928152084351
0.8862928152084351
0.8878504633903503
0.8878504633903503
0.8862928152084351
0.8862928152084351
0.8862928152084351
0.8862928152084351
0.8878504633903503
0.8878504633903503
0.8878504633903503
0.8847352266311646
0.8847352266311646
0.8878504633903503
0.8878504633903503
0.8878504633903503
0.8878504633903503
0.8878504633903503
0.8878504633903503
0.8862928152084351
0.8862928152084351
0.8831775784492493
0.8831775784492493
0.8847352266311646
0.8847352266311646
0.8862928152084351
0.8847352266311646
0.8831775784492493
0.8831775784492493
0.8831775784492493
0.8831775784492493
0.8847352266311646
0.8862928152084351
0.8847352266311646
0.8847352266311646
0.8847352266311646
0.8831775784492493
0.8847352266311646
0.8862928152084351
0.8862928152084351
0.8894081115722656
0.8878504633903503
0.8862928152084351
0.8878504633903503
0.8894081115722656
0.8878504633903503
0.8878504633903503
0.8894081115722656
0.8862928152084351
0.8878504633903503
0.8878504633903503
0.8847352266311646
0.8862928152084351
0.8878504633903503
0.8862928152084351
0.8878504633903503
0.8894081115722656
0.8894081115722656
0.8909657597541809
0.8909657597541809
0.8909657597541809
0.8909657597541809
0.8909657597541809
0.8925233483314514
0.8925233483314514
0.8909657597541809
0.8894081115722656
0.8878504633903503
0.8878504633903503
0.8878504633903503
0.8894081115722656
0.8894081115722656
0.8925233483314514
0.8940809965133667
0.895638644695282
0.895638644695282
0.895638644695282
0.8940809965133667
0.8925233483314514
0.8925233483314514
0.8971962332725525
0.895638644695282
0.8940809965133667
0.8940809965133667
0.8940809965133667
0.8987538814544678
0.9003115296363831
0.8987538814544678
0.8987538814544678
0.895638644695282
0.895638644695282
0.8971962332725525
0.8925233483314514
0.8894081115722656
0.8940809965133667
0.8940809965133667
0.8971962332725525
0.8987538814544678
0.8971962332725525
0.8940809965133667
0.8940809965133667
0.8940809965133667
0.895638644695282
0.895638644695282
0.8971962332725525
0.8987538814544678
0.8987538814544678
0.8971962332725525
0.8971962332725525
0.8971962332725525
0.895638644695282
0.895638644695282
0.8971962332725525
0.8971962332725525
0.8971962332725525
0.8940809965133667
0.8940809965133667
0.895638644695282
0.895638644695282
0.8987538814544678
0.8971962332725525
0.9003115296363831
0.9003115296363831
0.9003115296363831
0.9003115296363831
0.9018691778182983
0.9034267663955688
0.9034267663955688
0.9018691778182983
0.9034267663955688
0.9034267663955688
0.9034267663955688
0.9018691778182983
0.9003115296363831
0.8987538814544678
0.9003115296363831
0.9003115296363831
0.9003115296363831
0.9003115296363831
0.8987538814544678
0.9003115296363831
0.9018691778182983
0.9003115296363831
0.9018691778182983
0.9049844145774841
0.9049844145774841
0.9034267663955688
0.9034267663955688
0.9018691778182983
0.9034267663955688
0.9034267663955688
0.9034267663955688
0.9018691778182983
0.9018691778182983
0.9018691778182983
0.8971962332725525
0.8971962332725525
0.8971962332725525
0.9003115296363831
0.9003115296363831
0.8987538814544678
0.9003115296363831
0.8987538814544678
0.9003115296363831
0.8971962332725525
0.8987538814544678
0.8987538814544678
0.9018691778182983
0.9018691778182983
0.9018691778182983
0.9018691778182983
0.9003115296363831
0.9018691778182983
0.9034267663955688
0.9018691778182983
0.9049844145774841
0.9018691778182983
0.9003115296363831
0.9049844145774841
0.9049844145774841
0.9049844145774841
0.9080997109413147
0.9065420627593994
0.9080997109413147
0.9096572995185852
0.9096572995185852
0.9049844145774841
0.9049844145774841
0.9065420627593994
0.9080997109413147
0.9080997109413147
0.9080997109413147
0.9080997109413147
0.9080997109413147
0.9080997109413147
0.9096572995185852
0.9080997109413147
0.9080997109413147
0.9096572995185852
0.9096572995185852
0.9096572995185852
0.9096572995185852
0.9096572995185852
0.9080997109413147
0.9080997109413147
0.9080997109413147
0.9080997109413147
0.9080997109413147
0.9080997109413147
0.9080997109413147
0.9096572995185852
0.9096572995185852
0.9096572995185852
0.9096572995185852
0.9080997109413147
0.9080997109413147
0.9080997109413147
0.9065420627593994
0.9065420627593994
0.9065420627593994
0.9065420627593994
0.9080997109413147
0.9096572995185852
0.9096572995185852
0.9080997109413147
0.9080997109413147
0.9080997109413147
0.9080997109413147
0.9080997109413147
0.9080997109413147
0.9080997109413147
0.9080997109413147
0.9080997109413147
0.9080997109413147
0.9080997109413147
0.9080997109413147
0.9080997109413147
0.9080997109413147
0.9080997109413147
0.9080997109413147
0.9080997109413147
0.9096572995185852
0.9080997109413147
0.9080997109413147
0.9080997109413147
0.9080997109413147
0.9080997109413147
0.9080997109413147
0.9080997109413147
0.9080997109413147
0.9080997109413147
0.9080997109413147
0.9080997109413147
0.9080997109413147
0.9096572995185852
0.9080997109413147
0.9080997109413147
0.9080997109413147
0.9080997109413147
0.9096572995185852
0.9096572995185852
0.9096572995185852
0.9096572995185852
0.9096572995185852
0.9080997109413147
0.9080997109413147
0.9080997109413147
0.9065420627593994
0.9065420627593994
0.9065420627593994
0.9065420627593994
0.9065420627593994
0.9065420627593994
0.9065420627593994
0.9065420627593994
0.9065420627593994
0.9049844145774841
0.9065420627593994
0.9080997109413147
0.9065420627593994
0.9065420627593994
0.9065420627593994
0.9065420627593994
0.9065420627593994
0.9080997109413147
0.9080997109413147
0.9080997109413147
0.9080997109413147
0.9080997109413147
0.9080997109413147
0.9080997109413147
0.9080997109413147
0.9080997109413147
0.9080997109413147
0.9080997109413147
0.9080997109413147
0.9080997109413147
0.9080997109413147
0.9080997109413147
0.9080997109413147
0.9080997109413147
0.9080997109413147
0.9080997109413147
0.9080997109413147
0.9080997109413147
0.9080997109413147
0.9080997109413147
0.9065420627593994
0.9065420627593994
0.9049844145774841
0.9049844145774841
0.9065420627593994
0.9080997109413147
0.9080997109413147
0.9080997109413147
0.9080997109413147
0.9080997109413147
0.9080997109413147
0.9080997109413147
0.9080997109413147
0.9080997109413147
0.9080997109413147
0.9080997109413147
0.9080997109413147
0.9080997109413147
0.9080997109413147
0.9080997109413147
0.9080997109413147
0.9080997109413147
0.9080997109413147
0.9080997109413147
0.9080997109413147
0.9080997109413147
0.9080997109413147
0.9080997109413147
0.9080997109413147
0.9080997109413147
0.9080997109413147
0.9080997109413147
0.9080997109413147
0.9080997109413147
0.9080997109413147
0.9080997109413147
0.9080997109413147
0.9080997109413147
0.9065420627593994
0.9065420627593994
0.9065420627593994
0.9065420627593994
0.9065420627593994
0.9065420627593994
0.9065420627593994
0.9065420627593994
0.9065420627593994
0.9065420627593994
0.9065420627593994
0.9065420627593994
0.9080997109413147
0.9080997109413147
0.9080997109413147
0.9080997109413147
0.9080997109413147
0.9080997109413147
0.9080997109413147
0.9080997109413147
0.9080997109413147
0.9080997109413147
0.9080997109413147
0.9080997109413147
0.9080997109413147
0.9080997109413147
0.9080997109413147
0.9080997109413147
0.9080997109413147
0.9080997109413147
0.9112149477005005
0.9112149477005005
0.9112149477005005
0.9112149477005005
0.9080997109413147
0.9080997109413147
0.9080997109413147
0.9080997109413147
0.9080997109413147
0.9080997109413147
0.9080997109413147
0.9080997109413147
0.9080997109413147
0.9080997109413147
0.9080997109413147
0.9096572995185852
0.9096572995185852
0.9096572995185852
0.9096572995185852
0.9096572995185852
0.9080997109413147
0.9080997109413147
0.9080997109413147
0.9065420627593994
0.9065420627593994
0.9065420627593994
0.9065420627593994
0.9065420627593994
0.9065420627593994
0.9065420627593994
0.9080997109413147
0.9080997109413147
0.9080997109413147
0.9080997109413147
0.9065420627593994
0.9065420627593994
0.9065420627593994
0.9065420627593994
0.9065420627593994
0.9065420627593994
0.9065420627593994
0.9065420627593994
0.9065420627593994
0.9065420627593994
0.9080997109413147
0.9080997109413147
0.9065420627593994
0.9065420627593994
0.9065420627593994
0.9065420627593994
0.9065420627593994
0.9065420627593994
0.9065420627593994
0.9065420627593994
0.9065420627593994
0.9065420627593994
0.9065420627593994
0.9065420627593994
0.9065420627593994
0.9065420627593994
0.9065420627593994
0.9065420627593994
0.9065420627593994
0.9065420627593994
0.9065420627593994
0.9065420627593994
0.9080997109413147
0.9080997109413147
0.9080997109413147
0.9080997109413147
0.9080997109413147
0.9065420627593994
0.9065420627593994
0.9065420627593994
0.9080997109413147
0.9080997109413147
0.9080997109413147
0.9065420627593994
0.9065420627593994
0.9080997109413147
0.9080997109413147
0.9080997109413147
0.9080997109413147
0.9080997109413147
0.9080997109413147
0.9080997109413147
0.9080997109413147
0.9080997109413147
0.9080997109413147
0.9080997109413147
0.9080997109413147
0.9080997109413147
0.9080997109413147
0.9080997109413147
0.9080997109413147
0.9080997109413147
0.9080997109413147
0.9080997109413147
0.9080997109413147
0.9080997109413147
0.9080997109413147
0.9080997109413147
0.9080997109413147
0.9080997109413147
0.9080997109413147
0.9080997109413147
0.9096572995185852
0.9096572995185852
0.9096572995185852
0.9096572995185852
0.9096572995185852
0.9096572995185852
0.9080997109413147
0.9080997109413147
0.9080997109413147
0.9065420627593994
0.9065420627593994
0.9065420627593994
0.9065420627593994
0.9065420627593994
0.9065420627593994
0.9065420627593994
0.9065420627593994
0.9065420627593994
0.9065420627593994
0.9065420627593994
0.9065420627593994
0.9065420627593994
0.9065420627593994
0.9065420627593994
0.9065420627593994
0.9065420627593994
0.9065420627593994
0.9065420627593994
0.9065420627593994
0.9065420627593994
0.9065420627593994
0.9065420627593994
0.9065420627593994
0.9065420627593994
0.9065420627593994
0.9065420627593994
0.9065420627593994
0.9065420627593994
0.9065420627593994
0.9065420627593994
0.9065420627593994
0.9065420627593994
0.9065420627593994
0.9065420627593994
0.9065420627593994
0.9065420627593994
0.9065420627593994
0.9065420627593994
0.9065420627593994
0.9065420627593994
0.9065420627593994
0.9065420627593994
0.9065420627593994
0.9065420627593994
0.9065420627593994
0.9065420627593994
0.9065420627593994
0.9065420627593994
0.9065420627593994
0.9065420627593994
0.9065420627593994
0.9065420627593994
0.9065420627593994
0.9065420627593994
0.9065420627593994
0.9065420627593994
0.9065420627593994
0.9065420627593994
0.9065420627593994
0.9065420627593994
0.9065420627593994
0.9065420627593994
0.9065420627593994
0.9065420627593994
0.9065420627593994
0.9065420627593994
0.9065420627593994
0.9065420627593994
0.9065420627593994
0.9065420627593994
0.9065420627593994
0.9065420627593994
0.9065420627593994
0.9065420627593994
0.9065420627593994
0.9065420627593994
0.9065420627593994
0.9065420627593994
0.9065420627593994
0.9065420627593994
0.9065420627593994
0.9065420627593994
0.9065420627593994
0.9065420627593994
0.9065420627593994
0.9065420627593994
0.9065420627593994
0.9065420627593994
0.9065420627593994
0.9065420627593994
0.9065420627593994
0.9065420627593994
0.9065420627593994
0.9065420627593994
0.9065420627593994
0.9065420627593994
0.9065420627593994
