0.8379813432693481
0.8191787600517273
0.8022034168243408
0.7866610884666443
0.7718909382820129
0.7582851052284241
0.7461966276168823
0.7351719737052917
0.7246456742286682
0.714349091053009
0.7047988176345825
0.6961095333099365
0.6874682307243347
0.6792316436767578
0.6717408895492554
0.6643729209899902
0.6566866636276245
0.6495293378829956
0.6426480412483215
0.6359167098999023
0.6295506954193115
0.6236864924430847
0.617448091506958
0.6105708479881287
0.6043834686279297
0.5985658764839172
0.5932738184928894
0.5880811810493469
0.5834166407585144
0.5783993601799011
0.5739562511444092
0.569629967212677
0.5653847455978394
0.5614719390869141
0.5574544072151184
0.5537093877792358
0.5497702956199646
0.5456777215003967
0.5415664315223694
0.5372830629348755
0.5333336591720581
0.5291803479194641
0.5250099301338196
0.5210994482040405
0.517072856426239
0.513455867767334
0.5098615884780884
0.5059384107589722
0.5019131898880005
0.4979930520057678
0.49455708265304565
0.4913431406021118
0.4877412021160126
0.48435908555984497
0.48078685998916626
0.47728651762008667
0.47417008876800537
0.47084757685661316
0.4672272503376007
0.46391287446022034
0.460426926612854
0.4572482109069824
0.45385584235191345
0.45050618052482605
0.4475250244140625
0.44414037466049194
0.44180065393447876
0.4393484890460968
0.43763798475265503
0.4355113208293915
0.4332098066806793
0.43110838532447815
0.4287518262863159
0.42634686827659607
0.42446523904800415
0.4227975010871887
0.4206197261810303
0.41831788420677185
0.41604936122894287
0.41380223631858826
0.4119119644165039
0.41003870964050293
0.4082171618938446
0.40647080540657043
0.40484002232551575
0.403499037027359
0.4018348455429077
0.4001794159412384
0.3983308672904968
0.3968425393104553
0.39537113904953003
0.39384350180625916
0.392428457736969
0.39094066619873047
0.38929620385169983
0.3881014883518219
0.38647517561912537
0.38504913449287415
0.3839527368545532
0.38268887996673584
0.38139474391937256
0.3803770840167999
0.3793022036552429
0.37801826000213623
0.377278596162796
0.376799076795578
0.37580811977386475
0.3748912513256073
0.3740130662918091
0.3732908368110657
0.37240490317344666
0.37163200974464417
0.37077826261520386
0.369901567697525
0.36898696422576904
0.36819055676460266
0.3676302433013916
0.3670691251754761
0.36639204621315
0.3658056855201721
0.3651367127895355
0.36440014839172363
0.36380764842033386
0.3633131682872772
0.3628156781196594
0.36225298047065735
0.3619003891944885
0.3614935576915741
0.3609544038772583
0.36047908663749695
0.35982123017311096
0.3593709468841553
0.35885030031204224
0.3583068549633026
0.3577660918235779
0.35720860958099365
0.3568243682384491
0.35647448897361755
0.35597196221351624
0.35558369755744934
0.3551606833934784
0.35472074151039124
0.3542582094669342
0.3538748621940613
0.35350537300109863
0.3531707227230072
0.35269761085510254
0.35236799716949463
0.35199931263923645
0.35160893201828003
0.3512759208679199
0.35084256529808044
0.3504981994628906
0.3502022325992584
0.3496304452419281
0.3493419885635376
0.34920066595077515
0.34895002841949463
0.3488110601902008
0.3484988510608673
0.3481520414352417
0.3479601740837097
0.34773072600364685
0.3474641740322113
0.3472377359867096
0.34685811400413513
0.34666475653648376
0.34639987349510193
0.3461452126502991
0.3458021879196167
0.3455861508846283
0.34514927864074707
0.34493178129196167
0.34465521574020386
0.34442514181137085
0.3441896438598633
0.3439280092716217
0.34370699524879456
0.3434184789657593
0.34327787160873413
0.3430931866168976
0.34286680817604065
0.34270554780960083
0.3424863815307617
0.3422846496105194
0.3420819640159607
0.34188076853752136
0.3416367769241333
0.3414618670940399
0.3413182497024536
0.3410896360874176
0.34094715118408203
0.340774804353714
0.34075817465782166
0.3405856192111969
0.34046539664268494
0.34026551246643066
0.33984217047691345
0.33965203166007996
0.33940741419792175
0.33927884697914124
0.33907219767570496
0.3390609323978424
0.3389533758163452
0.33882319927215576
0.33843371272087097
0.3383462429046631
0.3382036089897156
0.3379402756690979
0.33788540959358215
0.3375806510448456
0.33731934428215027
0.33718907833099365
0.3369811177253723
0.3369330167770386
0.3366040587425232
0.3365235924720764
0.3363126814365387
0.3361194133758545
0.33590155839920044
0.3357517421245575
0.33561432361602783
0.33542853593826294
0.33521032333374023
0.3350520133972168
0.33479681611061096
0.3346478343009949
0.3345182538032532
0.3342762291431427
0.3342429995536804
0.3340397775173187
0.3338811993598938
0.3337354362010956
0.3336687684059143
0.3334864675998688
0.33346083760261536
0.33325380086898804
0.3331029415130615
0.33294910192489624
0.3328065574169159
0.33258944749832153
0.3325697183609009
0.33235615491867065
0.3321976363658905
0.33209019899368286
0.33221104741096497
0.33190470933914185
0.3317332863807678
0.3315199017524719
0.33131876587867737
0.3312166631221771
0.33105096220970154
0.3309755325317383
0.3308503031730652
0.3307945430278778
0.3308543562889099
0.3308364152908325
0.3306809067726135
0.3306022584438324
0.3302311301231384
0.33003780245780945
0.32997429370880127
0.3299906253814697
0.3298720717430115
0.3297240138053894
0.3296373784542084
0.32944589853286743
0.3293790817260742
0.32917091250419617
0.3290170431137085
0.32891973853111267
0.32871192693710327
0.32864007353782654
0.32864803075790405
0.32854515314102173
0.32842156291007996
0.3282945156097412
0.3280958831310272
0.3278363049030304
0.32771459221839905
0.327599436044693
0.3274788558483124
0.32725438475608826
0.3272402882575989
0.32703498005867004
0.32678431272506714
0.32665735483169556
0.3266112804412842
0.3263528347015381
0.32622024416923523
0.32599684596061707
0.3260667026042938
0.3258233964443207
0.325734406709671
0.32558301091194153
0.32541438937187195
0.3252774775028229
0.32520103454589844
0.32502469420433044
0.32492193579673767
0.32477566599845886
0.32463982701301575
0.3244357407093048
0.3243084251880646
0.3241739571094513
0.32406938076019287
0.3239188492298126
0.32389602065086365
0.3237041234970093
0.3235882818698883
0.32344549894332886
0.323344886302948
0.32317835092544556
0.3230321705341339
0.32302719354629517
0.32288989424705505
0.3227550685405731
0.3226584196090698
0.3226088881492615
0.32251104712486267
0.32239213585853577
0.32230043411254883
0.3221465051174164
0.3219691812992096
0.32190659642219543
0.32181820273399353
0.3217118978500366
0.3216632902622223
0.3216814398765564
0.32139134407043457
0.32130497694015503
0.3212203085422516
0.32115691900253296
0.32101336121559143
0.3209225535392761
0.3208869993686676
0.32072222232818604
0.3205956816673279
0.3204781711101532
0.3203909695148468
0.32041069865226746
0.32024988532066345
0.3202289342880249
0.3205028176307678
0.3203793466091156
0.3200848698616028
0.31975382566452026
0.31964409351348877
0.3195360004901886
0.319491982460022
0.3193258047103882
0.31915751099586487
0.319110631942749
0.31903910636901855
0.31910762190818787
0.3188299536705017
0.3187347650527954
0.3188326060771942
0.31872794032096863
0.318600058555603
0.31843769550323486
0.318339079618454
0.3182310163974762
0.31809571385383606
0.3180992603302002
0.3178061246871948
0.3176925778388977
0.31763458251953125
0.3175363838672638
0.3174753487110138
0.31733155250549316
0.31738394498825073
0.31725209951400757
0.3172777593135834
0.3171972930431366
0.3170800507068634
0.3169720470905304
0.31701135635375977
0.31694045662879944
0.3168070316314697
0.3167535364627838
0.3167206943035126
0.31662651896476746
0.3164772391319275
0.3163389265537262
0.3163439631462097
0.3161231577396393
0.31606799364089966
0.31593063473701477
0.3158511817455292
0.3157178461551666
0.3156448304653168
0.3155679702758789
0.315806120634079
0.3156808316707611
0.31551992893218994
0.3153650760650635
0.3152220845222473
0.3150354027748108
0.31497758626937866
0.3151533305644989
0.314954936504364
0.3148244321346283
0.31472817063331604
0.31471994519233704
0.3146417737007141
0.31449398398399353
0.3144477307796478
0.3144989609718323
0.31436997652053833
0.3142778277397156
0.31408852338790894
0.31404930353164673
0.3140552341938019
0.3140474557876587
0.3137816786766052
0.31364330649375916
0.31358155608177185
0.3134785294532776
0.31345465779304504
0.313426673412323
0.31330668926239014
0.3133104145526886
0.31322038173675537
0.31315550208091736
0.3129236400127411
0.31302687525749207
0.3129104673862457
0.3127591013908386
0.3126886487007141
0.3127148747444153
0.3126696050167084
0.3126082122325897
0.3124188184738159
0.3124144375324249
0.3123101592063904
0.3122114837169647
0.3121451139450073
0.31209757924079895
0.31211063265800476
0.3120247721672058
0.31184545159339905
0.31179794669151306
0.3117397129535675
0.3116343021392822
0.31159818172454834
0.3114488422870636
0.31154218316078186
0.31142228841781616
0.3114546537399292
0.3117263615131378
0.3116611838340759
0.3114514648914337
0.31144630908966064
0.3112868368625641
0.31112441420555115
0.3110352158546448
0.31094667315483093
0.3108328580856323
0.31073588132858276
0.3105447292327881
0.31065040826797485
0.3107620179653168
0.3108459413051605
0.3109535276889801
0.31087303161621094
0.3107951879501343
0.31073811650276184
0.31075868010520935
0.3109344244003296
0.31083428859710693
0.31062814593315125
0.3103824853897095
0.31027752161026
0.3102583587169647
0.31012481451034546
0.31008782982826233
0.3100318908691406
0.31004366278648376
0.309919536113739
0.309892475605011
0.30981624126434326
0.3096759021282196
0.30983081459999084
0.3097062408924103
0.30957069993019104
0.30953389406204224
0.3095104992389679
0.3095187246799469
0.30945077538490295
0.3093966245651245
0.3093045651912689
0.3091776967048645
0.30919432640075684
0.3089901804924011
0.30915573239326477
0.30905622243881226
0.30900806188583374
0.3090715706348419
0.3090479373931885
0.3090786337852478
0.3090475797653198
0.30889537930488586
0.3086738586425781
0.3086088299751282
0.30852454900741577
0.30849868059158325
0.30841729044914246
0.3083799481391907
0.3083617687225342
0.3081255853176117
0.30824124813079834
0.30820852518081665
0.3082538843154907
0.3082173764705658
0.30816885828971863
0.30807891488075256
0.3079744577407837
0.3079528510570526
0.3079037666320801
0.3079354166984558
0.3078332841396332
0.3077821433544159
0.3077385127544403
0.307717502117157
0.30768194794654846
0.30786940455436707
0.3078780174255371
0.3077804148197174
0.3077376186847687
0.3076806366443634
0.3075439929962158
0.3075045049190521
0.3073943853378296
0.3074011504650116
0.3073681890964508
0.3073432743549347
0.30789613723754883
0.30765843391418457
0.30764269828796387
0.3074434697628021
0.3073677122592926
0.30722755193710327
0.30715417861938477
0.3070891499519348
0.30707839131355286
0.30721932649612427
0.3068225383758545
0.3067363202571869
0.3067755103111267
0.30666637420654297
0.30662956833839417
0.306580126285553
0.30656543374061584
0.30654218792915344
0.30651140213012695
0.3066008687019348
0.3065056800842285
0.3064865171909332
0.30643805861473083
0.30644670128822327
0.30643102526664734
0.30642935633659363
0.30632951855659485
0.3062863349914551
0.30626291036605835
0.3062307834625244
0.30627477169036865
0.3061930239200592
0.306156724691391
0.3061654567718506
0.306154727935791
0.3060944080352783
0.306051105260849
0.30602529644966125
0.30601128935813904
0.3059527575969696
0.30593881011009216
0.3059607446193695
0.30589359998703003
0.3058417737483978
0.3058021664619446
0.30577516555786133
0.305724173784256
0.30570200085639954
0.3056888282299042
0.30564799904823303
0.3055597245693207
0.3055914640426636
0.3055408298969269
0.3055357038974762
0.30549901723861694
0.3055364191532135
0.3054664134979248
0.30545228719711304
0.30541500449180603
0.30542317032814026
0.3053385019302368
0.305332213640213
0.3052718937397003
0.3052845895290375
0.3052731454372406
0.3052426278591156
0.30521148443222046
0.3052101135253906
0.3052642345428467
0.3051573932170868
0.3051443099975586
0.30508676171302795
0.30509358644485474
0.3050214946269989
0.30502283573150635
0.3049889802932739
0.30500102043151855
0.30513104796409607
0.30487537384033203
0.30487269163131714
0.3048560321331024
0.3049236238002777
0.30494311451911926
0.3050541877746582
0.30507969856262207
0.30499550700187683
0.3050195872783661
0.3051993250846863
0.3052055239677429
0.3051718473434448
0.30527907609939575
0.30519601702690125
0.3051338493824005
0.3050396740436554
0.304930180311203
0.3049355447292328
0.3048935532569885
0.30488160252571106
0.304811030626297
0.3047823905944824
0.30471518635749817
0.30466803908348083
0.3047056496143341
0.30458468198776245
0.30457964539527893
0.3045380711555481
0.30456867814064026
0.3045181632041931
0.30448225140571594
0.3044596016407013
0.3044207692146301
0.3044101595878601
0.3044312298297882
0.3043922483921051
0.3043852150440216
0.3043437898159027
0.3043438792228699
0.3043223023414612
0.30432945489883423
0.3043125569820404
0.3043079674243927
0.3042919635772705
0.30428576469421387
0.30427461862564087
0.3042704164981842
0.30424225330352783
0.30424055457115173
0.3042411208152771
0.30420419573783875
0.3041665852069855
0.30416399240493774
0.30417928099632263
0.3041676878929138
0.3041578531265259
0.3041442334651947
0.3041328191757202
0.30412569642066956
0.30415499210357666
0.3041134476661682
0.304080992937088
0.30407723784446716
0.30406346917152405
0.3040560483932495
0.30405086278915405
0.3040381073951721
0.3040268123149872
0.304025799036026
0.30401411652565
0.3040095865726471
0.30401065945625305
0.3040131628513336
0.304012268781662
0.3039891719818115
0.3040488362312317
0.3039720356464386
0.303940087556839
0.3039424419403076
0.3039015829563141
0.3039366900920868
0.3038584589958191
0.30404433608055115
0.3038836121559143
0.30388709902763367
0.3038710653781891
0.3038884699344635
0.3038460314273834
0.3038366138935089
0.3038525879383087
0.30382275581359863
0.3038499057292938
0.3038870692253113
0.30386847257614136
0.30384889245033264
0.30383923649787903
0.3038329482078552
0.30381089448928833
0.303812175989151
0.30380555987358093
0.3037779927253723
0.3037773072719574
0.3037649691104889
0.3037595748901367
0.30375880002975464
0.3037254810333252
0.3036944270133972
0.3037256598472595
0.30369651317596436
0.30368533730506897
0.30367931723594666
0.30368977785110474
0.30373871326446533
0.30369889736175537
0.3036964535713196
0.30368128418922424
0.3036390244960785
0.3035787045955658
0.30359405279159546
0.3035799562931061
0.30357223749160767
0.3035656213760376
0.3035937249660492
0.3035516142845154
0.30356931686401367
0.30354443192481995
0.30354589223861694
0.3035225570201874
0.30350813269615173
0.3034858703613281
0.30347827076911926
0.3034677803516388
0.30346524715423584
0.3034632205963135
0.3034289479255676
0.30342864990234375
0.30341556668281555
0.30342671275138855
0.30341437458992004
0.30340948700904846
0.3034058213233948
0.3034503161907196
0.30343371629714966
0.3034166395664215
0.30341678857803345
0.30341997742652893
0.3034170866012573
0.303407222032547
0.3033965528011322
0.3033943474292755
0.3033880293369293
0.3033826947212219
0.3033725619316101
0.30336976051330566
0.3033588230609894
0.3033490478992462
0.3033468723297119
0.3033434748649597
0.3033396303653717
0.3033463954925537
0.30334094166755676
0.30333366990089417
0.3033432364463806
0.3033312261104584
0.30333569645881653
0.303325891494751
0.30331915616989136
0.3033178448677063
0.3033261299133301
0.3033265471458435
0.3033255338668823
0.30332452058792114
0.30331429839134216
0.3033115565776825
0.30332452058792114
0.3033234179019928
0.30332300066947937
0.3033026456832886
0.3032965064048767
0.30329251289367676
0.3032904267311096
0.30328643321990967
0.3032771348953247
0.3032747507095337
0.3032708168029785
0.3032686114311218
0.30326175689697266
0.3032475411891937
0.30324241518974304
0.3032379746437073
0.3032391369342804
0.30325978994369507
0.3032566010951996
0.3032488524913788
0.30324995517730713
0.303224116563797
0.30323275923728943
0.3032153248786926
0.30322200059890747
0.30321773886680603
0.3032057285308838
0.30320650339126587
0.3031883239746094
0.3031778633594513
0.3031654357910156
0.30317917466163635
0.3031595051288605
0.3031565248966217
0.3031613230705261
0.30316048860549927
0.3031637966632843
0.30315446853637695
0.30315178632736206
0.30315589904785156
0.3031492233276367
0.30314144492149353
0.30314311385154724
0.3031327426433563
0.3031269609928131
0.30312323570251465
0.3031122088432312
0.30311301350593567
0.3031109571456909
0.30310288071632385
0.30310261249542236
0.30309849977493286
0.30308854579925537
0.30308517813682556
0.3030814230442047
0.3030795156955719
0.3030737340450287
0.3030683696269989
0.3030701279640198
0.3030635416507721
0.30306097865104675
0.30304765701293945
0.30304911732673645
0.3030563294887543
0.303051233291626
0.3030474781990051
0.3030491769313812
0.3030432462692261
0.3030414879322052
0.3030434250831604
0.30304068326950073
0.30304211378097534
0.3030368983745575
0.30303332209587097
0.3030359745025635
0.30302587151527405
0.30302169919013977
0.30302128195762634
0.30301812291145325
0.3030150830745697
0.3030109405517578
0.303007572889328
0.30300796031951904
0.3030039966106415
0.30300766229629517
0.30299800634384155
0.30300402641296387
0.302992045879364
0.302989661693573
0.302990198135376
0.302990198135376
0.3029877543449402
0.30298319458961487
0.30298057198524475
0.3029806911945343
0.3029786944389343
0.30296942591667175
0.30297034978866577
0.30296435952186584
0.3029635548591614
0.30296289920806885
0.3029605746269226
0.30295851826667786
0.302952378988266
0.30295535922050476
0.30295294523239136
0.30294954776763916
0.30295509099960327
0.30294838547706604
0.3029438257217407
0.302944540977478
0.30294451117515564
0.3029354512691498
0.3029536306858063
0.30294084548950195
0.3029380440711975
0.3029378652572632
0.30292364954948425
0.30292701721191406
0.3029276728630066
0.30293482542037964
0.30292680859565735
0.3029250502586365
0.3029273450374603
0.3029194474220276
0.3029133081436157
0.30291345715522766
0.3029123842716217
0.30290961265563965
0.3029114305973053
0.3029078543186188
0.30290552973747253
0.30290544033050537
0.3028895854949951
0.3029027581214905
0.3029107451438904
0.3029017150402069
0.302899032831192
0.3029036223888397
0.3028924763202667
0.30289512872695923
0.30288997292518616
0.3028889298439026
0.30288368463516235
0.3028827905654907
0.3028811514377594
0.3028808534145355
0.3028790354728699
0.30287235975265503
0.30287379026412964
0.3028678297996521
0.30287519097328186
0.3028660714626312
0.3028615117073059
0.30286169052124023
0.3028600811958313
0.30286848545074463
0.302857905626297
0.3028588891029358
0.3028538227081299
0.30285558104515076
