0.739378809928894
0.5256344079971313
0.4551120102405548
0.4201205372810364
0.3957159221172333
0.3792194128036499
0.3648149371147156
0.35153648257255554
0.34244346618652344
0.33482757210731506
0.3291706144809723
0.32222893834114075
0.31448817253112793
0.3095128536224365
0.3023050129413605
0.2989652752876282
0.2913661599159241
0.2877597212791443
0.2827894389629364
0.27871713042259216
0.2742983102798462
0.2933599054813385
0.2718030512332916
0.2795822322368622
0.2668718695640564
0.26369166374206543
0.259162962436676
0.2565724849700928
0.24991942942142487
0.24837566912174225
0.24656368792057037
0.24445490539073944
0.254923015832901
0.2573225200176239
0.2389846295118332
0.24166002869606018
0.2334650754928589
0.2398015856742859
0.23843923211097717
0.22415277361869812
0.2208060622215271
0.21844147145748138
0.2189340740442276
0.21239662170410156
0.20955127477645874
0.2060489058494568
0.21923860907554626
0.22111472487449646
0.21673892438411713
0.206435889005661
0.2012086659669876
0.1972193717956543
0.19264501333236694
0.1911037564277649
0.18921267986297607
0.1851547807455063
0.18334361910820007
0.1933920979499817
0.1864951252937317
0.18172255158424377
0.17621399462223053
0.17435695230960846
0.1717749387025833
0.17735010385513306
0.17963111400604248
0.17597168684005737
0.16636745631694794
0.16401982307434082
0.1690242886543274
0.16570529341697693
0.1606321632862091
0.1579548716545105
0.1540922075510025
0.16043606400489807
0.15241274237632751
0.1514234095811844
0.1469639241695404
0.14489500224590302
0.1479252725839615
0.14314953982830048
0.1415274739265442
0.1400238424539566
0.1391676366329193
0.1404389888048172
0.13451817631721497
0.1317891925573349
0.12913461029529572
0.13976792991161346
0.13930916786193848
0.1300363689661026
0.1306735724210739
0.12773482501506805
0.12246440351009369
0.1213836520910263
0.11802031844854355
0.11625898629426956
0.12581849098205566
0.12178654968738556
0.11548658460378647
0.11262540519237518
0.11547546088695526
0.11338162422180176
0.10616997629404068
0.10271278023719788
0.10172306001186371
0.10192547738552094
0.10240349173545837
0.09997104853391647
0.10272244364023209
0.09474941343069077
0.09174904972314835
0.11473145335912704
0.10431212186813354
0.09304028749465942
0.08964700251817703
0.08612663298845291
0.08499950170516968
0.08175241202116013
0.08123975247144699
0.12802304327487946
0.1872931718826294
0.138208270072937
0.12045946717262268
0.10903365910053253
0.09504754096269608
0.08949191123247147
0.08933913707733154
0.09236103296279907
0.08373039215803146
0.08013815432786942
0.07873396575450897
0.07838396728038788
0.07933452725410461
0.0771818533539772
0.0753636285662651
0.07446768879890442
0.07325121015310287
0.07245710492134094
0.07150252163410187
0.07113821804523468
0.07339014858007431
0.0717179924249649
0.07031384110450745
0.06853754818439484
0.0676225945353508
0.06661099195480347
0.07024543732404709
0.07076696306467056
0.06884688138961792
0.06909099966287613
0.06923631578683853
0.06679313629865646
0.0644775927066803
0.06416356563568115
0.06646226346492767
0.0651809349656105
0.0632299929857254
0.06254502385854721
0.061637140810489655
0.05994812026619911
0.05895211175084114
0.058749690651893616
0.05838772654533386
0.05764997377991676
0.05678463727235794
0.056095190346241
0.055351365357637405
0.06188745051622391
0.05906519666314125
0.05730760842561722
0.05552082881331444
0.054299041628837585
0.05315132439136505
0.05280822142958641
0.051941368728876114
0.05154714360833168
0.05088077113032341
0.06409221887588501
0.055899716913700104
0.059130433946847916
0.05403412878513336
0.05530945584177971
0.05198809504508972
0.0521429143846035
0.049709077924489975
0.04784085229039192
0.04753192141652107
0.04926616698503494
0.04920370504260063
0.04665912687778473
0.046199358999729156
0.04548056051135063
0.044812873005867004
0.044172946363687515
0.04502832517027855
0.04409477487206459
0.043465059250593185
0.04267901927232742
0.04228338226675987
0.041780225932598114
0.04141944274306297
0.04118866100907326
0.04405101016163826
0.04374384135007858
0.04202235862612724
0.040809743106365204
0.041393861174583435
0.04032601788640022
0.043355923146009445
0.04075324162840843
0.03977465257048607
0.03852439299225807
0.038193799555301666
0.03839906305074692
0.03725673630833626
0.03680610656738281
0.03634848818182945
0.03601779043674469
0.03553524613380432
0.03561936318874359
0.03515378758311272
0.034784454852342606
0.034428998827934265
0.03414070978760719
0.03368113562464714
0.03356390446424484
0.03294575586915016
0.0328301303088665
0.03265007585287094
0.032507751137018204
0.032423701137304306
0.03231719881296158
0.03216053172945976
0.03207600489258766
0.032101988792419434
0.032017312943935394
0.031638097018003464
0.03155882656574249
0.031280767172575
0.03126820921897888
0.03106698952615261
0.030867690220475197
0.03097912296652794
0.030795792117714882
0.031211629509925842
0.032251644879579544
0.030782828107476234
0.032059814780950546
0.03118465654551983
0.030487827956676483
0.03021090477705002
0.029882915318012238
0.029572855681180954
0.029370801523327827
0.032964859157800674
0.033606503158807755
0.03480212762951851
0.033375512808561325
0.03132162615656853
0.030703939497470856
0.03000221960246563
0.02929117903113365
0.029044631868600845
0.028606081381440163
0.028776492923498154
0.02938666380941868
0.02862972766160965
0.02830926701426506
0.0286034494638443
0.029241278767585754
0.028160296380519867
0.027836568653583527
0.02789304591715336
0.02757483348250389
0.027127401903271675
0.026766501367092133
0.026526810601353645
0.02663353830575943
0.026440301910042763
0.02613353170454502
0.025924667716026306
0.026013363152742386
0.026297224685549736
0.025823134928941727
0.025497445836663246
0.025209732353687286
0.02499367669224739
0.025324637070298195
0.026178540661931038
0.025602813810110092
0.025032492354512215
0.024514833465218544
0.024325961247086525
0.024143420159816742
0.023895438760519028
0.023787859827280045
0.023732969537377357
0.02396455593407154
0.0238104909658432
0.023623982444405556
0.023549355566501617
0.02318544127047062
0.02348634973168373
0.02311013638973236
0.022767040878534317
0.022667480632662773
0.022465534508228302
0.023170510306954384
0.022905226796865463
0.0225030817091465
0.022248441353440285
0.022242946550250053
0.022152859717607498
0.022085845470428467
0.022284159436821938
0.022356055676937103
0.022167546674609184
0.021787460893392563
0.021555572748184204
0.02135811373591423
0.021264150738716125
0.02144344337284565
0.02121143415570259
0.02071419171988964
0.020493967458605766
0.02048012986779213
0.02025156468153
0.02012394741177559
0.020039647817611694
0.020005421712994576
0.020205626264214516
0.020125454291701317
0.02001369744539261
0.019963156431913376
0.01979062333703041
0.019704772159457207
0.019608234986662865
0.019533656537532806
0.019457701593637466
0.01945001445710659
0.01936977170407772
0.01934915781021118
0.01925664022564888
0.019181255251169205
0.019112421199679375
0.019093239679932594
0.018990306183695793
0.018919557332992554
0.018859513103961945
0.018839845433831215
0.019041329622268677
0.01931934244930744
0.018907777965068817
0.018778720870614052
0.01869816519320011
0.01858970709145069
0.018506504595279694
0.018422488123178482
0.018321610987186432
0.018347404897212982
0.018204133957624435
0.01812518574297428
0.018059363588690758
0.018026141449809074
0.01795710250735283
0.017899710685014725
0.017833558842539787
0.017788108438253403
0.017718439921736717
0.01777353510260582
0.017643580213189125
0.01756003312766552
0.017560753971338272
0.017455503344535828
0.01740751601755619
0.017455169931054115
0.017459236085414886
0.017398472875356674
0.017358800396323204
0.01725710742175579
0.017161717638373375
0.017098329961299896
0.01710686832666397
0.01705818623304367
0.01695876568555832
0.01686778850853443
0.016834093257784843
0.016781972721219063
0.017181336879730225
0.017428727820515633
0.017038026824593544
0.016752511262893677
0.01661504991352558
0.01650460623204708
0.01644025556743145
0.016530649736523628
0.016526969149708748
0.016360778361558914
0.016232941299676895
0.016206059604883194
0.016156062483787537
0.01606576330959797
0.016050754114985466
0.015948981046676636
0.015976492315530777
0.016255661845207214
0.01594739779829979
0.01580069027841091
0.01575683429837227
0.015573014505207539
0.01576472446322441
0.015654142946004868
0.01567833684384823
0.015543759800493717
0.01540182251483202
0.015394799411296844
0.015363448299467564
0.015229963697493076
0.015121754258871078
0.015020557679235935
0.014961028471589088
0.014872453175485134
0.014886634424328804
0.014804174192249775
0.014744414016604424
0.01469598338007927
0.015146857127547264
0.015431773848831654
0.015082592144608498
0.014782009646296501
0.014649370685219765
0.014560054987668991
0.014513382688164711
0.01445813663303852
0.014540445059537888
0.014494978822767735
0.014415973797440529
0.014374570921063423
0.014301754534244537
0.014268714934587479
0.014229439198970795
0.014194435440003872
0.014181843027472496
0.014148875139653683
0.014154401607811451
0.014122378081083298
0.014068128541111946
0.01406578253954649
0.01403134223073721
0.013973531313240528
0.0140393590554595
0.014193781651556492
0.01412049401551485
0.013991642743349075
0.013936464674770832
0.013967812992632389
0.013902257196605206
0.013832289725542068
0.013743366114795208
0.01374275702983141
0.01372141856700182
0.013688221573829651
0.013649466447532177
0.013830642215907574
0.013900486752390862
0.013801941648125648
0.013666864484548569
0.013685651123523712
0.013645604252815247
0.013658481650054455
0.013570134527981281
0.013509925454854965
0.013459809124469757
0.013433843851089478
0.01339037623256445
0.01336396113038063
0.013359838165342808
0.013293095864355564
0.013252181001007557
0.013246373273432255
0.01323030423372984
0.013190829195082188
0.013175888918340206
0.01316472701728344
0.013194503262639046
0.01314793061465025
0.013083587400615215
0.013169079087674618
0.013156114146113396
0.013107419945299625
0.013073854148387909
0.01302026305347681
0.012910832650959492
0.012883156538009644
0.012826582416892052
0.01298710610717535
0.013052319176495075
0.013132981956005096
0.012997854501008987
0.01299035269767046
0.012923117727041245
0.012811348773539066
0.01272694580256939
0.012653686106204987
0.012710251845419407
0.012641184963285923
0.012591051869094372
0.012546601705253124
0.012505017220973969
0.012460591271519661
0.012426842004060745
0.012406767345964909
0.012380578555166721
0.01234412845224142
0.012333015911281109
0.012353131547570229
0.012313462793827057
0.012310820631682873
0.012265808880329132
0.01259290985763073
0.013256492093205452
0.0133403604850173
0.013048181310296059
0.012629668228328228
0.012409801594913006
0.012350071221590042
0.012275122106075287
0.012238727882504463
0.012207929976284504
0.012184621766209602
0.012189893051981926
0.012163425795733929
0.012143131345510483
0.01209967490285635
0.012069866061210632
0.012039963155984879
0.012047423981130123
0.012020805850625038
0.0120004927739501
0.011981873773038387
0.011970029212534428
0.011941413395106792
0.011919059790670872
0.011896824464201927
0.011877709999680519
0.011862502433359623
0.01184014044702053
0.011830142699182034
0.01181720569729805
0.011798904277384281
0.011789411306381226
0.011766484938561916
0.011828161776065826
0.011833574622869492
0.011822600848972797
0.011785986833274364
0.011758278124034405
0.011705080047249794
0.011769117787480354
0.01178661547601223
0.011759912595152855
0.011728488840162754
0.011687258258461952
0.011660225689411163
0.011646026745438576
0.01160389557480812
0.011589148081839085
0.011577468365430832
0.011552641168236732
0.011539106257259846
0.011516272090375423
0.011519631370902061
0.011503525078296661
0.011485755443572998
0.011464661918580532
0.011465199291706085
0.011460497975349426
0.011431602761149406
0.011462459340691566
0.01144593209028244
0.011436072178184986
0.011417372152209282
0.01139790564775467
0.011375601403415203
0.011370837688446045
0.011352869682013988
0.011348363012075424
0.011327824555337429
0.01133499015122652
0.011303245089948177
0.011283200234174728
0.011266209185123444
0.01126339565962553
0.011238609440624714
0.011245282366871834
0.011223939247429371
0.011208764277398586
0.011188263073563576
0.011170638725161552
0.01116098091006279
0.011161116883158684
0.011142533272504807
