0.686651885509491
0.6334879994392395
0.6063753366470337
0.5841466784477234
0.5646230578422546
0.5409565567970276
0.5208274126052856
0.4993125796318054
0.48599010705947876
0.46987172961235046
0.45159590244293213
0.43571290373802185
0.42208144068717957
0.40930864214897156
0.40191587805747986
0.3911978304386139
0.38300222158432007
0.37633660435676575
0.3692496120929718
0.36428728699684143
0.35854455828666687
0.35422176122665405
0.3511810600757599
0.34551265835762024
0.3426571786403656
0.3390340507030487
0.3434672951698303
0.33768823742866516
0.3396978974342346
0.33215928077697754
0.33000949025154114
0.33064112067222595
0.3270648121833801
0.3215291500091553
0.32047030329704285
0.31757014989852905
0.31609025597572327
0.31432944536209106
0.3148588240146637
0.3161282241344452
0.3162502944469452
0.31311744451522827
0.30767586827278137
0.30454695224761963
0.3019361197948456
0.3061419427394867
0.3026007115840912
0.29873719811439514
0.2963181436061859
0.2939263582229614
0.2931642234325409
0.291160523891449
0.289500892162323
0.28779661655426025
0.28741011023521423
0.28592920303344727
0.28435561060905457
0.2831617593765259
0.2808447778224945
0.2797811031341553
0.2927554249763489
0.28546440601348877
0.28713205456733704
0.28974226117134094
0.28192684054374695
0.2760402262210846
0.2730630338191986
0.27039578557014465
0.26897183060646057
0.2679339051246643
0.2666971981525421
0.266635537147522
0.2718460261821747
0.266737163066864
0.2651809751987457
0.2624768316745758
0.26153722405433655
0.2606843113899231
0.2588346302509308
0.25810718536376953
0.2565062940120697
0.2554648518562317
0.2575640380382538
0.25960269570350647
0.25539684295654297
0.2531418800354004
0.25135818123817444
0.2492152899503708
0.2560628354549408
0.25111544132232666
0.2513662278652191
0.24827492237091064
0.24580514430999756
0.24447931349277496
0.24519571661949158
0.2506272494792938
0.24537499248981476
0.2493857741355896
0.2458488494157791
0.24627666175365448
0.25129297375679016
0.24539439380168915
0.23990091681480408
0.23795698583126068
0.23593655228614807
0.23384881019592285
0.23398418724536896
0.2320116013288498
0.2305625081062317
0.23012635111808777
0.22896428406238556
0.2284378558397293
0.23057012259960175
0.23453377187252045
0.24142460525035858
0.23414427042007446
0.22822418808937073
0.22553253173828125
0.22235755622386932
0.22451326251029968
0.22308564186096191
0.22117957472801208
0.21966636180877686
0.2186749428510666
0.22785083949565887
0.2229793518781662
0.21933554112911224
0.2164306938648224
0.2155458629131317
0.21740411221981049
0.21490861475467682
0.21302488446235657
0.2261100560426712
0.2173171490430832
0.21289198100566864
0.21090777218341827
0.21829691529273987
0.21604441106319427
0.2100951075553894
0.20805738866329193
0.2069903016090393
0.20571109652519226
0.2118016928434372
0.269944429397583
0.2233668714761734
0.2110152244567871
0.2038302719593048
0.20175465941429138
0.20054934918880463
0.19902664422988892
0.1990230828523636
0.19734326004981995
0.20057354867458344
0.19843976199626923
0.19938816130161285
0.1966818869113922
0.19627119600772858
0.196573868393898
0.19404417276382446
0.19522619247436523
0.19451040029525757
0.19216927886009216
0.19109463691711426
0.19020892679691315
0.1892053633928299
0.1892111748456955
0.19054915010929108
0.1884157955646515
0.18989813327789307
0.18875716626644135
0.18841473758220673
0.18759529292583466
0.1864391565322876
0.18610559403896332
0.1859908103942871
0.18519200384616852
0.18477457761764526
0.1841122955083847
0.1832973212003708
0.18309909105300903
0.18287967145442963
0.18289321660995483
0.1821250021457672
0.18150702118873596
0.18218813836574554
0.1818583756685257
0.18130478262901306
0.1802515834569931
0.17994168400764465
0.1804085671901703
0.17939409613609314
0.17870813608169556
0.17829537391662598
0.1780409961938858
0.17770101130008698
0.17781445384025574
0.18350395560264587
0.18402400612831116
0.1799386590719223
0.178336039185524
0.17998775839805603
0.1816536784172058
0.17790120840072632
0.17651282250881195
0.17570596933364868
0.17564500868320465
0.1749848872423172
0.1738499104976654
0.1733349710702896
0.1742178052663803
0.1727801412343979
0.17202366888523102
0.17180722951889038
0.1737637221813202
0.17591892182826996
0.1719571352005005
0.17119644582271576
0.17017273604869843
0.1693902611732483
0.1696978062391281
0.16854573786258698
0.1690007597208023
0.1689850091934204
0.16744883358478546
0.1682942807674408
0.1672186255455017
0.1672266125679016
0.16680912673473358
0.1657281517982483
0.16540594398975372
0.16512224078178406
0.16457833349704742
0.164137065410614
0.16374436020851135
0.16366173326969147
0.16562366485595703
0.16374777257442474
0.16851851344108582
0.16753479838371277
0.1637650430202484
0.1631050407886505
0.1616796851158142
0.16941866278648376
0.17228196561336517
0.1637342870235443
0.1730162352323532
0.16768693923950195
0.17297416925430298
0.16905391216278076
0.16096580028533936
0.1603686809539795
0.16026872396469116
0.1602184921503067
0.15943019092082977
0.15853311121463776
0.15773729979991913
0.15699605643749237
0.1564527302980423
0.15618681907653809
0.1559048444032669
0.1576380580663681
0.1561860591173172
0.15613804757595062
0.15923570096492767
0.1576775461435318
0.1543760895729065
0.15437155961990356
0.15406638383865356
0.1535443663597107
0.15372779965400696
0.15413272380828857
0.1537042111158371
0.15320231020450592
0.15367735922336578
0.15546098351478577
0.15495708584785461
0.1545536071062088
0.15361382067203522
0.15298506617546082
0.15241432189941406
0.15215714275836945
0.15273556113243103
0.15588544309139252
0.15409807860851288
0.1517680436372757
0.15155377984046936
0.1515779197216034
0.15130789577960968
0.15070366859436035
0.15049126744270325
0.15027083456516266
0.15015558898448944
0.14969351887702942
0.15059001743793488
0.15127545595169067
0.149907648563385
0.1491960734128952
0.1490446925163269
0.1487814337015152
0.14848773181438446
0.1485840082168579
0.1482730358839035
0.14823734760284424
0.14794939756393433
0.14793288707733154
0.14770877361297607
0.14761359989643097
0.14768147468566895
0.14808151125907898
0.14753764867782593
0.14726565778255463
0.1468760073184967
0.1469709575176239
0.14677460491657257
0.14756175875663757
0.14831574261188507
0.14759708940982819
0.14699754118919373
0.14642848074436188
0.1468399316072464
0.1462927907705307
0.14612282812595367
0.14599880576133728
0.14573101699352264
0.14665724337100983
0.14617152512073517
0.145845428109169
0.1454254388809204
0.14501029253005981
0.14470717310905457
0.14466074109077454
0.14553309977054596
0.14508119225502014
0.14485245943069458
0.1445440948009491
0.14435029029846191
0.14391039311885834
0.14351725578308105
0.1433926224708557
0.1434222310781479
0.14289326965808868
0.1442452222108841
0.14739081263542175
0.14494624733924866
0.14352160692214966
0.14317646622657776
0.14273808896541595
0.1421598494052887
0.14246228337287903
0.14223827421665192
0.14142903685569763
0.14396683871746063
0.14324839413166046
0.14204712212085724
0.14232861995697021
0.14220254123210907
0.1421663612127304
0.14111441373825073
0.14241327345371246
0.14542481303215027
0.14331598579883575
0.1448514759540558
0.14602921903133392
0.1432773619890213
0.1414651870727539
0.1409599930047989
0.14073751866817474
0.14035220444202423
0.14001455903053284
0.13988055288791656
0.1397079974412918
0.13959702849388123
0.13943254947662354
0.1393495500087738
0.13928382098674774
0.13919512927532196
0.14032068848609924
0.14006538689136505
0.13954494893550873
0.13936159014701843
0.13912954926490784
0.13890276849269867
0.1388445496559143
0.13860538601875305
0.13839884102344513
0.13833677768707275
0.13823719322681427
0.13817110657691956
0.13799963891506195
0.1379324495792389
0.1378994882106781
0.13769100606441498
0.1376383900642395
0.1375107765197754
0.13743512332439423
0.13901498913764954
0.13847202062606812
0.1377076804637909
0.13738641142845154
0.13772234320640564
0.13769729435443878
0.13745588064193726
0.13711604475975037
0.13677595555782318
0.1368485689163208
0.13687126338481903
0.13681776821613312
0.13638094067573547
0.13623379170894623
0.13614946603775024
0.1360360085964203
0.1361834853887558
0.1359999179840088
0.13585259020328522
0.13563859462738037
0.1355361044406891
0.13551487028598785
0.13535988330841064
0.13534168899059296
0.13526426255702972
0.1351555585861206
0.13507582247257233
0.1349460631608963
0.13494473695755005
0.1348661631345749
0.1348065435886383
0.1348753571510315
0.13466377556324005
0.13454528152942657
0.1343831568956375
0.1344504952430725
0.13429604470729828
0.13419629633426666
0.13415829837322235
0.13407006859779358
0.1340494304895401
0.13414543867111206
0.13393792510032654
0.13381652534008026
0.13364095985889435
0.13356809318065643
0.13348419964313507
0.1334483027458191
0.13341942429542542
0.133280411362648
0.13332468271255493
0.13472163677215576
0.13534888625144958
0.13450540602207184
0.1337483674287796
0.1335831880569458
0.1340738832950592
0.13410310447216034
0.13403083384037018
0.13341166079044342
0.1331518143415451
0.13300232589244843
0.13299651443958282
0.13247695565223694
0.13234902918338776
0.1323341727256775
0.13219793140888214
0.13203935325145721
0.13193564116954803
0.1317833960056305
0.13286365568637848
0.13283835351467133
0.1325860172510147
0.13225476443767548
0.13202527165412903
0.13198667764663696
0.13168132305145264
0.13164032995700836
0.13152125477790833
0.1315162479877472
0.131587952375412
0.13144788146018982
0.13132570683956146
0.13132785260677338
0.13129013776779175
0.13119611144065857
0.13136717677116394
0.13105346262454987
0.1312560737133026
0.13121891021728516
0.1311938613653183
0.1311153620481491
0.1312195211648941
0.13112373650074005
0.13110357522964478
0.13101792335510254
0.13093040883541107
0.1308603584766388
0.1309761106967926
0.1308644413948059
0.13075581192970276
0.13066092133522034
0.13056088984012604
0.13049596548080444
0.13046668469905853
0.1305130571126938
0.13060536980628967
0.13124632835388184
0.13124778866767883
0.13089895248413086
0.13110443949699402
0.13123512268066406
0.1309400498867035
0.1306271255016327
0.13039536774158478
0.13027223944664001
0.1308974325656891
0.13121025264263153
0.13187479972839355
0.13218379020690918
0.13167443871498108
0.13114827871322632
0.13076631724834442
0.13023748993873596
0.13013334572315216
0.1297946274280548
0.1297384798526764
0.1296829730272293
0.12964773178100586
0.12959139049053192
0.12964972853660583
0.12953725457191467
0.12948118150234222
0.1294243037700653
0.1294269561767578
0.12947534024715424
0.1296166479587555
0.1301061064004898
0.13048413395881653
0.13103905320167542
0.1308586448431015
0.13001345098018646
0.12929774820804596
0.12930555641651154
0.1292690932750702
0.12918198108673096
0.12908275425434113
0.12904205918312073
0.12900188565254211
0.12897488474845886
0.12910166382789612
0.12927134335041046
0.12969018518924713
0.13016311824321747
0.12989650666713715
0.12952572107315063
0.12931446731090546
0.12955112755298615
0.12958408892154694
0.12927399575710297
0.1291145235300064
0.12908613681793213
0.1288246363401413
0.12871474027633667
0.12860988080501556
0.12853796780109406
0.12849698960781097
0.12844783067703247
0.1284351646900177
0.12838102877140045
0.12841230630874634
0.1283661127090454
0.12835995852947235
0.12837420403957367
0.12831348180770874
0.12828654050827026
0.12826329469680786
0.1282513290643692
0.12821164727210999
0.128188356757164
0.12818603217601776
0.12815220654010773
0.12812601029872894
0.12811854481697083
0.12813319265842438
0.12811937928199768
0.1280777007341385
0.12795300781726837
0.12813371419906616
0.1281627118587494
0.12815701961517334
0.1281307190656662
0.12807825207710266
0.12806199491024017
0.1281002312898636
0.1280761957168579
0.1280459761619568
0.128029465675354
0.12792783975601196
0.12791018187999725
0.12788859009742737
0.12791745364665985
0.12790101766586304
0.1279398500919342
0.1279217153787613
0.1279304325580597
