0.7550395131111145
0.5545302033424377
0.47912684082984924
0.42912182211875916
0.40186169743537903
0.38486602902412415
0.3709697425365448
0.359353631734848
0.35012689232826233
0.34199729561805725
0.3359270691871643
0.3318502902984619
0.32655730843544006
0.3204231262207031
0.3163807988166809
0.3157395124435425
0.31674280762672424
0.3097456097602844
0.3056333661079407
0.3021068871021271
0.306447833776474
0.2999778389930725
0.29384756088256836
0.29193031787872314
0.29014816880226135
0.28976279497146606
0.2870546281337738
0.2836785614490509
0.2807902991771698
0.2781773507595062
0.2761342525482178
0.2742663621902466
0.2727215886116028
0.27248692512512207
0.26998013257980347
0.2700823247432709
0.27223479747772217
0.274616003036499
0.26945680379867554
0.2640302777290344
0.2646965980529785
0.261215478181839
0.2590101361274719
0.2568323314189911
0.2553374469280243
0.2540334165096283
0.25259077548980713
0.25104230642318726
0.2504963278770447
0.24842803180217743
0.24775013327598572
0.24669279158115387
0.24653322994709015
0.24458321928977966
0.2453041672706604
0.24596217274665833
0.24157603085041046
0.239205002784729
0.2373318076133728
0.2352779060602188
0.2339949756860733
0.23260250687599182
0.2312156707048416
0.2305442839860916
0.22949644923210144
0.2279384285211563
0.22707302868366241
0.22687990963459015
0.22750738263130188
0.2267317771911621
0.22469361126422882
0.2235313206911087
0.22069770097732544
0.21919697523117065
0.21749043464660645
0.21556846797466278
0.2150498628616333
0.21658548712730408
0.21263830363750458
0.21084271371364594
0.20983383059501648
0.21244564652442932
0.21766319870948792
0.2198241800069809
0.2125059962272644
0.20758379995822906
0.20557358860969543
0.20728157460689545
0.20756059885025024
0.20387938618659973
0.20215927064418793
0.19897545874118805
0.19734717905521393
0.196214497089386
0.19515645503997803
0.19371341168880463
0.19635972380638123
0.19374996423721313
0.19304223358631134
0.18991221487522125
0.1983926147222519
0.1998305469751358
0.1919422298669815
0.18781688809394836
0.18784679472446442
0.18616299331188202
0.18402282893657684
0.18213871121406555
0.1809566766023636
0.18008457124233246
0.1782425194978714
0.17806552350521088
0.17776627838611603
0.17818306386470795
0.1756472885608673
0.17458783090114594
0.17383824288845062
0.1763269454240799
0.18028372526168823
0.19085164368152618
0.18152885138988495
0.1776067614555359
0.17227432131767273
0.17048698663711548
0.17063747346401215
0.16740556061267853
0.1654966175556183
0.16798679530620575
0.16475000977516174
0.16300912201404572
0.1632024049758911
0.16121338307857513
0.15968553721904755
0.15851157903671265
0.15946128964424133
0.15898650884628296
0.157364621758461
0.15669181942939758
0.15579134225845337
0.15569891035556793
0.157271146774292
0.1563194841146469
0.15552929043769836
0.15449756383895874
0.15360969305038452
0.15403974056243896
0.1537066549062729
0.15257175266742706
0.15172071754932404
0.15112155675888062
0.15056531131267548
0.1497778296470642
0.14944413304328918
0.14878800511360168
0.1482524275779724
0.14805981516838074
0.14764069020748138
0.14706997573375702
0.14692844450473785
0.14658412337303162
0.15059177577495575
0.15473629534244537
0.15003342926502228
0.14635908603668213
0.1455725133419037
0.1447143852710724
0.143192857503891
0.14405040442943573
0.1431851089000702
0.14201802015304565
0.14163391292095184
0.14083272218704224
0.14112038910388947
0.1398257166147232
0.13938336074352264
0.13888293504714966
0.13935619592666626
0.13942046463489532
0.13959908485412598
0.13918337225914001
0.1397804319858551
0.1384110450744629
0.13692259788513184
0.135832741856575
0.13531245291233063
0.13678231835365295
0.1354704201221466
0.1344280242919922
0.13374239206314087
0.13402286171913147
0.13341137766838074
0.13216106593608856
0.13444574177265167
0.13338151574134827
0.13190726935863495
0.1302703320980072
0.12993119657039642
0.1298288106918335
0.12947557866573334
0.12852784991264343
0.1278560608625412
0.127537801861763
0.12757515907287598
0.12704285979270935
0.1264488697052002
0.12584730982780457
0.12517814338207245
0.1247372254729271
0.12483923882246017
0.12523823976516724
0.12582525610923767
0.12468445301055908
0.12455865740776062
0.12409812957048416
0.1230216920375824
0.12250658124685287
0.12148036807775497
0.12158118933439255
0.12115532904863358
0.12188731133937836
0.12249190360307693
0.1212262436747551
0.12023048847913742
0.11904104799032211
0.11833450943231583
0.11796735972166061
0.1183440312743187
0.11706938594579697
0.12029823660850525
0.1265851855278015
0.12193123996257782
0.11815233528614044
0.11687254160642624
0.11632721871137619
0.11549003422260284
0.1150994822382927
0.11492432653903961
0.11430710554122925
0.11392751336097717
0.11369623243808746
0.11450524628162384
0.11559994518756866
0.11451899260282516
0.11341827362775803
0.11268270760774612
0.1124909445643425
0.11222872883081436
0.1122814193367958
0.11165235191583633
0.11210869997739792
0.11210554093122482
0.11160288006067276
0.11173052340745926
0.11151770502328873
0.11122047901153564
0.11074771732091904
0.1103920042514801
0.11001760512590408
0.10967045277357101
0.10955922305583954
0.10929209738969803
0.1091298833489418
0.10901400446891785
0.10844701528549194
0.10842768102884293
0.10817323625087738
0.10809647291898727
0.10835382342338562
0.10840868204832077
0.10889364778995514
0.10844866931438446
0.10764890164136887
0.107185959815979
0.10685554146766663
0.1068396046757698
0.10628831386566162
0.10615819692611694
0.10604880005121231
0.10606685280799866
0.10582958906888962
0.10544883459806442
0.10536067932844162
0.10549605637788773
0.1056627407670021
0.10510433465242386
0.10458651185035706
0.10442408174276352
0.10426825284957886
0.10482484847307205
0.1048411875963211
0.1040511429309845
0.10398079454898834
0.1031370460987091
0.10483264923095703
0.10415718704462051
0.10351158678531647
0.10286732763051987
0.1027974784374237
0.10243572294712067
0.10201730579137802
0.10177790373563766
0.10223744064569473
0.10180018842220306
0.10138432681560516
0.10109169781208038
0.10394347459077835
0.1092403456568718
0.10736262053251266
0.10374398529529572
0.10232925415039062
0.10151594132184982
0.10109639167785645
0.10097739100456238
0.10051222145557404
0.10046424716711044
0.09993954002857208
0.09957189857959747
0.09934752434492111
0.09911540150642395
0.09869251400232315
0.09870105236768723
0.09847694635391235
0.09814783185720444
0.09793420881032944
0.0977386012673378
0.09754147380590439
0.0972423180937767
0.09712608903646469
0.09705860912799835
0.09678821265697479
0.09673377126455307
0.09654174000024796
0.09690777957439423
0.09677447378635406
0.09672896564006805
0.09658023715019226
0.0964166447520256
0.09621863067150116
0.09611537307500839
0.09602269530296326
0.09583987295627594
0.09585230052471161
0.09584598243236542
0.09564661234617233
0.09522434324026108
0.09535620361566544
0.09523361176252365
0.09510147571563721
0.09496910125017166
0.0948328748345375
0.09474506229162216
0.09462404996156693
0.0945904403924942
0.09457244724035263
0.09448064118623734
0.09445788711309433
0.09440149366855621
0.09420786052942276
0.0940929651260376
0.09417764097452164
0.09388305991888046
0.09393555670976639
0.09396407753229141
0.09376651793718338
0.09356136620044708
0.09361854940652847
0.09363953024148941
0.09479010105133057
0.09526648372411728
0.09475430846214294
0.09378994256258011
0.09333217889070511
0.09353577345609665
0.09400674700737
0.09378555417060852
0.09328509122133255
0.09321524947881699
0.09308430552482605
0.09288208186626434
0.09280344843864441
0.09270945191383362
0.09259866178035736
0.09230958670377731
0.09217049181461334
0.09205256402492523
0.09198446571826935
0.09197793900966644
0.09177038818597794
0.0917123556137085
0.09174051880836487
0.09161853045225143
0.09149869531393051
0.09136790782213211
0.09146974235773087
0.09149697422981262
0.09143252670764923
0.09131954610347748
0.09108694642782211
0.09105036407709122
0.090995192527771
0.09098818153142929
0.0912359207868576
0.09140995889902115
0.09125670045614243
0.09105751663446426
0.0909225195646286
0.09060488641262054
0.09086038172245026
0.0907210186123848
0.09033120423555374
0.0905826985836029
0.09102404117584229
0.0907273143529892
0.09024292975664139
0.08985500037670135
0.08971591293811798
0.0894889086484909
0.08950275927782059
0.089437335729599
0.0893603265285492
0.08918933570384979
0.08912003040313721
0.08897680044174194
0.08908183127641678
0.08964209258556366
0.08951257914304733
0.08915531635284424
0.08895116299390793
0.08872132003307343
0.08860374987125397
0.08864515274763107
0.08836128562688828
0.08830863237380981
0.08824387192726135
0.08821899443864822
0.08816909044981003
0.08809835463762283
0.08807644993066788
0.0880429670214653
0.08797673135995865
0.08791258931159973
0.0878816545009613
0.08781413733959198
0.08778638392686844
0.08773726969957352
0.08777476102113724
0.08777869492769241
0.08767659217119217
0.08763445168733597
0.08754465728998184
0.08750274777412415
0.08737163990736008
0.08741632848978043
0.08736403286457062
0.08747562766075134
0.08749907463788986
0.08739525824785233
0.08732293546199799
0.08725590258836746
0.08717186003923416
0.08713678270578384
0.0870523527264595
0.08706288039684296
0.08708834648132324
0.08708911389112473
0.08692517876625061
0.08685014396905899
0.0867968499660492
0.08677218854427338
0.0867384523153305
0.08671195060014725
0.08667276799678802
0.08664339780807495
0.08654727041721344
0.08662053197622299
0.08662859350442886
0.08658760786056519
0.08661488443613052
0.08656655997037888
0.08650772273540497
0.08642798662185669
0.08635114878416061
0.08627570420503616
0.08623947203159332
0.08615101128816605
0.08618050813674927
0.08612914383411407
0.08606093376874924
0.08603516221046448
0.08593074232339859
0.08592604845762253
0.08587797731161118
0.08577010780572891
0.08577214926481247
0.0857095867395401
0.08567842841148376
0.08559328317642212
0.08556690067052841
0.0855308547616005
0.08548882603645325
0.0854218602180481
0.08538681268692017
0.08541067689657211
0.08531767874956131
0.08529514819383621
0.08521959185600281
0.0852225199341774
0.08519421517848969
0.08515615016222
0.08524425327777863
0.08544802665710449
0.08532854914665222
0.085261769592762
0.08487245440483093
0.08500341325998306
0.08496527373790741
0.08492200076580048
0.08484825491905212
0.08493266999721527
0.0848281979560852
0.08478225022554398
0.08471141010522842
0.08461035043001175
0.08456404507160187
0.08453930914402008
0.08444857597351074
0.08438971638679504
0.08433344960212708
0.08441803604364395
0.08433329313993454
0.08432235568761826
0.08420871943235397
0.08415352553129196
0.08410484343767166
0.0841091200709343
0.0840822383761406
0.08408450335264206
0.08405551314353943
0.08402219414710999
0.083995021879673
0.0839897021651268
0.08396697789430618
0.0839429572224617
0.08390968292951584
0.08393970131874084
0.08386289328336716
0.08387149125337601
0.08387359976768494
0.08384553343057632
0.08379203081130981
0.08377004414796829
0.08374681323766708
0.08371680974960327
0.08369030058383942
0.08367082476615906
0.08365372568368912
0.08362574130296707
0.08359328657388687
0.08356829732656479
0.08356717973947525
0.08356984704732895
0.0835198387503624
0.08349721878767014
0.0834723711013794
0.08344878256320953
0.0834285318851471
0.08341597020626068
0.08336752653121948
0.0833808109164238
0.08333984762430191
0.0833224505186081
0.0832999125123024
0.0832795724272728
0.0832216739654541
0.08327841013669968
0.08333998918533325
0.08334600925445557
0.08329033851623535
0.0832863301038742
0.08319926261901855
0.08316193521022797
0.08314286172389984
0.08310852944850922
0.08303060382604599
0.08307147771120071
0.08304797857999802
0.08302748948335648
0.08298444747924805
0.08298082649707794
0.08294637501239777
0.08289963752031326
0.08288509398698807
0.08288607746362686
0.0828685387969017
0.08287009596824646
0.08285495638847351
0.08282450586557388
0.08278979361057281
0.08276703208684921
0.08273443579673767
0.08275176584720612
0.08271415531635284
0.08268875628709793
0.08268501609563828
0.08265910297632217
