0.7682896256446838
0.7114806175231934
0.6728110313415527
0.6450266242027283
0.6239591240882874
0.6070287823677063
0.5920816659927368
0.5768107771873474
0.5631570816040039
0.5483114123344421
0.5341246128082275
0.5186684131622314
0.5027886629104614
0.48791614174842834
0.47523537278175354
0.4631321430206299
0.4508122205734253
0.43909281492233276
0.42902860045433044
0.41837620735168457
0.40982624888420105
0.40189334750175476
0.3945649266242981
0.38865455985069275
0.3825865387916565
0.37737229466438293
0.3727056384086609
0.36920851469039917
0.36582475900650024
0.3626433312892914
0.359883189201355
0.3572255074977875
0.35502272844314575
0.3532162606716156
0.35089677572250366
0.3482552468776703
0.34763845801353455
0.3469175398349762
0.3432675898075104
0.343295693397522
0.3408917188644409
0.3373311161994934
0.33557841181755066
0.33484122157096863
0.33367815613746643
0.3325346112251282
0.3320932388305664
0.3299475312232971
0.3287208676338196
0.3269200921058655
0.3255361318588257
0.3243890106678009
0.323282390832901
0.32206565141677856
0.3208051323890686
0.31938180327415466
0.32000574469566345
0.31920623779296875
0.31650838255882263
0.3160627484321594
0.31510427594184875
0.31339022517204285
0.3122522532939911
0.31124502420425415
0.31031811237335205
0.308895468711853
0.3077050447463989
0.30661943554878235
0.3059695363044739
0.3049767017364502
0.30289462208747864
0.3040609061717987
0.30256423354148865
0.3010058104991913
0.3001661002635956
0.29999876022338867
0.2992098927497864
0.29809805750846863
0.2967594563961029
0.2957496643066406
0.29467472434043884
0.2942813038825989
0.2936134338378906
0.2927931249141693
0.29327961802482605
0.29096007347106934
0.28996968269348145
0.28929242491722107
0.2882346212863922
0.28766703605651855
0.2867509722709656
0.286165326833725
0.28482159972190857
0.28407788276672363
0.28322628140449524
0.2832871377468109
0.2821079194545746
0.28100770711898804
0.28020352125167847
0.2795000970363617
0.27839407324790955
0.2778170704841614
0.276718407869339
0.2784128487110138
0.27656838297843933
0.2759336233139038
0.2748371660709381
0.2738901972770691
0.27446481585502625
0.2748395800590515
0.2737599015235901
0.2722918689250946
0.27068421244621277
0.26981794834136963
0.2686455249786377
0.26844415068626404
0.267529159784317
0.2691038250923157
0.2701643407344818
0.2670736014842987
0.2687278985977173
0.267015278339386
0.26517727971076965
0.26686152815818787
0.2663852572441101
0.26535865664482117
0.26399174332618713
0.2634914219379425
0.26303377747535706
0.263557106256485
0.2626133859157562
0.26150816679000854
0.26106467843055725
0.26040300726890564
0.2588551938533783
0.2583443820476532
0.260102778673172
0.26661157608032227
0.26427382230758667
0.2608537971973419
0.2581090033054352
0.25666534900665283
0.2553368806838989
0.25443100929260254
0.2545132637023926
0.25467708706855774
0.2539505064487457
0.2531884014606476
0.25308844447135925
0.25360074639320374
0.2525177001953125
0.2516912817955017
0.25110435485839844
0.2504565417766571
0.25002220273017883
0.2499658763408661
0.24902619421482086
0.24919064342975616
0.24854262173175812
0.2480175495147705
0.24782389402389526
0.24729016423225403
0.24687814712524414
0.24680176377296448
0.24657192826271057
0.24625448882579803
0.24566182494163513
0.24531695246696472
0.24470379948616028
0.2442461997270584
0.24387983977794647
0.24349139630794525
0.24338723719120026
0.24308516085147858
0.24379123747348785
0.24416159093379974
0.24369312822818756
0.24264933168888092
0.24217145144939423
0.24164026975631714
0.24129295349121094
0.24098797142505646
0.2415189892053604
0.2404797524213791
0.2396133691072464
0.23972035944461823
0.23945306241512299
0.23891448974609375
0.2383154332637787
0.23790568113327026
0.2385057806968689
0.23746618628501892
0.23733384907245636
0.2372208535671234
0.2367222160100937
0.2362436056137085
0.23583194613456726
0.23494014143943787
0.23564556241035461
0.235184445977211
0.23532763123512268
0.2348073124885559
0.23380400240421295
0.23357947170734406
0.2334732562303543
0.23296846449375153
0.2324681431055069
0.2328595519065857
0.2363894283771515
0.2394668310880661
0.23735105991363525
0.23462317883968353
0.23220252990722656
0.23213115334510803
0.23172391951084137
0.23148369789123535
0.23104926943778992
0.23065230250358582
0.23025617003440857
0.23013022541999817
0.2298346310853958
0.22949805855751038
0.22930635511875153
0.22905515134334564
0.22955366969108582
0.22971728444099426
0.22924832999706268
0.22809812426567078
0.22841770946979523
0.22816058993339539
0.22809919714927673
0.22791282832622528
0.2278890460729599
0.2276107221841812
0.22734525799751282
0.2273140847682953
0.22704282402992249
0.2268047332763672
0.22693978250026703
0.2264510840177536
0.22628888487815857
0.22613751888275146
0.22606903314590454
0.2258661389350891
0.2255237102508545
0.22526606917381287
0.2252444475889206
0.2252131849527359
0.22487688064575195
0.22491316497325897
0.22463487088680267
0.22441105544567108
0.2241550087928772
0.2242368459701538
0.22527633607387543
0.22479163110256195
0.22398141026496887
0.22371309995651245
0.22342878580093384
0.22302410006523132
0.22311098873615265
0.22310517728328705
0.22273285686969757
0.22247694432735443
0.2221924215555191
0.22200235724449158
0.2221532016992569
0.22225885093212128
0.22184094786643982
0.22175662219524384
0.2212524116039276
0.2214633971452713
0.22216537594795227
0.22194181382656097
0.22146335244178772
0.22127336263656616
0.22134391963481903
0.22047139704227448
0.22019276022911072
0.22011154890060425
0.21993350982666016
0.2197025567293167
0.21953709423542023
0.21992424130439758
0.2196037769317627
0.21912440657615662
0.21872837841510773
0.21857863664627075
0.21872426569461823
0.2185482382774353
0.21833166480064392
0.2181769162416458
0.21784478425979614
0.21759499609470367
0.2174987494945526
0.2172548770904541
0.21708546578884125
0.21698349714279175
0.21671223640441895
0.2164696902036667
0.21636858582496643
0.21610140800476074
0.21625682711601257
0.21629053354263306
0.21624459326267242
0.21565507352352142
0.21554014086723328
0.21540501713752747
0.21557177603244781
0.2153588831424713
0.2150709629058838
0.21489934623241425
0.21470586955547333
0.21456514298915863
0.21445196866989136
0.21427534520626068
0.21434403955936432
0.2142760157585144
0.21395477652549744
0.21412526071071625
0.21417619287967682
0.21413716673851013
0.21388517320156097
0.21381233632564545
0.2136687934398651
0.21391049027442932
0.21382053196430206
0.21359124779701233
0.21340259909629822
0.21326059103012085
0.21310552954673767
0.2130703330039978
0.21293015778064728
0.21280930936336517
0.2126891016960144
0.21254627406597137
0.21242670714855194
0.21229755878448486
0.21235424280166626
0.21212472021579742
0.21218696236610413
0.21212808787822723
0.21235880255699158
0.21221481263637543
0.2123144268989563
0.21206964552402496
0.21183769404888153
0.21169373393058777
0.2115892618894577
0.21141912043094635
0.2113047093153
0.21119537949562073
0.2110944390296936
0.21096265316009521
0.21094144880771637
0.21107906103134155
0.2109900265932083
0.21087734401226044
0.21071624755859375
0.2106371521949768
0.2107672542333603
0.2105897068977356
0.21045681834220886
0.21039167046546936
0.21006080508232117
0.2103821188211441
0.21018990874290466
0.21009446680545807
0.20993389189243317
0.2097799926996231
0.2097335308790207
0.20989733934402466
0.20995545387268066
0.2096537947654724
0.20951031148433685
0.20937399566173553
0.20922625064849854
0.20902466773986816
0.20904068648815155
0.20893335342407227
0.20883809030056
0.20866796374320984
0.2087809443473816
0.20856203138828278
0.2085091918706894
0.2084556221961975
0.2083715945482254
0.20830148458480835
0.20821261405944824
0.20807716250419617
0.2080833464860916
0.20798452198505402
0.20794793963432312
0.20792819559574127
0.20785777270793915
0.20766915380954742
0.20759913325309753
0.20742167532444
0.2073306441307068
0.2072140872478485
0.2071213573217392
0.2073659747838974
0.20766963064670563
0.20753517746925354
0.20737473666667938
0.20727066695690155
0.20687182247638702
0.20679537951946259
0.20733775198459625
0.20700375735759735
0.20697681605815887
0.2068057358264923
0.20672234892845154
0.20663490891456604
0.20655015110969543
0.20639705657958984
0.20638519525527954
0.20644982159137726
0.206254780292511
0.20621725916862488
0.20617252588272095
0.20612934231758118
0.20609256625175476
0.20598730444908142
0.2059384137392044
0.20584996044635773
0.20596736669540405
0.20593580603599548
0.20590923726558685
0.20584501326084137
0.20583687722682953
0.20573049783706665
0.20564250648021698
0.20560136437416077
0.20549753308296204
0.20543304085731506
0.20540551841259003
0.2053859829902649
0.20526042580604553
0.2052144855260849
0.2051832675933838
0.20516487956047058
0.20509982109069824
0.2050665020942688
0.2049800604581833
0.2049248218536377
0.20487645268440247
0.20486821234226227
0.20482608675956726
0.20488031208515167
0.20478977262973785
0.2047090381383896
0.20461073517799377
0.20457810163497925
0.20454810559749603
0.20451222360134125
0.2047097086906433
0.20467089116573334
0.20460441708564758
0.20450979471206665
0.2043933868408203
0.20425286889076233
0.20421165227890015
0.20418451726436615
0.20416119694709778
0.20425447821617126
0.2042675018310547
0.20422235131263733
0.20417866110801697
0.20414836704730988
0.2040545791387558
0.20399881899356842
0.2039235383272171
0.20389388501644135
0.20381323993206024
0.203724205493927
0.20366975665092468
0.20365175604820251
0.20357920229434967
0.20353126525878906
0.2035175859928131
0.2034592181444168
0.20341140031814575
0.2035008668899536
0.20336231589317322
0.20338045060634613
0.20334948599338531
0.20327873528003693
0.20326846837997437
0.20321089029312134
0.20328645408153534
0.2033892422914505
0.20322825014591217
0.20329488813877106
0.2032075673341751
0.20312803983688354
0.20313426852226257
0.2030395269393921
0.20301152765750885
0.20296171307563782
0.2029062956571579
0.20283760130405426
0.20278994739055634
0.20275111496448517
0.2027539163827896
0.2026747465133667
0.2027236670255661
0.20263320207595825
0.20256353914737701
0.202501580119133
0.202519491314888
0.20246835052967072
0.20244713127613068
0.20242953300476074
0.20240812003612518
0.20239929854869843
0.20237599313259125
0.20237477123737335
0.20230193436145782
0.20227082073688507
0.20224721729755402
0.20223960280418396
0.20218047499656677
0.2021879404783249
0.20218710601329803
0.20218327641487122
0.20216906070709229
0.20213760435581207
0.20211049914360046
0.20207054913043976
0.20207065343856812
0.20202066004276276
0.20198701322078705
0.20196864008903503
0.201951265335083
0.20191822946071625
0.20191800594329834
0.20192202925682068
0.20180858671665192
0.20184145867824554
0.2018529325723648
0.20178581774234772
0.2017747163772583
0.20175765454769135
0.20172198116779327
0.2017051726579666
0.20167681574821472
0.201669380068779
0.20164301991462708
0.2016093134880066
0.20158876478672028
0.20155422389507294
0.2015465945005417
0.20151816308498383
0.20151416957378387
0.2014692723751068
0.2014782428741455
0.2014818787574768
0.20146766304969788
0.20150226354599
0.20143841207027435
0.20138877630233765
0.20139726996421814
0.20135846734046936
0.20132561028003693
0.2012919932603836
0.2012663036584854
0.20127041637897491
0.20126894116401672
0.20120933651924133
0.201266348361969
0.20119978487491608
0.20116391777992249
0.20112861692905426
0.20111703872680664
0.2010750025510788
0.20105348527431488
0.2010369747877121
0.20100581645965576
0.20101843774318695
0.20100750029087067
0.20097646117210388
0.2009482979774475
0.20091749727725983
0.20090077817440033
0.20087264478206635
0.2008463740348816
0.20082341134548187
0.20080898702144623
0.20076608657836914
0.20075993239879608
0.20073533058166504
0.20071682333946228
0.20070575177669525
0.20069006085395813
0.20067687332630157
0.20068590342998505
0.2006659358739853
0.20061348378658295
0.20058433711528778
0.2005789875984192
0.20055077970027924
0.2005174160003662
0.2004985362291336
0.2004828304052353
0.20045152306556702
0.20043015480041504
0.20040161907672882
0.20041701197624207
