0.5828561186790466
0.44874700903892517
0.39105603098869324
0.3562838137149811
0.33262622356414795
0.3172086775302887
0.30488264560699463
0.29666149616241455
0.289324551820755
0.284483402967453
0.27853044867515564
0.2705777585506439
0.26504772901535034
0.25854602456092834
0.2528822720050812
0.24777141213417053
0.24281682074069977
0.23710380494594574
0.24277323484420776
0.24183499813079834
0.23444953560829163
0.2297239750623703
0.22613705694675446
0.22444108128547668
0.22986139357089996
0.22664949297904968
0.21480980515480042
0.2157888263463974
0.21607451140880585
0.21352103352546692
0.20712974667549133
0.1973160356283188
0.20043930411338806
0.20074115693569183
0.19697149097919464
0.18873704969882965
0.1847209930419922
0.18319617211818695
0.17886900901794434
0.17450641095638275
0.1710701286792755
0.1684255748987198
0.1697089672088623
0.17407749593257904
0.1680264174938202
0.1692960411310196
0.16111858189105988
0.16231827437877655
0.18423667550086975
0.17484837770462036
0.1690533310174942
0.15859217941761017
0.15083956718444824
0.14590461552143097
0.14323309063911438
0.14083364605903625
0.13764387369155884
0.13331595063209534
0.13245481252670288
0.12961643934249878
0.12480023503303528
0.12268849462270737
0.12063667923212051
0.11888732016086578
0.11596274375915527
0.11309898644685745
0.11001097410917282
0.10813538730144501
0.10918673872947693
0.10531733930110931
0.10394376516342163
0.10651631653308868
0.1027098074555397
0.0965636745095253
0.09499004483222961
0.09164556115865707
0.09891150891780853
0.09514425694942474
0.0892314463853836
0.0864565521478653
0.08380617201328278
0.10799212753772736
0.11916674673557281
0.10098627954721451
0.10365968197584152
0.10411329567432404
0.08391296118497849
0.07845287770032883
0.07529938220977783
0.07292132824659348
0.07143515348434448
0.07049496471881866
0.0751609057188034
0.10857860743999481
0.09380241483449936
0.07397441565990448
0.06690139323472977
0.06407321989536285
0.06039637327194214
0.0601656474173069
0.06098711118102074
0.058417025953531265
0.05629179999232292
0.05722782015800476
0.05296387895941734
0.05160388723015785
0.04975174739956856
0.0483672060072422
0.04954404756426811
0.04967205971479416
0.04817404970526695
0.045878857374191284
0.04388193413615227
0.04329777508974075
0.042501118034124374
0.0419328473508358
0.04124500975012779
0.041781947016716
0.040747642517089844
0.03981469199061394
0.04101208224892616
0.04021554812788963
0.03890391066670418
0.039277464151382446
0.03913319110870361
0.037774957716464996
0.03696134313941002
0.03643503040075302
0.04170156270265579
0.03953317925333977
0.03709776699542999
0.03596429154276848
0.035209670662879944
0.034691669046878815
0.03405982628464699
0.034420985728502274
0.03491898253560066
0.03422464802861214
0.03342149779200554
0.03208034113049507
0.03673136234283447
0.032061558216810226
0.033754635602235794
0.031046736985445023
0.030588066205382347
0.02958686277270317
0.03170366957783699
0.03014681302011013
0.0288681760430336
0.029654288664460182
0.028377776965498924
0.028453104197978973
0.02747398428618908
0.027106359601020813
0.026596538722515106
0.026398582383990288
0.02621454931795597
0.025962095707654953
0.027017109096050262
0.026420332491397858
0.027080511674284935
0.0254347026348114
0.032489195466041565
0.03189122676849365
0.02751004323363304
0.0248867180198431
0.024938402697443962
0.02505810372531414
0.024623801931738853
0.023430071771144867
0.022654378786683083
0.022337140515446663
0.022045936435461044
0.02165575511753559
0.02123405598104
0.021436132490634918
0.03072413057088852
0.025090038776397705
0.02331097237765789
0.048260483890771866
0.037073489278554916
0.028518611565232277
0.023616328835487366
0.02222398854792118
0.0214611254632473
0.020693087950348854
0.021053075790405273
0.02000403217971325
0.019672822207212448
0.01984797976911068
0.01875942386686802
0.0184736680239439
0.017949212342500687
0.017830772325396538
0.01766398549079895
0.022611001506447792
0.02074872888624668
0.019338538870215416
0.017927564680576324
0.01717284321784973
0.01690320484340191
0.01681009866297245
0.019426921382546425
0.0168633870780468
0.016332997009158134
0.015559201128780842
0.015032677911221981
0.014712970703840256
0.02026509679853916
0.020116010680794716
0.017536144703626633
0.014661137014627457
0.014329997822642326
0.014322839677333832
0.013990691863000393
0.01441984809935093
0.01423245295882225
0.013704369775950909
0.013467391021549702
0.01332894992083311
0.013142808340489864
0.013014900498092175
0.012903176248073578
0.01277080737054348
0.012693388387560844
0.012797870673239231
0.01266398560255766
0.012526844628155231
0.012456164695322514
0.012609122321009636
0.012340600602328777
0.01221507042646408
0.012102235108613968
0.01207346748560667
0.012131685391068459
0.01196802593767643
0.011877454817295074
0.011838534846901894
0.01232419814914465
0.012885209172964096
0.011974189430475235
0.01333141140639782
0.012265844270586967
0.011904669925570488
0.011565623804926872
0.011443732306361198
0.011323986575007439
0.011224236339330673
0.011208346113562584
0.01110103540122509
0.010991659946739674
0.010925274342298508
0.010835372842848301
0.010902476496994495
0.010802465490996838
0.010817199014127254
0.010653240606188774
0.010786181315779686
0.010937551967799664
0.010521085932850838
0.010397364385426044
0.010306056588888168
0.010218319483101368
0.010143065825104713
0.010091524571180344
0.010055829770863056
0.009949547238647938
0.009948380291461945
0.010120624676346779
0.010087528266012669
0.009948497638106346
0.009899035096168518
0.009883375838398933
0.010016901418566704
0.009698443114757538
0.009615989401936531
0.009612522087991238
0.00939637515693903
0.00934512633830309
0.009485647082328796
0.00970060471445322
0.00967340636998415
0.009293314069509506
0.009115315042436123
0.009046207182109356
0.008948070928454399
0.008872151374816895
0.009150536730885506
0.009016470052301884
0.009149801917374134
0.009187283925712109
0.008920595049858093
0.008996088989078999
0.008730558678507805
0.008609659038484097
0.008545363321900368
0.00840908382087946
0.008507480844855309
0.008369206450879574
0.008323916234076023
0.008183480240404606
0.008170918561518192
0.008227042853832245
0.008174705319106579
0.008088982664048672
0.007968056946992874
0.008050591684877872
0.008232827298343182
0.008009107783436775
0.007792123127728701
0.0077911061234772205
0.007733301725238562
0.0076711056753993034
0.0076463595032691956
0.007587031926959753
0.007615084294229746
0.0075851548463106155
0.007508372887969017
0.0074666631408035755
0.00749868992716074
0.007772611919790506
0.007988125085830688
0.007778184954077005
0.0077082025818526745
0.008228329941630363
0.00818259734660387
0.007746183779090643
0.007519209291785955
0.007660704664885998
0.007542552426457405
0.007351940497756004
0.007227634079754353
0.007190657779574394
0.0071604554541409016
0.007118789479136467
0.0070951771922409534
0.007084250915795565
0.007049343083053827
0.00703116599470377
0.007015167269855738
0.006973132025450468
0.006934391800314188
0.006980346515774727
0.007036151830106974
0.006986780557781458
0.006968097295612097
0.007017604075372219
0.007060661446303129
0.00785404909402132
0.007521115243434906
0.007166724186390638
0.007006015162914991
0.006921058055013418
0.006843168754130602
0.006722334306687117
0.006743547506630421
0.00668878061696887
0.006618267856538296
0.0065809497609734535
0.0065461741760373116
0.0065000467002391815
0.006472086068242788
0.006590147037059069
0.006666404660791159
0.006464702542871237
0.006518388632684946
0.006470901425927877
0.006382874678820372
0.006380385719239712
0.006278106942772865
0.006248059682548046
0.0062216343358159065
0.0062848832458257675
0.006232001818716526
0.0062207188457250595
0.00614643469452858
0.006113477051258087
0.006123309023678303
0.006115828640758991
0.006100906059145927
0.006082706153392792
0.006011773832142353
0.005980566143989563
0.005955546163022518
0.0059650312177836895
0.005953355226665735
0.00598981324583292
0.006026289891451597
0.005906552542001009
0.00587832136079669
0.005895022302865982
0.005810534115880728
0.005780903622508049
0.005743344314396381
0.005748384166508913
0.005689430050551891
0.005701662041246891
0.005668056663125753
0.005635347682982683
0.005609855521470308
0.005575466435402632
0.00555364228785038
0.005546644330024719
0.005521956831216812
0.005493810400366783
0.005493401549756527
0.005571727640926838
0.005528859794139862
0.005524946376681328
0.005450580734759569
0.005401641596108675
0.005369419697672129
0.005370940547436476
0.005353492219001055
0.005356147885322571
0.005318246316164732
0.005311521235853434
0.005303661338984966
0.005301304627209902
0.005280411336570978
0.005272719543427229
0.00526032829657197
0.005279644392430782
0.005248682573437691
0.00524755148217082
0.005241858772933483
0.005220023915171623
0.005196843761950731
0.0051898472011089325
0.005178696010261774
0.005219041835516691
0.005198440980166197
0.0051642125472426414
0.005141529720276594
0.005130990874022245
0.005119887180626392
0.005090756341814995
0.005089783575385809
0.005062669049948454
0.00505676306784153
0.005049773026257753
0.005029631778597832
0.005014955531805754
0.0050025032833218575
0.004994250368326902
0.0049932608380913734
0.004969415720552206
0.004961538128554821
0.004997842945158482
0.005002673249691725
0.004957455676048994
0.0049522495828568935
0.004918267950415611
0.004897587932646275
0.0048860530368983746
0.004874355625361204
0.004970930051058531
0.005028428044170141
0.004953298252075911
0.004907001741230488
0.004886000882834196
0.004859382286667824
0.004852029494941235
0.004806895740330219
0.004801473114639521
0.004789200145751238
0.004767024423927069
0.004759846720844507
0.004750267136842012
0.004739074967801571
0.004727816674858332
0.004711233079433441
0.004699195269495249
0.004692503251135349
0.004673362709581852
0.004659941419959068
0.004656576085835695
0.004648339934647083
0.004684947431087494
0.004727927502244711
0.004693713039159775
0.004655630327761173
0.004641882609575987
0.0045973164960742
0.00458241393789649
0.0045709083788096905
0.004548570606857538
0.004539357032626867
0.004524936433881521
0.004513514693826437
0.0045175375416874886
0.0045006233267486095
0.00452893041074276
0.004501944873481989
0.004463482182472944
0.004451463930308819
0.004431633744388819
0.0044138734228909016
0.004402244929224253
0.004414785653352737
0.004423897247761488
0.004392705392092466
0.004384603817015886
0.0044104731641709805
0.004387263208627701
0.004355302546173334
0.00433501647785306
0.004319243598729372
0.004307091236114502
0.00428354274481535
0.004274655133485794
0.004261048510670662
0.004249526187777519
0.0042526572942733765
0.004246593452990055
0.004262413829565048
0.0042466227896511555
0.004236324690282345
0.004227474797517061
0.004218812566250563
0.004210032057017088
0.004206527024507523
0.004201384726911783
0.004191316664218903
0.0041900137439370155
0.004181404132395983
0.004173510707914829
0.004177656024694443
0.004163983277976513
0.004156655631959438
0.004151070024818182
0.004156359937041998
0.004136955831199884
0.004135587252676487
0.004130416549742222
0.00413226755335927
0.0041212476789951324
0.004111384507268667
0.004105831030756235
0.004097943194210529
0.004105379339307547
0.004087457899004221
0.0040828995406627655
0.004080347716808319
0.00407369714230299
0.0041174269281327724
0.004096650052815676
0.004092821851372719
0.004078015219420195
0.00406131474301219
0.004047594033181667
0.004042346961796284
0.004026656039059162
0.004024876747280359
0.004018218256533146
0.00400739349424839
0.004049110691994429
0.004046844784170389
0.0040245577692985535
0.004010086879134178
0.003996976651251316
0.003985793329775333
0.0039749182760715485
0.003969262819737196
0.003966941963881254
0.003964809700846672
0.003954608459025621
0.003942679613828659
0.003931949846446514
0.003927414771169424
0.003925338853150606
0.003919453825801611
0.003928345628082752
0.003938441164791584
0.0039427923038601875
0.003921351861208677
0.003889116458594799
0.003881818149238825
0.003907232545316219
0.0038983148988336325
0.0038769880775362253
0.0038705789484083652
0.0038601215928792953
0.003851278917863965
0.0038379270117729902
0.003830710658803582
0.003839729819446802
0.003843137761577964
0.003823589300736785
0.003817071905359626
0.003810807131230831
0.0038039276842027903
0.003795061493292451
0.003795934608206153
0.0037870213855057955
0.003767076414078474
0.003770825918763876
0.0037655073683708906
0.0037520811893045902
0.0037470338866114616
0.0037397670093923807
