0.5712220668792725
0.45982813835144043
0.4177566468715668
0.3922306299209595
0.3788294196128845
0.35837671160697937
0.34465911984443665
0.3352962136268616
0.3257312774658203
0.3170028626918793
0.3093220889568329
0.3046500086784363
0.2960626184940338
0.2924340069293976
0.2858937382698059
0.27980998158454895
0.2765370309352875
0.27603763341903687
0.2665254771709442
0.26063549518585205
0.25580015778541565
0.2573324739933014
0.25154605507850647
0.24316167831420898
0.243881493806839
0.2390013337135315
0.2511376440525055
0.24831998348236084
0.23237310349941254
0.22928811609745026
0.22242940962314606
0.21724943816661835
0.20957151055335999
0.20632418990135193
0.19959650933742523
0.1991618424654007
0.1937548965215683
0.18801312148571014
0.20004595816135406
0.1979558765888214
0.19267027080059052
0.20498797297477722
0.1924535036087036
0.17764614522457123
0.17068083584308624
0.1640830785036087
0.15998545289039612
0.1609536111354828
0.1616697460412979
0.15232694149017334
0.15578565001487732
0.15141528844833374
0.1434781700372696
0.14403153955936432
0.13929569721221924
0.13482056558132172
0.13040034472942352
0.12613481283187866
0.12126850336790085
0.11835818737745285
0.11593220382928848
0.11431624740362167
0.10986091941595078
0.10638964921236038
0.10288046300411224
0.0992937758564949
0.10119684785604477
0.09821636974811554
0.0953378826379776
0.10266424715518951
0.10128401219844818
0.09446731209754944
0.08759453147649765
0.08405493199825287
0.08292883634567261
0.07833565026521683
0.07457035034894943
0.0726449191570282
0.06885659694671631
0.06865781545639038
0.06540393829345703
0.06404535472393036
0.06163409352302551
0.06253884732723236
0.0634097084403038
0.06080220267176628
0.055839698761701584
0.05349968001246452
0.0524258054792881
0.09073437005281448
0.08660349994897842
0.07288320362567902
0.05843518301844597
0.05598849058151245
0.0494060255587101
0.044172678142786026
0.04177004471421242
0.03860105201601982
0.039723750203847885
0.035338953137397766
0.03395784646272659
0.03275549039244652
0.03145020082592964
0.03136860206723213
0.037958648055791855
0.03750072047114372
0.039873864501714706
0.03261945769190788
0.028572436422109604
0.027132289484143257
0.025486592203378677
0.024162525311112404
0.023042727261781693
0.022464049980044365
0.021765900775790215
0.020966416224837303
0.020679933950304985
0.019771629944443703
0.019310975447297096
0.01915169507265091
0.02229064330458641
0.020251283422112465
0.018220484256744385
0.01643512025475502
0.016512764617800713
0.01568465866148472
0.015697937458753586
0.014665935188531876
0.01457107812166214
0.013926574029028416
0.013717759400606155
0.013476012274622917
0.01321770902723074
0.013030714355409145
0.01281793974339962
0.012582642026245594
0.012547182850539684
0.012154150754213333
0.012076704762876034
0.06232587248086929
0.030449029058218002
0.019590813666582108
0.015849197283387184
0.013698169030249119
0.012765530496835709
0.012058542110025883
0.011631661094725132
0.01151337567716837
0.012334141880273819
0.011521652340888977
0.010637639090418816
0.010429021902382374
0.010071680881083012
0.009915001690387726
0.009719314984977245
0.009882249869406223
0.010009698569774628
0.009635897353291512
0.009319910779595375
0.008962825872004032
0.008750931359827518
0.008744286373257637
0.008428853936493397
0.008403721265494823
0.008343632332980633
0.008073528297245502
0.007798146456480026
0.008368885144591331
0.007760297507047653
0.007628419436514378
0.007742631249129772
0.0076481313444674015
0.007311190944164991
0.007004878018051386
0.006865006871521473
0.006697573699057102
0.006830234080553055
0.00657408544793725
0.006418678909540176
0.00627298466861248
0.006162406411021948
0.006049490999430418
0.00600435072556138
0.005918501876294613
0.005818864330649376
0.0057271565310657024
0.0056138793006539345
0.005545333027839661
0.005660305730998516
0.0055557731539011
0.005299971904605627
0.005226181820034981
0.005106378346681595
0.005025131162256002
0.004973509814590216
0.004901226609945297
0.004855581093579531
0.004704505670815706
0.00463959900662303
0.004582439083606005
0.004540246445685625
0.004408964887261391
0.0045082224532961845
0.00441324757412076
0.004311795812100172
0.004213873762637377
0.0041460576467216015
0.004064382519572973
0.004026235081255436
0.0039498284459114075
0.0039048942271620035
0.0038559716194868088
0.003828397486358881
0.003805563785135746
0.0037182262167334557
0.00382822728715837
0.0037209861911833286
0.003578962292522192
0.003529708366841078
0.0034984906669706106
0.003470194758847356
0.003411792451515794
0.003340015886351466
0.0033029080368578434
0.0032452295999974012
0.0033066316973417997
0.0032333785202354193
0.00321145448833704
0.003155806800350547
0.003138467203825712
0.0030996077693998814
0.0030950000509619713
0.0030474038794636726
0.003034753492102027
0.0030157039873301983
0.002992247696965933
0.003009485313668847
0.002971541602164507
0.0029409450944513083
0.002903287298977375
0.002879863139241934
0.0029117725789546967
0.0029226508922874928
0.002950289985165
0.0028689636383205652
0.0028565633110702038
0.0028044921346008778
0.002770921913906932
0.002740491647273302
0.002734966343268752
0.0027316086925566196
0.0027003358118236065
0.0026678319554775953
0.002693947870284319
0.0027332173194736242
0.0026408524718135595
0.002613826422020793
0.0025799775030463934
0.0025568583514541388
0.0025245784781873226
0.0025125998072326183
0.0025022239424288273
0.0024772847536951303
0.002456062939018011
0.004338365513831377
0.004796888213604689
0.0035774277057498693
0.003534335643053055
0.002662294078618288
0.002516765845939517
0.0024980215821415186
0.002428499748930335
0.0023871129378676414
0.002333860844373703
0.0022999527864158154
0.0022802662570029497
0.00228869984857738
0.00226545799523592
0.002230658894404769
0.002259740838780999
0.002195322420448065
0.0023292575497180223
0.002413697773590684
0.0023853033781051636
0.0023669966030865908
0.002240798668935895
0.0021629990078508854
0.0021174412686377764
0.0020880892407149076
0.0020528519526124
0.0020196433179080486
0.001996538834646344
0.001978133339434862
0.0019532088190317154
0.001932079205289483
0.0019338142592459917
0.001917832181788981
0.0018942814785987139
0.0018783560954034328
0.0018577079754322767
0.0018482457380741835
0.0018261077348142862
0.0019059283658862114
0.001964022871106863
0.0018917537527158856
0.0025655219797044992
0.0039240093901753426
0.002337777754291892
0.002154488814994693
0.0019594349432736635
0.001859463402070105
0.0017903322586789727
0.0018467276822775602
0.0018861371790990233
0.0017782956128939986
0.0017324680229648948
0.0016813690308481455
0.001655995612964034
0.0016339358408004045
0.0016482085920870304
0.0016562368255108595
0.0016115023754537106
0.00158933165948838
0.0015741849783807993
0.0015582495834678411
0.0015418215189129114
0.001538194832392037
0.0015296386554837227
0.0015266916016116738
0.0015102316392585635
0.001503262436017394
0.0015046695480123162
0.001494096009992063
0.0014866344863548875
0.0015246821567416191
0.00151981005910784
0.0014863050309941173
0.0014690011739730835
0.0014566577738150954
0.0014476922806352377
0.0014394269092008471
0.001434184261597693
0.0014245666097849607
0.0014259524177759886
0.0014319628244265914
0.0014150935458019376
0.0014103885041549802
0.0014088272582739592
0.0013953042216598988
0.0013879971811547875
0.0013808510266244411
0.0013795231934636831
0.0013707245234400034
0.001362685696221888
0.0013566398993134499
0.0013510871212929487
0.001347006531432271
0.0013410811079666018
0.0013349531218409538
0.0013309497153386474
0.0013247987953945994
0.0013231614138931036
0.0013144633267074823
0.0013113723834976554
0.001307578757405281
0.0012992552947252989
0.0012947985669597983
0.0012871880317106843
0.001282100914977491
0.001278109848499298
0.0012730405433103442
0.0012672852026298642
0.0012643352383747697
0.0012577156303450465
0.0012550929095596075
0.0012503941543400288
0.0012448168126866221
0.0012414709199219942
0.0012398691615089774
0.0012323979754000902
0.0012279258808121085
0.0012300722301006317
0.0012233239831402898
0.0012160761980339885
0.0012114690616726875
0.0012083153706043959
0.0012135433498769999
0.001208786154165864
0.0012074924306944013
0.0011982329888269305
0.0011894193012267351
0.0011823420645669103
0.001174100092612207
0.0011672580149024725
0.0011603508610278368
0.0011556375538930297
0.0011760374763980508
0.0011930142063647509
0.0011702346382662654
0.001153619377873838
0.0011404637480154634
0.0011363365920260549
0.0011417753994464874
0.001163208857178688
0.0011496307561174035
0.0011253140401095152
0.0011154317762702703
0.0011076879454776645
0.0011010424932464957
0.0010975176701322198
0.0010855327127501369
0.0010824511991813779
0.0010779043659567833
0.0010707087349146605
0.0010623412672430277
0.0010652553755789995
0.0010570737067610025
0.0010534317698329687
0.0010586250573396683
0.0010508085833862424
0.001041128532961011
0.00103388458956033
0.0010372940450906754
0.0010380909079685807
0.001027552643790841
0.0010216314112767577
0.001018000766634941
0.001014844048768282
0.0010150233283638954
0.0010115229524672031
0.0010063213994726539
0.0010046459501609206
0.0010008091339841485
0.001000082353129983
0.0009970737155526876
0.0009937465656548738
0.0010001319460570812
0.0009975481079891324
0.0010000179754570127
0.0009976644068956375
0.0009930332889780402
0.0009873663075268269
0.000998282921500504
0.0010158265940845013
0.001008457038551569
0.000996784889139235
0.00098590983543545
0.0009778703097254038
0.0009716628701426089
0.0009682807722128928
0.000962782243732363
0.0009591436246410012
0.0009562443592585623
0.0009560913895256817
0.0009521407773718238
0.0009475954575464129
0.0009456676198169589
0.0009437532862648368
0.000944154744502157
0.0009473638492636383
0.0009465885232202709
0.000948494765907526
0.000942277314607054
0.0009364796569570899
0.0009293453185819089
0.0009288029978051782
0.0009235655306838453
0.000919382437132299
0.0009176871972158551
0.00091376225464046
0.0009108658996410668
0.000908804009668529
0.0009059756412170827
0.0009031039662659168
0.0009005134925246239
0.0008979479898698628
0.0008949812618084252
0.0008967050816863775
0.0008950397022999823
0.0008886403520591557
0.0008875800995156169
0.0008848591824062169
0.0008838601061142981
0.0008806480327621102
0.0008804709068499506
0.0008867996511980891
0.0008842047536745667
0.0008794838795438409
0.0008748699328862131
0.0008692786213941872
0.0008729151450097561
0.0009024071041494608
0.000901675783097744
0.0008930836920626462
0.0008765372913330793
0.000869397830683738
0.0008646092028357089
0.0008586426847614348
0.0008546062163077295
0.0008545015007257462
0.0008501472766511142
0.0008475910290144384
0.0008451197063550353
0.0008439922239631414
0.0008420669473707676
0.0008374133030883968
0.0008341409848071635
0.0008299826295115054
0.0008275678846985102
0.0008257647859863937
0.0008245263597927988
0.0008214791887439787
0.0008194633410312235
0.0008139784913510084
0.0008149169152602553
0.0008092939388006926
0.0008101104176603258
0.0008505058358423412
0.0009590540430508554
0.0009110142127610743
0.0008610401418991387
0.0008389411377720535
0.0008275655563920736
0.0008150253561325371
0.0008059768588282168
0.0008024809067137539
0.000799274246674031
0.0007952069863677025
0.0007933115703053772
0.0007912199944257736
0.0007911049760878086
0.0007879806216806173
0.0007836255826987326
0.0007811302202753723
0.0007786059868521988
0.0007768208743073046
0.0007759360014460981
0.0007741829031147063
0.0007721719448454678
0.0007708572666160762
0.0007713268860243261
0.0007683277362957597
0.0007672676583752036
0.0007676224922761321
0.0007666376768611372
0.0007657647365704179
0.0007604898419231176
0.0007597490912303329
0.0007659170660190284
0.000767112651374191
0.000764061463996768
0.000760164053644985
0.0007578321383334696
0.0007554433541372418
0.0007533191237598658
0.0007504805107600987
0.0007489609415642917
0.0007469796692021191
0.0007457179017364979
0.000744371791370213
0.0007428255048580468
0.0007420126348733902
0.0007406739750877023
0.0007383981719613075
0.0007372265099547803
0.0007364147459156811
0.0007400989416055381
0.0007389918901026249
0.0007367858779616654
0.0007336389971897006
0.0007322966703213751
0.0007293116650544107
0.0007287579937838018
0.0007268746267072856
0.0007246715249493718
0.0007238065591081977
0.0007222391432151198
0.0007218250539153814
0.0007208894239738584
0.000720164505764842
0.0007177554070949554
0.0007158210501074791
0.0007155155180953443
0.0007138976361602545
0.0007126706768758595
0.0007111988379620016
0.0007116167689673603
0.0007094456814229488
0.0007096460903994739
0.0007072956068441272
0.0007057690527290106
0.0007051980355754495
0.0007038061739876866
0.0007017871248535812
0.000701900280546397
0.0006999698816798627
0.0006987554370425642
0.0006974459975026548
0.0006956651923246682
0.0006942927138879895
0.0006942714098840952
