0.718068540096283
0.7881619930267334
0.8239875435829163
0.8348909616470337
0.8457943797111511
0.855140209197998
0.8582554459571838
0.8676012754440308
0.8753893971443176
0.8769470453262329
0.8785046935081482
0.8785046935081482
0.8831775784492493
0.8847352266311646
0.8847352266311646
0.8847352266311646
0.8894081115722656
0.8909657597541809
0.895638644695282
0.8894081115722656
0.8909657597541809
0.9065420627593994
0.9112149477005005
0.914330244064331
0.9065420627593994
0.9112149477005005
0.9205607771873474
0.9221183657646179
0.9330217838287354
0.9361370801925659
0.9392523169517517
0.9361370801925659
0.9376947283744812
0.9454828500747681
0.9283488988876343
0.9299065470695496
0.9345794320106506
0.9283488988876343
0.9454828500747681
0.9470404982566833
0.9501557350158691
0.9517133831977844
0.9563862681388855
0.9579439163208008
0.9563862681388855
0.954828679561615
0.9595015645027161
0.9579439163208008
0.9579439163208008
0.9532710313796997
0.9501557350158691
0.9626168012619019
0.9626168012619019
0.9626168012619019
0.9626168012619019
0.9485981464385986
0.9657320976257324
0.9672897458076477
0.9719626307487488
0.9704049825668335
0.9719626307487488
0.9735202789306641
0.9766355156898499
0.9797507524490356
0.9797507524490356
0.9781931638717651
0.9672897458076477
0.9735202789306641
0.9750778675079346
0.985981285572052
0.9797507524490356
0.985981285572052
0.9797507524490356
0.9844236969947815
0.9922118186950684
0.9875389337539673
0.9922118186950684
0.9906542301177979
0.9953271150588989
0.9922118186950684
0.9922118186950684
0.9922118186950684
0.9890965819358826
0.9937694668769836
0.9922118186950684
0.9937694668769836
0.9953271150588989
0.9953271150588989
0.9968847632408142
0.9968847632408142
0.9968847632408142
0.9968847632408142
0.9968847632408142
0.9984423518180847
0.9984423518180847
0.9984423518180847
0.9984423518180847
0.9984423518180847
0.9984423518180847
0.9984423518180847
0.9719626307487488
0.9003115296363831
0.926791250705719
0.940809965133667
0.9735202789306641
0.9875389337539673
0.9968847632408142
0.9968847632408142
0.9984423518180847
0.9984423518180847
0.9984423518180847
0.9984423518180847
0.9984423518180847
0.9953271150588989
0.9984423518180847
1.0
0.9984423518180847
0.9984423518180847
0.9984423518180847
0.9984423518180847
0.9984423518180847
1.0
1.0
1.0
1.0
1.0
1.0
1.0
1.0
1.0
1.0
1.0
1.0
1.0
1.0
1.0
1.0
1.0
1.0
1.0
1.0
1.0
1.0
1.0
1.0
1.0
1.0
1.0
1.0
1.0
1.0
1.0
1.0
1.0
1.0
1.0
1.0
1.0
1.0
1.0
1.0
1.0
1.0
1.0
1.0
1.0
1.0
1.0
1.0
1.0
1.0
1.0
1.0
1.0
1.0
1.0
1.0
1.0
1.0
1.0
1.0
1.0
1.0
1.0
1.0
1.0
1.0
1.0
1.0
1.0
1.0
1.0
1.0
1.0
1.0
1.0
1.0
1.0
1.0
1.0
1.0
1.0
1.0
1.0
1.0
1.0
1.0
1.0
1.0
1.0
1.0
1.0
1.0
1.0
1.0
1.0
1.0
1.0
1.0
1.0
1.0
1.0
1.0
1.0
1.0
1.0
1.0
1.0
1.0
1.0
1.0
1.0
1.0
1.0
1.0
1.0
1.0
1.0
1.0
1.0
1.0
1.0
1.0
1.0
1.0
1.0
1.0
1.0
1.0
1.0
1.0
1.0
1.0
1.0
1.0
1.0
1.0
1.0
1.0
1.0
1.0
1.0
1.0
1.0
1.0
1.0
1.0
1.0
1.0
1.0
1.0
1.0
1.0
1.0
1.0
1.0
1.0
1.0
1.0
1.0
1.0
1.0
1.0
1.0
1.0
1.0
1.0
1.0
1.0
1.0
1.0
1.0
1.0
1.0
1.0
1.0
1.0
1.0
1.0
1.0
1.0
1.0
1.0
1.0
1.0
1.0
1.0
1.0
1.0
1.0
1.0
1.0
1.0
1.0
1.0
1.0
1.0
1.0
1.0
1.0
1.0
1.0
1.0
1.0
1.0
1.0
1.0
1.0
1.0
1.0
1.0
1.0
1.0
1.0
1.0
1.0
1.0
1.0
1.0
1.0
1.0
1.0
1.0
1.0
1.0
1.0
1.0
1.0
1.0
1.0
1.0
1.0
1.0
1.0
1.0
1.0
1.0
1.0
1.0
1.0
1.0
1.0
1.0
1.0
1.0
1.0
1.0
1.0
1.0
1.0
1.0
1.0
1.0
1.0
1.0
1.0
1.0
1.0
1.0
1.0
1.0
1.0
1.0
1.0
1.0
1.0
1.0
1.0
1.0
1.0
1.0
1.0
1.0
1.0
1.0
1.0
1.0
1.0
1.0
1.0
1.0
1.0
1.0
1.0
1.0
1.0
1.0
1.0
1.0
1.0
1.0
1.0
1.0
1.0
1.0
1.0
1.0
1.0
1.0
1.0
1.0
1.0
1.0
1.0
1.0
1.0
1.0
1.0
1.0
1.0
1.0
1.0
1.0
1.0
1.0
1.0
1.0
1.0
1.0
1.0
1.0
1.0
1.0
1.0
1.0
1.0
1.0
1.0
1.0
1.0
1.0
1.0
1.0
1.0
1.0
1.0
1.0
1.0
1.0
1.0
1.0
1.0
1.0
1.0
1.0
1.0
1.0
1.0
1.0
1.0
1.0
1.0
1.0
1.0
1.0
1.0
1.0
1.0
1.0
1.0
1.0
1.0
1.0
1.0
1.0
1.0
1.0
1.0
1.0
1.0
1.0
1.0
1.0
1.0
1.0
1.0
1.0
1.0
1.0
1.0
1.0
1.0
1.0
1.0
1.0
1.0
1.0
1.0
1.0
1.0
1.0
1.0
1.0
1.0
1.0
1.0
1.0
1.0
1.0
1.0
1.0
1.0
1.0
1.0
1.0
1.0
1.0
1.0
1.0
1.0
1.0
1.0
1.0
1.0
1.0
1.0
1.0
1.0
1.0
1.0
1.0
1.0
1.0
1.0
1.0
1.0
1.0
1.0
1.0
1.0
1.0
1.0
1.0
1.0
1.0
1.0
1.0
1.0
1.0
1.0
1.0
1.0
1.0
1.0
1.0
1.0
1.0
1.0
1.0
1.0
1.0
1.0
1.0
1.0
1.0
1.0
1.0
1.0
1.0
1.0
1.0
1.0
1.0
1.0
1.0
1.0
1.0
1.0
1.0
1.0
1.0
1.0
1.0
1.0
1.0
1.0
1.0
1.0
1.0
1.0
1.0
1.0
1.0
1.0
1.0
1.0
