0.678404688835144
0.5520254969596863
0.48785993456840515
0.4457128942012787
0.4129144251346588
0.3921366035938263
0.37676331400871277
0.36749470233917236
0.35798314213752747
0.35027822852134705
0.34269630908966064
0.33461734652519226
0.3265804946422577
0.320690393447876
0.3137105107307434
0.30705931782722473
0.30108821392059326
0.29618018865585327
0.2899165451526642
0.28513818979263306
0.2794477045536041
0.2775631844997406
0.2727591395378113
0.2687545120716095
0.2652972340583801
0.26165464520454407
0.26187023520469666
0.2611115574836731
0.2553495466709137
0.25223061442375183
0.24907329678535461
0.24543623626232147
0.24560926854610443
0.24076922237873077
0.2373024970293045
0.23564530909061432
0.23304130136966705
0.23055334389209747
0.23571117222309113
0.22951167821884155
0.24089756608009338
0.23413261771202087
0.22665369510650635
0.22311681509017944
0.21860143542289734
0.21448488533496857
0.21254387497901917
0.20984269678592682
0.20904847979545593
0.20663321018218994
0.2085554152727127
0.20490843057632446
0.20088224112987518
0.19980676472187042
0.1960325688123703
0.19434905052185059
0.1922709345817566
0.19067616760730743
0.1881697028875351
0.18626055121421814
0.1838570386171341
0.19044727087020874
0.1844501495361328
0.1945899873971939
0.18820099532604218
0.18052938580513
0.17726050317287445
0.1742202341556549
0.17171518504619598
0.17166759073734283
0.17075926065444946
0.16739481687545776
0.1637856662273407
0.1631315052509308
0.1619047373533249
0.15700939297676086
0.1558101624250412
0.15338189899921417
0.152572900056839
0.15077875554561615
0.1486322581768036
0.14793968200683594
0.14811794459819794
0.14541012048721313
0.14252397418022156
0.14301414787769318
0.13973525166511536
0.1382729411125183
0.1360774040222168
0.15610377490520477
0.14511162042617798
0.1374136209487915
0.13358211517333984
0.13424837589263916
0.12836651504039764
0.12555932998657227
0.12473496794700623
0.12392036616802216
0.1240975484251976
0.12114571779966354
0.11938582360744476
0.11633149534463882
0.11667875200510025
0.11752047389745712
0.12684760987758636
0.12583816051483154
0.12733358144760132
0.11974314600229263
0.11209560185670853
0.1097763404250145
0.10574314743280411
0.10406889766454697
0.105383962392807
0.10290076583623886
0.10293497145175934
0.09967347234487534
0.10963929444551468
0.114317886531353
0.10514190793037415
0.10155702382326126
0.09678676724433899
0.09395430237054825
0.10260021686553955
0.09889284521341324
0.09437882155179977
0.09162375330924988
0.09023474901914597
0.08853653818368912
0.08688528835773468
0.08642373234033585
0.0855153426527977
0.08456245809793472
0.08377198129892349
0.10331378877162933
0.10263706743717194
0.08752743154764175
0.08450192958116531
0.08276013284921646
0.08154883980751038
0.09107115119695663
0.09129449725151062
0.08334314078092575
0.08144864439964294
0.0794418528676033
0.07827813923358917
0.07793868333101273
0.07691921293735504
0.0764591321349144
0.07774198800325394
0.07678553462028503
0.07492752373218536
0.07445012778043747
0.0738818421959877
0.07310327887535095
0.07242223620414734
0.07205194979906082
0.07161591202020645
0.07110484689474106
0.07069209218025208
0.07003038376569748
0.06967035681009293
0.0695289894938469
0.06868567317724228
0.06875943392515182
0.06823506951332092
0.06742662191390991
0.06720808148384094
0.06934457272291183
0.06746498495340347
0.06662800163030624
0.06678938120603561
0.0673830658197403
0.06523139774799347
0.06461632251739502
0.06409972906112671
0.06355606764554977
0.06310860067605972
0.06273870915174484
0.06265251338481903
0.06165122240781784
0.061624135822057724
0.06092098355293274
0.06064482033252716
0.061245501041412354
0.06419853121042252
0.06584140658378601
0.06257402151823044
0.06043664738535881
0.06062930077314377
0.0605788491666317
0.05829920247197151
0.05768765136599541
0.056971482932567596
0.05646923556923866
0.05635766685009003
0.055739570409059525
0.055390194058418274
0.05585074424743652
0.05495726689696312
0.05401092767715454
0.053617365658283234
0.05306892842054367
0.05335922911763191
0.05205671861767769
0.051892027258872986
0.05145098641514778
0.05154237896203995
0.05095086619257927
0.05042515695095062
0.04992309585213661
0.0495896153151989
0.04910913482308388
0.048888955265283585
0.04861582815647125
0.0482248030602932
0.048379115760326385
0.04719341918826103
0.04725629463791847
0.04665474221110344
0.04653293266892433
0.046222902834415436
0.0472131073474884
0.04560733586549759
0.04516179859638214
0.04425840452313423
0.0440959595143795
0.043737348169088364
0.043510645627975464
0.044934868812561035
0.047132544219493866
0.045289766043424606
0.043968796730041504
0.04303409159183502
0.043508417904376984
0.04335729777812958
0.042745232582092285
0.04280994459986687
0.04237524792551994
0.04148907586932182
0.0411636047065258
0.041186150163412094
0.04141908511519432
0.041125670075416565
0.04110999405384064
0.040691763162612915
0.040373560041189194
0.04000178724527359
0.03959467262029648
0.04297748580574989
0.04565170034766197
0.041466306895017624
0.04001060873270035
0.039610885083675385
0.03951023891568184
0.039837490767240524
0.03913714364171028
0.03842766955494881
0.03798571974039078
0.03747450187802315
0.0371738076210022
0.03708697855472565
0.037025999277830124
0.036759231239557266
0.03644797205924988
0.04149731621146202
0.047558486461639404
0.03899402916431427
0.04528312385082245
0.04098239913582802
0.03758973628282547
0.036248091608285904
0.03552914410829544
0.035450730472803116
0.035193588584661484
0.034896790981292725
0.03463742509484291
0.035521864891052246
0.03499814495444298
0.0342562235891819
0.034310612827539444
0.033715639263391495
0.03443712368607521
0.03504902124404907
0.034247275441884995
0.03370923176407814
0.033340100198984146
0.03298880532383919
0.0337672084569931
0.03366321697831154
0.0330866314470768
0.03244044631719589
0.032088540494441986
0.03183203563094139
0.03152300789952278
0.031202789396047592
0.03095969744026661
0.030792241916060448
0.030640605837106705
0.030564183369278908
0.03020559623837471
0.03009188361465931
0.029892073944211006
0.02987729385495186
0.029792575165629387
0.029760286211967468
0.034803301095962524
0.040180109441280365
0.03318341076374054
0.031302474439144135
0.03028029203414917
0.029513465240597725
0.028968436643481255
0.029016315937042236
0.029645651578903198
0.0290268212556839
0.029054956510663033
0.028327656909823418
0.02797272987663746
0.027726242318749428
0.02753046154975891
0.027286231517791748
0.027129702270030975
0.02760033681988716
0.02749091573059559
0.027113180607557297
0.027100253850221634
0.027182165533304214
0.026994146406650543
0.026946378871798515
0.02659766748547554
0.026402778923511505
0.026332661509513855
0.026224462315440178
0.026182720437645912
0.026429137215018272
0.026242300868034363
0.02596239559352398
0.02577194571495056
0.025666091591119766
0.02560516819357872
0.02555668354034424
0.025478960946202278
0.025394748896360397
0.025306837633252144
0.02524513192474842
0.02514352835714817
0.02508927322924137
0.025045394897460938
0.024942683055996895
0.024807045236229897
0.024788912385702133
0.024714920669794083
0.024612044915556908
0.024588970467448235
0.02446063794195652
0.024391407147049904
0.024417661130428314
0.02427089773118496
0.024231286719441414
0.02418087236583233
0.024020036682486534
0.023972926661372185
0.02389918826520443
0.023871732875704765
0.023766107857227325
0.023713406175374985
0.02369854971766472
0.023558305576443672
0.023505397140979767
0.023444969207048416
0.02334127016365528
0.02332529053092003
0.023256555199623108
0.023190442472696304
0.023042447865009308
0.02311476320028305
0.02300698310136795
0.022916166111826897
0.022883834317326546
0.022716546431183815
0.022766169160604477
0.02260749414563179
0.02252466045320034
0.022488223388791084
0.022441484034061432
0.022843092679977417
0.022466160356998444
0.02229882776737213
0.02220749668776989
0.022102462127804756
0.022088700905442238
0.022308800369501114
0.022081900388002396
0.021833714097738266
0.021742261946201324
0.021648766472935677
0.021991856396198273
0.021875953301787376
0.02164357714354992
0.021471401676535606
0.021412266418337822
0.02148331329226494
0.021307161077857018
0.021534139290452003
0.02210269682109356
0.021630747243762016
0.02127700485289097
0.021114250645041466
0.020996324717998505
0.02097579836845398
0.02083522640168667
0.020755987614393234
0.020659014582633972
0.02060590125620365
0.020504863932728767
0.0206803809851408
0.020492566749453545
0.020504875108599663
0.02041473798453808
0.020297516137361526
0.02019207738339901
0.02010408602654934
0.02037501335144043
0.020310619845986366
0.02012622356414795
0.020026102662086487
0.019954590126872063
0.019857661798596382
0.019798653200268745
0.019771762192249298
0.019687026739120483
0.019590741023421288
0.019613943994045258
0.019579380750656128
0.019509993493556976
0.019452029839158058
0.019404081627726555
0.0193597674369812
0.019376549869775772
0.019387749955058098
0.019600149244070053
0.019681140780448914
0.019589990377426147
0.01944235898554325
0.0194307342171669
0.01943192631006241
0.019289536401629448
0.019197827205061913
0.019110236316919327
0.0190329160541296
0.018984217196702957
0.018919870257377625
0.018894029781222343
0.018899835646152496
0.01883607730269432
0.01878327876329422
0.018747340887784958
0.018723050132393837
0.018704114481806755
0.018680987879633904
0.018676962703466415
0.018616972491145134
0.0185871385037899
0.0185273215174675
0.018480269238352776
0.01845235750079155
0.018456213176250458
0.018402043730020523
0.018401356413960457
0.01845775730907917
0.018446097150444984
0.01838812418282032
0.018324272707104683
0.018263541162014008
0.01825636625289917
0.01828889548778534
0.018221134319901466
0.01818760484457016
0.01814316026866436
0.018054485321044922
0.018025614321231842
0.017982402816414833
0.01794707216322422
0.017905015498399734
0.017902400344610214
0.018080707639455795
0.01813196949660778
0.01802021451294422
0.017885694280266762
0.01779896765947342
0.017791418358683586
0.01808929443359375
0.018227532505989075
0.018132532015442848
0.017899522557854652
0.017802979797124863
0.017727049067616463
0.017624719068408012
0.017562123015522957
0.017538703978061676
0.017482848837971687
0.017446784302592278
0.01739056035876274
0.017357507720589638
0.017347197979688644
0.01728765293955803
0.017253585159778595
0.017221884801983833
0.017158834263682365
0.017192095518112183
0.017143188044428825
0.017069444060325623
0.01703776605427265
0.017090024426579475
0.017039069905877113
0.0170400682836771
0.016988029703497887
0.016919726505875587
0.016874784603714943
0.016880089417099953
0.01682308502495289
0.01678960770368576
0.016727712005376816
0.016761021688580513
0.01670043356716633
0.01666257157921791
0.016632575541734695
0.016607113182544708
0.016595331951975822
0.016586707904934883
0.01658143289387226
0.016561686992645264
0.016535842791199684
0.01651490479707718
0.016500238329172134
0.016478676348924637
0.016463493928313255
0.016442550346255302
0.01642574369907379
0.016419049352407455
0.01640494540333748
0.016389524564146996
0.0163743756711483
0.016362227499485016
0.016338078305125237
0.016329806298017502
0.016326555982232094
0.016321368515491486
0.016340121626853943
0.016357576474547386
0.01634732447564602
0.016287917271256447
0.016259076073765755
0.016231702640652657
0.01620658114552498
0.016184920445084572
0.016175368800759315
0.01614968664944172
0.016132116317749023
0.016115272417664528
0.016099488362669945
0.016097383573651314
0.01609780639410019
0.016078103333711624
0.016057699918746948
0.016037357971072197
0.016027459874749184
0.016035614535212517
0.016062237322330475
0.016082260757684708
0.016033843159675598
0.015977060422301292
0.015947358682751656
0.0159562136977911
0.015915310010313988
0.015907011926174164
0.015861792489886284
0.01583210565149784
0.015828648582100868
0.01581873930990696
0.015778809785842896
0.015762727707624435
0.015752751380205154
0.015725674107670784
0.01570613496005535
0.015690401196479797
0.015688136219978333
0.015716131776571274
0.01593783311545849
0.015911398455500603
0.01586836203932762
0.01577294059097767
0.015696749091148376
0.01563394069671631
0.015601251274347305
0.015588964335620403
0.015544148162007332
0.015526508912444115
0.015501879155635834
0.015485729090869427
0.01548636332154274
