0.40498441457748413
0.4096573293209076
0.41744548082351685
0.4252336323261261
0.43146416544914246
0.43146416544914246
0.43302181363105774
0.4376946985721588
0.44704049825668335
0.44859811663627625
0.45015576481819153
0.45950156450271606
0.4672897160053253
0.4875389337539673
0.48909658193588257
0.4968847334384918
0.5124610662460327
0.5218068361282349
0.5202492475509644
0.5389407873153687
0.5545171499252319
0.5623052716255188
0.5669782161712646
0.573208749294281
0.5716511011123657
0.5841121673583984
0.5981308221817017
0.644859790802002
0.6682242751121521
0.6760124564170837
0.6838006377220154
0.6931464076042175
0.7102803587913513
0.7149532437324524
0.7211837768554688
0.732087254524231
0.7398753762245178
0.7445482611656189
0.7461059093475342
0.7523364424705505
0.7538940906524658
0.7616822719573975
0.767912745475769
0.777258574962616
0.7741432785987854
0.7897196412086487
0.7943925261497498
0.7912772297859192
0.7990654110908508
0.8099688291549683
0.8130841255187988
0.8239875435829163
0.8255451917648315
0.8302180767059326
0.827102780342102
0.8302180767059326
0.8317757248878479
0.8255451917648315
0.8239875435829163
0.827102780342102
0.8348909616470337
0.8348909616470337
0.8380062580108643
0.84112149477005
0.8426791429519653
0.84112149477005
0.8426791429519653
0.8426791429519653
0.8457943797111511
0.8457943797111511
0.8489096760749817
0.8520249128341675
0.8504672646522522
0.8457943797111511
0.8473520278930664
0.8457943797111511
0.8473520278930664
0.8504672646522522
0.855140209197998
0.8535825610160828
0.8504672646522522
0.8504672646522522
0.8489096760749817
0.8520249128341675
0.855140209197998
0.8504672646522522
0.8520249128341675
0.8566977977752686
0.855140209197998
0.855140209197998
0.8598130941390991
0.8613707423210144
0.8644859790802002
0.8629283308982849
0.8629283308982849
0.8629283308982849
0.8644859790802002
0.8629283308982849
0.8598130941390991
0.8613707423210144
0.8629283308982849
0.8660436272621155
0.8660436272621155
0.8660436272621155
0.8644859790802002
0.8598130941390991
0.8629283308982849
0.8644859790802002
0.8613707423210144
0.8629283308982849
0.8613707423210144
0.8629283308982849
0.8660436272621155
0.8660436272621155
0.8644859790802002
0.8660436272621155
0.8660436272621155
0.8660436272621155
0.8660436272621155
0.8660436272621155
0.8676012754440308
0.8676012754440308
0.8676012754440308
0.8676012754440308
0.8644859790802002
0.8629283308982849
0.8660436272621155
0.8691588640213013
0.8660436272621155
0.8660436272621155
0.8644859790802002
0.8707165122032166
0.8707165122032166
0.8691588640213013
0.8691588640213013
0.8676012754440308
0.8707165122032166
0.8691588640213013
0.8722741603851318
0.8707165122032166
0.8676012754440308
0.8691588640213013
0.8691588640213013
0.8691588640213013
0.8676012754440308
0.8691588640213013
0.8722741603851318
0.8707165122032166
0.8691588640213013
0.8691588640213013
0.8691588640213013
0.8691588640213013
0.8707165122032166
0.8707165122032166
0.8707165122032166
0.8691588640213013
0.8707165122032166
0.8691588640213013
0.8691588640213013
0.8707165122032166
0.8738317489624023
0.8738317489624023
0.8738317489624023
0.8722741603851318
0.8753893971443176
0.8753893971443176
0.8722741603851318
0.8722741603851318
0.8722741603851318
0.8722741603851318
0.8738317489624023
0.8707165122032166
0.8722741603851318
0.8691588640213013
0.8707165122032166
0.8691588640213013
0.8691588640213013
0.8676012754440308
0.8676012754440308
0.8707165122032166
0.8691588640213013
0.8676012754440308
0.8660436272621155
0.8676012754440308
0.8691588640213013
0.8676012754440308
0.8707165122032166
0.8691588640213013
0.8691588640213013
0.8722741603851318
0.8707165122032166
0.8707165122032166
0.8707165122032166
0.8707165122032166
0.8707165122032166
0.8707165122032166
0.8707165122032166
0.8707165122032166
0.8691588640213013
0.8753893971443176
0.8738317489624023
0.8722741603851318
0.8722741603851318
0.8738317489624023
0.8738317489624023
0.8738317489624023
0.8722741603851318
0.8707165122032166
0.8769470453262329
0.8738317489624023
0.8753893971443176
0.8722741603851318
0.8722741603851318
0.8722741603851318
0.8707165122032166
0.8707165122032166
0.8707165122032166
0.8722741603851318
0.8722741603851318
0.8707165122032166
0.8738317489624023
0.8753893971443176
0.8738317489624023
0.8722741603851318
0.8722741603851318
0.8722741603851318
0.8722741603851318
0.8707165122032166
0.8707165122032166
0.8691588640213013
0.8691588640213013
0.8707165122032166
0.8722741603851318
0.8738317489624023
0.8738317489624023
0.8722741603851318
0.8738317489624023
0.8722741603851318
0.8753893971443176
0.8738317489624023
0.8722741603851318
0.8644859790802002
0.8676012754440308
0.8707165122032166
0.8676012754440308
0.8738317489624023
0.8676012754440308
0.8691588640213013
0.8691588640213013
0.8691588640213013
0.8691588640213013
0.8707165122032166
0.8707165122032166
0.8707165122032166
0.8722741603851318
0.8722741603851318
0.8738317489624023
0.8691588640213013
0.8676012754440308
0.8722741603851318
0.8722741603851318
0.8722741603851318
0.8707165122032166
0.8722741603851318
0.8691588640213013
0.8722741603851318
0.8722741603851318
0.8691588640213013
0.8707165122032166
0.8738317489624023
0.8722741603851318
0.8722741603851318
0.8753893971443176
0.8738317489624023
0.8722741603851318
0.8722741603851318
0.8722741603851318
0.8707165122032166
0.8707165122032166
0.8707165122032166
0.8691588640213013
0.8691588640213013
0.8707165122032166
0.8722741603851318
0.8707165122032166
0.8753893971443176
0.8753893971443176
0.8753893971443176
0.8753893971443176
0.8722741603851318
0.8738317489624023
0.8738317489624023
0.8753893971443176
0.8738317489624023
0.8738317489624023
0.8722741603851318
0.8738317489624023
0.8722741603851318
0.8722741603851318
0.8722741603851318
0.8738317489624023
0.8738317489624023
0.8738317489624023
0.8738317489624023
0.8738317489624023
0.8722741603851318
0.8707165122032166
0.8738317489624023
0.8753893971443176
0.8753893971443176
0.8753893971443176
0.8738317489624023
0.8722741603851318
0.8753893971443176
0.8738317489624023
0.8722741603851318
0.8722741603851318
0.8722741603851318
0.8691588640213013
0.8707165122032166
0.8707165122032166
0.8707165122032166
0.8738317489624023
0.8738317489624023
0.8722741603851318
0.8691588640213013
0.8707165122032166
0.8722741603851318
0.8753893971443176
0.8676012754440308
0.8707165122032166
0.8707165122032166
0.8753893971443176
0.8722741603851318
0.8691588640213013
0.8691588640213013
0.8753893971443176
0.8738317489624023
0.8753893971443176
0.8753893971443176
0.8722741603851318
0.8738317489624023
0.8722741603851318
0.8722741603851318
0.8753893971443176
0.8753893971443176
0.8738317489624023
0.8722741603851318
0.8722741603851318
0.8722741603851318
0.8722741603851318
0.8722741603851318
0.8722741603851318
0.8707165122032166
0.8707165122032166
0.8722741603851318
0.8722741603851318
0.8722741603851318
0.8753893971443176
0.8722741603851318
0.8707165122032166
0.8738317489624023
0.8722741603851318
0.8722741603851318
0.8722741603851318
0.8707165122032166
0.8738317489624023
0.8738317489624023
0.8722741603851318
0.8769470453262329
0.8707165122032166
0.8722741603851318
0.8722741603851318
0.8722741603851318
0.8722741603851318
0.8722741603851318
0.8738317489624023
0.8769470453262329
0.8738317489624023
0.8691588640213013
0.8707165122032166
0.8722741603851318
0.8722741603851318
0.8722741603851318
0.8722741603851318
0.8722741603851318
0.8738317489624023
0.8738317489624023
0.8753893971443176
0.8753893971443176
0.8738317489624023
0.8753893971443176
0.8769470453262329
0.8753893971443176
0.8785046935081482
0.8753893971443176
0.8753893971443176
0.8722741603851318
0.8707165122032166
0.8722741603851318
0.8722741603851318
0.8707165122032166
0.8707165122032166
0.8707165122032166
0.8707165122032166
0.8738317489624023
0.8800622820854187
0.8769470453262329
0.8800622820854187
0.8722741603851318
0.8707165122032166
0.8707165122032166
0.8707165122032166
0.8707165122032166
0.8722741603851318
0.8722741603851318
0.8722741603851318
0.8722741603851318
0.8722741603851318
0.8707165122032166
0.8707165122032166
0.8722741603851318
0.8707165122032166
0.8738317489624023
0.8753893971443176
0.8753893971443176
0.8738317489624023
0.8753893971443176
0.8738317489624023
0.8722741603851318
0.8722741603851318
0.8753893971443176
0.8769470453262329
0.8769470453262329
0.8738317489624023
0.8738317489624023
0.8738317489624023
0.8738317489624023
0.8738317489624023
0.8753893971443176
0.8738317489624023
0.8738317489624023
0.8738317489624023
0.8738317489624023
0.8738317489624023
0.8769470453262329
0.8769470453262329
0.8769470453262329
0.8769470453262329
0.8753893971443176
0.8753893971443176
0.8785046935081482
0.8785046935081482
0.8769470453262329
0.8769470453262329
0.8753893971443176
0.8753893971443176
0.8753893971443176
0.8769470453262329
0.8785046935081482
0.8769470453262329
0.8785046935081482
0.8769470453262329
0.8769470453262329
0.8785046935081482
0.8722741603851318
0.8707165122032166
0.8707165122032166
0.8691588640213013
0.8707165122032166
0.8722741603851318
0.8722741603851318
0.8722741603851318
0.8691588640213013
0.8676012754440308
0.8676012754440308
0.8691588640213013
0.8707165122032166
0.8691588640213013
0.8691588640213013
0.8707165122032166
0.8691588640213013
0.8691588640213013
0.8691588640213013
0.8707165122032166
0.8707165122032166
0.8707165122032166
0.8691588640213013
0.8691588640213013
0.8676012754440308
0.8707165122032166
0.8691588640213013
0.8707165122032166
0.8707165122032166
0.8707165122032166
0.8722741603851318
0.8722741603851318
0.8707165122032166
0.8722741603851318
0.8722741603851318
0.8722741603851318
0.8707165122032166
0.8707165122032166
0.8707165122032166
0.8707165122032166
0.8707165122032166
0.8707165122032166
0.8707165122032166
0.8722741603851318
0.8707165122032166
0.8738317489624023
0.8722741603851318
0.8707165122032166
0.8722741603851318
0.8753893971443176
0.8753893971443176
0.8738317489624023
0.8738317489624023
0.8738317489624023
0.8722741603851318
0.8722741603851318
0.8722741603851318
0.8722741603851318
0.8738317489624023
0.8753893971443176
0.8753893971443176
0.8753893971443176
0.8753893971443176
0.8769470453262329
0.8738317489624023
0.8738317489624023
0.8738317489624023
0.8753893971443176
0.8738317489624023
0.8722741603851318
0.8707165122032166
0.8691588640213013
0.8691588640213013
0.8691588640213013
0.8691588640213013
0.8707165122032166
0.8738317489624023
0.8738317489624023
0.8738317489624023
0.8738317489624023
0.8722741603851318
0.8722741603851318
0.8722741603851318
0.8722741603851318
0.8722741603851318
0.8722741603851318
0.8722741603851318
0.8722741603851318
0.8691588640213013
0.8691588640213013
0.8691588640213013
0.8707165122032166
0.8722741603851318
0.8722741603851318
0.8722741603851318
0.8722741603851318
0.8722741603851318
0.8738317489624023
0.8738317489624023
0.8738317489624023
0.8738317489624023
0.8738317489624023
0.8738317489624023
0.8753893971443176
0.8753893971443176
0.8753893971443176
0.8753893971443176
0.8753893971443176
0.8753893971443176
0.8738317489624023
0.8738317489624023
0.8738317489624023
0.8738317489624023
0.8738317489624023
0.8738317489624023
0.8738317489624023
0.8738317489624023
0.8738317489624023
0.8738317489624023
0.8738317489624023
0.8738317489624023
0.8738317489624023
0.8738317489624023
0.8753893971443176
0.8753893971443176
0.8753893971443176
0.8753893971443176
0.8753893971443176
0.8753893971443176
0.8738317489624023
0.8738317489624023
0.8722741603851318
0.8753893971443176
0.8753893971443176
0.8738317489624023
0.8753893971443176
0.8753893971443176
0.8753893971443176
0.8753893971443176
0.8753893971443176
0.8753893971443176
0.8753893971443176
0.8753893971443176
0.8753893971443176
0.8753893971443176
0.8753893971443176
0.8753893971443176
0.8753893971443176
0.8753893971443176
0.8738317489624023
0.8769470453262329
0.8769470453262329
0.8753893971443176
0.8769470453262329
0.8769470453262329
0.8769470453262329
0.8753893971443176
0.8753893971443176
0.8753893971443176
0.8753893971443176
0.8753893971443176
0.8753893971443176
0.8753893971443176
0.8769470453262329
0.8769470453262329
0.8753893971443176
0.8769470453262329
0.8769470453262329
0.8753893971443176
0.8753893971443176
0.8753893971443176
0.8753893971443176
0.8753893971443176
0.8753893971443176
0.8769470453262329
0.8769470453262329
0.8769470453262329
0.8769470453262329
0.8769470453262329
0.8769470453262329
0.8769470453262329
0.8769470453262329
0.8769470453262329
0.8769470453262329
0.8738317489624023
0.8738317489624023
0.8738317489624023
0.8722741603851318
0.8722741603851318
0.8722741603851318
0.8722741603851318
0.8722741603851318
0.8722741603851318
0.8722741603851318
0.8707165122032166
0.8707165122032166
0.8707165122032166
0.8738317489624023
0.8753893971443176
0.8753893971443176
0.8753893971443176
0.8769470453262329
0.8753893971443176
0.8753893971443176
0.8753893971443176
0.8769470453262329
0.8769470453262329
0.8753893971443176
0.8753893971443176
0.8753893971443176
0.8753893971443176
0.8753893971443176
0.8753893971443176
0.8769470453262329
0.8769470453262329
0.8769470453262329
0.8753893971443176
0.8738317489624023
0.8738317489624023
0.8738317489624023
0.8738317489624023
0.8753893971443176
0.8753893971443176
0.8753893971443176
0.8769470453262329
0.8769470453262329
0.8769470453262329
0.8769470453262329
0.8753893971443176
0.8753893971443176
0.8753893971443176
0.8738317489624023
0.8738317489624023
0.8738317489624023
0.8738317489624023
0.8738317489624023
0.8738317489624023
0.8753893971443176
0.8738317489624023
0.8722741603851318
0.8722741603851318
0.8722741603851318
0.8738317489624023
0.8738317489624023
0.8738317489624023
0.8738317489624023
0.8738317489624023
0.8753893971443176
0.8769470453262329
0.8753893971443176
0.8753893971443176
0.8753893971443176
0.8753893971443176
0.8753893971443176
0.8753893971443176
0.8769470453262329
0.8753893971443176
0.8753893971443176
0.8753893971443176
0.8753893971443176
0.8769470453262329
0.8769470453262329
0.8769470453262329
0.8769470453262329
0.8769470453262329
0.8769470453262329
0.8769470453262329
0.8753893971443176
0.8753893971443176
0.8753893971443176
0.8753893971443176
0.8753893971443176
0.8753893971443176
0.8753893971443176
0.8753893971443176
0.8753893971443176
0.8753893971443176
0.8753893971443176
0.8753893971443176
0.8753893971443176
0.8753893971443176
0.8753893971443176
0.8753893971443176
0.8753893971443176
0.8753893971443176
0.8753893971443176
0.8738317489624023
0.8738317489624023
0.8753893971443176
0.8738317489624023
0.8738317489624023
0.8753893971443176
0.8738317489624023
0.8738317489624023
0.8738317489624023
0.8738317489624023
0.8738317489624023
0.8738317489624023
0.8738317489624023
0.8738317489624023
0.8738317489624023
0.8738317489624023
0.8738317489624023
0.8738317489624023
0.8738317489624023
0.8738317489624023
0.8738317489624023
0.8738317489624023
0.8738317489624023
0.8722741603851318
0.8722741603851318
0.8722741603851318
0.8722741603851318
0.8722741603851318
0.8738317489624023
0.8738317489624023
0.8738317489624023
0.8738317489624023
0.8738317489624023
0.8722741603851318
0.8722741603851318
0.8722741603851318
0.8722741603851318
0.8722741603851318
0.8722741603851318
0.8722741603851318
0.8707165122032166
0.8707165122032166
0.8691588640213013
0.8691588640213013
0.8707165122032166
0.8707165122032166
0.8707165122032166
0.8722741603851318
0.8722741603851318
0.8691588640213013
0.8707165122032166
0.8707165122032166
0.8707165122032166
0.8707165122032166
0.8707165122032166
0.8707165122032166
0.8707165122032166
0.8707165122032166
