0.573208749294281
0.5654205679893494
0.5498442649841309
0.5420560836791992
0.5545171499252319
0.573208749294281
0.585669755935669
0.6074766516685486
0.618380069732666
0.6386292576789856
0.6573208570480347
0.6682242751121521
0.6744548082351685
0.6884735226631165
0.7024922370910645
0.704049825668335
0.7024922370910645
0.7118380069732666
0.722741425037384
0.7165108919143677
0.7242990732192993
0.7305296063423157
0.7274143099784851
0.7398753762245178
0.7507787942886353
0.7570093274116516
0.7663551568984985
0.7663551568984985
0.7788162231445312
0.7975077629089355
0.7990654110908508
0.8037382960319519
0.8099688291549683
0.8099688291549683
0.8130841255187988
0.8177570104598999
0.8161993622779846
0.8208722472190857
0.822429895401001
0.8239875435829163
0.8208722472190857
0.822429895401001
0.8193146586418152
0.8177570104598999
0.8161993622779846
0.8161993622779846
0.8239875435829163
0.8333333134651184
0.8317757248878479
0.8348909616470337
0.8333333134651184
0.8317757248878479
0.8380062580108643
0.8426791429519653
0.84112149477005
0.836448609828949
0.8348909616470337
0.836448609828949
0.84112149477005
0.8473520278930664
0.8457943797111511
0.8426791429519653
0.84112149477005
0.8457943797111511
0.8473520278930664
0.8473520278930664
0.8504672646522522
0.8535825610160828
0.8504672646522522
0.8504672646522522
0.855140209197998
0.8566977977752686
0.8582554459571838
0.8598130941390991
0.8613707423210144
0.8582554459571838
0.8582554459571838
0.8598130941390991
0.8566977977752686
0.8582554459571838
0.8566977977752686
0.8598130941390991
0.8613707423210144
0.8598130941390991
0.8566977977752686
0.8598130941390991
0.8582554459571838
0.8582554459571838
0.8613707423210144
0.8582554459571838
0.8566977977752686
0.8535825610160828
0.8582554459571838
0.8613707423210144
0.8598130941390991
0.8582554459571838
0.8535825610160828
0.8582554459571838
0.855140209197998
0.855140209197998
0.855140209197998
0.855140209197998
0.8598130941390991
0.8566977977752686
0.8566977977752686
0.8566977977752686
0.8598130941390991
0.8582554459571838
0.8582554459571838
0.8598130941390991
0.8598130941390991
0.8598130941390991
0.8613707423210144
0.8613707423210144
0.8613707423210144
0.8613707423210144
0.8613707423210144
0.8613707423210144
0.8660436272621155
0.8613707423210144
0.8598130941390991
0.8613707423210144
0.8613707423210144
0.8613707423210144
0.8613707423210144
0.8613707423210144
0.8644859790802002
0.8629283308982849
0.8676012754440308
0.8691588640213013
0.8691588640213013
0.8676012754440308
0.8707165122032166
0.8660436272621155
0.8644859790802002
0.8629283308982849
0.8629283308982849
0.8660436272621155
0.8660436272621155
0.8676012754440308
0.8660436272621155
0.8676012754440308
0.8660436272621155
0.8676012754440308
0.8676012754440308
0.8676012754440308
0.8676012754440308
0.8691588640213013
0.8722741603851318
0.8738317489624023
0.8691588640213013
0.8691588640213013
0.8691588640213013
0.8691588640213013
0.8707165122032166
0.8738317489624023
0.8707165122032166
0.8707165122032166
0.8707165122032166
0.8722741603851318
0.8738317489624023
0.8738317489624023
0.8738317489624023
0.8722741603851318
0.8753893971443176
0.8738317489624023
0.8738317489624023
0.8722741603851318
0.8722741603851318
0.8707165122032166
0.8707165122032166
0.8722741603851318
0.8722741603851318
0.8738317489624023
0.8769470453262329
0.8785046935081482
0.8785046935081482
0.8738317489624023
0.8738317489624023
0.8707165122032166
0.8722741603851318
0.8722741603851318
0.8722741603851318
0.8722741603851318
0.8738317489624023
0.8753893971443176
0.8738317489624023
0.8722741603851318
0.8722741603851318
0.8738317489624023
0.8738317489624023
0.8738317489624023
0.8753893971443176
0.8753893971443176
0.8753893971443176
0.8769470453262329
0.8738317489624023
0.8753893971443176
0.8722741603851318
0.8722741603851318
0.8753893971443176
0.8738317489624023
0.8738317489624023
0.8707165122032166
0.8707165122032166
0.8707165122032166
0.8738317489624023
0.8785046935081482
0.8769470453262329
0.8769470453262329
0.8769470453262329
0.8769470453262329
0.8785046935081482
0.8785046935081482
0.8769470453262329
0.8769470453262329
0.8800622820854187
0.8800622820854187
0.8785046935081482
0.8769470453262329
0.8769470453262329
0.8785046935081482
0.8785046935081482
0.8753893971443176
0.8753893971443176
0.8738317489624023
0.8707165122032166
0.8753893971443176
0.8785046935081482
0.8722741603851318
0.8722741603851318
0.8738317489624023
0.8722741603851318
0.8722741603851318
0.8738317489624023
0.8738317489624023
0.8738317489624023
0.8753893971443176
0.8769470453262329
0.8769470453262329
0.8785046935081482
0.8785046935081482
0.8738317489624023
0.8753893971443176
0.8785046935081482
0.8785046935081482
0.8785046935081482
0.8738317489624023
0.8769470453262329
0.8753893971443176
0.8769470453262329
0.8753893971443176
0.8753893971443176
0.8769470453262329
0.8785046935081482
0.8753893971443176
0.8769470453262329
0.8769470453262329
0.8785046935081482
0.8753893971443176
0.8785046935081482
0.8785046935081482
0.8753893971443176
0.8753893971443176
0.8769470453262329
0.8769470453262329
0.8785046935081482
0.8800622820854187
0.8769470453262329
0.8753893971443176
0.8769470453262329
0.8738317489624023
0.8753893971443176
0.8753893971443176
0.8785046935081482
0.8785046935081482
0.8769470453262329
0.8785046935081482
0.8769470453262329
0.8769470453262329
0.8769470453262329
0.8753893971443176
0.8785046935081482
0.8769470453262329
0.8738317489624023
0.8738317489624023
0.8800622820854187
0.8800622820854187
0.8800622820854187
0.8800622820854187
0.8800622820854187
0.8800622820854187
0.8800622820854187
0.8800622820854187
0.881619930267334
0.8800622820854187
0.8785046935081482
0.8769470453262329
0.8769470453262329
0.8785046935081482
0.881619930267334
0.8769470453262329
0.8769470453262329
0.8769470453262329
0.8785046935081482
0.8785046935081482
0.8769470453262329
0.8769470453262329
0.8753893971443176
0.8769470453262329
0.8785046935081482
0.8785046935081482
0.8785046935081482
0.8769470453262329
0.8785046935081482
0.8769470453262329
0.8738317489624023
0.8753893971443176
0.8753893971443176
0.8769470453262329
0.8738317489624023
0.8753893971443176
0.8753893971443176
0.8769470453262329
0.8785046935081482
0.8769470453262329
0.8753893971443176
0.8738317489624023
0.8738317489624023
0.8785046935081482
0.8800622820854187
0.8800622820854187
0.8769470453262329
0.8800622820854187
0.8785046935081482
0.8769470453262329
0.8769470453262329
0.8769470453262329
0.8769470453262329
0.8753893971443176
0.8769470453262329
0.8800622820854187
0.881619930267334
0.8753893971443176
0.8769470453262329
0.8769470453262329
0.8800622820854187
0.8800622820854187
0.8785046935081482
0.8738317489624023
0.8769470453262329
0.8753893971443176
0.8753893971443176
0.8785046935081482
0.8800622820854187
0.8800622820854187
0.8769470453262329
0.8831775784492493
0.881619930267334
0.8800622820854187
0.8785046935081482
0.8785046935081482
0.8785046935081482
0.8769470453262329
0.8753893971443176
0.8738317489624023
0.8738317489624023
0.8769470453262329
0.881619930267334
0.881619930267334
0.8785046935081482
0.8769470453262329
0.8769470453262329
0.8753893971443176
0.8753893971443176
0.8753893971443176
0.8722741603851318
0.8738317489624023
0.8800622820854187
0.8769470453262329
0.8738317489624023
0.8738317489624023
0.8738317489624023
0.8753893971443176
0.8722741603851318
0.8753893971443176
0.8753893971443176
0.8753893971443176
0.8753893971443176
0.8769470453262329
0.8785046935081482
0.8769470453262329
0.8753893971443176
0.8785046935081482
0.881619930267334
0.8800622820854187
0.8800622820854187
0.8785046935081482
0.8785046935081482
0.8800622820854187
0.881619930267334
0.8831775784492493
0.8785046935081482
0.8753893971443176
0.8753893971443176
0.8753893971443176
0.8800622820854187
0.8800622820854187
0.8800622820854187
0.8785046935081482
0.8800622820854187
0.8785046935081482
0.8785046935081482
0.8785046935081482
0.8785046935081482
0.8769470453262329
0.8753893971443176
0.8753893971443176
0.8722741603851318
0.8769470453262329
0.8800622820854187
0.881619930267334
0.8831775784492493
0.8831775784492493
0.8831775784492493
0.8800622820854187
0.8800622820854187
0.8847352266311646
0.8862928152084351
0.8862928152084351
0.8847352266311646
0.8847352266311646
0.881619930267334
0.8831775784492493
0.881619930267334
0.8831775784492493
0.8831775784492493
0.8847352266311646
0.881619930267334
0.881619930267334
0.881619930267334
0.881619930267334
0.881619930267334
0.881619930267334
0.881619930267334
0.8831775784492493
0.881619930267334
0.8862928152084351
0.8847352266311646
0.8831775784492493
0.8831775784492493
0.8800622820854187
0.8800622820854187
0.8800622820854187
0.8831775784492493
0.8878504633903503
0.8878504633903503
0.8925233483314514
0.8878504633903503
0.8831775784492493
0.881619930267334
0.8800622820854187
0.8769470453262329
0.8800622820854187
0.881619930267334
0.8847352266311646
0.8862928152084351
0.8831775784492493
0.881619930267334
0.8831775784492493
0.8847352266311646
0.8847352266311646
0.8831775784492493
0.8831775784492493
0.8831775784492493
0.8831775784492493
0.8785046935081482
0.881619930267334
0.8847352266311646
0.8862928152084351
0.8862928152084351
0.8862928152084351
0.8862928152084351
0.8878504633903503
0.8894081115722656
0.8894081115722656
0.8878504633903503
0.8847352266311646
0.8785046935081482
0.881619930267334
0.881619930267334
0.881619930267334
0.881619930267334
0.8800622820854187
0.8831775784492493
0.8847352266311646
0.8862928152084351
0.8831775784492493
0.8862928152084351
0.8862928152084351
0.8847352266311646
0.8831775784492493
0.8847352266311646
0.8831775784492493
0.8847352266311646
0.8753893971443176
0.881619930267334
0.881619930267334
0.8831775784492493
0.8847352266311646
0.8847352266311646
0.8847352266311646
0.8847352266311646
0.881619930267334
0.8831775784492493
0.8862928152084351
0.8862928152084351
0.8800622820854187
0.881619930267334
0.8831775784492493
0.8847352266311646
0.8847352266311646
0.881619930267334
0.8800622820854187
0.8831775784492493
0.8800622820854187
0.881619930267334
0.8831775784492493
0.8862928152084351
0.8847352266311646
0.8862928152084351
0.8831775784492493
0.8831775784492493
0.881619930267334
0.8831775784492493
0.8878504633903503
0.8862928152084351
0.8831775784492493
0.8862928152084351
0.8847352266311646
0.8878504633903503
0.8862928152084351
0.8847352266311646
0.8878504633903503
0.8878504633903503
0.8862928152084351
0.8847352266311646
0.8862928152084351
0.8831775784492493
0.881619930267334
0.8862928152084351
0.8862928152084351
0.8831775784492493
0.881619930267334
0.8847352266311646
0.8862928152084351
0.8847352266311646
0.8831775784492493
0.8831775784492493
0.8878504633903503
0.8847352266311646
0.8847352266311646
0.8862928152084351
0.8878504633903503
0.8894081115722656
0.8894081115722656
0.8894081115722656
0.8894081115722656
0.8894081115722656
0.8878504633903503
0.8878504633903503
0.8847352266311646
0.8847352266311646
0.8847352266311646
0.8862928152084351
0.8862928152084351
0.8878504633903503
0.8878504633903503
0.881619930267334
0.881619930267334
0.881619930267334
0.8862928152084351
0.8878504633903503
0.8878504633903503
0.8878504633903503
0.8878504633903503
0.8862928152084351
0.8862928152084351
0.8878504633903503
0.8878504633903503
0.8847352266311646
0.8847352266311646
0.8862928152084351
0.8878504633903503
0.8862928152084351
0.8831775784492493
0.8831775784492493
0.8847352266311646
0.8862928152084351
0.8862928152084351
0.8847352266311646
0.8847352266311646
0.881619930267334
0.881619930267334
0.8831775784492493
0.8831775784492493
0.8847352266311646
0.8862928152084351
0.8878504633903503
0.881619930267334
0.8831775784492493
0.881619930267334
0.8831775784492493
0.881619930267334
0.8862928152084351
0.881619930267334
0.881619930267334
0.881619930267334
0.8831775784492493
0.8831775784492493
0.8800622820854187
0.8800622820854187
0.8800622820854187
0.881619930267334
0.881619930267334
0.881619930267334
0.881619930267334
0.881619930267334
0.881619930267334
0.881619930267334
0.8785046935081482
0.8878504633903503
0.8847352266311646
0.8831775784492493
0.8831775784492493
0.8847352266311646
0.881619930267334
0.881619930267334
0.881619930267334
0.881619930267334
0.8831775784492493
0.8831775784492493
0.8831775784492493
0.8862928152084351
0.8831775784492493
0.8831775784492493
0.8831775784492493
0.8847352266311646
0.8831775784492493
0.8847352266311646
0.8847352266311646
0.8878504633903503
0.8878504633903503
0.8831775784492493
0.8831775784492493
0.8862928152084351
0.8831775784492493
0.881619930267334
0.8785046935081482
0.881619930267334
0.8785046935081482
0.8831775784492493
0.881619930267334
0.8878504633903503
0.8862928152084351
0.8862928152084351
0.8831775784492493
0.881619930267334
0.8831775784492493
0.8831775784492493
0.8831775784492493
0.8831775784492493
0.8831775784492493
0.8878504633903503
0.8894081115722656
0.8909657597541809
0.8909657597541809
0.881619930267334
0.8831775784492493
0.8831775784492493
0.8831775784492493
0.8831775784492493
0.8862928152084351
0.8831775784492493
0.8831775784492493
0.8847352266311646
0.8831775784492493
0.8847352266311646
0.8847352266311646
0.8878504633903503
0.8862928152084351
0.8847352266311646
0.8847352266311646
0.8878504633903503
0.8894081115722656
0.8878504633903503
0.8862928152084351
0.8831775784492493
0.8862928152084351
0.8878504633903503
0.8878504633903503
0.8878504633903503
0.8831775784492493
0.8894081115722656
0.8925233483314514
0.8878504633903503
0.8862928152084351
0.8878504633903503
0.8878504633903503
0.8878504633903503
0.8878504633903503
0.8878504633903503
0.8894081115722656
0.8925233483314514
0.8925233483314514
0.8909657597541809
0.8909657597541809
0.8862928152084351
0.8862928152084351
0.8847352266311646
0.8862928152084351
0.8878504633903503
0.8878504633903503
0.8878504633903503
0.8862928152084351
0.8847352266311646
0.8847352266311646
0.8862928152084351
0.8862928152084351
0.8862928152084351
0.8878504633903503
0.8894081115722656
0.8894081115722656
0.8894081115722656
0.8862928152084351
0.8862928152084351
0.8878504633903503
0.8878504633903503
0.8847352266311646
0.8862928152084351
0.8847352266311646
0.8847352266311646
0.8862928152084351
0.8862928152084351
0.8831775784492493
0.8831775784492493
0.8862928152084351
0.8862928152084351
0.8862928152084351
0.8862928152084351
0.8831775784492493
0.8847352266311646
0.8847352266311646
0.8847352266311646
0.8847352266311646
0.8878504633903503
0.8894081115722656
0.8862928152084351
0.8878504633903503
0.8878504633903503
0.8878504633903503
0.8878504633903503
0.8878504633903503
0.881619930267334
0.8847352266311646
0.881619930267334
0.8831775784492493
0.881619930267334
0.881619930267334
0.8831775784492493
0.8831775784492493
0.8831775784492493
0.881619930267334
0.881619930267334
0.8831775784492493
0.881619930267334
0.881619930267334
0.881619930267334
0.8831775784492493
0.8847352266311646
0.8847352266311646
0.8862928152084351
0.8831775784492493
0.8831775784492493
0.8831775784492493
0.8831775784492493
0.8847352266311646
0.8831775784492493
0.881619930267334
0.8831775784492493
0.8831775784492493
0.881619930267334
0.881619930267334
0.8847352266311646
0.8831775784492493
0.8847352266311646
0.8831775784492493
0.8831775784492493
0.8831775784492493
0.8831775784492493
0.8847352266311646
0.8847352266311646
0.8862928152084351
0.8862928152084351
0.8862928152084351
0.8862928152084351
0.8862928152084351
0.8862928152084351
0.8862928152084351
0.8847352266311646
0.8847352266311646
0.8862928152084351
0.8847352266311646
0.8862928152084351
0.8878504633903503
0.8862928152084351
0.8894081115722656
0.8894081115722656
0.8894081115722656
0.8894081115722656
0.8894081115722656
0.8894081115722656
0.8878504633903503
0.8878504633903503
0.8862928152084351
0.8862928152084351
0.8847352266311646
0.8847352266311646
0.8847352266311646
0.8847352266311646
0.8847352266311646
0.8847352266311646
0.8847352266311646
0.8847352266311646
0.8862928152084351
0.8847352266311646
0.8847352266311646
0.8847352266311646
0.8847352266311646
0.8831775784492493
0.8847352266311646
0.8831775784492493
0.8831775784492493
0.8831775784492493
0.8847352266311646
0.8847352266311646
0.8831775784492493
0.8831775784492493
0.8831775784492493
0.8831775784492493
0.8847352266311646
0.8847352266311646
0.8847352266311646
0.8847352266311646
0.8847352266311646
0.8847352266311646
0.8831775784492493
0.8847352266311646
0.8847352266311646
0.8847352266311646
0.8847352266311646
0.8831775784492493
0.8862928152084351
0.8878504633903503
0.8878504633903503
0.8862928152084351
0.8847352266311646
0.8847352266311646
0.8862928152084351
0.8862928152084351
0.8862928152084351
0.8862928152084351
0.8878504633903503
0.8862928152084351
0.8862928152084351
0.8862928152084351
0.8862928152084351
0.8878504633903503
0.8862928152084351
0.8862928152084351
0.8862928152084351
0.8847352266311646
0.8847352266311646
0.8862928152084351
0.8847352266311646
0.8862928152084351
0.8862928152084351
0.8862928152084351
0.8862928152084351
0.8894081115722656
0.8878504633903503
0.8894081115722656
0.8878504633903503
0.8878504633903503
0.8862928152084351
0.8862928152084351
0.8862928152084351
0.8862928152084351
0.8878504633903503
0.8894081115722656
0.8894081115722656
0.8894081115722656
0.8894081115722656
0.8894081115722656
0.8894081115722656
0.8878504633903503
0.8847352266311646
0.8847352266311646
0.8847352266311646
0.8847352266311646
0.8847352266311646
0.8847352266311646
0.8847352266311646
0.8847352266311646
0.8847352266311646
0.8847352266311646
0.8847352266311646
0.8847352266311646
0.8847352266311646
0.8847352266311646
0.8847352266311646
0.8847352266311646
0.8847352266311646
0.8847352266311646
0.8847352266311646
0.8847352266311646
0.8847352266311646
0.8847352266311646
0.8847352266311646
0.8847352266311646
0.8847352266311646
0.8847352266311646
0.8847352266311646
0.8847352266311646
0.8847352266311646
0.8847352266311646
0.8847352266311646
0.8847352266311646
0.8847352266311646
0.8847352266311646
0.8847352266311646
0.8831775784492493
0.8831775784492493
0.8831775784492493
0.8831775784492493
0.8831775784492493
0.8831775784492493
0.8831775784492493
0.8831775784492493
0.8831775784492493
0.8831775784492493
0.8831775784492493
0.8847352266311646
0.8847352266311646
0.8847352266311646
0.8831775784492493
0.8847352266311646
0.8847352266311646
0.8847352266311646
0.8862928152084351
0.8878504633903503
0.8862928152084351
0.8862928152084351
0.8847352266311646
0.8847352266311646
0.8847352266311646
0.8847352266311646
0.8847352266311646
0.8847352266311646
0.8862928152084351
0.8862928152084351
0.8862928152084351
0.8878504633903503
0.8878504633903503
0.8878504633903503
0.8909657597541809
0.8909657597541809
0.8878504633903503
0.8862928152084351
0.8847352266311646
0.8847352266311646
0.8847352266311646
0.8847352266311646
0.8847352266311646
0.8847352266311646
0.8847352266311646
0.8847352266311646
0.8847352266311646
0.8847352266311646
0.8847352266311646
0.8847352266311646
0.8878504633903503
0.8894081115722656
0.8878504633903503
0.8878504633903503
0.8878504633903503
0.8878504633903503
0.8878504633903503
0.8878504633903503
0.8878504633903503
0.8878504633903503
0.8878504633903503
0.8894081115722656
0.8909657597541809
0.8909657597541809
0.8909657597541809
0.8909657597541809
0.8909657597541809
0.8909657597541809
0.8909657597541809
0.8894081115722656
0.8894081115722656
0.8909657597541809
0.8909657597541809
0.8894081115722656
0.8894081115722656
0.8878504633903503
0.8878504633903503
0.8894081115722656
0.8894081115722656
0.8894081115722656
0.8894081115722656
0.8894081115722656
0.8894081115722656
0.8894081115722656
0.8894081115722656
0.8894081115722656
0.8878504633903503
0.8878504633903503
0.8862928152084351
0.8847352266311646
0.8862928152084351
0.8894081115722656
0.8894081115722656
0.8894081115722656
0.8878504633903503
0.8878504633903503
0.8847352266311646
0.8847352266311646
0.8847352266311646
0.8847352266311646
0.8847352266311646
0.8847352266311646
0.8847352266311646
0.8847352266311646
0.8847352266311646
0.8847352266311646
0.8847352266311646
0.8847352266311646
0.8847352266311646
0.8847352266311646
0.8847352266311646
0.8847352266311646
0.8847352266311646
0.8847352266311646
0.8847352266311646
0.8847352266311646
0.8847352266311646
0.8847352266311646
0.8847352266311646
0.8847352266311646
0.8847352266311646
0.8847352266311646
0.8847352266311646
0.8847352266311646
0.8847352266311646
0.8847352266311646
0.8847352266311646
0.8847352266311646
0.8847352266311646
0.8847352266311646
0.8847352266311646
0.8847352266311646
0.8847352266311646
0.8847352266311646
0.8847352266311646
0.8847352266311646
0.8847352266311646
0.8847352266311646
0.8847352266311646
0.8847352266311646
0.8847352266311646
0.8847352266311646
0.8847352266311646
0.8847352266311646
0.8862928152084351
0.8862928152084351
0.8847352266311646
0.8894081115722656
0.8878504633903503
0.8862928152084351
0.8862928152084351
0.8862928152084351
0.8862928152084351
0.8862928152084351
0.8862928152084351
0.8862928152084351
0.8862928152084351
0.8847352266311646
0.8847352266311646
0.8847352266311646
0.8847352266311646
0.8847352266311646
0.8847352266311646
0.8847352266311646
0.8847352266311646
0.8847352266311646
0.8847352266311646
0.8847352266311646
0.8847352266311646
0.8847352266311646
0.8847352266311646
0.8847352266311646
0.8847352266311646
0.8847352266311646
0.8847352266311646
0.8847352266311646
0.8847352266311646
0.8847352266311646
0.8847352266311646
0.8847352266311646
0.8847352266311646
0.8847352266311646
0.8847352266311646
0.8847352266311646
0.8847352266311646
0.8847352266311646
0.8847352266311646
0.8847352266311646
0.8847352266311646
0.8847352266311646
0.8847352266311646
0.8847352266311646
0.8847352266311646
0.8847352266311646
0.8847352266311646
0.8862928152084351
0.8862928152084351
0.8862928152084351
0.8862928152084351
0.8862928152084351
0.8862928152084351
0.8862928152084351
0.8862928152084351
0.8862928152084351
0.8862928152084351
0.8862928152084351
0.8862928152084351
0.8862928152084351
0.8862928152084351
0.8862928152084351
0.8862928152084351
0.8862928152084351
0.8862928152084351
0.8862928152084351
0.8862928152084351
0.8862928152084351
0.8862928152084351
0.8862928152084351
0.8862928152084351
0.8847352266311646
0.8847352266311646
0.8847352266311646
0.8847352266311646
0.8847352266311646
0.8847352266311646
0.8847352266311646
0.8847352266311646
0.8847352266311646
0.8847352266311646
0.8847352266311646
0.8847352266311646
0.8847352266311646
0.8847352266311646
0.8847352266311646
0.8847352266311646
0.8847352266311646
0.8847352266311646
0.8847352266311646
0.8847352266311646
0.8847352266311646
0.8847352266311646
0.8847352266311646
0.8847352266311646
0.8847352266311646
0.8847352266311646
0.8847352266311646
0.8847352266311646
0.8847352266311646
0.8847352266311646
0.8847352266311646
0.8847352266311646
0.8847352266311646
0.8847352266311646
0.8862928152084351
0.8862928152084351
0.8862928152084351
0.8862928152084351
0.8862928152084351
0.8847352266311646
0.8847352266311646
0.8847352266311646
0.8847352266311646
0.8847352266311646
0.8847352266311646
0.8847352266311646
0.8847352266311646
0.8847352266311646
0.8847352266311646
0.8847352266311646
0.8847352266311646
0.8862928152084351
0.8862928152084351
0.8862928152084351
0.8862928152084351
0.8862928152084351
0.8862928152084351
0.8862928152084351
0.8862928152084351
0.8862928152084351
0.8862928152084351
0.8862928152084351
0.8862928152084351
0.8862928152084351
0.8862928152084351
0.8862928152084351
0.8862928152084351
0.8862928152084351
0.8862928152084351
0.8862928152084351
0.8862928152084351
0.8862928152084351
0.8862928152084351
0.8862928152084351
0.8862928152084351
0.8862928152084351
0.8862928152084351
0.8862928152084351
0.8862928152084351
0.8862928152084351
0.8862928152084351
0.8862928152084351
0.8862928152084351
0.8862928152084351
0.8862928152084351
0.8862928152084351
0.8862928152084351
0.8862928152084351
0.8862928152084351
0.8862928152084351
0.8862928152084351
0.8862928152084351
0.8862928152084351
0.8862928152084351
0.8862928152084351
0.8862928152084351
0.8862928152084351
0.8862928152084351
0.8862928152084351
0.8862928152084351
0.8862928152084351
0.8862928152084351
0.8862928152084351
0.8862928152084351
0.8862928152084351
0.8862928152084351
0.8862928152084351
0.8862928152084351
0.8862928152084351
0.8862928152084351
0.8862928152084351
0.8862928152084351
0.8862928152084351
0.8862928152084351
0.8862928152084351
0.8862928152084351
0.8862928152084351
0.8862928152084351
0.8862928152084351
0.8862928152084351
0.8862928152084351
0.8862928152084351
0.8862928152084351
0.8862928152084351
0.8862928152084351
0.8862928152084351
0.8862928152084351
0.8862928152084351
0.8862928152084351
0.8862928152084351
0.8862928152084351
0.8862928152084351
0.8862928152084351
0.8862928152084351
0.8862928152084351
