0.5967942476272583
0.39629173278808594
0.3584926724433899
0.33702352643013
0.3195813298225403
0.3091266453266144
0.2970142662525177
0.2871926724910736
0.27789875864982605
0.27849090099334717
0.2639349699020386
0.2525685727596283
0.25050005316734314
0.24586275219917297
0.2348891943693161
0.21925997734069824
0.2507675290107727
0.24346177279949188
0.21492986381053925
0.21526505053043365
0.2121402770280838
0.19287686049938202
0.19305047392845154
0.18107198178768158
0.1834382563829422
0.18808655440807343
0.17143413424491882
0.16091521084308624
0.1534426063299179
0.15348680317401886
0.14404457807540894
0.15224336087703705
0.14977021515369415
0.13549795746803284
0.1267181932926178
0.12600915133953094
0.11328927427530289
0.10977188497781754
0.10324851423501968
0.11020191013813019
0.103569395840168
0.13143526017665863
0.11333119869232178
0.1182742491364479
0.08897410333156586
0.08516887575387955
0.07947417348623276
0.07611382007598877
0.0721418708562851
0.07020198553800583
0.06504126638174057
0.06254347413778305
0.06150705739855766
0.057748593389987946
0.06017410010099411
0.06307291239500046
0.05376459285616875
0.05034349113702774
0.05477128177881241
0.051555532962083817
0.10206981748342514
0.07408055663108826
0.0539826825261116
0.051727984100580215
0.05205715820193291
0.042526595294475555
0.03958848863840103
0.03638746961951256
0.052814312279224396
0.03846301510930061
0.054663531482219696
0.046066321432590485
0.03488210216164589
0.032247770577669144
0.03399944305419922
0.030854130163788795
0.02561781369149685
0.02284632809460163
0.021068863570690155
0.02004758082330227
0.019357210025191307
0.019355138763785362
0.01824590563774109
0.016737477853894234
0.017491912469267845
0.01928476057946682
0.017420830205082893
0.023597944527864456
0.022135742008686066
0.01582527905702591
0.013444283977150917
0.012916996143758297
0.011523626744747162
0.010809487663209438
0.010693082585930824
0.009865637868642807
0.014632569625973701
0.01161835715174675
0.011574075557291508
0.01155228540301323
0.009311161004006863
0.008298102766275406
0.007774952333420515
0.007383980322629213
0.006989138666540384
0.006586597766727209
0.007699257228523493
0.007295624818652868
0.024439029395580292
0.015802694484591484
0.01057519018650055
0.00749443331733346
0.006393789313733578
0.005480984225869179
0.004639874212443829
0.004375011194497347
0.004130622837692499
0.004045411478728056
0.00392094487324357
0.0038799154572188854
0.0037796590477228165
0.003708734642714262
0.0036393546033650637
0.0035925779957324266
0.0035353288985788822
0.0034450492821633816
0.0033750252332538366
0.003414367325603962
0.0032959466334432364
0.00321960193105042
0.003147381590679288
0.0031019507441669703
0.006045906338840723
0.0037655681371688843
0.0035955330822616816
0.0031418262515217066
0.0030719281639903784
0.002871929435059428
0.0027949607465416193
0.002745187608525157
0.0026653348468244076
0.0026161137502640486
0.002529982477426529
0.002492140978574753
0.0024606436491012573
0.002405462320894003
0.002429235028102994
0.0023371903225779533
0.002285541733726859
0.0022485144436359406
0.002203836804255843
0.0021696030162274837
0.0021415017545223236
0.0021111348178237677
0.0020946324802935123
0.002037375932559371
0.002046146197244525
0.002028946066275239
0.0020810430869460106
0.001989662181586027
0.0019520370988175273
0.0019015142461284995
0.0018852581270039082
0.0019778308924287558
0.0018765960121527314
0.0017809792188927531
0.001749622286297381
0.001709768665023148
0.001683682668954134
0.0017270512180402875
0.0016778295394033194
0.001729352050460875
0.0016658480744808912
0.001577721443027258
0.0015769307501614094
0.0015159755712375045
0.0015441464493051171
0.001509545254521072
0.001475643366575241
0.0014293809654191136
0.001470276270993054
0.0015122652985155582
0.0014255174901336432
0.0013841554755344987
0.006644698325544596
0.002283006440848112
0.00169604632537812
0.0015851253410801291
0.004547272343188524
0.0044227540493011475
0.005396020598709583
0.0037822267040610313
0.002196761779487133
0.0015099984593689442
0.0013521731598302722
0.0012740069068968296
0.0012274457840248942
0.0012005033204331994
0.0011689439415931702
0.0011791917495429516
0.0011410401202738285
0.0011077754897996783
0.0010857566958293319
0.0010634534992277622
0.0010445143561810255
0.001024289638735354
0.0010142792016267776
0.0010166035499423742
0.0012912842212244868
0.0013873244170099497
0.001148992101661861
0.0011105306912213564
0.0009706614655442536
0.0009580327896401286
0.0009366623708046973
0.0008953490178100765
0.0008724166546016932
0.0008685156353749335
0.0008578809211030602
0.0008529910119250417
0.0008427163702435791
0.0008368495618924499
0.0008312699501402676
0.0008280428592115641
0.0008168966160155833
0.0008132507791742682
0.0008061853004619479
0.0008010208839550614
0.0007976778433658183
0.000800962676294148
0.0007973250467330217
0.0007841511978767812
0.0007784111076034606
0.0007703649462200701
0.0007646243320778012
0.0007618425879627466
0.0007554441690444946
0.0007484835805371404
0.0007524248794652522
0.0007424302748404443
0.0007368199294432998
0.0007329097716137767
0.0007279921555891633
0.0007220246479846537
0.0007178311352618039
0.0007174629718065262
0.0007118123467080295
0.0007059887866489589
0.0007037072209641337
0.0007004652870818973
0.0006963268970139325
0.0006877369014546275
0.0006878775893710554
0.0006827376200817525
0.0006806437741033733
0.0006740887765772641
0.000665599771309644
0.0006647462141700089
0.0006626294343732297
0.0006571688572876155
0.0006548346136696637
0.0006499761948361993
0.000643538951408118
0.0006378015386871994
0.0006352745112963021
0.000634973228443414
0.0006286608404479921
0.00062452262500301
0.0006337153608910739
0.0006283713155426085
0.0006156413583084941
0.0006201872602105141
0.0006107026129029691
0.0006030801450833678
0.0005975945387035608
0.0005956401582807302
0.0005904656718485057
0.000587447895668447
0.0005809772410430014
0.0006008751806803048
0.0005939438124187291
0.0005817695055156946
0.0005705938092432916
0.0005695787258446217
0.0005617784336209297
0.0005606593913398683
0.000557413964997977
0.0005532650975510478
0.000550014607142657
0.0005443132831715047
0.0005499594262801111
0.000568718125578016
0.0005636963760480285
0.0005466670845635235
0.0005335794412530959
0.0005291260313242674
0.0005245452630333602
0.0005224317428655922
0.0005148398340679705
0.0005119604174979031
0.000506540818605572
0.0005050583276897669
0.0005006755818612874
0.0005144536844454706
0.0005032416083849967
0.0004947622073814273
0.0004899956984445453
0.0004861376655753702
0.0004896988393738866
0.0004878077597822994
0.0004804496420547366
0.00047383736819028854
0.0004703243903350085
0.0004661190032493323
0.00046488313819281757
0.0004620357940439135
0.00047145423013716936
0.0004642758867703378
0.000460791343357414
0.000457971531432122
0.0004545489209704101
0.0004509212158154696
0.00045101947034709156
0.00044871290447190404
0.000445856450824067
0.0004434677539393306
0.0004415411385707557
0.0004393896088004112
0.000437668728409335
0.0004359809681773186
0.00043690181337296963
0.00043911379179917276
0.0004388805537018925
0.00043479460873641074
0.00043340158299542964
0.00042862314148806036
0.0004268433549441397
0.00042358259088359773
0.00042282091453671455
0.0004205410950817168
0.00042013885104097426
0.0004217858659103513
0.0004186216101516038
0.0004161636170465499
0.0004141464305575937
0.0004118476645089686
0.000410910346545279
0.00040930096292868257
0.00040752647328190506
0.00040620274376124144
0.0004044267407152802
0.0004030250711366534
0.0004029239062219858
0.00040143102523870766
0.00039952219231054187
0.0003979541652370244
0.0003956558066420257
0.00039505722816102207
0.00039471633499488235
0.00039178834413178265
0.00039047174504958093
0.00039614300476387143
0.00039206352084875107
0.0003886423073709011
0.0003910572559107095
0.00040062153129838407
0.0003929967642761767
0.0003852229274343699
0.0003817458637058735
0.000379835139028728
0.00037844301550649107
0.0003766429435927421
0.0003743339912034571
0.0003730846510734409
0.0003717106592375785
0.0003702549438457936
0.0003687402931973338
0.0003672598104458302
0.0003656649496406317
0.00036544280010275543
0.0003636435722000897
0.00036355198244564235
0.0003622809599619359
0.00035961036337539554
0.0003582628269214183
0.00035731637035496533
0.0003556708397809416
0.00035459769424051046
0.0003533092385623604
0.0003523594350554049
0.00035099111846648157
0.00036260561319068074
0.00036471319617703557
0.00036166762583889067
0.0003535475116223097
0.0003506526700221002
0.00035169412149116397
0.0003517656004987657
0.00034646695712581277
0.0003430211218073964
0.0003410773060750216
0.0003425999893806875
0.0003452879027463496
0.00034596811747178435
0.00033786409767344594
0.00033509652712382376
0.0003322655684314668
0.0003309175663162023
0.00032838061451911926
0.00032809097319841385
0.0003248760476708412
0.00032396175083704293
0.0003220539656467736
0.00032073946204036474
0.0003199883212801069
0.00031793158268556
0.00031646748539060354
0.0003156169259455055
0.00031498525640927255
0.0003141378692816943
0.0003137121384497732
0.0003137970925308764
0.00031322281574830413
0.0003120402980130166
0.00031237732036970556
0.00031616303022019565
0.0003208915004506707
0.00031860044691711664
0.00031402191962115467
0.0003112471313215792
0.0003085226926486939
0.00030897316173650324
0.00030605270876549184
0.00030607805820181966
0.0003073484404012561
0.0003126971423625946
0.0003158571198582649
0.0003120679466519505
0.00030602674814872444
0.0003020251460839063
0.0002998206182383001
0.00029854330932721496
0.00029933880432508886
0.00030185357900336385
0.0002994440437760204
0.00029580548289231956
0.0002946082968264818
0.00029327304218895733
0.0002928468747995794
0.00029133076895959675
0.0002903378626797348
0.00028928040410391986
0.0002886546135414392
0.0002879194216802716
0.0002880436950363219
0.00029021146474406123
0.0002886821748688817
0.00028773435042239726
0.00028624769765883684
0.0002850433229468763
0.00028421691968105733
0.0002831629244610667
0.00028231024043634534
0.00028196111088618636
0.0002814134059008211
0.00028080589254386723
0.0002794696483761072
0.0002791703154798597
0.00027916289400309324
0.0002797987835947424
0.00027814097120426595
0.00027736471383832395
0.0002760702045634389
0.00027686511748470366
0.00027558498550206423
0.00027389690512791276
0.0002728415420278907
0.0002734060981310904
0.00027455654344521463
0.0002738440234679729
0.0002721594355534762
0.0002703247591853142
0.0002690419787541032
0.0002679782046470791
0.00026750611141324043
0.0002658144512679428
0.0002651226532179862
0.0002639896119944751
0.00026317633455619216
0.0002625005436129868
0.0002623752225190401
0.0002613152901176363
0.00026054412592202425
0.0002600432198960334
0.00026478563086129725
0.00027153195696882904
0.0002681724727153778
0.0002640473539941013
0.0002674710704013705
0.0002660848549567163
0.0002627437643241137
0.00026035201153717935
0.00025724960141815245
0.00025582461967132986
0.00025462513440288603
0.0002531269856262952
0.00025280273985117674
0.00025043601635843515
0.0002500183181837201
0.00024971511447802186
0.0002485797449480742
0.00024733124882914126
0.0002465398865751922
0.00024569957167841494
0.0002448050945531577
0.00024402656708844006
0.00024288006534334272
0.00024264032253995538
0.00024211905838456005
0.0002416291245026514
0.00024136701540555805
0.00024095755361486226
0.00024043845769483596
0.00024011633649934083
0.00023979639809112996
0.00023948280431795865
0.000243025177042
0.00024194852448999882
0.00024148209195118397
0.00024185993243008852
0.00023911756579764187
0.00023840680660214275
0.00023820172646082938
0.00023804468219168484
0.00023803971998859197
0.00023846309341024607
0.00023755192523822188
0.00023626619076821953
0.00023439113283529878
0.00023407075786963105
0.0002335311146453023
0.0002332466683583334
0.00023268198128789663
0.0002329563576495275
0.00023330646217800677
0.00023258410510607064
0.0002315690362593159
0.000231096928473562
0.00023053491895552725
0.00023003823298495263
0.0002296878956258297
0.0002292411372764036
0.00022875396825838834
0.00022887946397531778
0.00022943521616980433
0.0002287162933498621
0.0002276094601256773
0.00022719925618730485
0.0002274495200254023
0.00022717764659319073
0.00022656380315311253
0.0002255485742352903
0.00022484554210677743
0.00022456017904914916
0.00022440182510763407
0.00022436802100855857
0.0002234321873402223
0.00022309983614832163
0.00022254993382375687
0.00022197491489350796
0.00022199636441655457
0.0002217396831838414
0.00022119819186627865
0.00022041716147214174
0.00022034042922314256
0.0002240980975329876
0.0002234761486761272
0.00022243666171561927
0.00022376187553163618
0.00022646105207968503
0.00022380397422239184
0.00022125545365270227
0.00021954621479380876
0.0002182310854550451
0.00021738087525591254
0.00021657020261045545
0.00021619668405037373
0.00021548685617744923
0.00021478346025105566
0.00021456173271872103
0.00021400299738161266
0.00021350719907786697
0.00021295483747962862
0.00021263044618535787
0.0002123023004969582
0.00021164907957427204
0.00021127195213921368
0.00021075968106742948
0.00021109032968524843
0.0002098816039506346
0.0002094208903145045
