0.6666731238365173
0.5026471614837646
0.4524962902069092
0.4008316695690155
0.3717045485973358
0.3616209030151367
0.33483991026878357
0.32510268688201904
0.31380143761634827
0.30864259600639343
0.2982980012893677
0.2889551818370819
0.2825666666030884
0.28162574768066406
0.3006075918674469
0.2844209671020508
0.27247896790504456
0.2598179280757904
0.24945835769176483
0.2442707121372223
0.24080660939216614
0.2364453673362732
0.2313786894083023
0.2259945273399353
0.22270846366882324
0.21706481277942657
0.2187056541442871
0.2150316834449768
0.20877638459205627
0.20291796326637268
0.19773516058921814
0.19296373426914215
0.20013836026191711
0.19012795388698578
0.18576334416866302
0.1818193793296814
0.22119994461536407
0.20215266942977905
0.18097908794879913
0.17890594899654388
0.17193736135959625
0.16463321447372437
0.15878866612911224
0.15448716282844543
0.15969888865947723
0.15946617722511292
0.15508653223514557
0.15174663066864014
0.14010483026504517
0.13388709723949432
0.13109159469604492
0.13293954730033875
0.12836940586566925
0.12387274205684662
0.11993535608053207
0.11551415175199509
0.11790536344051361
0.11537379771471024
0.112671859562397
0.1300773024559021
0.14103148877620697
0.11910765618085861
0.11777862161397934
0.10595785081386566
0.09525003284215927
0.09004101157188416
0.11052364110946655
0.10537132620811462
0.09890036284923553
0.08582796901464462
0.13714800775051117
0.16404739022254944
0.15277446806430817
0.11807440966367722
0.09164764732122421
0.09568073600530624
0.08694789558649063
0.077700674533844
0.07285711169242859
0.07330324500799179
0.06927594542503357
0.06789880245923996
0.0644179955124855
0.061570022255182266
0.07881190627813339
0.0717211663722992
0.06284330040216446
0.0767885074019432
0.06907385587692261
0.058863941580057144
0.05472926050424576
0.05175182968378067
0.050518058240413666
0.04790797457098961
0.0464174784719944
0.044305652379989624
0.04327438771724701
0.041877735406160355
0.040706995874643326
0.039843589067459106
0.03897039592266083
0.03888280689716339
0.03883714601397514
0.038044121116399765
0.036245543509721756
0.03519948199391365
0.0337151475250721
0.03202662244439125
0.044212184846401215
0.03721090406179428
0.03253187611699104
0.031019654124975204
0.03476586937904358
0.03228982537984848
0.033156998455524445
0.030420981347560883
0.02758587710559368
0.09258314967155457
0.07948227971792221
0.060796596109867096
0.044182974845170975
0.0415518656373024
0.030236532911658287
0.03370962664484978
0.03009871393442154
0.02618156559765339
0.024998344480991364
0.02391885407269001
0.023516925051808357
0.022859688848257065
0.022131523117423058
0.021703682839870453
0.021267002448439598
0.020999442785978317
0.02053070068359375
0.02047051303088665
0.019794858992099762
0.019634362310171127
0.019433733075857162
0.0190286822617054
0.018797477707266808
0.018582027405500412
0.018568802624940872
0.018031500279903412
0.018168486654758453
0.017762312665581703
0.017963794991374016
0.017679279670119286
0.04862797632813454
0.031388621777296066
0.02867732010781765
0.02318299002945423
0.018488015979528427
0.018352732062339783
0.016990965232253075
0.01669953763484955
0.018691839650273323
0.016806291416287422
0.017136383801698685
0.015415211208164692
0.01520537119358778
0.014781247824430466
0.014674797654151917
0.014961088076233864
0.014373446814715862
0.014210525900125504
0.013655745424330235
0.013867281377315521
0.013271643780171871
0.013023631647229195
0.012799986638128757
0.013367269188165665
0.013221907429397106
0.012693407014012337
0.012640786357223988
0.012217261828482151
0.012085666880011559
0.011589866131544113
0.011554195545613766
0.011287895031273365
0.011080609634518623
0.010923881083726883
0.01080672349780798
0.010629055090248585
0.01060373056679964
0.01031859964132309
0.010226684622466564
0.010074611753225327
0.009896666742861271
0.009760241955518723
0.010302468203008175
0.00978080928325653
0.010874735191464424
0.0096773412078619
0.009759285487234592
0.009397152811288834
0.009106325916945934
0.008863166905939579
0.0086450120434165
0.008780553936958313
0.012815934605896473
0.010412613861262798
0.009710107930004597
0.00887979194521904
0.008474038913846016
0.008104580454528332
0.00786310713738203
0.007705239113420248
0.007666544523090124
0.00740952929481864
0.007300939876586199
0.007078160997480154
0.007001438643783331
0.006978480610996485
0.006804170086979866
0.006663654465228319
0.006621308624744415
0.006471038796007633
0.006426714826375246
0.006366530898958445
0.006197068374603987
0.006163090001791716
0.006027547176927328
0.013799522072076797
0.014347566291689873
0.009976173751056194
0.006903571076691151
0.006605515256524086
0.006756020709872246
0.00629760604351759
0.006097884848713875
0.005928691476583481
0.00582115538418293
0.00573956873267889
0.005667718593031168
0.005596470553427935
0.00553119508549571
0.005482035223394632
0.005421410780400038
0.0053649828769266605
0.005346614867448807
0.005306042265146971
0.005244048777967691
0.005221994128078222
0.005151447840034962
0.005124456714838743
0.005059044808149338
0.005023021716624498
0.004965309519320726
0.0049143219366669655
0.00488598458468914
0.004859344568103552
0.0048106457106769085
0.004776050802320242
0.004868649411946535
0.004735302180051804
0.004654284566640854
0.004598783329129219
0.00455637788400054
0.004486512392759323
0.004453123081475496
0.0044106896966695786
0.004372443072497845
0.004353674594312906
0.004301053937524557
0.004258983302861452
0.004226979799568653
0.004331518895924091
0.004330047406256199
0.00423806719481945
0.004138830117881298
0.004082335624843836
0.004033396486192942
0.003999797161668539
0.003951705060899258
0.003940100781619549
0.003913797903805971
0.003884027013555169
0.003880386706441641
0.003831614274531603
0.003784493776038289
0.0037345692981034517
0.003708422416821122
0.003927088342607021
0.003927941434085369
0.003725833725184202
0.0037792015355080366
0.0037012854591012
0.0035950508899986744
0.0035346155054867268
0.003475434612482786
0.0034312251955270767
0.0034044617787003517
0.0033810152672231197
0.003345835255458951
0.0033253070432692766
0.003289436688646674
0.003269928740337491
0.003230254165828228
0.0032534743659198284
0.003179189283400774
0.003258126089349389
0.003277673851698637
0.0032511726021766663
0.003266524989157915
0.0031143503729254007
0.0030571757815778255
0.003957178443670273
0.004317577928304672
0.003402483882382512
0.0030755470506846905
0.0029656507540494204
0.0029011042788624763
0.0028574522584676743
0.0028335382230579853
0.0030086934566497803
0.003164190798997879
0.0028856266289949417
0.002803069306537509
0.002797069726511836
0.0027500574942678213
0.002706556348130107
0.0026668135542422533
0.002636285964399576
0.0025977420154958963
0.002578234765678644
0.0025717976968735456
0.002540533896535635
0.0025304185692220926
0.002674081362783909
0.0027623374480754137
0.0026337348390370607
0.0025593708269298077
0.002517284359782934
0.002490811515599489
0.002474325941875577
0.0024583919439464808
0.0024395836517214775
0.002426448045298457
0.002409648150205612
0.002424202160909772
0.002405378734692931
0.0024144190829247236
0.0024232864379882812
0.0024448479525744915
0.0024103911127895117
0.002377200173214078
0.0023455845657736063
0.002329321578145027
0.0023190819192677736
0.002296274993568659
0.0022878614254295826
0.002270615193992853
0.0022574353497475386
0.002250308869406581
0.0022454247809946537
0.0022402210161089897
0.0022233508061617613
0.002211084822192788
0.002202841453254223
0.0021942518651485443
0.0021778354421257973
0.0021824731957167387
0.002185567980632186
0.002200684743002057
0.0022939173504710197
0.002233091276139021
0.002167146885767579
0.002146665472537279
0.0021218066103756428
0.0021031503565609455
0.002091408474370837
0.0020805324893444777
0.0020798039622604847
0.0020729766692966223
0.002059841062873602
0.002055245917290449
0.0020324517972767353
0.002024957211688161
0.002015994396060705
0.0020078662782907486
0.001998600782826543
0.0019900170154869556
0.0019779852591454983
0.0019696622621268034
0.001970903715118766
0.0019557406194508076
0.0019492540741339326
0.0019355574622750282
0.0019257055828347802
0.001920108450576663
0.0019109274726361036
0.0018988086376339197
0.0018877884140238166
0.0018818166572600603
0.0018703934038057923
0.0018617601599544287
0.0018620819319039583
0.0018463687738403678
0.001840378507040441
0.0018382325069978833
0.0018256139010190964
0.0018261427758261561
0.0018396810628473759
0.0018222900107502937
0.0018037311965599656
0.0017843584064394236
0.0017754073487594724
0.0017721550539135933
0.002084042876958847
0.0022084268275648355
0.0019172095926478505
0.0017879754304885864
0.0017744203796610236
0.0017399197677150369
0.0017262023175135255
0.0017141512362286448
0.001711009070277214
0.0017117998795583844
0.0016925384989008307
0.0016722922446206212
0.0016656795050948858
0.0016639019595459104
0.0016581410309299827
0.001647227443754673
0.0016243669670075178
0.001620614086277783
0.001617699977941811
0.0016211767215281725
0.0016121247317641973
0.0016027232632040977
0.0016022016061469913
0.0015918683493509889
0.0015857010148465633
0.0015804407885298133
0.0015762395923957229
0.0015738741494715214
0.001567999366670847
0.0015660860808566213
0.001559939468279481
0.0015560896135866642
0.001551712746731937
0.0015482943272218108
0.0015438891714438796
0.0015392485074698925
0.0015355880605056882
0.0015400834381580353
0.0015360646648332477
0.0015290030278265476
0.0015269705327227712
0.0015220300992950797
0.0015148009406402707
0.001509767840616405
0.001508562476374209
0.0015231455909088254
0.0015193842118605971
0.001522543141618371
0.0015083352336660028
0.001487957313656807
0.001503283390775323
0.0014937407104298472
0.001483112690038979
0.0014750349801033735
0.0014791339635849
0.0014730151742696762
0.0014738428872078657
0.0014797212788835168
0.0014696725411340594
0.0014580885181203485
0.0014480948448181152
0.0014403358800336719
0.0014352615689858794
0.0014300377806648612
0.0014275246066972613
0.0014213203685358167
0.0014156701508909464
0.001413492951542139
0.0014098573010414839
0.0014034294290468097
0.0013995558256283402
0.0014147571055218577
0.0014057744992896914
0.0013919525081291795
0.0013885509688407183
0.0013830254320055246
0.0013818183215335011
0.0013832611730322242
0.0013770207297056913
0.001368924742564559
0.0013846411602571607
0.0014230103697627783
0.001492124516516924
0.0014728548703715205
0.0014138888800516725
0.0013776281848549843
0.001359428628347814
0.0013492584694176912
0.0013439353788271546
0.0013379617594182491
0.0013308778870850801
0.0013373829424381256
0.001334511092863977
0.0013232356868684292
0.001313936896622181
0.0013053362490609288
0.001297056907787919
0.0012991015100851655
0.0012901060981675982
0.0012848087353631854
0.001279509742744267
0.0012737872311845422
0.0012694053584709764
0.00126493233256042
0.0012596757151186466
0.0012571308761835098
0.0012529980158433318
0.001249868655577302
0.001244705286808312
0.0012437938712537289
0.0012357081286609173
0.0012339702807366848
0.001229632180184126
0.0012244728859513998
0.0012218672782182693
0.0012208803091198206
0.001214105635881424
0.0012122882762923837
0.0012098598526790738
0.0012071061646565795
0.0012045929906889796
0.0012031790101900697
0.001201531384140253
0.0012011051876470447
0.0011972493957728148
0.0011958441464230418
0.0011927755549550056
0.0011912123300135136
0.0011910315370187163
0.0011871319729834795
0.0011861894745379686
0.0012303311377763748
0.0012327864533290267
0.0012279534712433815
0.0012130382237955928
0.001197661506012082
0.0011914161732420325
0.001183026353828609
0.0011803420493379235
0.0011778506450355053
0.001173712546005845
0.0011703923810273409
0.0011663308832794428
0.00116375379730016
0.0011626961641013622
0.0011588702909648418
0.0011570339556783438
0.0011528929462656379
0.0011595154646784067
0.0011585942702367902
0.001162462867796421
0.001156495069153607
0.0011508205207064748
0.0011531282216310501
0.0011661911848932505
0.0011581446742638946
0.0011473754420876503
0.0011406332487240434
0.0011352765141054988
0.0011318217730149627
0.0011270155664533377
0.0011293439893051982
0.0011269103270024061
0.0011233334662392735
0.0011188531061634421
0.001116003841161728
0.0011129910126328468
0.0011096186935901642
0.0011067985324189067
0.0011046183062717319
0.0011028650915250182
0.0011007438879460096
0.001099090906791389
0.0010966963600367308
0.0010977097554132342
0.0010998980142176151
0.0010963677195832133
0.001093825907446444
0.0010878776665776968
0.0010855387663468719
0.0010833306005224586
0.0010807439684867859
0.0010788054205477238
0.0010774133261293173
0.0010749311186373234
0.0010729177156463265
0.0010716270189732313
0.0010683959117159247
0.0010665382724255323
0.0010638870298862457
0.0010607152944430709
0.0010610634926706553
