0.6825869083404541
0.6747695803642273
0.6662006974220276
0.6562634706497192
0.6423688530921936
0.6249778270721436
0.602869987487793
0.5772293210029602
0.5469653010368347
0.5145242214202881
0.4789400100708008
0.44454285502433777
0.4157985746860504
0.3957769274711609
0.38800981640815735
0.38048696517944336
0.37228280305862427
0.3646465539932251
0.3597390949726105
0.3577122092247009
0.35753560066223145
0.3538026809692383
0.34772372245788574
0.3444611132144928
0.3406324088573456
0.3392218351364136
0.3344273567199707
0.33206555247306824
0.329222172498703
0.3232772648334503
0.32168981432914734
0.3203470706939697
0.3167514503002167
0.31478360295295715
0.3149569630622864
0.3113876283168793
0.30860891938209534
0.30595284700393677
0.30428096652030945
0.3024291396141052
0.3007596433162689
0.29931187629699707
0.29765012860298157
0.295680433511734
0.2927095293998718
0.2960539758205414
0.29339978098869324
0.2899511754512787
0.2865807116031647
0.2844911813735962
0.28241756558418274
0.2809732258319855
0.2814859449863434
0.28056615591049194
0.2783738374710083
0.276780366897583
0.2744811773300171
0.2724548876285553
0.27334725856781006
0.27040570974349976
0.2691889703273773
0.26873454451560974
0.2653041481971741
0.26526108384132385
0.26293325424194336
0.26186537742614746
0.26013898849487305
0.258714884519577
0.2570386230945587
0.2555750608444214
0.25410914421081543
0.2525709569454193
0.25313740968704224
0.25104624032974243
0.25190117955207825
0.2502436339855194
0.24660371243953705
0.24424029886722565
0.24293866753578186
0.2424483746290207
0.2430294007062912
0.24841377139091492
0.2497112900018692
0.24454087018966675
0.23991940915584564
0.23602554202079773
0.240025594830513
0.24041393399238586
0.2333720624446869
0.23249512910842896
0.23331330716609955
0.2328510731458664
0.22621071338653564
0.22537195682525635
0.2237865924835205
0.2208784520626068
0.21828146278858185
0.2163742184638977
0.21425624191761017
0.21282069385051727
0.21151109039783478
0.21030285954475403
0.20918214321136475
0.2081437110900879
0.2066478133201599
0.213051438331604
0.21484319865703583
0.21229729056358337
0.20713917911052704
0.20430876314640045
0.20185844600200653
0.2008986622095108
0.19987279176712036
0.19903147220611572
0.1962362676858902
0.19513821601867676
0.19387151300907135
0.1925804615020752
0.19336284697055817
0.19182202219963074
0.18969984352588654
0.18833774328231812
0.18668398261070251
0.19022779166698456
0.19689413905143738
0.19987602531909943
0.19133970141410828
0.18508972227573395
0.1828102469444275
0.18107545375823975
0.18284547328948975
0.17784379422664642
0.17915403842926025
0.17706583440303802
0.1750204712152481
0.1730627417564392
0.17342932522296906
0.1710876226425171
0.17007984220981598
0.16842590272426605
0.17024023830890656
0.16839519143104553
0.17528286576271057
0.16907431185245514
0.16497494280338287
0.16415701806545258
0.16300350427627563
0.16033615171909332
0.15912127494812012
0.15785925090312958
0.15673981606960297
0.15791964530944824
0.16985000669956207
0.15970440208911896
0.16291114687919617
0.16245882213115692
0.15831391513347626
0.1552942991256714
0.15227113664150238
0.15035203099250793
0.14813056588172913
0.14776475727558136
0.14777721464633942
0.14658428728580475
0.14578019082546234
0.1450151652097702
0.1445029377937317
0.14631296694278717
0.14656315743923187
0.14528223872184753
0.14386209845542908
0.14271454513072968
0.1421515941619873
0.1414228230714798
0.14102721214294434
0.14088118076324463
0.14011234045028687
0.13997676968574524
0.14040929079055786
0.13910582661628723
0.1383664906024933
0.13767009973526
0.1374094933271408
0.13670223951339722
0.1358625292778015
0.13479019701480865
0.1378757804632187
0.1375957876443863
0.1343126744031906
0.13316698372364044
0.1318959891796112
0.13158032298088074
0.13056479394435883
0.13063757121562958
0.12952682375907898
0.12833087146282196
0.12802423536777496
0.12804549932479858
0.12733148038387299
0.12670516967773438
0.13129055500030518
0.12851758301258087
0.1297065019607544
0.12823285162448883
0.12700781226158142
0.12614132463932037
0.12545961141586304
0.12522107362747192
0.1245858296751976
0.12422867119312286
0.12371022999286652
0.12297066301107407
0.12292428314685822
0.12181247025728226
0.12122492492198944
0.12063843756914139
0.1207340732216835
0.11956213414669037
0.11938159167766571
0.11874672770500183
0.11863357573747635
0.11856100708246231
0.11782251298427582
0.11751732230186462
0.11719377338886261
0.11674021929502487
0.11558155715465546
0.11472292989492416
0.1143505647778511
0.11741648614406586
0.11458951234817505
0.11337669938802719
0.1124727800488472
0.11201519519090652
0.11151708662509918
0.11123359203338623
0.1106765866279602
0.1103578507900238
0.11005975306034088
0.10963687300682068
0.10920687019824982
0.10878897458314896
0.10848763585090637
0.1081143170595169
0.10778296738862991
0.1074218899011612
0.10721180588006973
0.10853732377290726
0.10742205381393433
0.10712792724370956
0.10799240320920944
0.10629495978355408
0.10710298269987106
0.10817661136388779
0.10552307218313217
0.11288829892873764
0.11060039699077606
0.10604166984558105
0.10462683439254761
0.10415759682655334
0.1038694903254509
0.10350605845451355
0.10337522625923157
0.10308478772640228
0.10286183655261993
0.10274088382720947
0.10256973654031754
0.10238473117351532
0.10217369347810745
0.10193340480327606
0.10176867246627808
0.10160534083843231
0.10145159810781479
0.10125754773616791
0.10113008320331573
0.1009572222828865
0.10065475851297379
0.10029815137386322
0.09992087632417679
0.0996481403708458
0.09934394061565399
0.09965000301599503
0.09954985231161118
0.09920503199100494
0.09872390329837799
0.09852774441242218
0.0982445627450943
0.09793514758348465
0.09776747971773148
0.10750491917133331
0.10088002681732178
0.09945452958345413
0.09842143207788467
0.0972498208284378
0.09658590704202652
0.09642139077186584
0.09642674773931503
0.09570936858654022
0.0953599140048027
0.09508869051933289
0.09485677629709244
0.09463884681463242
0.0945042297244072
0.09435247629880905
0.09503184258937836
0.09472714364528656
0.09401655197143555
0.09357418864965439
0.09319031238555908
0.0927894189953804
0.09253332018852234
0.0924023687839508
0.09199053049087524
0.09219673275947571
0.09187071770429611
0.09150099009275436
0.09120878577232361
0.09102831035852432
0.0907827839255333
0.09056973457336426
0.09041942656040192
0.09021154791116714
0.09001383930444717
0.09002604335546494
0.09049545228481293
0.0901276245713234
0.08990179002285004
0.08968715369701385
0.08978812396526337
0.08981037139892578
0.09060460329055786
0.08957898616790771
0.08915087580680847
0.0889185443520546
0.0887318029999733
0.08859448879957199
0.08831267058849335
0.0883595272898674
0.08814974129199982
0.0880153477191925
0.08777207881212234
0.0875929445028305
0.08745235204696655
0.08735198527574539
0.08717720210552216
0.08701252937316895
0.08686821907758713
0.08673183619976044
0.08677874505519867
0.0865933895111084
0.08639233559370041
0.08628956228494644
0.0860627219080925
0.08590599149465561
0.08574020862579346
0.08569822460412979
0.08567670732736588
0.08542631566524506
0.0852556824684143
0.08511680364608765
0.08496792614459991
0.0848882868885994
0.08483565598726273
0.08475733548402786
0.08472080528736115
0.08463425934314728
0.084604412317276
0.08453790843486786
0.08447898179292679
0.08439400047063828
0.0843060240149498
0.08433855324983597
0.08420209586620331
0.08407213538885117
0.0839676633477211
0.0837550088763237
0.08386262506246567
0.08380260318517685
0.0835861787199974
0.08346250653266907
0.08331321179866791
0.08322492241859436
0.08312307298183441
0.08301818370819092
0.08296199142932892
0.08281552791595459
0.0827876552939415
0.08276738226413727
0.08262142539024353
0.08254753053188324
0.08246930688619614
0.08232024312019348
0.08217965066432953
0.08209870755672455
0.0820029079914093
0.08192721009254456
0.08184656500816345
0.08186277747154236
0.08181992918252945
0.08169879764318466
0.08159719407558441
0.08151763677597046
0.08160340785980225
0.08189083635807037
0.08193835616111755
0.08143699169158936
0.0812302678823471
0.0810784250497818
0.08102250844240189
0.08094131201505661
0.08083514869213104
0.0807664766907692
0.08065057545900345
0.08058448880910873
0.08049533516168594
0.08039089292287827
0.08043322712182999
0.08028563112020493
0.08017906546592712
0.08009792119264603
0.08009342849254608
0.08000491559505463
0.07988569140434265
0.07980319112539291
0.07976597547531128
0.0796373263001442
0.0795668214559555
0.07952345907688141
0.07946042716503143
0.07956399768590927
0.07942744344472885
0.07928358763456345
0.07921810448169708
0.07913731038570404
0.07899809628725052
0.07894299179315567
0.07884842902421951
0.07878191769123077
0.07869096845388412
0.07862316817045212
0.07901803404092789
0.07944616675376892
0.07911045849323273
0.07881848514080048
0.07859102636575699
0.07851525396108627
0.07843959331512451
0.07821184396743774
0.07810316234827042
0.07800354063510895
0.0779355838894844
0.07784539461135864
0.0777481198310852
0.077705517411232
0.07760034501552582
0.07748379558324814
0.07731092721223831
0.076989084482193
0.07661478221416473
0.0763748437166214
0.07606542855501175
0.0758705586194992
0.0757451131939888
0.07555676996707916
0.07540439814329147
0.07532287389039993
0.07523371279239655
0.07514885067939758
0.0754392072558403
0.07522919028997421
0.07496549189090729
0.0748458132147789
0.07478878647089005
0.07472778111696243
0.07455868273973465
0.07442548125982285
0.07436229288578033
0.0742620900273323
0.07419085502624512
0.07411838322877884
0.07407020032405853
0.0739901140332222
0.07418116182088852
0.07406080514192581
0.07410963624715805
0.07404893636703491
0.0739428773522377
0.07382893562316895
0.07369457185268402
0.07360643893480301
0.07350344955921173
0.07345352321863174
0.07338394969701767
0.0733027458190918
0.07331964373588562
0.07323925942182541
0.07323040813207626
0.07312435656785965
0.07307756692171097
0.07300567626953125
0.0729619711637497
0.07288994640111923
0.0728403776884079
0.07277500629425049
0.07271993905305862
0.07266272604465485
0.072616346180439
0.07258172333240509
0.0725279450416565
0.07247090339660645
0.07242441922426224
0.07238034158945084
0.07234357297420502
0.07227112352848053
0.07229357212781906
0.07228686660528183
0.07237915694713593
0.0725599080324173
0.0724470466375351
0.07225534319877625
0.07214604318141937
0.0720202773809433
0.07193350046873093
0.0718771293759346
0.07182151079177856
0.07179304957389832
0.07175928354263306
0.0717020034790039
0.07164641469717026
0.07156730443239212
0.07152433693408966
0.07150763273239136
0.07144486904144287
0.07138081640005112
0.07133283466100693
0.07130525261163712
0.07119312137365341
0.07113182544708252
0.07076381146907806
0.07062043994665146
0.07038366794586182
0.07020197063684464
0.07010471820831299
0.0699227973818779
0.06984029710292816
0.06976745277643204
0.06966225057840347
0.06957999616861343
0.06952854245901108
0.06947997957468033
0.06941287219524384
0.06934742629528046
0.06931015104055405
0.06924252212047577
0.0691884458065033
0.06913077086210251
0.0691041350364685
0.06910748034715652
0.06907207518815994
0.06900991499423981
0.0689292699098587
0.06888876855373383
0.06886304914951324
0.06905387341976166
0.06919018179178238
0.06906487792730331
0.06890042871236801
0.06880714744329453
0.06871198117733002
0.0686832070350647
0.06865468621253967
0.06862448900938034
0.06860025227069855
0.06856806576251984
0.06854544579982758
0.06851617246866226
0.06851531565189362
0.06847618520259857
0.0684482753276825
0.06842580437660217
0.06839345395565033
0.06836754828691483
0.06834644824266434
0.06831904500722885
0.06829959154129028
0.0682915449142456
0.06826478987932205
0.06824323534965515
0.06822437793016434
0.06819716840982437
0.0681745857000351
0.0681508406996727
0.06813868880271912
0.06810901314020157
0.06809000670909882
0.06806066632270813
0.0680411234498024
0.06802477687597275
0.0680060014128685
0.06798066943883896
0.06795293837785721
