0.6608394384384155
0.44459086656570435
0.38907569646835327
0.3747725486755371
0.36149612069129944
0.3440268039703369
0.332153856754303
0.3224044740200043
0.32079946994781494
0.31528475880622864
0.30497846007347107
0.30011215806007385
0.29672613739967346
0.2886800765991211
0.29047128558158875
0.2794460356235504
0.27690964937210083
0.2699302136898041
0.2647082209587097
0.2624032497406006
0.25495004653930664
0.2525435984134674
0.2565092146396637
0.25005877017974854
0.242099791765213
0.23835182189941406
0.24718351662158966
0.24526067078113556
0.2388252168893814
0.23411990702152252
0.2281067818403244
0.22295811772346497
0.21941572427749634
0.21503233909606934
0.210148885846138
0.2077890783548355
0.20312723517417908
0.20048102736473083
0.2006123661994934
0.20308932662010193
0.20618890225887299
0.19930008053779602
0.19382187724113464
0.18791300058364868
0.18395446240901947
0.2192036211490631
0.20361919701099396
0.19527177512645721
0.18042698502540588
0.17574070394039154
0.17818108201026917
0.17051593959331512
0.16649049520492554
0.16491521894931793
0.16448353230953217
0.1676810383796692
0.16202694177627563
0.15466588735580444
0.15246661007404327
0.1487954705953598
0.15513378381729126
0.14945131540298462
0.15202002227306366
0.14416442811489105
0.13808922469615936
0.13488724827766418
0.13231708109378815
0.12849736213684082
0.12885253131389618
0.12424790114164352
0.12515893578529358
0.12199559807777405
0.12838169932365417
0.1302962750196457
0.12581802904605865
0.12649795413017273
0.12269983440637589
0.11337458342313766
0.10946674644947052
0.11094220727682114
0.1093887984752655
0.10519251227378845
0.11139380931854248
0.11442825943231583
0.10104597359895706
0.10419216006994247
0.09991966187953949
0.09564283490180969
0.126107320189476
0.12600751221179962
0.10322407633066177
0.09055163711309433
0.09071842581033707
0.088330939412117
0.08390486985445023
0.08211180567741394
0.07967650890350342
0.11091639846563339
0.0940127819776535
0.08756376057863235
0.08633913844823837
0.07931967079639435
0.0810139998793602
0.08280526846647263
0.07263399660587311
0.06898045539855957
0.06679193675518036
0.06440724432468414
0.06261460483074188
0.06232137978076935
0.05991610884666443
0.05839034169912338
0.059024613350629807
0.05973181873559952
0.05583838000893593
0.05545644089579582
0.0535309873521328
0.05408906936645508
0.05310463160276413
0.05101750046014786
0.04930109158158302
0.052215319126844406
0.05988456681370735
0.05148636922240257
0.0501214973628521
0.04992376267910004
0.04690481722354889
0.04477729648351669
0.04498624801635742
0.04390617087483406
0.04273120313882828
0.0419713594019413
0.041484322398900986
0.0418512262403965
0.04100147262215614
0.04070178419351578
0.04040457680821419
0.04001552239060402
0.042241085320711136
0.040583085268735886
0.041931647807359695
0.049729637801647186
0.06245255470275879
0.05083371698856354
0.04409211128950119
0.03948567435145378
0.037196796387434006
0.03594164550304413
0.03514596447348595
0.0343574583530426
0.03395349904894829
0.03366325795650482
0.032886654138565063
0.03334568068385124
0.032269131392240524
0.031530942767858505
0.031687185168266296
0.0311910230666399
0.03447061777114868
0.03507891669869423
0.03257551044225693
0.03195754066109657
0.030781006440520287
0.030027149245142937
0.029317529872059822
0.028870591893792152
0.028373656794428825
0.028370622545480728
0.029374713078141212
0.03183037415146828
0.032496366649866104
0.029572347179055214
0.028154803439974785
0.030190523713827133
0.028114300221204758
0.02620178647339344
0.025866582989692688
0.025162827223539352
0.024684567004442215
0.02440747804939747
0.02413993701338768
0.02368285320699215
0.023373117670416832
0.0239027738571167
0.02498326078057289
0.023332130163908005
0.022590426728129387
0.022190164774656296
0.021944589912891388
0.021644171327352524
0.021339474245905876
0.021051358431577682
0.020843112841248512
0.020680507645010948
0.02048138901591301
0.037297822535037994
0.03271348029375076
0.02411707490682602
0.023155370727181435
0.021689793094992638
0.035181574523448944
0.028276953846216202
0.024439148604869843
0.02105732075870037
0.020556438714265823
0.020124442875385284
0.019543027505278587
0.01947062835097313
0.018617069348692894
0.018018705770373344
0.01761147938668728
0.017314400523900986
0.01703193411231041
0.025124309584498405
0.019735200330615044
0.01811182126402855
0.017833596095442772
0.016724975779652596
0.016789168119430542
0.016556132584810257
0.016065549105405807
0.015693651512265205
0.015531020238995552
0.0155421681702137
0.015247954055666924
0.015033557079732418
0.014936072751879692
0.014785093255341053
0.014639746397733688
0.014589713886380196
0.0147126205265522
0.014591237530112267
0.014378460124135017
0.014247918501496315
0.014573381282389164
0.014639735221862793
0.014167748391628265
0.015169350430369377
0.014769606292247772
0.014148086309432983
0.01384157594293356
0.0136000020429492
0.014205598272383213
0.014281652867794037
0.013875331729650497
0.014585559256374836
0.014121582731604576
0.01384582556784153
0.013420501723885536
0.013186090625822544
0.015237303450703621
0.01582084409892559
0.014086074195802212
0.013445951044559479
0.012998506426811218
0.012721887789666653
0.013583618216216564
0.013304952532052994
0.012589654885232449
0.01261353399604559
0.012470871210098267
0.012281096540391445
0.012130124494433403
0.012406324967741966
0.012213092297315598
0.011960603296756744
0.011809934861958027
0.011715236119925976
0.01172036025673151
0.012185176834464073
0.011747791431844234
0.011612161062657833
0.011383463628590107
0.012859437614679337
0.014547924511134624
0.012710056267678738
0.011783533729612827
0.011362160556018353
0.011126043274998665
0.011012349277734756
0.01092098280787468
0.01114879734814167
0.01236032135784626
0.011894840747117996
0.011257952079176903
0.01101800985634327
0.010692253708839417
0.01053579617291689
0.010422471910715103
0.010384446009993553
0.010258507914841175
0.010336301289498806
0.010470516048371792
0.010555964894592762
0.01046679075807333
0.010194282978773117
0.010102725587785244
0.009935978800058365
0.009832608513534069
0.009793063625693321
0.009725763462483883
0.009660709649324417
0.009581901133060455
0.009506594389677048
0.009534032084047794
0.009666983969509602
0.009448385797441006
0.009303112514317036
0.00925157405436039
0.009280599653720856
0.009149369783699512
0.009052994661033154
0.010104640386998653
0.010074645280838013
0.010156097821891308
0.009553298354148865
0.0091170072555542
0.008936741389334202
0.008858127519488335
0.008968089707195759
0.008978130295872688
0.009406392462551594
0.009374270215630531
0.008866144344210625
0.008776471018791199
0.008726884610950947
0.008618693798780441
0.008508075959980488
0.008452042937278748
0.008397195488214493
0.008377645164728165
0.00833093747496605
0.008351352997124195
0.008428975008428097
0.008396165445446968
0.00829265546053648
0.008187598548829556
0.008138244040310383
0.008110620081424713
0.008089077658951283
0.008024138398468494
0.00802820734679699
0.008167444728314877
0.008069975301623344
0.008016372099518776
0.007945399731397629
0.007907235994935036
0.007846501655876637
0.007949990220367908
0.007873566821217537
0.007837117649614811
0.007842824794352055
0.007787144277244806
0.007737256120890379
0.007740598637610674
0.0078093609772622585
0.007861003279685974
0.007743060123175383
0.007691897451877594
0.007846320047974586
0.007794701028615236
0.007707376033067703
0.00769063550978899
0.007603529375046492
0.007503854110836983
0.007443199399858713
0.007408651523292065
0.007403702009469271
0.007341412361711264
0.00732586532831192
0.007315219845622778
0.007270241156220436
0.007229464594274759
0.007230712566524744
0.0072120558470487595
0.007208950351923704
0.007290721870958805
0.007252744399011135
0.007172803860157728
0.007111638318747282
0.007087787613272667
0.007044656202197075
0.0070398664101958275
0.0069984863512218
0.006957893259823322
0.006942471023648977
0.006920804735273123
0.006922038737684488
0.006881890818476677
0.006850806530565023
0.006838507484644651
0.006827204953879118
0.0067934300750494
0.006787364836782217
0.006748966872692108
0.007203429471701384
0.007198069244623184
0.006936757359653711
0.006832951679825783
0.006887556053698063
0.0069822827354073524
0.006902568507939577
0.0067536658607423306
0.006661153864115477
0.0067070163786411285
0.006684287916868925
0.006622093264013529
0.006545452866703272
0.006497196853160858
0.006437081843614578
0.006397181190550327
0.006432631518691778
0.006402462255209684
0.006332348566502333
0.006291314493864775
0.006274430546909571
0.006239023525267839
0.006260219030082226
0.006337043829262257
0.006323246750980616
0.006240731105208397
0.0061866831965744495
0.0061341021209955215
0.006099851801991463
0.0060820081271231174
0.006068859249353409
0.006088241469115019
0.006069513037800789
0.006048623938113451
0.006026099435985088
0.006012355908751488
0.005998360924422741
0.0060011520981788635
0.006002358160912991
0.005991579033434391
0.005969547666609287
0.005955492611974478
0.005950729362666607
0.00593007355928421
0.005909519735723734
0.005915550515055656
0.005899056326597929
0.005882285535335541
0.005868269130587578
0.005854425951838493
0.005856228526681662
0.005878652445971966
0.005890990141779184
0.0058645387180149555
0.005827810149639845
0.005826101638376713
0.005831260699778795
0.005815362092107534
0.005765229929238558
0.005737551487982273
0.005730915814638138
0.005714475642889738
0.005705713760107756
0.005682494957000017
0.005679016001522541
0.005666567012667656
0.005647715181112289
0.005642341449856758
0.005639605224132538
0.005833437666296959
0.00599178671836853
0.00586256617680192
0.005731901619583368
0.0056782737374305725
0.005631497595459223
0.005600073840469122
0.005570489447563887
0.0055540865287184715
0.005529636982828379
0.005534646566957235
0.005550925619900227
0.005531062837690115
0.005500009749084711
0.0054869214072823524
0.005470734089612961
0.005447957664728165
0.00545924436300993
0.0054421755485236645
0.005428689997643232
0.005414736922830343
0.005408977624028921
0.00538542540743947
0.005406383890658617
0.005390590988099575
0.005394162144511938
0.005379732698202133
0.005355011206120253
0.005325186997652054
0.005309804808348417
0.00529271736741066
0.005267197731882334
0.005255941301584244
0.005241858772933483
0.005227982997894287
0.005254875402897596
0.005301925353705883
0.005302562844008207
0.005314180627465248
0.005313087720423937
0.005322035402059555
0.0052681914530694485
0.005240823142230511
0.005182585678994656
0.0051513914950191975
0.005143314134329557
0.005109318066388369
0.0051251486875116825
0.005124599207192659
0.005205286666750908
0.005155717488378286
0.005089700687676668
0.0050633810460567474
0.0050380295142531395
0.005033332854509354
0.005012728739529848
0.004999605473130941
0.004979376215487719
0.0049562519416213036
0.0049550035037100315
0.004940383601933718
0.004936555866152048
0.00492890877649188
0.004919061902910471
0.004911849740892649
0.004915011115372181
0.004927073139697313
0.004927991423755884
0.004940402694046497
0.00492308521643281
0.004919004160910845
0.00491331797093153
0.004894996993243694
0.004864843562245369
0.004884670488536358
0.004878405015915632
0.004866001661866903
0.0048433588817715645
0.004847349599003792
0.00483857374638319
0.004829172044992447
0.004819661378860474
0.004811971448361874
0.004822990857064724
0.004841978196054697
0.004816444590687752
0.004795309621840715
0.004784860648214817
0.004781715106219053
0.004779556766152382
0.004773336928337812
0.004769578576087952
0.004761005286127329
0.00475772749632597
0.0047485618852078915
0.004738005809485912
0.004726944491267204
0.004720874596387148
0.0047116936184465885
0.004709829576313496
0.00480474391952157
0.0048982431180775166
0.004881067201495171
0.0048275659792125225
0.004778575152158737
0.0047360011376440525
0.004709703382104635
0.004684258718043566
0.004670156165957451
0.004657152108848095
0.00464812945574522
0.004654757212847471
0.004661531653255224
0.004650292918086052
0.004630305338650942
0.004625360015779734
0.0046111042611300945
0.004600790794938803
0.0045961057767271996
0.00460447371006012
0.004615351557731628
0.004605558235198259
0.004577957559376955
0.004566818941384554
0.004560328554362059
0.004578755237162113
0.004564817063510418
0.004546775482594967
0.004544734489172697
0.004536733962595463
0.0045317099429667
0.004526352044194937
0.004528690129518509
0.0045333500020205975
0.004541205242276192
0.004527573473751545
0.004499932285398245
0.004507399629801512
0.004504222888499498
0.004481865558773279
0.00447308924049139
