0.5841121673583984
0.5934579372406006
0.6152647733688354
0.6308411359786987
0.6604361534118652
0.6806853413581848
0.7009345889091492
0.722741425037384
0.7398753762245178
0.7429906725883484
0.7554517388343811
0.7694703936576843
0.7928348779678345
0.8068535923957825
0.8161993622779846
0.8193146586418152
0.827102780342102
0.8348909616470337
0.84112149477005
0.8473520278930664
0.8504672646522522
0.8520249128341675
0.8520249128341675
0.8520249128341675
0.8489096760749817
0.8426791429519653
0.8473520278930664
0.8473520278930664
0.8473520278930664
0.8504672646522522
0.8535825610160828
0.8582554459571838
0.8566977977752686
0.8598130941390991
0.8629283308982849
0.8660436272621155
0.8644859790802002
0.8644859790802002
0.8707165122032166
0.8660436272621155
0.8691588640213013
0.8676012754440308
0.8660436272621155
0.8691588640213013
0.8707165122032166
0.8738317489624023
0.8722741603851318
0.8722741603851318
0.8676012754440308
0.8707165122032166
0.8691588640213013
0.8738317489624023
0.8753893971443176
0.8769470453262329
0.8738317489624023
0.8769470453262329
0.8722741603851318
0.8691588640213013
0.8738317489624023
0.8785046935081482
0.8785046935081482
0.8785046935081482
0.8785046935081482
0.8785046935081482
0.8769470453262329
0.8800622820854187
0.881619930267334
0.881619930267334
0.8831775784492493
0.8847352266311646
0.8878504633903503
0.8878504633903503
0.8862928152084351
0.8894081115722656
0.8894081115722656
0.8909657597541809
0.8940809965133667
0.8925233483314514
0.8940809965133667
0.8925233483314514
0.8940809965133667
0.8925233483314514
0.8940809965133667
0.8940809965133667
0.8940809965133667
0.895638644695282
0.895638644695282
0.8971962332725525
0.8987538814544678
0.8987538814544678
0.8987538814544678
0.9003115296363831
0.9003115296363831
0.8987538814544678
0.8971962332725525
0.9034267663955688
0.9034267663955688
0.9049844145774841
0.9080997109413147
0.9065420627593994
0.9096572995185852
0.9127725958824158
0.9096572995185852
0.9096572995185852
0.9096572995185852
0.9112149477005005
0.9112149477005005
0.9096572995185852
0.9127725958824158
0.9096572995185852
0.9080997109413147
0.9065420627593994
0.9096572995185852
0.9096572995185852
0.9127725958824158
0.9127725958824158
0.9158878326416016
0.9127725958824158
0.9112149477005005
0.9158878326416016
0.914330244064331
0.9158878326416016
0.9158878326416016
0.914330244064331
0.9127725958824158
0.9127725958824158
0.9158878326416016
0.914330244064331
0.914330244064331
0.9112149477005005
0.9158878326416016
0.9158878326416016
0.9190031290054321
0.914330244064331
0.9190031290054321
0.914330244064331
0.914330244064331
0.914330244064331
0.9174454808235168
0.9127725958824158
0.9158878326416016
0.9174454808235168
0.9190031290054321
0.9205607771873474
0.9127725958824158
0.9205607771873474
0.9190031290054321
0.9221183657646179
0.9236760139465332
0.9252336621284485
0.9236760139465332
0.9221183657646179
0.9236760139465332
0.9236760139465332
0.9236760139465332
0.9252336621284485
0.9252336621284485
0.9205607771873474
0.9221183657646179
0.9236760139465332
0.9252336621284485
0.9252336621284485
0.9252336621284485
0.9252336621284485
0.9190031290054321
0.9205607771873474
0.9190031290054321
0.9174454808235168
0.9205607771873474
0.9221183657646179
0.9205607771873474
0.9205607771873474
0.9221183657646179
0.9236760139465332
0.926791250705719
0.9236760139465332
0.9221183657646179
0.9236760139465332
0.9252336621284485
0.9252336621284485
0.9252336621284485
0.9221183657646179
0.9205607771873474
0.9252336621284485
0.926791250705719
0.926791250705719
0.926791250705719
0.9314641952514648
0.9283488988876343
0.9283488988876343
0.9252336621284485
0.9299065470695496
0.9252336621284485
0.926791250705719
0.926791250705719
0.9283488988876343
0.926791250705719
0.9252336621284485
0.926791250705719
0.926791250705719
0.9252336621284485
0.9252336621284485
0.9252336621284485
0.9252336621284485
0.9252336621284485
0.926791250705719
0.9252336621284485
0.9252336621284485
0.9252336621284485
0.9221183657646179
0.9190031290054321
0.9205607771873474
0.9221183657646179
0.9236760139465332
0.9236760139465332
0.9236760139465332
0.9205607771873474
0.9221183657646179
0.9221183657646179
0.9221183657646179
0.9221183657646179
0.9221183657646179
0.9236760139465332
0.9252336621284485
0.9252336621284485
0.926791250705719
0.926791250705719
0.9252336621284485
0.9252336621284485
0.9236760139465332
0.9205607771873474
0.9205607771873474
0.9221183657646179
0.9221183657646179
0.9221183657646179
0.9221183657646179
0.9221183657646179
0.9236760139465332
0.9236760139465332
0.9236760139465332
0.9221183657646179
0.9221183657646179
0.9190031290054321
0.9236760139465332
0.9252336621284485
0.9236760139465332
0.9221183657646179
0.9221183657646179
0.9221183657646179
0.9221183657646179
0.9221183657646179
0.9236760139465332
0.9236760139465332
0.9221183657646179
0.9221183657646179
0.9221183657646179
0.9252336621284485
0.9252336621284485
0.9236760139465332
0.9236760139465332
0.9283488988876343
0.9283488988876343
0.9283488988876343
0.926791250705719
0.926791250705719
0.9252336621284485
0.9236760139465332
0.9252336621284485
0.9252336621284485
0.9236760139465332
0.9236760139465332
0.9283488988876343
0.9299065470695496
0.9283488988876343
0.926791250705719
0.9252336621284485
0.926791250705719
0.926791250705719
0.9252336621284485
0.9221183657646179
0.9190031290054321
0.9174454808235168
0.9221183657646179
0.9283488988876343
0.9283488988876343
0.9283488988876343
0.926791250705719
0.9252336621284485
0.9252336621284485
0.9252336621284485
0.9252336621284485
0.9252336621284485
0.9252336621284485
0.926791250705719
0.926791250705719
0.926791250705719
0.9283488988876343
0.9283488988876343
0.9283488988876343
0.9283488988876343
0.9252336621284485
0.926791250705719
0.9299065470695496
0.9283488988876343
0.926791250705719
0.926791250705719
0.9252336621284485
0.9205607771873474
0.9205607771873474
0.9205607771873474
0.9190031290054321
0.9190031290054321
0.9236760139465332
0.9252336621284485
0.9252336621284485
0.9252336621284485
0.926791250705719
0.9283488988876343
0.9283488988876343
0.9283488988876343
0.9299065470695496
0.9299065470695496
0.9299065470695496
0.9299065470695496
0.9283488988876343
0.9299065470695496
0.9299065470695496
0.9299065470695496
0.9299065470695496
0.9283488988876343
0.926791250705719
0.926791250705719
0.926791250705719
0.9283488988876343
0.9283488988876343
0.9283488988876343
0.9283488988876343
0.9283488988876343
0.9283488988876343
0.9283488988876343
0.926791250705719
0.9283488988876343
0.926791250705719
0.926791250705719
0.926791250705719
0.9283488988876343
0.9283488988876343
0.9283488988876343
0.9283488988876343
0.9283488988876343
0.9283488988876343
0.9283488988876343
0.9283488988876343
0.9283488988876343
0.9283488988876343
0.926791250705719
0.926791250705719
0.9283488988876343
0.9283488988876343
0.9283488988876343
0.9283488988876343
0.9283488988876343
0.9283488988876343
0.9283488988876343
0.9283488988876343
0.9299065470695496
0.9299065470695496
0.9283488988876343
0.9283488988876343
0.9299065470695496
0.9299065470695496
0.9299065470695496
0.9299065470695496
0.9299065470695496
0.9299065470695496
0.9283488988876343
0.9283488988876343
0.9299065470695496
0.9299065470695496
0.9299065470695496
0.9299065470695496
0.9299065470695496
0.9314641952514648
0.9299065470695496
0.9299065470695496
0.9314641952514648
0.9314641952514648
0.9314641952514648
0.9330217838287354
0.9330217838287354
0.9330217838287354
0.9330217838287354
0.9330217838287354
0.9330217838287354
0.9330217838287354
0.9330217838287354
0.9330217838287354
0.9330217838287354
0.9330217838287354
0.9330217838287354
0.9314641952514648
0.9330217838287354
0.9314641952514648
0.9314641952514648
0.9314641952514648
0.9314641952514648
0.9299065470695496
0.9299065470695496
0.9299065470695496
0.9299065470695496
0.9299065470695496
0.9299065470695496
0.9299065470695496
0.9283488988876343
0.9283488988876343
0.9283488988876343
0.9283488988876343
0.926791250705719
0.926791250705719
0.926791250705719
0.9283488988876343
0.9299065470695496
0.9299065470695496
0.9299065470695496
0.9299065470695496
0.9299065470695496
0.9299065470695496
0.9299065470695496
0.9299065470695496
0.9299065470695496
0.9299065470695496
0.9299065470695496
0.9299065470695496
0.9314641952514648
0.9314641952514648
0.9314641952514648
0.9314641952514648
0.9314641952514648
0.9314641952514648
0.9314641952514648
0.9314641952514648
0.9314641952514648
0.9314641952514648
0.9314641952514648
0.9314641952514648
0.9314641952514648
0.9314641952514648
0.9314641952514648
0.9314641952514648
0.9299065470695496
0.9299065470695496
0.9314641952514648
0.9314641952514648
0.9314641952514648
0.9314641952514648
0.9283488988876343
0.9283488988876343
0.9283488988876343
0.9283488988876343
0.9283488988876343
0.9283488988876343
0.9299065470695496
0.9283488988876343
0.9283488988876343
0.9299065470695496
0.9283488988876343
0.9299065470695496
0.9299065470695496
0.9299065470695496
0.9299065470695496
0.9299065470695496
0.9299065470695496
0.9299065470695496
0.9299065470695496
0.9299065470695496
0.9299065470695496
0.9299065470695496
0.9299065470695496
0.9299065470695496
0.9299065470695496
0.9299065470695496
0.9299065470695496
0.9299065470695496
0.9299065470695496
0.9299065470695496
0.9299065470695496
0.9299065470695496
0.9314641952514648
0.9314641952514648
0.9314641952514648
0.9314641952514648
0.9314641952514648
0.9314641952514648
0.9314641952514648
0.9314641952514648
0.9314641952514648
0.9314641952514648
0.9314641952514648
0.9314641952514648
0.9314641952514648
0.9314641952514648
0.9314641952514648
0.9314641952514648
0.9314641952514648
0.9314641952514648
0.9314641952514648
0.9314641952514648
0.9314641952514648
0.9314641952514648
0.9314641952514648
0.9314641952514648
0.9314641952514648
0.9314641952514648
0.9314641952514648
0.9314641952514648
0.9314641952514648
0.9314641952514648
0.9314641952514648
0.9314641952514648
0.9314641952514648
0.9314641952514648
0.9314641952514648
0.9314641952514648
0.9314641952514648
0.9314641952514648
0.9314641952514648
0.9314641952514648
0.9314641952514648
0.9314641952514648
0.9314641952514648
0.9314641952514648
0.9314641952514648
0.9314641952514648
0.9314641952514648
0.9314641952514648
0.9314641952514648
0.9330217838287354
0.9330217838287354
0.9330217838287354
0.9330217838287354
0.9330217838287354
0.9330217838287354
0.9330217838287354
0.9330217838287354
0.9330217838287354
0.9330217838287354
0.9330217838287354
0.9330217838287354
0.9330217838287354
0.9330217838287354
0.9330217838287354
0.9330217838287354
0.9330217838287354
0.9330217838287354
0.9330217838287354
0.9330217838287354
0.9330217838287354
0.9330217838287354
0.9330217838287354
0.9330217838287354
0.9330217838287354
0.9330217838287354
0.9330217838287354
0.9330217838287354
0.9330217838287354
0.9330217838287354
0.9330217838287354
0.9330217838287354
0.9330217838287354
0.9330217838287354
0.9330217838287354
0.9314641952514648
0.9314641952514648
0.9314641952514648
0.9314641952514648
0.9314641952514648
0.9330217838287354
0.9330217838287354
0.9330217838287354
0.9330217838287354
0.9330217838287354
0.9330217838287354
0.9330217838287354
0.9330217838287354
0.9330217838287354
0.9330217838287354
0.9330217838287354
0.9330217838287354
0.9330217838287354
0.9330217838287354
0.9330217838287354
0.9330217838287354
0.9330217838287354
0.9330217838287354
0.9330217838287354
0.9330217838287354
0.9330217838287354
0.9330217838287354
0.9330217838287354
0.9330217838287354
0.9330217838287354
0.9330217838287354
0.9330217838287354
0.9330217838287354
0.9330217838287354
0.9330217838287354
0.9330217838287354
0.9330217838287354
0.9330217838287354
0.9330217838287354
