0.6201367974281311
0.4524966776371002
0.4098401963710785
0.385313481092453
0.3622182011604309
0.3455606698989868
0.3335205614566803
0.3253568708896637
0.31798821687698364
0.31082451343536377
0.3023248016834259
0.2909376323223114
0.28407928347587585
0.27842977643013
0.2870808243751526
0.27324971556663513
0.26478466391563416
0.2580569088459015
0.2546519935131073
0.24877497553825378
0.25009676814079285
0.24824516475200653
0.24603794515132904
0.23915444314479828
0.2308308184146881
0.22501476109027863
0.22146357595920563
0.222905695438385
0.22194990515708923
0.21235033869743347
0.2088167667388916
0.2039468139410019
0.2071390599012375
0.20737533271312714
0.20928408205509186
0.19976510107517242
0.19374187290668488
0.18530891835689545
0.182777538895607
0.1807883381843567
0.17968450486660004
0.17400981485843658
0.167692169547081
0.16895698010921478
0.16246476769447327
0.16003496944904327
0.16194099187850952
0.1700335592031479
0.15837720036506653
0.15007063746452332
0.15130582451820374
0.1613292098045349
0.1496511846780777
0.14394356310367584
0.13709476590156555
0.14039410650730133
0.14232544600963593
0.13574303686618805
0.13018350303173065
0.12475589662790298
0.12129133194684982
0.117134690284729
0.11288952827453613
0.10997600108385086
0.10806076228618622
0.10602591186761856
0.11977562308311462
0.11340562254190445
0.12066076695919037
0.1282861828804016
0.151728555560112
0.11610285192728043
0.10442787408828735
0.0962386354804039
0.1334773451089859
0.1055988296866417
0.09885988384485245
0.09028021991252899
0.087346151471138
0.08507473021745682
0.080227792263031
0.07691742479801178
0.07385405898094177
0.07586600631475449
0.07480538636445999
0.0689292699098587
0.06711570173501968
0.06519196182489395
0.06253727525472641
0.06083093211054802
0.059132419526576996
0.05773879960179329
0.060087405145168304
0.05758971720933914
0.05629571154713631
0.05492700636386871
0.0740910992026329
0.06363425403833389
0.06961659342050552
0.06122112646698952
0.059080593287944794
0.05157899856567383
0.05069819837808609
0.06478612869977951
0.05565594509243965
0.04827500134706497
0.05148904770612717
0.04447076469659805
0.041302282363176346
0.04166260361671448
0.04001389443874359
0.037335947155952454
0.036311693489551544
0.03457168489694595
0.03371543064713478
0.03261170908808708
0.031641144305467606
0.03132614120841026
0.03129401430487633
0.03063836507499218
0.03058430179953575
0.030619103461503983
0.03434329107403755
0.032324474304914474
0.03099215216934681
0.029476549476385117
0.03041396103799343
0.02924058400094509
0.03696540743112564
0.04315919801592827
0.03845217078924179
0.03348029777407646
0.03111274540424347
0.029277168214321136
0.0281047560274601
0.02698933333158493
0.026018956676125526
0.02532309852540493
0.025039084255695343
0.024460216984152794
0.023957015946507454
0.023532291874289513
0.023198096081614494
0.022861367091536522
0.022823307663202286
0.02259194850921631
0.022055577486753464
0.021853482350707054
0.021729683503508568
0.021664658561348915
0.021176304668188095
0.021005919203162193
0.02093454822897911
0.02059003710746765
0.020455267280340195
0.020021339878439903
0.020255083218216896
0.019390162080526352
0.019339757040143013
0.019077805802226067
0.020294858142733574
0.021920859813690186
0.0201587975025177
0.018667524680495262
0.018396809697151184
0.018405849114060402
0.01844322681427002
0.017941461876034737
0.017500776797533035
0.017061106860637665
0.016985710710287094
0.017196374014019966
0.016771892085671425
0.016281012445688248
0.01629624515771866
0.016059959307312965
0.016233311966061592
0.016233593225479126
0.01621304638683796
0.01993803307414055
0.01874595321714878
0.019071435555815697
0.01566760428249836
0.015100032091140747
0.014570491388440132
0.014253304339945316
0.013955638743937016
0.013733374886214733
0.013617550022900105
0.01348644495010376
0.021471306681632996
0.01922249048948288
0.016743963584303856
0.015463790856301785
0.01389287319034338
0.013138743117451668
0.013299726881086826
0.02775358408689499
0.026910487562417984
0.022533420473337173
0.017138805240392685
0.01634174957871437
0.015923768281936646
0.017501672729849815
0.01411961019039154
0.013488595373928547
0.012584060430526733
0.012057493440806866
0.011389527469873428
0.011060443706810474
0.010683644562959671
0.010691340081393719
0.010552320629358292
0.011499586515128613
0.011263885535299778
0.01048428937792778
0.010216697119176388
0.009890969842672348
0.009790036827325821
0.00965841580182314
0.009571296162903309
0.009550914168357849
0.009626372717320919
0.009553706273436546
0.00941737461835146
0.009578926488757133
0.00919219758361578
0.009351990185678005
0.010017821565270424
0.010048160329461098
0.009271304123103619
0.009036572650074959
0.008967122994363308
0.008867881260812283
0.011373724788427353
0.012026467360556126
0.011019534431397915
0.009852192364633083
0.009068239480257034
0.009044673293828964
0.008643063716590405
0.008596745319664478
0.008431898429989815
0.008264207281172276
0.0082008708268404
0.009500229731202126
0.009860754013061523
0.008539135567843914
0.008346484042704105
0.008120043203234673
0.007980414666235447
0.007987823337316513
0.008440285921096802
0.008134590461850166
0.008018553256988525
0.007991709746420383
0.007973561063408852
0.008132611401379108
0.007698365952819586
0.007744905538856983
0.008032291196286678
0.007580154109746218
0.0074171568267047405
0.007451914716511965
0.007299379445612431
0.0071527110412716866
0.007581090554594994
0.007272755261510611
0.007115705870091915
0.007021721452474594
0.006941286381334066
0.006898507941514254
0.006843013688921928
0.0068119121715426445
0.006840648595243692
0.006732831709086895
0.006710894871503115
0.006639439146965742
0.006581787019968033
0.00655358238145709
0.006522504147142172
0.00649526109918952
0.0064399042166769505
0.006428768392652273
0.006337296683341265
0.0062972973100841045
0.006273533217608929
0.006264342926442623
0.006205386947840452
0.006277129054069519
0.006209041457623243
0.006155532319098711
0.006134262774139643
0.006107636261731386
0.0061602215282619
0.006178540643304586
0.006086995825171471
0.005996741820126772
0.005914914887398481
0.005828577559441328
0.005825163330882788
0.005752233322709799
0.005723651498556137
0.005787131376564503
0.005906981416046619
0.005844175349920988
0.00573758315294981
0.005597807001322508
0.005584923084825277
0.0055139074102044106
0.005457574967294931
0.005430549383163452
0.0053588151931762695
0.005582582205533981
0.005532483104616404
0.005373628810048103
0.0052909255027771
0.005254462826997042
0.005243157502263784
0.0052144830115139484
0.0051829018630087376
0.005194393917918205
0.005157988052815199
0.005127123091369867
0.005107946693897247
0.0051000420935451984
0.005068618804216385
0.005058676470071077
0.005049238912761211
0.005016780924052
0.005004276521503925
0.00499741593375802
0.004981382749974728
0.004955069161951542
0.004954834934324026
0.004949990659952164
0.004935239441692829
0.004921469371765852
0.004883222281932831
0.004876064136624336
0.004857401829212904
0.0048262313939630985
0.004807997029274702
0.004796278662979603
0.004789973143488169
0.0047676279209554195
0.004747376777231693
0.004744619131088257
0.00471465801820159
0.004703562706708908
0.004712826572358608
0.004750898107886314
0.004759479314088821
0.004693498834967613
0.004685587249696255
0.004676160868257284
0.004671795293688774
0.0046500032767653465
0.004654853139072657
0.004629860166460276
0.004569163080304861
0.004549634642899036
0.004533601459115744
0.0045126378536224365
0.004650201182812452
0.00482183275744319
0.0046513499692082405
0.004514183383435011
0.004467082675546408
0.004426560830324888
0.004383959341794252
0.004446726758033037
0.004384801723062992
0.004341762978583574
0.0043349615298211575
0.004297543317079544
0.004272053018212318
0.004267252050340176
0.00426277844235301
0.004233955405652523
0.004230482038110495
0.004248138051480055
0.004231531638652086
0.004199040587991476
0.004242894239723682
0.004298123065382242
0.0042158979922533035
0.0041701956652104855
0.00414031557738781
0.004100468475371599
0.004076716490089893
0.0040721832774579525
0.004033513832837343
0.004045384004712105
0.004084754269570112
0.0040121180936694145
0.003977673128247261
0.003955237567424774
0.003929601050913334
0.00393384974449873
0.003936927765607834
0.003908345941454172
0.0038840495981276035
0.003863721154630184
0.003840580815449357
0.003840871388092637
0.0038786951918154955
0.003950842656195164
0.004079651553183794
0.003949940204620361
0.003866851096972823
0.0038070916198194027
0.0037749812472611666
0.003759295679628849
0.0037251461762934923
0.0036981524899601936
0.0036669799592345953
0.003690766403451562
0.0037171966396272182
0.00372891454026103
0.003697505919262767
0.003670805599540472
0.0036479991395026445
0.0036293843295425177
0.0036096004769206047
0.003598868614062667
0.00358818587847054
0.003584648482501507
0.003568706102669239
0.0035672076046466827
0.0035647808108478785
0.003542971797287464
0.003546239109709859
0.0035243260208517313
0.0035138647072017193
0.003513069823384285
0.0035077070351690054
0.0034987637773156166
0.003487532027065754
0.0034885636996477842
0.003468097886070609
0.0034668762236833572
0.0034524870570749044
0.003445170819759369
0.0034417319111526012
0.0034386226907372475
0.0034276277292519808
0.0034304519649595022
0.0034135347232222557
0.00343268527649343
0.0034428942017257214
0.0034198598004877567
0.0035287204664200544
0.003510786686092615
0.0034537746105343103
0.0034043004270642996
0.0033790653105825186
0.003365839831531048
0.003342623356729746
0.0033354158513247967
0.0033231591805815697
0.0033113856334239244
0.0033050801139324903
0.0032882089726626873
0.003295645583420992
0.003285240614786744
0.0032739946618676186
0.0032667270861566067
0.0032534082420170307
0.0032425750978291035
0.003235617419704795
0.003224802203476429
0.0032237626146525145
0.0032048949506133795
0.003208574140444398
0.003197693731635809
0.003210754133760929
0.0032714405097067356
0.0032507749274373055
0.003204458625987172
0.0031736420933157206
0.0031568328849971294
0.0031497227028012276
0.003137265332043171
0.0031556913163512945
0.0031448882073163986
0.0031221741810441017
0.0031178940553218126
0.003108385019004345
0.003107394790276885
0.003094550920650363
0.003085179952904582
0.0030698368791490793
0.0030628640670329332
0.00306918122805655
0.003052033018320799
0.0030334291514009237
0.003036022651940584
0.003008509986102581
0.003036308800801635
0.0030760045628994703
0.003033026121556759
0.0030292877927422523
0.002989552216604352
0.002979548182338476
0.0029662761371582747
0.002976654563099146
0.002966782310977578
0.0029508722946047783
0.002937747398391366
0.002928514266386628
0.0029232066590338945
0.002910375129431486
0.0029355708975344896
0.0029191654175519943
0.0029020458459854126
0.002899250714108348
0.002897057216614485
0.0028875439893454313
0.002877569291740656
0.002894809702411294
0.0028933419380337
0.0028942045755684376
0.0028788703493773937
0.00286590913310647
0.0028547942638397217
0.0028474994469434023
0.00284934532828629
0.0028487173840403557
0.0028451152611523867
0.0028312494978308678
0.0028233835473656654
0.002817212138324976
0.0028083105571568012
0.002801450900733471
0.002798645757138729
0.0028009572997689247
0.002793858991935849
0.0027825816068798304
0.0027824656572192907
0.002776673762127757
0.0027735147159546614
0.002769190352410078
0.002763232449069619
0.002755321329459548
0.002752278931438923
0.0027684757951647043
0.0027729058638215065
0.0027585180941969156
0.002752011176198721
0.0027380206156522036
0.0027351323515176773
0.0027284002862870693
0.00272540096193552
0.002717427909374237
0.002712809480726719
0.002723458455875516
0.002716570859774947
0.0027070357464253902
0.0026939057279378176
0.002690444467589259
0.0026839738711714745
0.0026871643494814634
0.002666863612830639
0.0027458094991743565
0.002726534614339471
0.0027105803601443768
0.002691061468794942
0.0026769356336444616
0.0026690273080021143
0.0026653127279132605
0.0026539769023656845
0.0026419260539114475
0.002636189106851816
0.0026309953536838293
0.002629508962854743
0.0026259683072566986
0.0026206313632428646
0.0026257620193064213
0.00261499872431159
0.0026173230726271868
0.002603697357699275
0.002598837250843644
0.0026087455917149782
0.002604355337098241
0.0025919689796864986
0.0025784329045563936
0.002581876702606678
0.0025793598033487797
0.002570419805124402
0.002563497284427285
0.002560255816206336
0.0025554231833666563
0.002550930716097355
0.002543320180848241
0.0025442754849791527
0.0025378428399562836
0.002532621845602989
0.002529735676944256
0.0025238203816115856
0.0025298306718468666
