0.9500604867935181
0.7454460859298706
0.662102460861206
0.6159622073173523
0.5804221630096436
0.5513417720794678
0.5269524455070496
0.5026508569717407
0.4796176254749298
0.45265036821365356
0.42445293068885803
0.40059754252433777
0.3817107677459717
0.3715028762817383
0.3617553114891052
0.34887173771858215
0.341686487197876
0.33239150047302246
0.3267161250114441
0.31799063086509705
0.3129536807537079
0.308488667011261
0.30321529507637024
0.3013365566730499
0.29570433497428894
0.2913036048412323
0.2872112989425659
0.28459420800209045
0.28566768765449524
0.2802623212337494
0.2772045433521271
0.27332451939582825
0.27183812856674194
0.27119117975234985
0.2680974006652832
0.2644577920436859
0.26653584837913513
0.2627488672733307
0.2665345370769501
0.25995776057243347
0.2553468942642212
0.2484370619058609
0.24737121164798737
0.2426730990409851
0.24192342162132263
0.23830574750900269
0.2409743368625641
0.23471049964427948
0.23317661881446838
0.22917015850543976
0.22658997774124146
0.22492878139019012
0.2236170619726181
0.22074279189109802
0.21852582693099976
0.21628479659557343
0.21604612469673157
0.21438978612422943
0.21238580346107483
0.22292886674404144
0.2237783819437027
0.21944503486156464
0.211851105093956
0.20786164700984955
0.20457251369953156
0.2008090615272522
0.19897831976413727
0.19778652489185333
0.19673016667366028
0.19267503917217255
0.1920449137687683
0.19926881790161133
0.19386622309684753
0.18958179652690887
0.186648890376091
0.19957725703716278
0.18749140202999115
0.18813815712928772
0.18373169004917145
0.18337763845920563
0.18040071427822113
0.17988459765911102
0.1784413903951645
0.17441990971565247
0.18249978125095367
0.17542222142219543
0.17155803740024567
0.17027176916599274
0.16631469130516052
0.16493813693523407
0.16166715323925018
0.1608182191848755
0.1597646027803421
0.1600240021944046
0.1590113490819931
0.1579529047012329
0.1566862016916275
0.15193255245685577
0.1508299857378006
0.1509987711906433
0.14835025370121002
0.1462814211845398
0.14918841421604156
0.14719140529632568
0.14466461539268494
0.1415252536535263
0.140079528093338
0.13720494508743286
0.14149750769138336
0.14079345762729645
0.13623706996440887
0.13651037216186523
0.1313999891281128
0.13207854330539703
0.12944296002388
0.12872794270515442
0.13033339381217957
0.2587895393371582
0.17650620639324188
0.15018083155155182
0.14034557342529297
0.13289417326450348
0.1282079517841339
0.1264645755290985
0.12435649335384369
0.12092356383800507
0.11862180382013321
0.11913628876209259
0.11944152414798737
0.12034247070550919
0.11917697638273239
0.1162172257900238
0.11333892494440079
0.11222705245018005
0.11075732111930847
0.11032842844724655
0.1095888689160347
0.10902506113052368
0.10789267718791962
0.10733133554458618
0.1061805859208107
0.10553070902824402
0.10443494468927383
0.10388113558292389
0.10530845820903778
0.10560940951108932
0.10899904370307922
0.10556846857070923
0.11087393015623093
0.11837179958820343
0.10796460509300232
0.1035042405128479
0.10131939500570297
0.10029110312461853
0.0989404246211052
0.09780573844909668
0.0974234789609909
0.09630900621414185
0.0955624133348465
0.09438055008649826
0.09379401803016663
0.09233786910772324
0.09283081442117691
0.09273930639028549
0.09144175797700882
0.09039293229579926
0.08920638263225555
0.08978261798620224
0.08769410103559494
0.08661859482526779
0.08561450242996216
0.08511985093355179
0.08582861721515656
0.08481299877166748
0.08694653958082199
0.08694490790367126
0.08561161905527115
0.08263357728719711
0.08267718553543091
0.08108288049697876
0.08000656962394714
0.07887723296880722
0.07813367992639542
0.07746310532093048
0.07687629759311676
0.07599780708551407
0.07587689906358719
0.07512255758047104
0.07430215924978256
0.07341307401657104
0.07683093100786209
0.08082308620214462
0.08188208192586899
0.07553183287382126
0.07376597821712494
0.07129920274019241
0.07107219845056534
0.0695497915148735
0.0689491480588913
0.06843268871307373
0.07958713918924332
0.08109669387340546
0.08560207486152649
0.0827314555644989
0.07685589790344238
0.07093700021505356
0.0704493597149849
0.07072420418262482
0.07061886787414551
0.07059644907712936
0.06753135472536087
0.06508299708366394
0.0655810683965683
0.06707733124494553
0.06331536918878555
0.06170310080051422
0.060787372291088104
0.06014423444867134
0.05952228978276253
0.059105776250362396
0.058672867715358734
0.05799631029367447
0.05744316801428795
0.060546595603227615
0.0617481954395771
0.059560175985097885
0.05761182680726051
0.05683219060301781
0.056761160492897034
0.05568990483880043
0.05529211834073067
0.05471327528357506
0.054295044392347336
0.05400168150663376
0.05370811000466347
0.054069746285676956
0.053469326347112656
0.05318602919578552
0.052933160215616226
0.05279381200671196
0.05246908590197563
0.05222322791814804
0.05197039619088173
0.05203549936413765
0.05165765434503555
0.05169016867876053
0.05131694674491882
0.05122443661093712
0.050878413021564484
0.05078764259815216
0.05051330104470253
0.050421662628650665
0.05010988563299179
0.05022519454360008
0.050610147416591644
0.05003440007567406
0.0498167909681797
0.049456700682640076
0.04908256605267525
0.048792771995067596
0.0486619733273983
0.04851513355970383
0.04828134924173355
0.04829397052526474
0.04800618812441826
0.04768822342157364
0.04757225140929222
0.04952477291226387
0.05025382339954376
0.04897857457399368
0.048026956617832184
0.047420185059309006
0.047290340065956116
0.04683401435613632
0.04649669677019119
0.0464693158864975
0.04623047634959221
0.0477425642311573
0.04956941679120064
0.047536373138427734
0.04678282514214516
0.04610302299261093
0.04565062001347542
0.04563340172171593
0.04526470601558685
0.044901397079229355
0.04439295455813408
0.04435526207089424
0.04446295276284218
0.04557165876030922
0.04481083154678345
0.0438728928565979
0.04351860284805298
0.04329176992177963
0.04314909130334854
0.04283427074551582
0.04247281700372696
0.04223529249429703
0.04202123358845711
0.041842661798000336
0.04169842228293419
0.04153943434357643
0.041395287960767746
0.041366055607795715
0.041241761296987534
0.040860649198293686
0.0408908911049366
0.04122784733772278
0.04116838425397873
0.04066920280456543
0.040197089314460754
0.039986271411180496
0.039731789380311966
0.03961481153964996
0.039440277963876724
0.040864497423172
0.042036399245262146
0.04067777469754219
0.03958427160978317
0.0394897535443306
0.0391860231757164
0.0389397032558918
0.038648735731840134
0.03846704959869385
0.03839011862874031
0.0383310429751873
0.03816762939095497
0.03751993179321289
0.03758592531085014
0.03743503615260124
0.03753073140978813
0.037401895970106125
0.03814243525266647
0.03819206729531288
0.03764418140053749
0.03725960850715637
0.037278912961483
0.03696325793862343
0.03752407059073448
0.03709232807159424
0.03782258927822113
0.03762870281934738
0.03725787624716759
0.03724705055356026
0.03723277151584625
0.03694385290145874
0.03666660562157631
0.036397989839315414
0.03626248985528946
0.03607190027832985
0.03592877835035324
0.03582854941487312
0.03567563369870186
0.03563391789793968
0.03550941124558449
0.035479586571455
0.03543057292699814
0.03529628366231918
0.03518902137875557
0.035091616213321686
0.035033904016017914
0.0348820723593235
0.034877583384513855
0.03478221595287323
0.03487052395939827
0.03487229347229004
0.0346716083586216
0.0345187708735466
0.03450719267129898
0.03434288874268532
0.03421249985694885
0.034175459295511246
0.034110669046640396
0.03400788828730583
0.03397410362958908
0.033865951001644135
0.03383621573448181
0.033725131303071976
0.03367069736123085
0.03377433866262436
0.03373634070158005
0.0335509292781353
0.03363751992583275
0.033471670001745224
0.03343822434544563
0.03333420306444168
0.033272016793489456
0.03317814692854881
0.03299221768975258
0.032888125628232956
0.032826051115989685
0.032756704837083817
0.032654181122779846
0.03261007368564606
0.0325031653046608
0.03241617977619171
0.03235315531492233
0.032369907945394516
0.032248105853796005
0.032150380313396454
0.03205675631761551
0.032034680247306824
0.03193436935544014
0.03183087706565857
0.031942617148160934
0.03180535510182381
0.0317242294549942
0.03171779215335846
0.034200336784124374
0.03455943241715431
0.03365323692560196
0.03332989662885666
0.032683320343494415
0.0322260819375515
0.03188207000494003
0.031675297766923904
0.031571242958307266
0.03145592287182808
0.03131917491555214
0.03127041459083557
0.031171364709734917
0.031045250594615936
0.030998414382338524
0.030913885682821274
0.03077765554189682
0.030617034062743187
0.030770661309361458
0.030579643324017525
0.030527500435709953
0.030352238565683365
0.03032250516116619
0.03026716224849224
0.030215932056307793
0.030187712982296944
0.030171873047947884
0.030122721567749977
0.030076226219534874
0.03001749888062477
0.029970712959766388
0.029939306899905205
0.029901620000600815
0.02988557144999504
0.029838262125849724
0.029790367931127548
0.02973538637161255
0.02970351092517376
0.029688840731978416
0.02967950329184532
0.02963898330926895
0.0295957550406456
0.029535993933677673
0.02949734590947628
0.02947649545967579
0.029456553980708122
0.029416462406516075
0.029352856799960136
0.02935069426894188
0.029293233528733253
0.029285728931427002
0.029248571023344994
0.029237806797027588
0.029215192422270775
0.0292131956666708
0.02918877638876438
0.02906281128525734
0.029222259297966957
0.029167838394641876
0.029099639505147934
0.029050618410110474
0.029000623151659966
0.02891821227967739
0.028867382556200027
0.02881413698196411
0.028772562742233276
0.028730152174830437
0.028684226796030998
0.02865469641983509
0.028625058010220528
0.028580760583281517
0.02854246273636818
0.02851012721657753
0.028473585844039917
0.028424197807908058
0.028578493744134903
0.02851914055645466
0.028472401201725006
0.02835511416196823
0.028408275917172432
0.02840462513267994
0.028394604101777077
0.028371624648571014
0.028746001422405243
0.02831735648214817
0.028748223558068275
0.028769195079803467
0.028647206723690033
0.028555065393447876
0.028449706733226776
0.028325321152806282
0.028223935514688492
0.02814820595085621
0.028082532808184624
0.028011541813611984
0.02795306406915188
0.027914201840758324
0.02789449319243431
0.027839595451951027
0.02777957357466221
0.027713844552636147
0.027673792093992233
0.027640368789434433
0.02760435827076435
0.027552513405680656
0.027514616027474403
0.027474354952573776
0.027435652911663055
0.027390750125050545
0.027385441586375237
0.027322918176651
0.027283217757940292
0.02726414054632187
0.027220290154218674
0.02720610611140728
0.02714238129556179
0.02712613344192505
0.02721489779651165
0.027198325842618942
0.027106069028377533
0.027032552286982536
0.026965586468577385
0.026948468759655952
0.026921601966023445
0.02689884975552559
0.026920463889837265
0.026897132396697998
0.026851095259189606
0.02684895694255829
0.026811499148607254
0.026780882850289345
0.026869777590036392
0.027263527736067772
0.027255427092313766
0.027189459651708603
0.02704571932554245
0.026871521025896072
0.02679353393614292
0.02674630656838417
0.02671976387500763
0.02668498083949089
0.026657048612833023
0.026623336598277092
0.026596857234835625
0.02657509408891201
0.026566170156002045
0.026540450751781464
0.02651919610798359
0.026483390480279922
0.026447471231222153
0.026490425691008568
0.026465846225619316
0.02642839215695858
0.02640390768647194
0.02636745572090149
0.026386035606265068
0.026372220367193222
0.026337817311286926
0.026311079040169716
0.02629108354449272
0.02625972591340542
0.0262322835624218
0.026231275871396065
0.0262004341930151
0.02617948316037655
0.026151606813073158
0.0261396374553442
0.026123827323317528
0.026099884882569313
0.02608860470354557
0.026106534525752068
0.026200173422694206
0.026178479194641113
0.026120265945792198
0.02608342096209526
0.02605634555220604
0.026032952591776848
0.025997420772910118
0.025974782183766365
0.025953728705644608
0.02592252939939499
0.02590114064514637
0.02587624080479145
0.02585551328957081
0.025832191109657288
0.025812819600105286
0.025816552340984344
0.02582080103456974
0.025815045461058617
0.025782905519008636
0.025754382833838463
0.025721240788698196
0.025694673880934715
