0.7066318988800049
0.5500385165214539
0.47427433729171753
0.42485207319259644
0.39661693572998047
0.3791012167930603
0.3664097785949707
0.3565421998500824
0.3482673466205597
0.3384077250957489
0.332872211933136
0.32926663756370544
0.32319095730781555
0.31618550419807434
0.3109317719936371
0.3165404796600342
0.31231197714805603
0.29947420954704285
0.29561787843704224
0.29454469680786133
0.30486708879470825
0.2898889482021332
0.2826453745365143
0.2785414457321167
0.2750982642173767
0.27155864238739014
0.2698904275894165
0.2660104036331177
0.26300618052482605
0.2582763135433197
0.2550869286060333
0.252323180437088
0.25002169609069824
0.24866458773612976
0.24674369394779205
0.25774839520454407
0.25046584010124207
0.2473679482936859
0.2395372986793518
0.23493662476539612
0.2324085831642151
0.22900351881980896
0.22566534578800201
0.22263547778129578
0.22079412639141083
0.21956470608711243
0.21664787828922272
0.2156861275434494
0.21573123335838318
0.2113281488418579
0.21083912253379822
0.2071267068386078
0.2037154883146286
0.20223340392112732
0.21550114452838898
0.21509988605976105
0.20073167979717255
0.19766271114349365
0.1939215213060379
0.19006620347499847
0.18826673924922943
0.1852746456861496
0.18366026878356934
0.18208681046962738
0.1792702078819275
0.1764385849237442
0.17734085023403168
0.17731663584709167
0.17534556984901428
0.17500412464141846
0.17378529906272888
0.16834121942520142
0.16682785749435425
0.1625363975763321
0.16063596308231354
0.15803681313991547
0.15601515769958496
0.15546296536922455
0.1522757112979889
0.1491280496120453
0.14741623401641846
0.14851561188697815
0.17356206476688385
0.16663920879364014
0.14908212423324585
0.14159974455833435
0.13945838809013367
0.13724641501903534
0.13353098928928375
0.13178080320358276
0.13049760460853577
0.12752877175807953
0.12706735730171204
0.1270197629928589
0.1254555732011795
0.12142566591501236
0.12898939847946167
0.12683801352977753
0.11971478909254074
0.11666598170995712
0.13300877809524536
0.12861323356628418
0.11916013807058334
0.12291313707828522
0.11964116990566254
0.11204560846090317
0.10741262882947922
0.10488394647836685
0.10366867482662201
0.11185495555400848
0.10172010213136673
0.10031645745038986
0.09734559059143066
0.11597991734743118
0.10631850361824036
0.09583330899477005
0.09618964046239853
0.11376029998064041
0.10772675275802612
0.10137947648763657
0.09522464871406555
0.09143926948308945
0.08715639263391495
0.08594250679016113
0.08449840545654297
0.0829966813325882
0.0815589651465416
0.08538437634706497
0.08107971400022507
0.07840424031019211
0.07646102458238602
0.07535909116268158
0.07373519241809845
0.07422865182161331
0.07434462010860443
0.0714922770857811
0.07154259085655212
0.0696958675980568
0.0682971403002739
0.06830599159002304
0.07241461426019669
0.07008794695138931
0.06618049740791321
0.06598155200481415
0.06292104721069336
0.06301619857549667
0.06183139234781265
0.06089847534894943
0.060474246740341187
0.059940047562122345
0.05945087596774101
0.05879431962966919
0.05866185575723648
0.0580468624830246
0.05746467038989067
0.057737428694963455
0.05664289370179176
0.056561436504125595
0.05572732537984848
0.05544811114668846
0.06022914499044418
0.05836239084601402
0.05602934584021568
0.05468866974115372
0.054364535957574844
0.053719934076070786
0.0528792142868042
0.05303938314318657
0.05219631269574165
0.05171076953411102
0.05147774890065193
0.05078527331352234
0.05082443729043007
0.04965449124574661
0.04970410838723183
0.049165982753038406
0.04889679327607155
0.04894063249230385
0.049147509038448334
0.05160985514521599
0.05491067096590996
0.0506436824798584
0.048135168850421906
0.04730448126792908
0.04631882160902023
0.04603927955031395
0.04545583575963974
0.0451694093644619
0.04473317414522171
0.04427492618560791
0.04391411319375038
0.04412877932190895
0.0445522703230381
0.04362749680876732
0.0430038645863533
0.0422055684030056
0.042861636728048325
0.0419299378991127
0.041122499853372574
0.041213106364011765
0.040692009031772614
0.044301025569438934
0.045712023973464966
0.04255888611078262
0.04065852239727974
0.03982431814074516
0.03922039642930031
0.03859613463282585
0.03815125301480293
0.0419192761182785
0.043073154985904694
0.039823487401008606
0.038652777671813965
0.03802257776260376
0.037033990025520325
0.03736229985952377
0.03656653314828873
0.0366109199821949
0.03641386330127716
0.03747827559709549
0.03525823354721069
0.036634113639593124
0.034809552133083344
0.034100040793418884
0.033864088356494904
0.0335259772837162
0.03292655944824219
0.032696519047021866
0.03358428180217743
0.03344426304101944
0.03241092711687088
0.03133032098412514
0.031380292028188705
0.031307756900787354
0.030567679554224014
0.030241016298532486
0.031117795035243034
0.029810884967446327
0.029517963528633118
0.030415136367082596
0.03838459402322769
0.03274216875433922
0.031707748770713806
0.02926315739750862
0.028979141265153885
0.02851760946214199
0.028231147676706314
0.027869373559951782
0.027683602645993233
0.027791118249297142
0.027801429852843285
0.027400394901633263
0.02718772552907467
0.02700432762503624
0.027048494666814804
0.026590608060359955
0.02646784670650959
0.02617798186838627
0.025965407490730286
0.025965526700019836
0.02585873380303383
0.02565639466047287
0.025488458573818207
0.025269992649555206
0.025193659588694572
0.02507815882563591
0.024863794445991516
0.02495904453098774
0.024706492200493813
0.02462281472980976
0.024367397651076317
0.024240335449576378
0.024426216259598732
0.02403690107166767
0.024256104603409767
0.023767074570059776
0.02367081679403782
0.024111993610858917
0.024301854893565178
0.024185238406062126
0.02343052625656128
0.023212067782878876
0.02333330176770687
0.02333388291299343
0.02297915518283844
0.02271234430372715
0.022882798686623573
0.022961042821407318
0.022810282185673714
0.022493688389658928
0.02218496985733509
0.023289671167731285
0.023165147751569748
0.02509022317826748
0.022977443411946297
0.02246403694152832
0.021889131516218185
0.021660547703504562
0.021463582292199135
0.02117522619664669
0.02095310389995575
0.020918279886245728
0.02077416703104973
0.02061237022280693
0.020473837852478027
0.025722265243530273
0.028774181380867958
0.023415502160787582
0.022182229906320572
0.021214982494711876
0.020767714828252792
0.020450126379728317
0.020231157541275024
0.02154235541820526
0.021738337352871895
0.020465495064854622
0.019976943731307983
0.019591931253671646
0.01943787932395935
0.01958942413330078
0.019524626433849335
0.019098391756415367
0.01888035610318184
0.019110769033432007
0.01907544955611229
0.018682602792978287
0.0184613149613142
0.018276743590831757
0.018078388646245003
0.018119588494300842
0.017892776057124138
0.018762394785881042
0.018929369747638702
0.018273457884788513
0.01814151555299759
0.018663067370653152
0.01821984350681305
0.01762458123266697
0.017529502511024475
0.01747809909284115
0.017173772677779198
0.017072072252631187
0.016878986731171608
0.01672712154686451
0.01664901152253151
0.016558190807700157
0.01648796908557415
0.01641879789531231
0.016376584768295288
0.016318097710609436
0.016286449506878853
0.016206884756684303
0.016298281028866768
0.01633179560303688
0.016232267022132874
0.016349853947758675
0.01621966063976288
0.016073079779744148
0.01594754494726658
0.016047781333327293
0.015819840133190155
0.01607631891965866
0.015906887128949165
0.015713365748524666
0.015655655413866043
0.01558943372219801
0.015543800778687
0.016604766249656677
0.017431791871786118
0.016530299559235573
0.01579407788813114
0.015729958191514015
0.015709860250353813
0.015534455887973309
0.015367542393505573
0.015302145853638649
0.015260599553585052
0.015307845547795296
0.015155548229813576
0.01507472526282072
0.015073169022798538
0.015008833259344101
0.014872328378260136
0.014800750650465488
0.014920406974852085
0.014838224276900291
0.01482726912945509
0.014628015458583832
0.014584450982511044
0.014539306983351707
0.014504697173833847
0.014527879655361176
0.014384029433131218
0.014359518885612488
0.014372016303241253
0.01433243602514267
0.014447895810008049
0.01429933961480856
0.014244836755096912
0.014195231720805168
0.014193674549460411
0.01422521099448204
0.0141682717949152
0.01401084940880537
0.013930258341133595
0.013839776627719402
0.01382532436400652
0.014208544045686722
0.013922516256570816
0.013725733384490013
0.013705134391784668
0.013764813542366028
0.013668729923665524
0.013584619387984276
0.013465582393109798
0.013406621292233467
0.013367749750614166
0.013335557654500008
0.013371584936976433
0.013421759940683842
0.013259969651699066
0.013331111520528793
0.013303282670676708
0.013002957217395306
0.013281645253300667
0.013092226348817348
0.012957492843270302
0.012894860468804836
0.012832142412662506
0.012822091579437256
0.012812002561986446
0.01272847130894661
0.012688583694398403
0.012626084499061108
0.012681998312473297
0.012689385563135147
0.012622726149857044
0.012527969665825367
0.012477517127990723
0.012471960857510567
0.012347396463155746
0.012316598556935787
0.012268804013729095
0.012217625975608826
0.01216537319123745
0.012158260680735111
0.012254980392754078
0.012172218412160873
0.012141418643295765
0.012108868919312954
0.012075278908014297
0.012037157081067562
0.012114310637116432
0.012065901421010494
0.01204635575413704
0.012033107690513134
0.012092390097677708
0.012040314264595509
0.011981007643043995
0.011955318041145802
0.011919177137315273
0.01194004062563181
0.01193971000611782
0.011889497749507427
0.012033321894705296
0.011942374520003796
0.011856341734528542
0.011792948469519615
0.01180163212120533
0.011746922507882118
0.011870265007019043
0.01179572008550167
0.011731578968465328
0.01166309230029583
0.012128585018217564
0.012008785270154476
0.011979898437857628
0.01201651245355606
0.011759319342672825
0.011690187267959118
0.011620431207120419
0.011538157239556313
0.0115220220759511
0.011469266377389431
0.01149719674140215
0.011544390581548214
0.011500559747219086
0.01144466269761324
0.011412509717047215
0.011339864693582058
0.011314948089420795
0.011279470287263393
0.01125635951757431
0.01123235933482647
0.011189865879714489
0.011174079962074757
0.01116662472486496
0.011125371791422367
0.011113368906080723
0.01109432615339756
0.011051301844418049
0.01101918425410986
0.0111918393522501
0.011123472824692726
0.011039095930755138
0.011040208861231804
0.011090287938714027
0.011045067571103573
0.011192500591278076
0.01155466865748167
0.011531303636729717
0.01122207846492529
0.011021843180060387
0.010991191491484642
0.011606568470597267
0.011409343220293522
0.01120942272245884
0.01102276798337698
0.010948236100375652
0.010841866955161095
0.010804739780724049
0.010756962932646275
0.01072757225483656
0.010702744126319885
0.010681970976293087
0.010610854253172874
0.01064211968332529
0.010610331781208515
0.01059496495872736
0.010552633553743362
0.010535047389566898
0.010509167797863483
0.01049255020916462
0.010471905581653118
0.01047015655785799
0.01047701109200716
0.01050258707255125
0.010445822030305862
0.010384542867541313
0.010374953038990498
0.010347680188715458
0.010320818983018398
0.010319126769900322
0.01026245579123497
0.010301203466951847
0.01030092965811491
0.010284352116286755
0.010282764211297035
0.010264097712934017
0.010236382484436035
0.010222244076430798
0.0102148512378335
0.010201695375144482
0.010184564627707005
0.010190061293542385
0.010173561051487923
0.010148915462195873
0.010146502405405045
0.010127140209078789
0.010115469805896282
0.010113281197845936
0.010103343985974789
0.010081731714308262
0.010077929124236107
0.010053494945168495
0.010047496296465397
0.010034339502453804
0.010036024264991283
0.010015276260674
0.010005120187997818
0.009994045831263065
0.010002977214753628
0.00999703910201788
0.009975950233638287
0.010003523901104927
0.01000323984771967
0.009994828142225742
0.009959494695067406
0.009953813627362251
0.009919664822518826
0.009905952960252762
0.009895360097289085
0.009877309203147888
0.00986708514392376
0.009860770776867867
0.009877832606434822
0.009871005080640316
0.0098425867035985
0.009835842996835709
0.009813817217946053
0.00980199035257101
0.009792148135602474
0.009804901666939259
0.009775590151548386
0.009778778068721294
0.009775868616998196
0.009753049351274967
0.009732450358569622
0.009799446910619736
0.00977267324924469
0.009737211279571056
0.009719392284750938
0.009688676334917545
0.009679814800620079
0.009661813266575336
0.009667164646089077
