0.6866888403892517
0.6191450357437134
0.5724923014640808
0.5359253287315369
0.5038232803344727
0.4730355441570282
0.4446745812892914
0.42127880454063416
0.40361127257347107
0.38666895031929016
0.3753202259540558
0.36630937457084656
0.35826775431632996
0.3527706563472748
0.3482683598995209
0.34457969665527344
0.3415432572364807
0.33821508288383484
0.3354373872280121
0.3345559239387512
0.3310680389404297
0.3291979134082794
0.32732290029525757
0.32719600200653076
0.33178603649139404
0.32938483357429504
0.32442012429237366
0.3203549385070801
0.3206622302532196
0.31934455037117004
0.31647130846977234
0.3151954114437103
0.314715176820755
0.31432613730430603
0.3124481439590454
0.3108251988887787
0.3100443184375763
0.30917710065841675
0.30778786540031433
0.30618953704833984
0.30535370111465454
0.30401042103767395
0.3033076822757721
0.3020327687263489
0.30155783891677856
0.30026933550834656
0.29932284355163574
0.2980349659919739
0.2975078523159027
0.29629454016685486
0.2950964570045471
0.29414764046669006
0.29315394163131714
0.2921597361564636
0.2911531925201416
0.29010042548179626
0.28995612263679504
0.2885322868824005
0.2875058352947235
0.2870800197124481
0.2856450378894806
0.2846184968948364
0.2824886441230774
0.2835017144680023
0.2824822664260864
0.2808739244937897
0.2791384756565094
0.2779029309749603
0.27787381410598755
0.2784323990345001
0.27688145637512207
0.2751429080963135
0.2737390398979187
0.2731015086174011
0.27196308970451355
0.270556777715683
0.2700793445110321
0.27073371410369873
0.27043449878692627
0.2684127688407898
0.2663918733596802
0.26521435379981995
0.26414215564727783
0.26331523060798645
0.26217666268348694
0.2613573968410492
0.26050442457199097
0.25970229506492615
0.2588283121585846
0.2609037160873413
0.26418623328208923
0.25894275307655334
0.2567257285118103
0.25614863634109497
0.2539934813976288
0.2548248767852783
0.253065824508667
0.2521025538444519
0.2513883709907532
0.25191375613212585
0.25073540210723877
0.2502487897872925
0.25033658742904663
0.2488376647233963
0.24782167375087738
0.24644893407821655
0.24518565833568573
0.24553421139717102
0.245743066072464
0.24387407302856445
0.24278147518634796
0.24235661327838898
0.2404719591140747
0.2409307211637497
0.2393026351928711
0.23939752578735352
0.24041368067264557
0.23846128582954407
0.238359734416008
0.23695993423461914
0.236385315656662
0.2351820468902588
0.23489423096179962
0.2334594428539276
0.23298993706703186
0.2333744764328003
0.23214805126190186
0.23174989223480225
0.231278657913208
0.23052829504013062
0.22947093844413757
0.22915302217006683
0.22985988855361938
0.22816921770572662
0.22713011503219604
0.22673214972019196
0.22687585651874542
0.22722242772579193
0.22672651708126068
0.2253274917602539
0.22898945212364197
0.22978542745113373
0.22617703676223755
0.223785400390625
0.2221805453300476
0.23061954975128174
0.2311006337404251
0.22289040684700012
0.22120997309684753
0.22121210396289825
0.22138936817646027
0.22198529541492462
0.21923328936100006
0.22102224826812744
0.21892878413200378
0.21790029108524323
0.21711239218711853
0.21798530220985413
0.21699726581573486
0.2156360149383545
0.21523939073085785
0.21539545059204102
0.21560554206371307
0.2145974487066269
0.21398231387138367
0.21348707377910614
0.21300514042377472
0.2128582000732422
0.21247129142284393
0.21258260309696198
0.21185286343097687
0.21219071745872498
0.2117241621017456
0.2111414223909378
0.21117109060287476
0.2121095508337021
0.2119722217321396
0.21237526834011078
0.21174933016300201
0.2101650834083557
0.20966190099716187
0.20901437103748322
0.21101447939872742
0.21162191033363342
0.20977434515953064
0.20802311599254608
0.2083798497915268
0.207999587059021
0.20756343007087708
0.20751893520355225
0.20699401199817657
0.20660844445228577
0.20645612478256226
0.208772674202919
0.21075691282749176
0.20696589350700378
0.20733067393302917
0.20930041372776031
0.20954833924770355
0.20802131295204163
0.20594759285449982
0.20530417561531067
0.20483940839767456
0.20519061386585236
0.2056351602077484
0.2062186598777771
0.20644889771938324
0.20497609674930573
0.20410628616809845
0.20366808772087097
0.20359845459461212
0.2034263014793396
0.20283152163028717
0.20245881378650665
0.20299820601940155
0.20259685814380646
0.2020222246646881
0.2024862915277481
0.20207421481609344
0.2017824649810791
0.20126937329769135
0.20102959871292114
0.20709660649299622
0.20651796460151672
0.20223112404346466
0.20077115297317505
0.20032915472984314
0.19969208538532257
0.19939610362052917
0.1989845186471939
0.19878505170345306
0.19859609007835388
0.1984715312719345
0.19922399520874023
0.19941045343875885
0.1984289288520813
0.20020437240600586
0.20251873135566711
0.200656920671463
0.19887761771678925
0.19798627495765686
0.19733406603336334
0.19672231376171112
0.19638217985630035
0.19689469039440155
0.19614380598068237
0.19569315016269684
0.19541829824447632
0.1955007165670395
0.19555149972438812
0.19521403312683105
0.19511419534683228
0.1947546899318695
0.1956952065229416
0.20054306089878082
0.19846510887145996
0.19518893957138062
0.19454552233219147
0.1940138190984726
0.1936577707529068
0.19363939762115479
0.19333551824092865
0.19310981035232544
0.19282673299312592
0.19265210628509521
0.19247756898403168
0.19239094853401184
0.19279853999614716
0.19255004823207855
0.1920870691537857
0.19191867113113403
0.19194166362285614
0.1920817792415619
0.19298356771469116
0.19298885762691498
0.19251655042171478
0.1926189512014389
0.19195260107517242
0.19165845215320587
0.19140394032001495
0.19135089218616486
0.19119875133037567
0.19102229177951813
0.1911666840314865
0.19096171855926514
0.1907203495502472
0.19048354029655457
0.19089195132255554
0.19035635888576508
0.19028089940547943
0.19052539765834808
0.19080951809883118
0.19138658046722412
0.1908269077539444
0.1902422457933426
0.19008728861808777
0.18950887024402618
0.19004413485527039
0.1898432970046997
0.1899002492427826
0.1896509975194931
0.18958711624145508
0.18963687121868134
0.1904415339231491
0.1904262751340866
0.1900455355644226
0.19039784371852875
0.19024497270584106
0.1896655410528183
0.18903383612632751
0.18886791169643402
0.18850819766521454
0.1882518231868744
0.18789951503276825
0.18814997375011444
0.18780887126922607
0.18767422437667847
0.18747451901435852
0.18737122416496277
0.18718327581882477
0.18700718879699707
0.18714508414268494
0.18874169886112213
0.18838684260845184
0.18709994852542877
0.18684911727905273
0.18707247078418732
0.18752421438694
0.18742689490318298
0.1869664341211319
0.18659572303295135
0.18613822758197784
0.1860387623310089
0.18596884608268738
0.1857464462518692
0.18605130910873413
0.1859510838985443
0.18567857146263123
0.18550418317317963
0.1852874457836151
0.18513549864292145
0.18493086099624634
0.18499653041362762
0.1847490519285202
0.18504364788532257
0.18504811823368073
0.18485358357429504
0.18457984924316406
0.1844637542963028
0.18424786627292633
0.18416674435138702
0.1841176301240921
0.18393024802207947
0.18366408348083496
0.1840072125196457
0.18410852551460266
0.18392163515090942
0.18392999470233917
0.18379847705364227
0.1835160255432129
0.18353921175003052
0.1834217607975006
0.18336766958236694
0.1831517517566681
0.18304958939552307
0.1830231100320816
0.1829623579978943
0.18293674290180206
0.18309038877487183
0.1828482747077942
0.18278279900550842
0.18270079791545868
0.18263781070709229
0.1825689822435379
0.1825466752052307
0.18237172067165375
0.18230177462100983
0.1822604387998581
0.182217538356781
0.18219543993473053
0.18241286277770996
0.18235722184181213
0.18217366933822632
0.18204447627067566
0.18185503780841827
0.1820286065340042
0.1818738430738449
0.1817483901977539
0.18190476298332214
0.1818847358226776
0.18165776133537292
0.18157224357128143
0.1815308779478073
0.18144403398036957
0.18134263157844543
0.18127857148647308
0.18123362958431244
0.1812569797039032
0.18111057579517365
0.18110966682434082
0.1816808432340622
0.18137609958648682
0.1812736988067627
0.1810256391763687
0.18077963590621948
0.1807408481836319
0.1806728094816208
0.18059824407100677
0.18051043152809143
0.18044213950634003
0.1803787648677826
0.18075282871723175
0.18060123920440674
0.1805107444524765
0.18038643896579742
0.18023835122585297
0.18016338348388672
0.18010593950748444
0.18003958463668823
0.17999787628650665
0.179962158203125
0.1798831671476364
0.17990532517433167
0.17979970574378967
0.17979173362255096
0.17969928681850433
0.17969079315662384
0.17956723272800446
0.17949765920639038
0.17961499094963074
0.17972052097320557
0.17946092784404755
0.17942138016223907
0.17933006584644318
0.17939788103103638
0.17931628227233887
0.1792079657316208
0.17927312850952148
0.17915308475494385
0.17912332713603973
0.1790938675403595
0.1790366768836975
0.17887961864471436
0.17910566926002502
0.17907318472862244
0.17888407409191132
0.17873813211917877
0.1785171777009964
0.17848865687847137
0.17847086489200592
0.17843560874462128
0.17837412655353546
0.1784144639968872
0.1782640963792801
0.17812447249889374
0.17822740972042084
0.17830537259578705
0.17857541143894196
0.17845426499843597
0.17828765511512756
0.17809636890888214
0.17801399528980255
0.17797008156776428
0.17793215811252594
0.1778903752565384
0.17784078419208527
0.17781703174114227
0.1777648627758026
0.17772801220417023
0.17760628461837769
0.1775558739900589
0.1776447892189026
0.1775701642036438
0.17750757932662964
0.17743515968322754
0.1774028241634369
0.17738668620586395
0.17737488448619843
0.1773604154586792
0.17728127539157867
0.17729924619197845
0.17728914320468903
0.17727887630462646
0.17721815407276154
0.17718914151191711
0.17715047299861908
0.1771155446767807
0.17709298431873322
0.17707185447216034
0.17708420753479004
0.17709878087043762
0.17698395252227783
0.17695027589797974
0.17693540453910828
0.17687569558620453
0.1768527328968048
0.17681173980236053
0.17680075764656067
0.17680737376213074
0.17676129937171936
0.17673707008361816
0.17669805884361267
0.1766839474439621
0.17663872241973877
0.1766148805618286
0.17661891877651215
0.1765691488981247
0.17657572031021118
0.17666979134082794
0.17657947540283203
0.1765841543674469
0.17651891708374023
0.17649786174297333
0.1764163374900818
0.17634275555610657
0.17632895708084106
0.17628617584705353
0.1762438416481018
0.17625847458839417
0.17626094818115234
0.17622560262680054
0.1762070655822754
0.17615488171577454
0.17611902952194214
0.1761040985584259
0.17608031630516052
0.1760183870792389
0.17599517107009888
0.17615680396556854
0.17621591687202454
0.17614607512950897
0.17609941959381104
0.17599016427993774
0.1759496033191681
0.17590034008026123
0.17581506073474884
0.17577441036701202
0.17575958371162415
0.17600756883621216
0.17602331936359406
0.17619256675243378
0.17599374055862427
0.17591026425361633
0.175857812166214
0.1757558286190033
0.17568963766098022
0.17566648125648499
0.17561782896518707
0.17557379603385925
0.1756380945444107
0.17571549117565155
0.17559365928173065
0.1755562573671341
0.17547599971294403
0.1753632128238678
0.17529553174972534
0.17525947093963623
0.17520684003829956
0.17517206072807312
0.17513135075569153
0.1751168817281723
0.17510530352592468
0.17509372532367706
0.17512324452400208
0.17508387565612793
0.17506542801856995
0.17505547404289246
0.17504622042179108
0.17503705620765686
0.17502067983150482
0.17499475181102753
0.1749904602766037
0.17499759793281555
0.1749780774116516
0.17494651675224304
0.1749124974012375
0.17489953339099884
0.17488302290439606
0.1748674064874649
0.17486028373241425
0.1748560518026352
0.1749413162469864
0.17487676441669464
0.17487715184688568
0.17493118345737457
0.1747860312461853
0.17477597296237946
0.17479786276817322
0.17474277317523956
0.1747286319732666
0.17472994327545166
0.17471307516098022
0.17469412088394165
0.17467902600765228
0.17464932799339294
0.17466586828231812
0.17460347712039948
0.1745873987674713
0.1745995730161667
0.1745576709508896
0.17454120516777039
0.17453809082508087
0.17454728484153748
0.17455404996871948
0.17455869913101196
0.1745414286851883
0.17453007400035858
0.17452174425125122
