0.7716721296310425
0.7109630703926086
0.6705543398857117
0.6396726369857788
0.612214207649231
0.590400218963623
0.5720378160476685
0.5536122918128967
0.5367318391799927
0.5242068767547607
0.5119597315788269
0.5009213089942932
0.4895069897174835
0.480627179145813
0.4715675413608551
0.4638761579990387
0.45698171854019165
0.45227864384651184
0.4455464780330658
0.4384543299674988
0.4322148859500885
0.4267090857028961
0.4221849739551544
0.4176431894302368
0.4146888256072998
0.41017189621925354
0.40610459446907043
0.401513934135437
0.3969067931175232
0.3929801285266876
0.38993358612060547
0.3864244520664215
0.3837644159793854
0.38151612877845764
0.3801838159561157
0.3768264055252075
0.37318602204322815
0.370080828666687
0.36809179186820984
0.3658332824707031
0.36495766043663025
0.36656123399734497
0.36745941638946533
0.3635522127151489
0.3586771488189697
0.3553471565246582
0.35360151529312134
0.35172462463378906
0.3493744432926178
0.3471241891384125
0.3470708131790161
0.3442422151565552
0.34257277846336365
0.34111180901527405
0.33968836069107056
0.33857262134552
0.33742600679397583
0.33623722195625305
0.33519285917282104
0.3340666592121124
0.3337070643901825
0.3331418037414551
0.3311998248100281
0.33116158843040466
0.32892316579818726
0.32810214161872864
0.32757189869880676
0.3271321952342987
0.32554662227630615
0.3268546462059021
0.32458510994911194
0.32323595881462097
0.3224215805530548
0.32170799374580383
0.3209070563316345
0.3198818266391754
0.319199800491333
0.31835809350013733
0.3175305724143982
0.3186320662498474
0.31712254881858826
0.3201950192451477
0.3201434314250946
0.31738290190696716
0.31479939818382263
0.3145330548286438
0.31449195742607117
0.31275343894958496
0.3134375810623169
0.31279119849205017
0.3125692307949066
0.31125763058662415
0.31089073419570923
0.309393048286438
0.3084860146045685
0.30755409598350525
0.3070871829986572
0.30669474601745605
0.30591610074043274
0.3052673935890198
0.30683448910713196
0.30502432584762573
0.3037469685077667
0.3027089536190033
0.30222463607788086
0.3014211654663086
0.30186301469802856
0.3021720051765442
0.30110859870910645
0.29931291937828064
0.29908108711242676
0.2979978024959564
0.2970784306526184
0.29647761583328247
0.2956550717353821
0.29547497630119324
0.294943630695343
0.29405030608177185
0.2935415804386139
0.2928127944469452
0.29257068037986755
0.29243648052215576
0.2923729419708252
0.29120537638664246
0.29125919938087463
0.29254159331321716
0.29249629378318787
0.29186826944351196
0.2899470329284668
0.2880580425262451
0.2870660424232483
0.2857099175453186
0.28749746084213257
0.29140037298202515
0.29059579968452454
0.2864183485507965
0.2832447290420532
0.2826203405857086
0.28192493319511414
0.2813289761543274
0.28076401352882385
0.28031259775161743
0.2799833118915558
0.27982252836227417
0.2795571982860565
0.2789311110973358
0.2778698205947876
0.27734532952308655
0.27637049555778503
0.27590540051460266
0.27576377987861633
0.27506759762763977
0.2743610739707947
0.27381202578544617
0.2738218307495117
0.27301087975502014
0.27229782938957214
0.2729592025279999
0.27183374762535095
0.27132850885391235
0.27182111144065857
0.2705731987953186
0.2700764834880829
0.2700234353542328
0.26964759826660156
0.26843106746673584
0.2680971026420593
0.26831117272377014
0.26861563324928284
0.26808643341064453
0.26605087518692017
0.26717326045036316
0.2669717073440552
0.26493918895721436
0.26402992010116577
0.2636137008666992
0.264015793800354
0.266944944858551
0.2644430696964264
0.26221567392349243
0.2624288499355316
0.2631991505622864
0.2612547278404236
0.26040583848953247
0.2608238160610199
0.2665129005908966
0.2620770335197449
0.2582204341888428
0.2606644332408905
0.2652275264263153
0.2615059018135071
0.2589055895805359
0.2571733593940735
0.2563612163066864
0.2565419375896454
0.25549718737602234
0.25493091344833374
0.2545322775840759
0.254578560590744
0.2564108669757843
0.2567986845970154
0.25594961643218994
0.2554352283477783
0.2556082308292389
0.2549852728843689
0.25383201241493225
0.25306230783462524
0.2532272934913635
0.2520201802253723
0.25226733088493347
0.2524191737174988
0.2524533271789551
0.2520407736301422
0.2517245411872864
0.2518015205860138
0.25049126148223877
0.2502034902572632
0.24998733401298523
0.24986585974693298
0.2513219714164734
0.251003623008728
0.24957722425460815
0.24933959543704987
0.24900966882705688
0.24880394339561462
0.24796678125858307
0.2481948733329773
0.24778923392295837
0.24763740599155426
0.24763907492160797
0.24733063578605652
0.24720796942710876
0.2470727413892746
0.24677243828773499
0.24667800962924957
0.2464597523212433
0.24610893428325653
0.24589519202709198
0.2473965287208557
0.2470199465751648
0.24610309302806854
0.2453506737947464
0.24490587413311005
0.24465352296829224
0.2443268895149231
0.24447289109230042
0.24396398663520813
0.24387863278388977
0.2436937540769577
0.24443356692790985
0.2466050684452057
0.24626143276691437
0.2445145845413208
0.2434931993484497
0.24294616281986237
0.24270793795585632
0.2420915961265564
0.24185432493686676
0.24160119891166687
0.2415246218442917
0.24153204262256622
0.24138154089450836
0.24120259284973145
0.24081359803676605
0.2407730221748352
0.24019087851047516
0.2399536371231079
0.23958635330200195
0.23945648968219757
0.239515021443367
0.23895475268363953
0.23955492675304413
0.2393055558204651
0.23892150819301605
0.2388111650943756
0.23857946693897247
0.23825760185718536
0.23815779387950897
0.2383948117494583
0.23914246261119843
0.24035853147506714
0.23919641971588135
0.23810745775699615
0.23789115250110626
0.23733752965927124
0.23724348843097687
0.23688580095767975
0.2365836501121521
0.23614732921123505
0.23584452271461487
0.236372709274292
0.23581868410110474
0.23638209700584412
0.23591317236423492
0.23563136160373688
0.2351091057062149
0.23478959500789642
0.2343573123216629
0.23429010808467865
0.2347019910812378
0.23439736664295197
0.23405449092388153
0.23361341655254364
0.23419193923473358
0.23370109498500824
0.23366010189056396
0.23355302214622498
0.23361805081367493
0.2333378940820694
0.2330005019903183
0.23325464129447937
0.23292648792266846
0.23300573229789734
0.23301911354064941
0.23272624611854553
0.23258118331432343
0.23308096826076508
0.2332562804222107
0.23363713920116425
0.23298944532871246
0.2324499636888504
0.23232756555080414
0.23253655433654785
0.23237697780132294
0.23217129707336426
0.23227520287036896
0.2322370558977127
0.2321099042892456
0.2317083477973938
0.23166659474372864
0.23173315823078156
0.23188525438308716
0.2319691926240921
0.23195049166679382
0.23195697367191315
0.23223045468330383
0.2320500761270523
0.23140943050384521
0.23125500977039337
0.2310214340686798
0.2308187484741211
0.2311791628599167
0.2309228479862213
0.230769082903862
0.2306590974330902
0.23044522106647491
0.23033322393894196
0.2302388995885849
0.23052310943603516
0.23041582107543945
0.23024581372737885
0.23012034595012665
0.2318384051322937
0.23275581002235413
0.23235300183296204
0.23139837384223938
0.23013214766979218
0.2293873429298401
0.22972382605075836
0.22962848842144012
0.22930552065372467
0.22924619913101196
0.22919999063014984
0.2291192263364792
0.22894179821014404
0.2290164977312088
0.22889918088912964
0.22885487973690033
0.2287633717060089
0.22891634702682495
0.22891318798065186
0.2288801223039627
0.22883367538452148
0.22882044315338135
0.22874318063259125
0.22889241576194763
0.22859983146190643
0.2285027951002121
0.2283490151166916
0.22829924523830414
0.2283378392457962
0.22841356694698334
0.22810278832912445
0.22801636159420013
0.22798515856266022
0.22784623503684998
0.2277466505765915
0.22761879861354828
0.22750379145145416
0.22749561071395874
0.2274080365896225
0.22734618186950684
0.22736617922782898
0.22752277553081512
0.22736379504203796
0.2281426191329956
0.22777089476585388
0.2273407280445099
0.2271653711795807
0.22714672982692719
0.2270364910364151
0.2269786298274994
0.2268357127904892
0.22700507938861847
0.22676964104175568
0.22667157649993896
0.22660984098911285
0.2265768051147461
0.226543128490448
0.22653362154960632
0.22648829221725464
0.22645369172096252
0.22643320262432098
0.2263440489768982
0.22633877396583557
0.22625356912612915
0.2263563871383667
0.22604802250862122
0.22602900862693787
0.2259690761566162
0.22604146599769592
0.2259194254875183
0.22589746117591858
0.22587145864963531
0.22594934701919556
0.22639445960521698
0.22663365304470062
0.2265741229057312
0.22623184323310852
0.22603335976600647
0.22577710449695587
0.22568251192569733
0.2254289835691452
0.22561196982860565
0.22576597332954407
0.22594048082828522
0.22612830996513367
0.22606362402439117
0.2258830964565277
0.22556616365909576
0.22546111047267914
0.22543375194072723
0.22530004382133484
0.2253839671611786
0.22530509531497955
0.22519691288471222
0.22523434460163116
0.22525614500045776
0.22534294426441193
0.22520332038402557
0.22511954605579376
0.22512656450271606
0.2250586301088333
0.22499345242977142
0.22489553689956665
0.22490587830543518
0.2248609960079193
0.2248520404100418
0.22470057010650635
0.22488060593605042
0.224930077791214
0.22491590678691864
0.22483733296394348
0.22471340000629425
0.22472597658634186
0.22469282150268555
0.22476153075695038
0.22466620802879333
0.22451497614383698
0.22456906735897064
0.2244313508272171
0.224614217877388
0.22457952797412872
0.22486206889152527
0.2247178703546524
0.224534809589386
0.22450605034828186
0.22435875236988068
0.22427383065223694
0.22425170242786407
0.22414538264274597
0.2241717129945755
0.22410540282726288
0.22408297657966614
0.22406502068042755
0.22414393723011017
0.22425279021263123
0.22414961457252502
0.2241024672985077
0.2240181863307953
0.2239827662706375
0.2238815575838089
0.2238835096359253
0.2238353192806244
0.22383086383342743
0.22377996146678925
0.22377821803092957
0.22394266724586487
0.2239736169576645
0.22391770780086517
0.22396917641162872
0.22390031814575195
0.2238672822713852
0.22379617393016815
0.2237207293510437
0.2236812710762024
0.22362615168094635
0.2236582189798355
0.22359231114387512
0.22359701991081238
0.22358983755111694
0.22359471023082733
0.22358016669750214
0.22352614998817444
0.2234925776720047
0.2234458029270172
0.22344155609607697
0.22341907024383545
0.22339411079883575
0.22339414060115814
0.22336797416210175
0.2233572006225586
0.2233230322599411
0.22331123054027557
0.2232894003391266
0.2232709676027298
0.22327770292758942
0.22324423491954803
0.22318576276302338
0.22320789098739624
0.22322413325309753
0.22319912910461426
0.22319485247135162
0.22318564355373383
0.22317568957805634
0.22319023311138153
0.22327803075313568
0.2231919914484024
0.22311560809612274
0.22308380901813507
0.22298383712768555
0.22304408252239227
0.22305017709732056
0.22307004034519196
0.22303320467472076
0.2230747789144516
0.2230105996131897
0.22290034592151642
0.22290466725826263
0.22294476628303528
0.22292183339595795
0.2228994369506836
0.22287550568580627
0.22288568317890167
0.22281602025032043
0.22284413874149323
0.22280028462409973
0.22281406819820404
0.22280491888523102
0.22277504205703735
0.22274036705493927
0.22275041043758392
0.2227400541305542
0.22269760072231293
0.22273163497447968
0.22272731363773346
0.22273163497447968
0.22269807755947113
0.22260035574436188
0.22261913120746613
0.2226555198431015
0.22268033027648926
0.22260220348834991
0.2225891500711441
0.22254517674446106
0.22253766655921936
0.22247393429279327
0.22245749831199646
0.22244389355182648
0.22242951393127441
0.22245629131793976
0.2224096655845642
0.22239764034748077
0.222375750541687
0.222394660115242
0.22233039140701294
0.2223045825958252
0.22230856120586395
0.22229094803333282
0.22231611609458923
0.22232674062252045
0.22233401238918304
0.22228631377220154
0.22244729101657867
0.22247374057769775
0.22241754829883575
0.22240883111953735
0.22241924703121185
0.22243238985538483
0.22240795195102692
0.22236357629299164
