0.6822584271430969
0.45236101746559143
0.39911094307899475
0.3684456944465637
0.3452921509742737
0.32623305916786194
0.31146740913391113
0.299215167760849
0.28842753171920776
0.28447988629341125
0.2694682776927948
0.2607826590538025
0.25493231415748596
0.24742361903190613
0.2392095923423767
0.2278200387954712
0.26104536652565
0.2536376416683197
0.22886234521865845
0.22337062656879425
0.21566341817378998
0.20291021466255188
0.21909183263778687
0.20033687353134155
0.20032769441604614
0.19961436092853546
0.18731915950775146
0.17625682055950165
0.1688602715730667
0.16584749519824982
0.16059209406375885
0.15972848236560822
0.17768076062202454
0.15982885658740997
0.1492304652929306
0.1425311118364334
0.1456541121006012
0.14676590263843536
0.1333601176738739
0.12155980616807938
0.11689278483390808
0.1693476438522339
0.16395354270935059
0.14854735136032104
0.11762239038944244
0.11527705937623978
0.10618068277835846
0.09627395123243332
0.09181056171655655
0.08910728991031647
0.08451872318983078
0.08317907899618149
0.08176413178443909
0.07548533380031586
0.08948574960231781
0.10236670076847076
0.11378147453069687
0.10883984714746475
0.10188163816928864
0.09011262655258179
0.12789666652679443
0.09369663894176483
0.08000548183917999
0.07923495769500732
0.08750353753566742
0.06594880670309067
0.05996508523821831
0.05696872994303703
0.06177017465233803
0.05078956112265587
0.05676741898059845
0.05376894772052765
0.0433979406952858
0.03803335130214691
0.03925161436200142
0.03586051985621452
0.03242095932364464
0.030173497274518013
0.02840055525302887
0.02566264197230339
0.024235261604189873
0.02572282962501049
0.023875942453742027
0.02099834755063057
0.021281925961375237
0.03843800351023674
0.0421723835170269
0.030910415574908257
0.023944690823554993
0.018834494054317474
0.015865545719861984
0.016952041536569595
0.015204332768917084
0.013370907865464687
0.01243575755506754
0.011533793993294239
0.013317127712070942
0.010984324850142002
0.010028883814811707
0.009623543359339237
0.009123836643993855
0.008377712219953537
0.007921241223812103
0.007755736354738474
0.007643649820238352
0.0072369324043393135
0.008015443570911884
0.007396242115646601
0.008284462615847588
0.007114741485565901
0.0062274024821817875
0.005951411090791225
0.005706271156668663
0.005543556995689869
0.005370477680116892
0.0057084886357188225
0.005692008417099714
0.005215697921812534
0.005092845298349857
0.004898563958704472
0.004859865177422762
0.00467513594776392
0.004574032034724951
0.005601168610155582
0.004860984161496162
0.004436316899955273
0.004331829957664013
0.004361450672149658
0.0041176434606313705
0.004016180522739887
0.00392372440546751
0.0038405752275139093
0.003972221165895462
0.0038294598925858736
0.0036499188281595707
0.0035972807090729475
0.003516672644764185
0.003420580644160509
0.003373187268152833
0.00332906236872077
0.003240271471440792
0.003158814739435911
0.003121426096186042
0.003094616811722517
0.0030061800498515368
0.0029542141128331423
0.0030390960164368153
0.002953096991404891
0.002911272691562772
0.0028147012926638126
0.002763248048722744
0.00268156616948545
0.002637227065861225
0.002586981514468789
0.0025387529749423265
0.002517682034522295
0.002446561586111784
0.002435139613226056
0.0024336744099855423
0.0024873765651136637
0.0025685837026685476
0.0023462516255676746
0.0022834232077002525
0.002226542914286256
0.002289953175932169
0.0021725711412727833
0.0021242958027869463
0.002083411207422614
0.002032571006566286
0.002002481836825609
0.0019585902336984873
0.0020514666102826595
0.0019294663798063993
0.0018820575205609202
0.0018553093541413546
0.001815760973840952
0.0017990991473197937
0.001758693135343492
0.001736180973239243
0.0017035884084179997
0.0016776146367192268
0.0017186400946229696
0.0016526670660823584
0.0016241635894402862
0.0016467188252136111
0.0016810819506645203
0.0015740996459499002
0.0015275178011506796
0.0015065502375364304
0.0014629358192905784
0.0014411582378670573
0.001411290606483817
0.001404501381330192
0.0013733369996771216
0.0013541389489546418
0.0013311562361195683
0.0013216899242252111
0.0012913596583530307
0.001287041581235826
0.0013068238040432334
0.0012708330759778619
0.00123464351054281
0.0012269620783627033
0.0012130914255976677
0.0011779209598898888
0.0011593340896070004
0.0011465897550806403
0.0011306969681754708
0.0011380143696442246
0.0011364524252712727
0.0011116729583591223
0.0010935653699561954
0.00107724464032799
0.001074112020432949
0.001061155111528933
0.0010514350142329931
0.0010410445975139737
0.001036413130350411
0.0010283399606123567
0.001022201031446457
0.0010180003009736538
0.0010081073269248009
0.001001392025500536
0.0009961918694898486
0.0009851324139162898
0.0009810409974306822
0.000975338218268007
0.0009684101096354425
0.000962534686550498
0.000954425020609051
0.0009529248927719891
0.0009402227005921304
0.0009384995209984481
0.0009316924843005836
0.0009243042441084981
0.0009168260148726404
0.000908917048946023
0.0009034682880155742
0.0009047506027854979
0.000934598792809993
0.0009313309565186501
0.000897504563909024
0.0008792655426077545
0.0008717329474166036
0.0008636797429062426
0.0008565597818233073
0.0008485870785079896
0.0008454039925709367
0.0008373496239073575
0.0008318418404087424
0.0008271969854831696
0.0008272547856904566
0.0008230805397033691
0.0008134148665703833
0.0008050751057453454
0.0007992713362909853
0.0007950635044835508
0.0007921316428110003
0.0007849098765291274
0.000779243535362184
0.0007727495976723731
0.0007680024718865752
0.000766532844863832
0.0007785764173604548
0.0007669199258089066
0.0007506418041884899
0.0007441408815793693
0.0007368684746325016
0.0007277003605850041
0.0007413351559080184
0.0007342241588048637
0.0007299544522538781
0.0007218998507596552
0.0007123376126401126
0.0007028908003121614
0.0006987297674641013
0.0006958104786463082
0.0006908132927492261
0.0006822539726272225
0.0006852244259789586
0.0006788140162825584
0.0006708460859954357
0.0006608176627196372
0.0006570154801011086
0.0006503500626422465
0.0006571921403519809
0.0006677070050500333
0.0006528561934828758
0.0006410890491679311
0.0006322608678601682
0.0006385428714565933
0.0006355394725687802
0.0006258880603127182
0.0006115930154919624
0.0006078168516978621
0.0006008999771438539
0.0005958908004686236
0.000592609925661236
0.0005864177364856005
0.0005848634173162282
0.0005778746563009918
0.0005746324313804507
0.0006315748323686421
0.0006822040304541588
0.0006214460008777678
0.0005860584205947816
0.0005718432366847992
0.0005583863821811974
0.0005545555613934994
0.0005451645120047033
0.0005412720493040979
0.0005393825122155249
0.0005383609095588326
0.0005337409093044698
0.0005338095361366868
0.0005294203874655068
0.0005298705655150115
0.0005638185539282858
0.0005770095158368349
0.0005525180604308844
0.0005357438349165022
0.0005272639682516456
0.0005215360433794558
0.0005176380509510636
0.000515434134285897
0.0005115365493111312
0.0005090661579743028
0.0005044537247158587
0.0005018365918658674
0.0004990449524484575
0.0005012156325392425
0.0004987598513253033
0.0004947400884702802
0.0004909036797471344
0.0004888707771897316
0.00048627887736074626
0.00048433744814246893
0.0004813744453713298
0.0004801748727913946
0.0004768724029418081
0.0004750396474264562
0.0004751317319460213
0.0004723643942270428
0.00047022613580338657
0.00046818051487207413
0.0004656127712223679
0.0004649279289878905
0.0004619200190063566
0.00045995780965313315
0.00045773081365041435
0.00045594843686558306
0.0004544640250969678
0.00045511845382861793
0.00045201682951301336
0.0004522914532572031
0.00044792142580263317
0.00044655759120360017
0.0004438229079823941
0.00044217018876224756
0.0004394493589643389
0.0004368848167359829
0.0004390261310618371
0.00043730149627663195
0.00043383316369727254
0.00043176746112294495
0.0004308013303671032
0.0004275433602742851
0.0004256002721376717
0.0004223661671858281
0.0004205180157441646
0.0004193690838292241
0.0004163565463386476
0.00041381773189641535
0.00042122331797145307
0.0004192022606730461
0.0004147556610405445
0.0004114527255296707
0.00040839065331965685
0.000415013957535848
0.0005861887475475669
0.0004799816233571619
0.00044319729204289615
0.000414975977037102
0.0004074170719832182
0.00040041282773017883
0.00039710503187961876
0.0003936761349905282
0.0003911231178790331
0.00038931891322135925
0.00038623131695203483
0.0003840442223008722
0.00038221024442464113
0.00038010586285963655
0.000378661323338747
0.0003879682917613536
0.00039239085162989795
0.0003858189156744629
0.00037683561095036566
0.0003732790646608919
0.00037017770227976143
0.0003683606628328562
0.0003671687445603311
0.00036699947668239474
0.0003649512946140021
0.00036098671262152493
0.0003578818868845701
0.00035614892840385437
0.00035485639818944037
0.000353258044924587
0.0003517501172609627
0.0003509828238748014
0.0003497163124848157
0.0003482400788925588
0.00034686506842263043
0.0003466082562226802
0.00034852491808123887
0.00034843164030462503
0.00034774895175360143
0.00034662202233448625
0.00034518627217039466
0.00034407159546390176
0.00034314667573198676
0.0003423998423386365
0.00034051970578730106
0.00033905450254678726
0.00033909271587617695
0.000338781246682629
0.0003386980970390141
0.00033717643236741424
0.00033585078199394047
0.0003356980159878731
0.0003350124170538038
0.0003336183726787567
0.0003323113196529448
0.0003341533592902124
0.00034299487015232444
0.0003443417081143707
0.00033899504342116416
0.0003329681640025228
0.00032827642280608416
0.00032688022474758327
0.0003250922600273043
0.0003238249628338963
0.00032322670449502766
0.0003208519774489105
0.00031966695678420365
0.0003188485570717603
0.00031750992638990283
0.0003173811419401318
0.0003161178610753268
0.00031580685754306614
0.0003149599942844361
0.0003136179002467543
0.0003119920438621193
0.0003123389324173331
0.00031395492260344326
0.00031310715712606907
0.0003111711412202567
0.00030926064937375486
0.0003086769429501146
0.00030725105898454785
0.00030588259687647223
0.0003044493496417999
0.00030645247898064554
0.0003102805349044502
0.0003094735729973763
0.00030571676325052977
0.00030305152176879346
0.0003002465236932039
0.0002990554494317621
0.00029788477695547044
0.00029669294599443674
0.00029441661899909377
0.00030140255694277585
0.0002999844728037715
0.00029650679789483547
0.0002943893487099558
0.0002929447218775749
0.0002913250064011663
0.00028962836950086057
0.00028860746533609927
0.00028753068181686103
0.0002862756955437362
0.00028578442288562655
0.00028521756757982075
0.0002878376399166882
0.00029076437931507826
0.0002872964832931757
0.0002830797166097909
0.0002817071508616209
0.0002798757632263005
0.0002801002119667828
0.0002806457632686943
0.00027956743724644184
0.0002804472460411489
0.0002813502214848995
0.0003164842783007771
0.00032159866532310843
0.000305769412079826
0.0002978203119710088
0.0002880025713238865
0.00028099853079766035
0.0002792552695609629
0.0002773233281914145
0.00027347193099558353
0.00027113291434943676
0.0002687920059543103
0.0002667614899110049
0.00026778652681969106
0.00027068244526162744
0.0002691757690627128
0.00026757194427773356
0.0002657895383890718
0.0002640548627823591
0.00026294845156371593
0.00026187539333477616
0.0002614356635604054
0.0002605023910291493
0.0002594462421257049
0.00025879277382045984
0.0002582916640676558
0.00025746345636434853
0.0002568220370449126
0.0002562043955549598
0.0002554946404416114
0.0002551813086029142
0.0002550126810092479
0.00025432396796531975
0.00025379835278727114
0.0002538015542086214
0.00025275140069425106
0.0002524219162296504
0.0002519671688787639
0.0002510801423341036
0.0002513602375984192
0.00025157057098113
0.00025089646806009114
0.0002501923590898514
0.000248682132223621
0.00024826417211443186
0.0002476605586707592
0.0002475416986271739
0.00024712044978514314
0.00024673386360518634
0.0002459521929267794
0.00024567858781665564
0.00024493742967024446
0.00024431629572063684
0.00024393874628003687
0.00024339166702702641
0.0002431722532492131
0.00024255416064988822
0.00024212834250647575
0.00024180856416933239
0.00024117750581353903
0.00024080170260276645
0.000240316177951172
0.000239982531638816
0.00023945367138367146
0.0002391838061157614
0.00023854992468841374
0.00023817240435164422
0.0002377788769081235
0.00023775875160936266
0.0002422063989797607
0.0002422432298772037
0.00023990104091353714
0.00023827850236557424
0.00023643382883165032
0.00023549041361548007
0.00023520468675997108
0.0002343033702345565
0.00023340243205893785
0.0002328424307052046
0.00024028333427850157
0.00024572742404416203
0.0002448847808409482
0.0002424006670480594
0.0002385601110290736
0.00023619834973942488
0.00023451735614798963
0.00023268959193956107
0.00023170259373728186
0.00023010341101326048
0.00022939978225622326
0.00022922830248717219
0.00022796462872065604
0.00022710082703270018
0.0002266791125293821
0.00022819927835371345
0.0002272113342769444
0.00022614809859078377
0.00022536232427228242
0.0002250463585369289
0.00022409747180063277
0.00022337866539601237
0.00022255197109188884
0.0002221905451733619
0.00022126195835880935
0.0002207330398960039
0.00022007356164976954
