0.6116492748260498
0.516688346862793
0.4583582878112793
0.4237353503704071
0.40176481008529663
0.3827255666255951
0.369074285030365
0.3610163629055023
0.35274583101272583
0.3468977212905884
0.3420737087726593
0.33783042430877686
0.33371877670288086
0.3306262195110321
0.3264310956001282
0.32315149903297424
0.320523202419281
0.31839147210121155
0.3167992830276489
0.3134690523147583
0.31140249967575073
0.30912238359451294
0.30628833174705505
0.304421067237854
0.3028280436992645
0.30151039361953735
0.30367588996887207
0.30148112773895264
0.2996460795402527
0.2970060408115387
0.2923211455345154
0.2903745770454407
0.29009416699409485
0.2877233028411865
0.2856713533401489
0.28449547290802
0.28315457701683044
0.2813391089439392
0.2836275100708008
0.2801830470561981
0.2889389097690582
0.282516747713089
0.2804219722747803
0.2785596251487732
0.27462542057037354
0.2716325521469116
0.26969262957572937
0.26935169100761414
0.268172025680542
0.266484797000885
0.26602378487586975
0.2650933563709259
0.2626287043094635
0.2609587013721466
0.2598751187324524
0.25769224762916565
0.25649142265319824
0.25653183460235596
0.25446704030036926
0.2525763511657715
0.2519298791885376
0.253988653421402
0.2566224932670593
0.24986514449119568
0.2502780556678772
0.2465609312057495
0.24454377591609955
0.24250461161136627
0.2423883080482483
0.24247118830680847
0.24139228463172913
0.23942363262176514
0.2372909039258957
0.23706874251365662
0.23688563704490662
0.2335316240787506
0.23256288468837738
0.230890691280365
0.22980326414108276
0.22865112125873566
0.22753110527992249
0.22814726829528809
0.22873228788375854
0.2246571183204651
0.22436530888080597
0.22367578744888306
0.2224811613559723
0.2210271656513214
0.22028493881225586
0.22151754796504974
0.22440746426582336
0.21941998600959778
0.2186237871646881
0.21931418776512146
0.21639619767665863
0.21333329379558563
0.21175909042358398
0.2105821967124939
0.21246454119682312
0.21023492515087128
0.21352002024650574
0.21561434864997864
0.20835445821285248
0.20600444078445435
0.20669429004192352
0.20918765664100647
0.20665298402309418
0.20503327250480652
0.19968590140342712
0.19835558533668518
0.19736601412296295
0.1960497349500656
0.19581244885921478
0.19518910348415375
0.19378668069839478
0.1923961341381073
0.1946309208869934
0.197515606880188
0.19777406752109528
0.1997758448123932
0.19107523560523987
0.18735671043395996
0.18779200315475464
0.1866036355495453
0.18484611809253693
0.18331356346607208
0.18207517266273499
0.1809767782688141
0.17951330542564392
0.17847861349582672
0.17841017246246338
0.17652849853038788
0.17698481678962708
0.18598812818527222
0.1814253181219101
0.1784115433692932
0.17894969880580902
0.1747853308916092
0.1747485101222992
0.17610642313957214
0.17516304552555084
0.173024982213974
0.17116916179656982
0.1701887995004654
0.16947436332702637
0.16867245733737946
0.16832178831100464
0.16787560284137726
0.1686762571334839
0.1687891036272049
0.16765038669109344
0.16626907885074615
0.16555646061897278
0.1662033498287201
0.16574792563915253
0.16455243527889252
0.1654244065284729
0.16406725347042084
0.1632061004638672
0.16208615899085999
0.16141298413276672
0.16168999671936035
0.16060878336429596
0.16048675775527954
0.16032527387142181
0.1591804176568985
0.1596280336380005
0.15916593372821808
0.15857620537281036
0.15826596319675446
0.15772514045238495
0.1598619669675827
0.15793904662132263
0.15676401555538177
0.15601900219917297
0.15575554966926575
0.1551823914051056
0.155592143535614
0.1561194807291031
0.15432493388652802
0.15407045185565948
0.1531084179878235
0.15308606624603271
0.15348732471466064
0.15472975373268127
0.1565747857093811
0.15454350411891937
0.15230412781238556
0.15116938948631287
0.15050014853477478
0.15002703666687012
0.14925211668014526
0.14887312054634094
0.14844191074371338
0.14906592667102814
0.14837810397148132
0.1478877067565918
0.14708220958709717
0.14684057235717773
0.14626166224479675
0.14612464606761932
0.1454506665468216
0.14602425694465637
0.1447984278202057
0.144569993019104
0.1441183239221573
0.14362718164920807
0.14310139417648315
0.1429590880870819
0.14259761571884155
0.14197701215744019
0.141831174492836
0.14167355000972748
0.1411651372909546
0.1408810168504715
0.1407175064086914
0.14051422476768494
0.13978494703769684
0.13942469656467438
0.13921979069709778
0.1390673965215683
0.13900284469127655
0.13893581926822662
0.13865123689174652
0.13831692934036255
0.13792549073696136
0.13738980889320374
0.13662031292915344
0.13614434003829956
0.13631311058998108
0.13584160804748535
0.13535812497138977
0.13428767025470734
0.13414397835731506
0.13336701691150665
0.1332925409078598
0.1357995718717575
0.1342037469148636
0.13385945558547974
0.1351216435432434
0.13367921113967896
0.1340465247631073
0.13289962708950043
0.13218779861927032
0.13192437589168549
0.13147251307964325
0.13104596734046936
0.13075867295265198
0.1305929571390152
0.1311795562505722
0.131475567817688
0.1310015469789505
0.13041384518146515
0.13069328665733337
0.13321660459041595
0.13073691725730896
0.13037018477916718
0.12995341420173645
0.12955206632614136
0.12871110439300537
0.12903738021850586
0.12888172268867493
0.12869437038898468
0.1283489167690277
0.128217414021492
0.12973706424236298
0.1283639818429947
0.12761473655700684
0.12725412845611572
0.12690016627311707
0.12695418298244476
0.12657669186592102
0.12635859847068787
0.1262771636247635
0.1260872483253479
0.12589924037456512
0.12663115561008453
0.12646527588367462
0.12567368149757385
0.12559497356414795
0.12522199749946594
0.12500585615634918
0.1268797367811203
0.1276559680700302
0.12826931476593018
0.12739892303943634
0.12609773874282837
0.1256442368030548
0.12499640882015228
0.12496999651193619
0.12421854585409164
0.12403008341789246
0.12417274713516235
0.12363681942224503
0.12306523323059082
0.12286310642957687
0.12259074300527573
0.12250421196222305
0.12286694347858429
0.12283620983362198
0.12240658700466156
0.12204670161008835
0.12282601743936539
0.12398383766412735
0.12402056157588959
0.12521080672740936
0.1250254213809967
0.12317883223295212
0.1224924623966217
0.1217493936419487
0.12114473432302475
0.12082132697105408
0.1204264760017395
0.12037572264671326
0.12004167586565018
0.11976151913404465
0.11955001205205917
0.11942929774522781
0.1193961650133133
0.1197272315621376
0.12023476511240005
0.11978103220462799
0.11987543851137161
0.11927571147680283
0.1187969371676445
0.11853495240211487
0.11841209977865219
0.11840274930000305
0.11867082118988037
0.11810334771871567
0.11808707565069199
0.11782854795455933
0.11757086217403412
0.11718692630529404
0.11876603960990906
0.11901793628931046
0.11783763021230698
0.11733595281839371
0.11702907830476761
0.11699365079402924
0.11680331826210022
0.11665839701890945
0.11639639735221863
0.11638777703046799
0.1164519414305687
0.1163608655333519
0.11618316173553467
0.11607931554317474
0.1159827709197998
0.1157408058643341
0.1156272292137146
0.11582675576210022
0.11565149575471878
0.11547298729419708
0.11522998660802841
0.11512869596481323
0.11498388648033142
0.11485456675291061
0.11483624577522278
0.11475865542888641
0.1146223247051239
0.11459017544984818
0.1144891306757927
0.1144416555762291
0.11436601728200912
0.11418347805738449
0.11411760747432709
0.11410699784755707
0.11403302848339081
0.11388175934553146
0.11387220770120621
0.11375097185373306
0.1136903464794159
0.11351722478866577
0.11356481164693832
0.11359360069036484
0.11351478099822998
0.11335943639278412
0.11326581239700317
0.11305245012044907
0.11303181946277618
0.11281730979681015
0.11288518458604813
0.11276420950889587
0.1128268837928772
0.11325568705797195
0.11321491748094559
0.11281535774469376
0.11290119588375092
0.11258603632450104
0.11264174431562424
0.11265474557876587
0.11258456110954285
0.1124052032828331
0.11217968165874481
0.111928790807724
0.11234573274850845
0.11215008050203323
0.11194277554750443
0.11178141087293625
0.11161025613546371
0.11163987219333649
0.11140597611665726
0.11126276105642319
0.1115330383181572
0.11145830154418945
0.11138173192739487
0.11118699610233307
0.11106884479522705
0.11100111901760101
0.11092748492956161
0.11079848557710648
0.11070061475038528
0.11060882359743118
0.11051932722330093
0.11043231189250946
0.11030342429876328
0.11018930375576019
0.11022979021072388
0.1100132167339325
0.10996554046869278
0.10966617614030838
0.11014876514673233
0.1104985922574997
0.11028385162353516
0.11002688854932785
0.10982930660247803
0.10961081832647324
0.10959699749946594
0.10940917581319809
0.10928209125995636
0.10908358544111252
0.10942448675632477
0.10931684076786041
0.10915616899728775
0.10888668149709702
0.1088513508439064
0.10883333534002304
0.1093408614397049
0.10950645804405212
0.10944661498069763
0.10907547920942307
0.10903768986463547
0.1090240329504013
0.10889808088541031
0.10879440605640411
0.10868426412343979
0.10866562277078629
0.10855402052402496
0.1084052324295044
0.10835231840610504
0.1082494854927063
0.1081916019320488
0.10816376656293869
0.10814986377954483
0.10799460113048553
0.10796382278203964
0.10788029432296753
0.10780661553144455
0.10785988718271255
0.10781428962945938
0.10785539448261261
0.10777410119771957
0.10774403065443039
0.10769185423851013
0.10758879780769348
0.1075563132762909
0.1075637936592102
0.1075730100274086
0.10750200599431992
0.10742215067148209
0.1073761135339737
0.10731703788042068
0.10725408792495728
0.10720925033092499
0.10720799118280411
0.10714667290449142
0.10710835456848145
0.10703697055578232
0.10699304938316345
0.10698509961366653
0.106971375644207
0.10693106055259705
0.10687381774187088
0.10686580836772919
0.10683651268482208
0.10672959685325623
0.10693185031414032
0.10679434984922409
0.10668870806694031
0.10659610480070114
0.10665270686149597
0.1067013218998909
0.10674130171537399
0.1066635474562645
0.10675974935293198
0.10664970427751541
0.1065816655755043
0.10644489526748657
0.10639667510986328
0.1064058244228363
0.10634355992078781
0.10633884370326996
0.10629156976938248
0.10622800886631012
0.10614467412233353
0.106122225522995
0.1060442104935646
0.10599146038293839
0.10599615424871445
0.10590992122888565
0.1058574914932251
0.10583409667015076
0.1057916209101677
0.10577819496393204
0.10573708266019821
0.10569153726100922
0.1056487038731575
0.1056743785738945
0.10559217631816864
0.10554876178503036
0.10560987889766693
0.1055314689874649
0.10553508251905441
0.10540418326854706
0.10540197789669037
0.10539937019348145
0.10527656227350235
0.10528898239135742
0.10523664951324463
0.10519473254680634
0.10529448837041855
0.1051987037062645
0.1052396297454834
0.10503263026475906
0.10495079308748245
0.10497529059648514
0.10494839400053024
0.1048775315284729
0.10480810701847076
0.10480213910341263
0.10474702715873718
0.10484898835420609
0.10481278598308563
0.10478959232568741
0.10473772138357162
0.10465316474437714
0.10466764867305756
0.10465076565742493
0.1046612560749054
0.10466368496417999
0.10464587807655334
0.1046178787946701
0.10459394752979279
0.10457676649093628
0.10455115139484406
0.10452162474393845
0.10448530316352844
0.10454883426427841
0.10453708469867706
0.10455895215272903
0.10455452650785446
0.10455863177776337
0.10447230935096741
0.10443306714296341
0.1043948084115982
0.10444029420614243
0.10441561043262482
0.10446728020906448
0.10447946935892105
0.10445389896631241
0.10434715449810028
0.10431856662034988
0.1044003888964653
0.1043379157781601
0.10431148111820221
0.10426747798919678
0.10423149168491364
0.10420113801956177
0.10417605191469193
0.10413645952939987
0.10410931706428528
0.10408144444227219
0.10406028479337692
0.10403186827898026
0.10400670766830444
0.1040097177028656
0.10386031121015549
0.10399424284696579
0.10396377742290497
0.10395124554634094
0.10392260551452637
0.10388754308223724
0.10381545126438141
0.1038677990436554
0.10386455804109573
0.10381720215082169
0.10381831973791122
0.10377147048711777
0.10375458747148514
0.10375193506479263
0.10370182991027832
0.10367929190397263
