0.5763239860534668
0.5965732336044312
0.6028037667274475
0.6105918884277344
0.6261682510375977
0.6370716691017151
0.6526479721069336
0.6697819232940674
0.7009345889091492
0.7242990732192993
0.732087254524231
0.7476635575294495
0.7507787942886353
0.7601246237754822
0.7663551568984985
0.767912745475769
0.767912745475769
0.7725856900215149
0.7788162231445312
0.7850467562675476
0.7881619930267334
0.7912772297859192
0.7943925261497498
0.8037382960319519
0.8006230592727661
0.8037382960319519
0.8115264773368835
0.8115264773368835
0.8146417737007141
0.8193146586418152
0.8177570104598999
0.8177570104598999
0.8193146586418152
0.8193146586418152
0.8193146586418152
0.8193146586418152
0.822429895401001
0.8239875435829163
0.8239875435829163
0.827102780342102
0.8286604285240173
0.8239875435829163
0.8239875435829163
0.8239875435829163
0.8239875435829163
0.827102780342102
0.8286604285240173
0.8302180767059326
0.8333333134651184
0.8317757248878479
0.8317757248878479
0.8302180767059326
0.8317757248878479
0.8317757248878479
0.8317757248878479
0.8317757248878479
0.8317757248878479
0.8317757248878479
0.8333333134651184
0.8348909616470337
0.8317757248878479
0.8317757248878479
0.8333333134651184
0.8333333134651184
0.8395638465881348
0.84112149477005
0.8395638465881348
0.8395638465881348
0.84112149477005
0.84112149477005
0.8395638465881348
0.8426791429519653
0.8457943797111511
0.8457943797111511
0.8473520278930664
0.8504672646522522
0.8535825610160828
0.8535825610160828
0.8535825610160828
0.8535825610160828
0.855140209197998
0.855140209197998
0.8535825610160828
0.855140209197998
0.8582554459571838
0.8566977977752686
0.8598130941390991
0.8613707423210144
0.8598130941390991
0.8598130941390991
0.8598130941390991
0.8598130941390991
0.8598130941390991
0.8613707423210144
0.8613707423210144
0.8613707423210144
0.8613707423210144
0.8613707423210144
0.8613707423210144
0.8613707423210144
0.8613707423210144
0.8629283308982849
0.8644859790802002
0.8660436272621155
0.8660436272621155
0.8644859790802002
0.8644859790802002
0.8644859790802002
0.8629283308982849
0.8644859790802002
0.8644859790802002
0.8644859790802002
0.8644859790802002
0.8644859790802002
0.8644859790802002
0.8644859790802002
0.8660436272621155
0.8660436272621155
0.8644859790802002
0.8676012754440308
0.8676012754440308
0.8676012754440308
0.8707165122032166
0.8722741603851318
0.8722741603851318
0.8769470453262329
0.8800622820854187
0.8785046935081482
0.8800622820854187
0.8769470453262329
0.8738317489624023
0.8738317489624023
0.8738317489624023
0.8769470453262329
0.8769470453262329
0.8785046935081482
0.8769470453262329
0.881619930267334
0.8785046935081482
0.8785046935081482
0.8769470453262329
0.8769470453262329
0.8769470453262329
0.8785046935081482
0.8769470453262329
0.8785046935081482
0.8800622820854187
0.8785046935081482
0.8785046935081482
0.8785046935081482
0.8785046935081482
0.8800622820854187
0.8800622820854187
0.8800622820854187
0.8800622820854187
0.881619930267334
0.881619930267334
0.881619930267334
0.881619930267334
0.881619930267334
0.8831775784492493
0.8831775784492493
0.881619930267334
0.881619930267334
0.881619930267334
0.881619930267334
0.881619930267334
0.8831775784492493
0.8831775784492493
0.8847352266311646
0.8847352266311646
0.8831775784492493
0.8847352266311646
0.8847352266311646
0.8847352266311646
0.8847352266311646
0.8862928152084351
0.8847352266311646
0.8847352266311646
0.8847352266311646
0.8862928152084351
0.8878504633903503
0.8894081115722656
0.8847352266311646
0.8831775784492493
0.8862928152084351
0.8894081115722656
0.8909657597541809
0.8862928152084351
0.8862928152084351
0.8862928152084351
0.8847352266311646
0.8862928152084351
0.8894081115722656
0.8878504633903503
0.8894081115722656
0.8894081115722656
0.8894081115722656
0.8862928152084351
0.8862928152084351
0.8862928152084351
0.8878504633903503
0.8862928152084351
0.8831775784492493
0.8862928152084351
0.8847352266311646
0.8847352266311646
0.8847352266311646
0.8847352266311646
0.8847352266311646
0.8878504633903503
0.8878504633903503
0.8909657597541809
0.8925233483314514
0.8909657597541809
0.8862928152084351
0.8862928152084351
0.8862928152084351
0.8847352266311646
0.8847352266311646
0.8847352266311646
0.8847352266311646
0.8847352266311646
0.8847352266311646
0.8878504633903503
0.8878504633903503
0.8862928152084351
0.8878504633903503
0.8894081115722656
0.8909657597541809
0.8894081115722656
0.8894081115722656
0.8894081115722656
0.8862928152084351
0.8878504633903503
0.8894081115722656
0.8909657597541809
0.8878504633903503
0.8878504633903503
0.8878504633903503
0.8878504633903503
0.8894081115722656
0.8894081115722656
0.8894081115722656
0.8894081115722656
0.8878504633903503
0.8894081115722656
0.8909657597541809
0.8909657597541809
0.8925233483314514
0.8925233483314514
0.8909657597541809
0.8862928152084351
0.8862928152084351
0.8862928152084351
0.8878504633903503
0.8894081115722656
0.8909657597541809
0.8909657597541809
0.8894081115722656
0.8894081115722656
0.8894081115722656
0.8894081115722656
0.8894081115722656
0.8894081115722656
0.8894081115722656
0.8894081115722656
0.8909657597541809
0.8909657597541809
0.8909657597541809
0.8909657597541809
0.8909657597541809
0.8909657597541809
0.8909657597541809
0.8894081115722656
0.8909657597541809
0.8909657597541809
0.8878504633903503
0.8878504633903503
0.8862928152084351
0.8909657597541809
0.8909657597541809
0.8862928152084351
0.8862928152084351
0.8894081115722656
0.8909657597541809
0.8925233483314514
0.8925233483314514
0.8925233483314514
0.8925233483314514
0.8925233483314514
0.8925233483314514
0.8894081115722656
0.8878504633903503
0.8878504633903503
0.8878504633903503
0.8894081115722656
0.8909657597541809
0.8940809965133667
0.895638644695282
0.895638644695282
0.895638644695282
0.895638644695282
0.895638644695282
0.8940809965133667
0.8940809965133667
0.8940809965133667
0.8925233483314514
0.8940809965133667
0.8940809965133667
0.8940809965133667
0.8940809965133667
0.8940809965133667
0.8925233483314514
0.8925233483314514
0.8940809965133667
0.8940809965133667
0.8940809965133667
0.8925233483314514
0.8940809965133667
0.8925233483314514
0.8909657597541809
0.8925233483314514
0.8925233483314514
0.8925233483314514
0.8925233483314514
0.8925233483314514
0.8909657597541809
0.8909657597541809
0.8909657597541809
0.8909657597541809
0.8909657597541809
0.8925233483314514
0.8925233483314514
0.8925233483314514
0.8925233483314514
0.8925233483314514
0.8925233483314514
0.8925233483314514
0.8925233483314514
0.8925233483314514
0.8909657597541809
0.8909657597541809
0.8925233483314514
0.8925233483314514
0.8925233483314514
0.8925233483314514
0.8909657597541809
0.8909657597541809
0.8909657597541809
0.8909657597541809
0.8909657597541809
0.8909657597541809
0.8909657597541809
0.8909657597541809
0.8909657597541809
0.8894081115722656
0.8894081115722656
0.8909657597541809
0.8909657597541809
0.8909657597541809
0.8925233483314514
0.8925233483314514
0.8925233483314514
0.8925233483314514
0.8925233483314514
0.8925233483314514
0.8925233483314514
0.8925233483314514
0.8925233483314514
0.8925233483314514
0.8909657597541809
0.8909657597541809
0.8909657597541809
0.8909657597541809
0.8909657597541809
0.8925233483314514
0.8925233483314514
0.8925233483314514
0.8925233483314514
0.8925233483314514
0.8925233483314514
0.8925233483314514
0.8925233483314514
0.8925233483314514
0.8925233483314514
0.8925233483314514
0.8925233483314514
0.8925233483314514
0.8925233483314514
0.8925233483314514
0.8925233483314514
0.8925233483314514
0.8909657597541809
0.8909657597541809
0.8909657597541809
0.8925233483314514
0.8909657597541809
0.8909657597541809
0.8925233483314514
0.8925233483314514
0.8925233483314514
0.8925233483314514
0.8909657597541809
0.8909657597541809
0.8909657597541809
0.8909657597541809
0.8909657597541809
0.8909657597541809
0.8909657597541809
0.8909657597541809
0.8909657597541809
0.8909657597541809
0.8909657597541809
0.8909657597541809
0.8909657597541809
0.8909657597541809
0.8909657597541809
0.8909657597541809
0.8909657597541809
0.8909657597541809
0.8909657597541809
0.8909657597541809
0.8909657597541809
0.8909657597541809
0.8909657597541809
0.8909657597541809
0.8909657597541809
0.8909657597541809
0.8894081115722656
0.8894081115722656
0.8909657597541809
0.8909657597541809
0.8909657597541809
0.8909657597541809
0.8909657597541809
0.8909657597541809
0.8909657597541809
0.8909657597541809
0.8909657597541809
0.8909657597541809
0.8909657597541809
0.8909657597541809
0.8909657597541809
0.8909657597541809
0.8909657597541809
0.8909657597541809
0.8925233483314514
0.8925233483314514
0.8925233483314514
0.8925233483314514
0.8925233483314514
0.8925233483314514
0.8925233483314514
0.8925233483314514
0.8925233483314514
0.8925233483314514
0.8925233483314514
0.8925233483314514
0.8925233483314514
0.8925233483314514
0.8925233483314514
0.8925233483314514
0.8925233483314514
0.8925233483314514
0.8925233483314514
0.8925233483314514
0.8925233483314514
0.8925233483314514
0.8925233483314514
0.8925233483314514
0.8925233483314514
0.8940809965133667
0.8940809965133667
0.8925233483314514
0.8925233483314514
0.8925233483314514
0.8925233483314514
0.8925233483314514
0.8925233483314514
0.8925233483314514
0.8925233483314514
0.8925233483314514
0.8925233483314514
0.8925233483314514
0.8925233483314514
0.8925233483314514
0.8925233483314514
0.8925233483314514
0.8925233483314514
0.8925233483314514
0.8925233483314514
0.8925233483314514
0.8925233483314514
0.8925233483314514
0.8925233483314514
0.8925233483314514
0.8925233483314514
0.8925233483314514
0.8925233483314514
0.8925233483314514
0.8925233483314514
0.8925233483314514
0.8925233483314514
0.8925233483314514
0.8925233483314514
0.8925233483314514
0.8925233483314514
0.8925233483314514
0.8925233483314514
0.8925233483314514
0.8925233483314514
0.8925233483314514
0.8925233483314514
0.8925233483314514
0.8909657597541809
0.8909657597541809
0.8909657597541809
0.8909657597541809
0.8909657597541809
0.8909657597541809
0.8909657597541809
0.8909657597541809
0.8909657597541809
0.8909657597541809
0.8909657597541809
0.8909657597541809
0.8909657597541809
0.8909657597541809
0.8909657597541809
0.8909657597541809
0.8909657597541809
0.8909657597541809
0.8909657597541809
0.8909657597541809
0.8909657597541809
0.8909657597541809
0.8909657597541809
0.8909657597541809
0.8909657597541809
0.8909657597541809
0.8909657597541809
0.8909657597541809
0.8909657597541809
0.8909657597541809
0.8909657597541809
0.8909657597541809
0.8909657597541809
0.8909657597541809
0.8909657597541809
0.8909657597541809
0.8909657597541809
0.8909657597541809
0.8909657597541809
0.8909657597541809
0.8909657597541809
0.8909657597541809
0.8909657597541809
0.8909657597541809
0.8909657597541809
0.8925233483314514
0.8925233483314514
0.8940809965133667
0.8940809965133667
0.8940809965133667
0.8940809965133667
0.8940809965133667
0.8940809965133667
0.8940809965133667
0.8940809965133667
0.8940809965133667
0.8940809965133667
0.8940809965133667
0.8940809965133667
0.8940809965133667
0.8940809965133667
0.8940809965133667
0.8940809965133667
0.8925233483314514
0.8925233483314514
0.8925233483314514
0.8925233483314514
0.8925233483314514
0.8925233483314514
0.8925233483314514
0.8925233483314514
0.8925233483314514
0.8925233483314514
0.8925233483314514
0.8925233483314514
0.8925233483314514
0.8925233483314514
0.8909657597541809
0.8909657597541809
0.8909657597541809
0.8909657597541809
0.8909657597541809
0.8909657597541809
0.8909657597541809
0.8909657597541809
0.8909657597541809
0.8909657597541809
0.8909657597541809
0.8909657597541809
0.8909657597541809
0.8909657597541809
0.8909657597541809
0.8909657597541809
0.8909657597541809
0.8909657597541809
0.8909657597541809
0.8909657597541809
0.8909657597541809
0.8909657597541809
0.8909657597541809
0.8909657597541809
0.8909657597541809
0.8909657597541809
0.8909657597541809
0.8909657597541809
0.8909657597541809
0.8909657597541809
0.8909657597541809
0.8909657597541809
0.8909657597541809
0.8909657597541809
0.8909657597541809
0.8909657597541809
0.8909657597541809
0.8909657597541809
0.8909657597541809
0.8909657597541809
0.8909657597541809
0.8909657597541809
0.8909657597541809
0.8909657597541809
0.8909657597541809
0.8909657597541809
0.8909657597541809
0.8909657597541809
0.8909657597541809
0.8909657597541809
0.8909657597541809
0.8909657597541809
0.8909657597541809
0.8909657597541809
0.8909657597541809
0.8909657597541809
0.8909657597541809
0.8909657597541809
0.8909657597541809
0.8909657597541809
0.8909657597541809
0.8909657597541809
0.8909657597541809
0.8909657597541809
0.8909657597541809
0.8909657597541809
0.8909657597541809
0.8909657597541809
0.8909657597541809
0.8909657597541809
0.8909657597541809
0.8909657597541809
0.8909657597541809
0.8909657597541809
0.8925233483314514
0.8925233483314514
0.8925233483314514
0.8925233483314514
0.8925233483314514
0.8925233483314514
0.8925233483314514
0.8925233483314514
0.8925233483314514
0.8925233483314514
0.8925233483314514
0.8925233483314514
0.8925233483314514
0.8925233483314514
0.8925233483314514
0.8925233483314514
0.8925233483314514
0.8925233483314514
0.8925233483314514
