0.7223228812217712
0.6860069632530212
0.6695375442504883
0.6551486253738403
0.6399367451667786
0.6228110194206238
0.605332612991333
0.5828544497489929
0.5516785979270935
0.5130262970924377
0.47650688886642456
0.4444766044616699
0.419526606798172
0.40572911500930786
0.3899914622306824
0.3802068531513214
0.3741186261177063
0.36765119433403015
0.3609195947647095
0.3551379442214966
0.34812989830970764
0.34377720952033997
0.33796828985214233
0.33389607071876526
0.33268627524375916
0.32804030179977417
0.32451024651527405
0.32170945405960083
0.31744179129600525
0.31508514285087585
0.31360143423080444
0.31121334433555603
0.30993130803108215
0.30755922198295593
0.30462729930877686
0.3032837510108948
0.30039873719215393
0.2968096435070038
0.29989656805992126
0.2932813763618469
0.29045581817626953
0.29041343927383423
0.288623183965683
0.28807055950164795
0.29182448983192444
0.2867966294288635
0.28144726157188416
0.27862951159477234
0.27573513984680176
0.27317002415657043
0.2723422050476074
0.27010393142700195
0.2686787247657776
0.26634305715560913
0.2630749046802521
0.26344388723373413
0.26121196150779724
0.2589389979839325
0.2571716904640198
0.2548709511756897
0.2743111252784729
0.2807362675666809
0.26368868350982666
0.2584366500377655
0.251880019903183
0.24837461113929749
0.2437286376953125
0.25841525197029114
0.27069568634033203
0.29874956607818604
0.2772199213504791
0.25781580805778503
0.2458135038614273
0.24547432363033295
0.24446401000022888
0.23855270445346832
0.23460091650485992
0.23161759972572327
0.22918745875358582
0.22690589725971222
0.22481776773929596
0.22768613696098328
0.22687514126300812
0.2225176841020584
0.2199702113866806
0.2189216911792755
0.21625079214572906
0.21803711354732513
0.21373090147972107
0.21248570084571838
0.2108563631772995
0.21152447164058685
0.21080097556114197
0.20801052451133728
0.20683443546295166
0.20564419031143188
0.2092539221048355
0.20556692779064178
0.20118610560894012
0.19860540330410004
0.19867751002311707
0.19614624977111816
0.19449275732040405
0.19326920807361603
0.19220173358917236
0.19112713634967804
0.19000321626663208
0.1903994381427765
0.19055946171283722
0.1873731166124344
0.18648426234722137
0.1897161900997162
0.1914791315793991
0.18650898337364197
0.1830892413854599
0.1819186955690384
0.17759722471237183
0.17690105736255646
0.17294344305992126
0.1723281294107437
0.16984793543815613
0.17852166295051575
0.17301435768604279
0.17307347059249878
0.17085003852844238
0.16714699566364288
0.16438603401184082
0.1725955754518509
0.16269515454769135
0.15918850898742676
0.1567884087562561
0.15653426945209503
0.16801950335502625
0.1601969450712204
0.15884904563426971
0.15335428714752197
0.1533132791519165
0.16381540894508362
0.1577305644750595
0.15212740004062653
0.15086355805397034
0.1462305188179016
0.1443663090467453
0.14499574899673462
0.1423712521791458
0.14453040063381195
0.14480933547019958
0.14165763556957245
0.14101964235305786
0.14018291234970093
0.13966688513755798
0.1381225287914276
0.13739119470119476
0.13580206036567688
0.1352095603942871
0.13761422038078308
0.13493642210960388
0.13522154092788696
0.14423002302646637
0.14261969923973083
0.13538289070129395
0.13382725417613983
0.13394153118133545
0.13793516159057617
0.13522858917713165
0.13229215145111084
0.1301153600215912
0.1290818601846695
0.12815795838832855
0.12744325399398804
0.1272921860218048
0.12803035974502563
0.12635491788387299
0.12588314712047577
0.12536220252513885
0.12498296052217484
0.12435437738895416
0.12412040680646896
0.12385924905538559
0.1239977553486824
0.12356042116880417
0.12336970865726471
0.12314477562904358
0.12273005396127701
0.12221457064151764
0.12337395548820496
0.1217162013053894
0.1213848814368248
0.12379246205091476
0.12181486189365387
0.12109359353780746
0.12004696577787399
0.11982505768537521
0.11960200220346451
0.11878100782632828
0.11823336035013199
0.1178024411201477
0.11742379516363144
0.11883944272994995
0.11949872970581055
0.11778011918067932
0.11553801596164703
0.11500884592533112
0.11460638791322708
0.11411140114068985
0.11415116488933563
0.11352017521858215
0.11310461908578873
0.11942700296640396
0.11825146526098251
0.11648719012737274
0.1140008270740509
0.11264175921678543
0.11203590035438538
0.11165601015090942
0.11118575930595398
0.11146299540996552
0.1105060875415802
0.11030200868844986
0.11003296077251434
0.1095682755112648
0.10952171683311462
0.10912106931209564
0.10897937417030334
0.10878296196460724
0.10830628126859665
0.10841605812311172
0.10788031667470932
0.10756954550743103
0.10759833455085754
0.10712572187185287
0.10714472085237503
0.10682263225317001
0.10704458504915237
0.10625896602869034
0.1062939390540123
0.10578413307666779
0.10556266456842422
0.1085999608039856
0.10782782733440399
0.10604400932788849
0.10422909259796143
0.10351960361003876
0.10321953147649765
0.10387654602527618
0.1008261889219284
0.10164250433444977
0.10044477134943008
0.10028183460235596
0.10012383759021759
0.0999756008386612
0.09817259758710861
0.09801534563302994
0.09687228500843048
0.09637302905321121
0.09601397067308426
0.09546485543251038
0.09554653614759445
0.09415100514888763
0.09426188468933105
0.0935572013258934
0.09439617395401001
0.09333682060241699
0.09300057590007782
0.09328023344278336
0.09281783550977707
0.09265356510877609
0.09227019548416138
0.09208715707063675
0.0917883813381195
0.09165551513433456
0.09152533859014511
0.09424552321434021
0.09298793971538544
0.09155609458684921
0.09468518197536469
0.09847509860992432
0.100136898458004
0.09371723234653473
0.09144284576177597
0.09193882346153259
0.09106103330850601
0.09094762057065964
0.09026052802801132
0.08979179710149765
0.08963488042354584
0.08948507905006409
0.08924943953752518
0.0890624076128006
0.08894552290439606
0.09029142558574677
0.0908830314874649
0.08910298347473145
0.08875125646591187
0.08810952305793762
0.08783670514822006
0.08757048100233078
0.08748379349708557
0.0870395302772522
0.0869075357913971
0.08879633992910385
0.09150540083646774
0.08996807038784027
0.08962547034025192
0.08773526549339294
0.08848772943019867
0.08750124275684357
0.08719824999570847
0.0868951603770256
0.08712182939052582
0.08659851551055908
0.0864207074046135
0.0861886665225029
0.08606093376874924
0.08600109815597534
0.0857132226228714
0.08711138367652893
0.08828798681497574
0.08644784241914749
0.08534790575504303
0.08433897793292999
0.08315448462963104
0.08297627419233322
0.08240975439548492
0.08191987872123718
0.08187199383974075
0.08136395364999771
0.08129871636629105
0.08094560354948044
0.08080730587244034
0.08070032298564911
0.08028523623943329
0.08050321042537689
0.0799722746014595
0.08020202070474625
0.08012527227401733
0.07955194264650345
0.0794162005186081
0.0791492611169815
0.07911404222249985
0.0789220929145813
0.07868387550115585
0.07853817939758301
0.07821633666753769
0.07815366983413696
0.07788137346506119
0.0777471512556076
0.07764792442321777
0.07741214334964752
0.07729510217905045
0.07766308635473251
0.078019879758358
0.07726223021745682
0.07690534740686417
0.0769253522157669
0.0766298845410347
0.0759303942322731
0.0895068496465683
0.08574817329645157
0.08105240762233734
0.07814259082078934
0.07695472240447998
0.07594664394855499
0.07588620483875275
0.07612796127796173
0.07555944472551346
0.07493634521961212
0.07464873790740967
0.07447303086519241
0.07442669570446014
0.0742802768945694
0.07417367398738861
0.07400914281606674
0.07391800731420517
0.07389146089553833
0.07388782501220703
0.0737125352025032
0.0736006498336792
0.07354707270860672
0.0734686553478241
0.07481811940670013
0.07493281364440918
0.07397415488958359
0.07345082610845566
0.07322782278060913
0.07309771329164505
0.07298533618450165
0.07291683554649353
0.0728544145822525
0.07277252525091171
0.07271899282932281
0.07263852655887604
0.07266387343406677
0.07263055443763733
0.07251844555139542
0.0724632665514946
0.07249650359153748
0.07252971082925797
0.07240919023752213
0.07229363918304443
0.07220501452684402
0.0722292810678482
0.07212261855602264
0.07223111391067505
0.07201289385557175
0.07188501209020615
0.07179448753595352
0.07176685333251953
0.07171406596899033
0.07160332053899765
0.07154960185289383
0.07147863507270813
0.07146838307380676
0.0713498592376709
0.0713096410036087
0.07176505029201508
0.07171397656202316
0.07083533704280853
0.070977121591568
0.07072530686855316
0.07036154717206955
0.07018137723207474
0.07052699476480484
0.0700204074382782
0.06986760348081589
0.06992674618959427
0.07001049071550369
0.06997579336166382
0.069654680788517
0.06923644989728928
0.06904330849647522
0.06900908797979355
0.06881337612867355
0.06862907856702805
0.06894632428884506
0.06914724409580231
0.06854858994483948
0.06836161762475967
0.0682768002152443
0.06819602847099304
0.0680273026227951
0.06789626181125641
0.0678289383649826
0.06792984902858734
0.06769769638776779
0.06753423810005188
0.06742551922798157
0.0674017146229744
0.06729679554700851
0.06719192862510681
0.06719699501991272
0.06719701737165451
0.06690645217895508
0.06681881099939346
0.06730509549379349
0.06757374107837677
0.06687799841165543
0.0666998103260994
0.0665045753121376
0.06660261750221252
0.06650855392217636
0.06648863106966019
0.06636317074298859
0.06630746275186539
0.0662577897310257
0.066219262778759
0.0663037970662117
0.06619730591773987
0.06604606658220291
0.0661095529794693
0.06590589880943298
0.06598618626594543
0.06595520675182343
0.06591539084911346
0.06583774834871292
0.06577873229980469
0.06574294716119766
0.06578487902879715
0.06590168178081512
0.0658106803894043
0.06574075669050217
0.06564076244831085
0.06582567095756531
0.06611135601997375
0.06600260734558105
0.06580889970064163
0.06566465646028519
0.06552816927433014
0.06544841825962067
0.065399169921875
0.06539534032344818
0.0652981773018837
0.06522198021411896
0.06518685072660446
0.06518129259347916
0.06522725522518158
0.06516323983669281
0.06506789475679398
0.06505097448825836
0.06501223146915436
0.065275177359581
0.06520036607980728
0.06518195569515228
0.06514521688222885
0.0649515762925148
0.06484299153089523
0.06477346271276474
0.06472732871770859
0.06468241661787033
0.06464605778455734
0.06458500772714615
0.06468059867620468
0.06461360305547714
0.06451044976711273
0.06446376442909241
0.06449507176876068
0.0645502582192421
0.0643923208117485
0.0643780380487442
0.06433732062578201
0.06428206712007523
0.06421838700771332
0.06418820470571518
0.06412789970636368
0.06409525871276855
0.06407208740711212
0.06407611817121506
0.06402993947267532
0.06396328657865524
0.06394746154546738
0.06390639394521713
0.06386294215917587
0.06385691463947296
0.063827283680439
0.06379285454750061
0.06379495561122894
0.06376489251852036
0.0637662336230278
0.0637148767709732
0.06367425620555878
0.06377626210451126
0.06375763565301895
0.06372617930173874
0.06372921168804169
0.06367775052785873
0.06355225294828415
0.06363480538129807
0.06359310448169708
0.0634610503911972
0.06335975974798203
0.06331593543291092
0.06331349909305573
0.06322633475065231
0.06326104700565338
0.06321297585964203
0.06317629665136337
0.06315270066261292
0.06331004947423935
0.06322833150625229
0.06305772066116333
0.06298785656690598
0.06297212094068527
0.06294803321361542
0.06291846185922623
0.06289693713188171
0.06288714706897736
0.06291618943214417
0.06297332048416138
0.06296433508396149
0.06298229098320007
0.06295134872198105
0.06290596723556519
0.06287313252687454
0.06283657252788544
0.06285323947668076
0.06292351335287094
0.06278935074806213
0.06280944496393204
0.0627753734588623
0.06275221705436707
0.06272419542074203
0.06270568817853928
0.06268496811389923
0.06266532093286514
0.0626516044139862
0.06261894851922989
0.06260787695646286
0.06258511543273926
0.06263280659914017
0.06309525668621063
0.06299556791782379
0.06283938139677048
0.06268617510795593
0.06267906725406647
0.06265582144260406
0.06258472055196762
0.06252360343933105
0.06249058619141579
0.06245775148272514
0.06243724003434181
0.06241947412490845
0.06239714100956917
0.06238044425845146
0.06235971674323082
0.06235001981258392
0.062318429350852966
0.06235465034842491
0.06231061369180679
0.062279414385557175
0.06226499378681183
0.062251344323158264
0.062332332134246826
0.06232132762670517
0.06267357617616653
