0.680438220500946
0.46398496627807617
0.3992949426174164
0.36738699674606323
0.35081058740615845
0.3482924699783325
0.3311486542224884
0.32270440459251404
0.3161298930644989
0.3156009316444397
0.30564311146736145
0.2967987358570099
0.290938138961792
0.2897718548774719
0.3139897584915161
0.29203107953071594
0.2850968837738037
0.27201005816459656
0.2665060758590698
0.27681294083595276
0.2685937285423279
0.25474002957344055
0.24952606856822968
0.24438373744487762
0.24257051944732666
0.23794959485530853
0.23502035439014435
0.23158596456050873
0.22729504108428955
0.2216888815164566
0.21952112019062042
0.22029544413089752
0.22076532244682312
0.21044817566871643
0.21195220947265625
0.2070772647857666
0.23284125328063965
0.2195034772157669
0.2090953290462494
0.20525233447551727
0.19278942048549652
0.1891029328107834
0.1830131560564041
0.1802462935447693
0.1837683469057083
0.1754031628370285
0.17233684659004211
0.16906879842281342
0.16241294145584106
0.16026270389556885
0.1570713371038437
0.16850078105926514
0.1622464805841446
0.15342606604099274
0.14650341868400574
0.14412623643875122
0.1440737545490265
0.139901265501976
0.1373588889837265
0.16211779415607452
0.1801775097846985
0.155051589012146
0.13882629573345184
0.13142938911914825
0.1251482218503952
0.12063387036323547
0.12354756146669388
0.13401933014392853
0.127956360578537
0.11780062317848206
0.14245784282684326
0.17150865495204926
0.14782485365867615
0.12566892802715302
0.11765918135643005
0.151726633310318
0.12863707542419434
0.1089865043759346
0.10701662302017212
0.100566565990448
0.09645366668701172
0.10096443444490433
0.0976850613951683
0.09252215176820755
0.11457604914903641
0.12077666819095612
0.0966189056634903
0.08963658660650253
0.08524326235055923
0.0810362920165062
0.07932206988334656
0.07763256877660751
0.0783640444278717
0.07429475337266922
0.07265324890613556
0.07056661695241928
0.06994790583848953
0.06813188642263412
0.06548924744129181
0.06438702344894409
0.06571456044912338
0.06479041278362274
0.07134055346250534
0.06812301278114319
0.06282100081443787
0.059531643986701965
0.057907216250896454
0.05490812286734581
0.06459333747625351
0.058017853647470474
0.05368831753730774
0.05068638175725937
0.04885873943567276
0.048741571605205536
0.05198735371232033
0.04968448728322983
0.04902128875255585
0.06151707470417023
0.05967714264988899
0.05106839910149574
0.04819314554333687
0.045466721057891846
0.04467332363128662
0.048395786434412
0.048941079527139664
0.04414711892604828
0.04289770871400833
0.041409045457839966
0.041416432708501816
0.04143034294247627
0.03944383189082146
0.03918503224849701
0.040187686681747437
0.03952344134449959
0.03859676793217659
0.03736206889152527
0.0367942675948143
0.03645850718021393
0.03594423085451126
0.03520883992314339
0.034732282161712646
0.03436858952045441
0.03376932069659233
0.03337496146559715
0.033101752400398254
0.034927964210510254
0.0352257676422596
0.03351461514830589
0.04008025676012039
0.037204559892416
0.03447363153100014
0.0322389155626297
0.03107030875980854
0.0303221195936203
0.03372037410736084
0.0326089970767498
0.03275710716843605
0.03056911565363407
0.02972540445625782
0.028436128050088882
0.02812071517109871
0.027226608246564865
0.027137547731399536
0.027949243783950806
0.028492117300629616
0.02845199964940548
0.03337351977825165
0.03029726818203926
0.02722136862576008
0.025246044620871544
0.024670841172337532
0.02431371808052063
0.02443685196340084
0.023849233984947205
0.02634975127875805
0.024541132152080536
0.023754166439175606
0.02540222369134426
0.02513801120221615
0.022868067026138306
0.02178511768579483
0.021440602838993073
0.021029014140367508
0.020768605172634125
0.020660998299717903
0.020565206184983253
0.020117882639169693
0.02009623497724533
0.019541515037417412
0.019183482974767685
0.02442227490246296
0.03265679255127907
0.02334831841289997
0.021036062389612198
0.01949947699904442
0.018866045400500298
0.018414054065942764
0.017703277990221977
0.01758659817278385
0.017303990200161934
0.04757174104452133
0.0328579880297184
0.020688844844698906
0.024385228753089905
0.02033068798482418
0.01893758587539196
0.01745697297155857
0.017203141003847122
0.01653922349214554
0.015966476872563362
0.016856607049703598
0.016431020572781563
0.01635165698826313
0.015947265550494194
0.015230621211230755
0.01503664255142212
0.01480502262711525
0.014624935574829578
0.014498034492135048
0.014454112388193607
0.014288871549069881
0.01422253530472517
0.014027898199856281
0.014899702742695808
0.016806988045573235
0.015277739614248276
0.014311907812952995
0.014298166148364544
0.014095242135226727
0.013680720701813698
0.013480735011398792
0.013268622569739819
0.013118017464876175
0.013011008501052856
0.01287882775068283
0.012794499285519123
0.012715042568743229
0.012588695622980595
0.012585359625518322
0.01274357084184885
0.013383613899350166
0.013086308725178242
0.012816816568374634
0.013041151687502861
0.012662321329116821
0.012977423146367073
0.012379164807498455
0.012195794843137264
0.01197727583348751
0.011814501136541367
0.012085665948688984
0.012366995215415955
0.011914384551346302
0.012463897466659546
0.013922388665378094
0.012256947346031666
0.011712068691849709
0.01124081015586853
0.011170436628162861
0.010965801775455475
0.011091585271060467
0.01089518517255783
0.010790987871587276
0.010729560628533363
0.010634406469762325
0.010525929741561413
0.010487488470971584
0.010821490548551083
0.010998154990375042
0.010820484720170498
0.010417202487587929
0.010295379906892776
0.01038858201354742
0.010189542546868324
0.010020114481449127
0.010122590698301792
0.010099812410771847
0.009994114749133587
0.010082704946398735
0.009826598688960075
0.009717882610857487
0.009616043418645859
0.00951214600354433
0.010453056544065475
0.010038623586297035
0.00966315995901823
0.009404705837368965
0.00925773847848177
0.009419412352144718
0.009677978232502937
0.009380234405398369
0.009085689671337605
0.008959329687058926
0.00888425949960947
0.008908149786293507
0.008810571394860744
0.008706210181117058
0.00859400536864996
0.008524060249328613
0.008540467359125614
0.008505026809871197
0.008462564088404179
0.00847878959029913
0.008746523410081863
0.008639144711196423
0.00833465438336134
0.008211871609091759
0.008324232883751392
0.008395151235163212
0.008311276324093342
0.008023294620215893
0.007893499918282032
0.007850774563848972
0.007794486358761787
0.007772762794047594
0.007913868874311447
0.00817347876727581
0.007908930070698261
0.007750689517706633
0.007833772338926792
0.007769365329295397
0.007700399495661259
0.007716881576925516
0.007689791731536388
0.0077164052054286
0.007765267044305801
0.007664147298783064
0.007502157706767321
0.007477302569895983
0.008117444813251495
0.007812493946403265
0.007611438166350126
0.007487867493182421
0.007425005082041025
0.007387332618236542
0.007357858121395111
0.007403152529150248
0.007276912219822407
0.0073087578639388084
0.0072144814766943455
0.007245923858135939
0.007143340539187193
0.007128848694264889
0.007202242035418749
0.00719118770211935
0.007088520098477602
0.007022719364613295
0.0069725364446640015
0.006936789955943823
0.006897875107824802
0.006870274897664785
0.006853578146547079
0.0067979455925524235
0.006769252475351095
0.006741626188158989
0.006755142472684383
0.006723989732563496
0.006697053089737892
0.006653839722275734
0.006632281932979822
0.006619878113269806
0.006562903057783842
0.006604278460144997
0.006649613846093416
0.006906826514750719
0.007048546802252531
0.00674395402893424
0.00657065212726593
0.006531247403472662
0.00647522509098053
0.0064199320040643215
0.006388744339346886
0.006364033557474613
0.006321335211396217
0.006299748085439205
0.006264619063585997
0.006255785468965769
0.006233357358723879
0.006238774862140417
0.006198432762175798
0.006165947299450636
0.006141149904578924
0.0060971202328801155
0.006073347758501768
0.006051383446902037
0.006029765121638775
0.006001523695886135
0.00597647950053215
0.00594356982037425
0.005924720782786608
0.005902728531509638
0.005901980213820934
0.005862174089998007
0.005845573265105486
0.0058236573822796345
0.005782106891274452
0.005769135896116495
0.005771162454038858
0.005734232719987631
0.005708733573555946
0.005703588481992483
0.005687332712113857
0.005720401648432016
0.005740699358284473
0.005692187696695328
0.0056613050401210785
0.005625945515930653
0.005600135773420334
0.005665776319801807
0.005634875502437353
0.005691909696906805
0.005577212665230036
0.005512508563697338
0.005486709531396627
0.005450265482068062
0.0054326727986335754
0.005445707123726606
0.005427725613117218
0.005407679360359907
0.005409355275332928
0.0054220776073634624
0.005401308182626963
0.005388579796999693
0.005360408686101437
0.005343284457921982
0.005308482795953751
0.0053216139785945415
0.005290474276989698
0.005294784437865019
0.0052639939822256565
0.005250267684459686
0.005242935381829739
0.005221131257712841
0.005205449648201466
0.005192352458834648
0.0051816413179039955
0.005169606767594814
0.005162745714187622
0.00516631780192256
0.005133484024554491
0.005141174886375666
0.005130595061928034
0.005104660056531429
0.005092690698802471
0.00507950596511364
0.005069419275969267
0.005194440484046936
0.005370140541344881
0.00527902040630579
0.00518442690372467
0.005113086197525263
0.005075429566204548
0.0050403885543346405
0.005037367343902588
0.005020620301365852
0.0050041563808918
0.004990025889128447
0.004964429419487715
0.004956891760230064
0.004950337577611208
0.0049386657774448395
0.004895827267318964
0.004912459757179022
0.004915446043014526
0.004876965656876564
0.0048539601266384125
0.004843894392251968
0.004841845948249102
0.004842981230467558
0.00483425660058856
0.004797277972102165
0.004783464130014181
0.0047615207731723785
0.0047537158243358135
0.00473787123337388
0.004727639723569155
0.004717537667602301
0.004720623139292002
0.004691088106483221
0.004690025933086872
0.004719691351056099
0.0046912007965147495
0.004657149314880371
0.0046515194699168205
0.004641967825591564
0.004634380806237459
0.004664264619350433
0.004689511843025684
0.004748416133224964
0.0046676709316670895
0.00470452755689621
0.005081748124212027
0.004880496766418219
0.004675134550780058
0.004651225637644529
0.004610501695424318
0.0045906235463917255
0.004579446744173765
0.004562851972877979
0.004539276007562876
0.004503792151808739
0.0044926842674613
0.0044618756510317326
0.00444290554150939
0.004463373217731714
0.004461738280951977
0.004454615525901318
0.004424229729920626
0.00440569082275033
0.004376967437565327
0.00435506971552968
0.004337075166404247
0.004327650181949139
0.004319194238632917
0.004315323196351528
0.0043076095171272755
0.004304760135710239
0.0042945812456309795
0.0042924280278384686
0.0042813862673938274
0.004278008360415697
0.0042712572030723095
0.004265094641596079
0.00425958726555109
0.004259056411683559
0.004252520855516195
0.0042425598949193954
0.004236774053424597
0.004232014995068312
0.004224096890538931
0.004216805566102266
0.004214462824165821
0.004210252780467272
0.004200025927275419
0.004194960929453373
0.004189418163150549
0.004192876163870096
0.004183314274996519
0.004172839689999819
0.004182014148682356
0.004539712332189083
0.004650183953344822
0.004503143019974232
0.004345545079559088
0.004213920794427395
0.004220894072204828
0.004209521692246199
0.004183611366897821
0.004164272453635931
0.004144896287471056
0.004132586997002363
0.004117762204259634
0.004112337250262499
0.004108019173145294
0.004094436764717102
0.0040926081128418446
0.004081484396010637
0.004094308242201805
0.00410356093198061
0.0040888008661568165
0.004073705058544874
0.00406388146802783
0.004060179460793734
0.004077850375324488
0.004062301479279995
0.004044414032250643
0.004030129872262478
0.0040221973322331905
0.004018088337033987
0.004004225134849548
0.004018761217594147
0.00400209054350853
0.003992164041846991
0.003981857560575008
0.003976094536483288
0.003970165271311998
0.003961500246077776
0.003950990736484528
0.003944318275898695
0.003954648040235043
0.003948905970901251
0.0039382921531796455
0.0039355275221168995
0.003933173604309559
0.003921851981431246
0.003911411855369806
0.003905746852979064
0.0038992215413600206
0.003894190536811948
0.0038833629805594683
0.00387741019949317
0.0038740779273211956
0.003873804584145546
0.003866491373628378
0.003859634744003415
0.0038515410851687193
0.0038472164887934923
0.0038382832426577806
0.0038320457097142935
0.003823858452960849
0.0038252524100244045
