0.8715353608131409
0.6206222176551819
0.5110437273979187
0.45708972215652466
0.423840194940567
0.3997378349304199
0.37998104095458984
0.36741819977760315
0.3541297912597656
0.3444229066371918
0.3372279703617096
0.32767000794410706
0.32312512397766113
0.3147381842136383
0.3095586597919464
0.30427008867263794
0.3029926121234894
0.29469621181488037
0.29469868540763855
0.2921063303947449
0.28796079754829407
0.2817573547363281
0.2761383652687073
0.2731521725654602
0.27361786365509033
0.2722432017326355
0.2625560760498047
0.2612933814525604
0.2617604732513428
0.2556905150413513
0.2527681887149811
0.24511031806468964
0.24374504387378693
0.24107712507247925
0.23633190989494324
0.2324945628643036
0.22815677523612976
0.2267012596130371
0.22197972238063812
0.21814513206481934
0.21356560289859772
0.2099999189376831
0.2107153981924057
0.22075805068016052
0.21221621334552765
0.20683340728282928
0.19762665033340454
0.20164820551872253
0.23581041395664215
0.2120233178138733
0.2043725550174713
0.19011889398097992
0.18058174848556519
0.17418843507766724
0.1710609793663025
0.16941504180431366
0.16720986366271973
0.16211675107479095
0.16238859295845032
0.1566549390554428
0.15208525955677032
0.15114247798919678
0.14933809638023376
0.1443568617105484
0.14075689017772675
0.1378965824842453
0.13453102111816406
0.13179300725460052
0.1378626674413681
0.13079719245433807
0.12529787421226501
0.12849950790405273
0.12193141132593155
0.11783867329359055
0.1149107813835144
0.11149051785469055
0.10982708632946014
0.1072579026222229
0.10427556931972504
0.10209222137928009
0.10035527497529984
0.12594273686408997
0.11527042090892792
0.10719379037618637
0.0992371067404747
0.09827546775341034
0.09004509449005127
0.08597574383020401
0.0840679258108139
0.08203798532485962
0.07793834060430527
0.07527179270982742
0.07663565129041672
0.07880762219429016
0.07571293413639069
0.07055678218603134
0.06539580971002579
0.0643848106265068
0.06104400381445885
0.0738554522395134
0.0789991021156311
0.06364108622074127
0.05777811259031296
0.0537605881690979
0.05197761952877045
0.05139102041721344
0.049219828099012375
0.04942942038178444
0.05710764601826668
0.102227121591568
0.08792872726917267
0.057849373668432236
0.051300715655088425
0.04604671895503998
0.04292529821395874
0.04085405170917511
0.039288777858018875
0.037540122866630554
0.036997806280851364
0.0364677794277668
0.03791739419102669
0.036382079124450684
0.03539014607667923
0.03485851362347603
0.03429552912712097
0.03336634114384651
0.03301330655813217
0.032603103667497635
0.03455842658877373
0.03292061761021614
0.03208436071872711
0.03103819489479065
0.0302576944231987
0.029662961140275
0.029322760179638863
0.02908439189195633
0.03531751409173012
0.032736942172050476
0.03135059028863907
0.028407566249370575
0.03377841040492058
0.027609899640083313
0.02716948091983795
0.025195814669132233
0.024256138131022453
0.02315310388803482
0.02329874038696289
0.022002488374710083
0.021736634895205498
0.020864546298980713
0.02020167000591755
0.019531460478901863
0.01912783458828926
0.01872578077018261
0.01833425834774971
0.019493399187922478
0.01894981600344181
0.01842394843697548
0.019599001854658127
0.017815157771110535
0.017149776220321655
0.016458259895443916
0.020179355517029762
0.01836271584033966
0.015778211876749992
0.014850160107016563
0.015285739675164223
0.01589909754693508
0.015507552772760391
0.014191542752087116
0.013185922987759113
0.012885930016636848
0.012651665136218071
0.012207509949803352
0.012127548456192017
0.011860105209052563
0.015365545637905598
0.01249078381806612
0.012081331573426723
0.030301183462142944
0.02406204864382744
0.01770722307264805
0.013393551111221313
0.012064861133694649
0.016852516680955887
0.01353814359754324
0.018813077360391617
0.011958472430706024
0.01212978269904852
0.01563856191933155
0.01033842470496893
0.010129299946129322
0.00950207281857729
0.009125071577727795
0.00889869686216116
0.011977891437709332
0.01028503105044365
0.009117810055613518
0.008676975034177303
0.00834677554666996
0.007872076705098152
0.007669052109122276
0.008096623234450817
0.007364122197031975
0.007247222121804953
0.007304689381271601
0.007219938561320305
0.0068615758791565895
0.007436088286340237
0.006883431226015091
0.00671905092895031
0.0062840948812663555
0.006205419078469276
0.0061581931076943874
0.007303721271455288
0.00856061838567257
0.0064498912543058395
0.00634754030033946
0.005923439282923937
0.00579830864444375
0.00566538842394948
0.005565658677369356
0.0054870410822331905
0.005442681722342968
0.005381279159337282
0.005618003197014332
0.005565717350691557
0.005369699560105801
0.005470632575452328
0.006023922935128212
0.005280535202473402
0.005189001560211182
0.005092374514788389
0.0050110481679439545
0.005031440872699022
0.0049460758455097675
0.004950297996401787
0.005036122631281614
0.0049532679840922356
0.004800004884600639
0.004829639568924904
0.004983297549188137
0.004748880863189697
0.004670992959290743
0.004603419918566942
0.004572248086333275
0.004506693221628666
0.004500312730669975
0.004471352323889732
0.004398139659315348
0.004364530090242624
0.004331047646701336
0.004289504140615463
0.0042650350369513035
0.004222723189741373
0.004233788698911667
0.0041570584289729595
0.004180594347417355
0.004164407029747963
0.004102580714970827
0.004046933725476265
0.004030246753245592
0.003980916924774647
0.003958939574658871
0.0039227805100381374
0.0039001053664833307
0.003853718051686883
0.003836576361209154
0.005416839849203825
0.004961799830198288
0.00402339780703187
0.003858900861814618
0.003776916768401861
0.003746852045878768
0.0036879421677440405
0.00365283340215683
0.0036028968170285225
0.0035672299563884735
0.0035597621463239193
0.003852437948808074
0.004011610057204962
0.0037130967248231173
0.0035089028533548117
0.0034429370425641537
0.003397726221010089
0.003358895890414715
0.00335245905444026
0.003515218384563923
0.0034733761567622423
0.0033581231255084276
0.0033055818639695644
0.003591421525925398
0.004009991884231567
0.00354909710586071
0.003286343067884445
0.0032020369544625282
0.0031387158669531345
0.0031651926692575216
0.0030975108966231346
0.0030832579359412193
0.0030213166028261185
0.003091955790296197
0.0031372583471238613
0.0030058706179261208
0.0029572693165391684
0.002926636254414916
0.002887340262532234
0.0028761704452335835
0.002849810291081667
0.002813003957271576
0.0028019414748996496
0.0027790016029030085
0.0027545406483113766
0.0027340021915733814
0.0027370424941182137
0.0027736718766391277
0.0027625001966953278
0.002745328238233924
0.0027081253938376904
0.002657765056937933
0.002935647964477539
0.0030925432220101357
0.0029137220699340105
0.0027977251447737217
0.002735627582296729
0.0026883305981755257
0.0026383022777736187
0.002603762550279498
0.0026066650170832872
0.002629312686622143
0.002579965628683567
0.0025335566606372595
0.0025190862361341715
0.0025112207513302565
0.0024909889325499535
0.0024831986520439386
0.002478142501786351
0.0024672492872923613
0.002451465232297778
0.0024412486236542463
0.0024264955427497625
0.002415313618257642
0.0024582245387136936
0.0024685231037437916
0.0024333263281732798
0.0024172100238502026
0.0024378509260714054
0.002384031657129526
0.002505762269720435
0.002464893041178584
0.002414987189695239
0.0024124879855662584
0.002382218837738037
0.002355212578549981
0.0023260898888111115
0.0023828078992664814
0.0023752995766699314
0.002331543480977416
0.0022916244342923164
0.002278689295053482
0.0022571454755961895
0.0022452271077781916
0.0022420771420001984
0.0022331399377435446
0.0022076021414250135
0.0022065816447138786
0.002206032630056143
0.002185091143473983
0.0021774997003376484
0.002160808304324746
0.0021518224384635687
0.002139895921573043
0.0021905535832047462
0.0022074314765632153
0.0021759779192507267
0.002124794526025653
0.0021085392218083143
0.002103943843394518
0.002090325579047203
0.0021042926236987114
0.00208561890758574
0.002061521867290139
0.0020460959058254957
0.0020396581385284662
0.0020468784496188164
0.0020276010036468506
0.0020741622429341078
0.0021170147228986025
0.002041400410234928
0.0020000010263174772
0.0020141825079917908
0.0019965004175901413
0.0019771470688283443
0.0019663036800920963
0.0019845939241349697
0.0019507111283019185
0.0019351125229150057
0.0019245947478339076
0.0019145541591569781
0.0019077257020398974
0.0018949565710499883
0.0018854282097890973
0.0018847943283617496
0.0018743588589131832
0.0018647861434146762
0.0018801960395649076
0.0018831896595656872
0.0019225368741899729
0.0018859277479350567
0.0018497733399271965
0.001839012373238802
0.0018198308534920216
0.0018004425801336765
0.001794871175661683
0.001787346787750721
0.0018081412417814136
0.001798114855773747
0.0018137372098863125
0.0018166182562708855
0.001800925238057971
0.0017781667411327362
0.0017612623050808907
0.0017494235653430223
0.0017407851992174983
0.0017452901229262352
0.0017603208543732762
0.0017485294956713915
0.0017359028570353985
0.0017212796956300735
0.0017196001717820764
0.001727922703139484
0.0017241814639419317
0.0017118195537477732
0.0017027236754074693
0.001717690727673471
0.0017100843833759427
0.0016990393633022904
0.0016960151260718703
0.0016922882059589028
0.0016844288911670446
0.0016773209208622575
0.0016711445059627295
0.0016632716869935393
0.0016555816400796175
0.0016584316035732627
0.0016533457674086094
0.00164694560226053
0.001649905345402658
0.0016435213619843125
0.0016418457962572575
0.001627858728170395
0.0016213895287364721
0.0016149744624271989
0.0016097164480015635
0.0016045935917645693
0.0015991042600944638
0.001600324409082532
0.0016060277121141553
0.0015945408958941698
0.0015917039709165692
0.0015875594690442085
0.0015806283336132765
0.0015810265904292464
0.0015686984406784177
0.0015643866499885917
0.0015616310993209481
0.0015549443196505308
0.0015527040231972933
0.0015475006075575948
0.001544587081298232
0.0015383069403469563
0.0015335931675508618
0.0015308891888707876
0.0015258227940648794
0.0015246293041855097
0.0015188866527751088
0.0015158243477344513
0.0015114006819203496
0.001510720350779593
0.0015111801913008094
0.0015133244451135397
0.0015081240562722087
0.0015104529447853565
0.0014997489051893353
0.001487554400227964
0.0014837239868938923
0.0014771362766623497
0.0014725044602528214
0.0014683253830298781
0.0014644056791439652
0.0014597114641219378
0.0014562186552211642
0.0014606296317651868
0.0014511165209114552
0.001443888177163899
0.0014407397247850895
0.0014354983577504754
0.0014313514111563563
0.0014295144937932491
0.0014278170419856906
0.0014220199082046747
0.0014175943797454238
0.0014137063408270478
0.0014132416108623147
0.0014084575232118368
0.001400698791258037
0.0013973275199532509
0.001393041922710836
0.0013886740198358893
0.001384809031151235
0.0013815558049827814
0.001378180691972375
0.0013739558635279536
0.0013689053012058139
0.0013702885480597615
0.0014009381411597133
0.0013912735739722848
0.0013774823164567351
0.0013685956364497542
0.0013614812633022666
0.0013537290506064892
0.0013546048430725932
0.0013486426323652267
0.0013454827712848783
0.0013396462891250849
0.001349749742075801
0.0013448375975713134
0.0013422201154753566
0.0013377068098634481
0.0013348266948014498
0.0013309988426044583
0.001329671940766275
0.0013245103182271123
0.0013229736359789968
0.0013204674469307065
0.0013172668404877186
0.001315405359491706
0.0013146958081051707
0.0013120524818077683
0.0013091617729514837
0.00131028494797647
0.0013043490471318364
0.0013015891890972853
0.0013005072250962257
0.0012980751926079392
0.001313749118708074
0.0013085179962217808
0.0013184738345444202
0.0013125564437359571
0.0012968122027814388
0.0012889429926872253
0.0012849194463342428
0.001280869939364493
0.0012791957706212997
0.001276463153772056
0.0012730713933706284
0.0012785493163391948
0.0012760628014802933
0.0012703326065093279
0.0012678541243076324
0.0012651298893615603
0.0012624402297660708
0.001259152777493
0.0012571974657475948
0.0012562491465359926
0.0012544661294668913
0.0012526767095550895
0.001250731060281396
0.001246594125404954
0.0012442641891539097
0.001241115853190422
0.0012393360957503319
0.0012392037315294147
0.0012412145733833313
0.0012494539842009544
0.0012428858317434788
0.001235093455761671
0.0012298425426706672
0.001225219457410276
0.0012240012874826789
0.0012195524759590626
0.001219027559272945
0.001213863375596702
0.0012161958729848266
0.001211708877235651
0.0012079888256266713
0.0012065403861925006
0.0012049644719809294
0.0012010035570710897
0.0011987040052190423
0.0011978114489465952
0.001194099779240787
0.0011919914977625012
0.0011905807768926024
0.0011893719201907516
0.0011840751394629478
0.0011891918256878853
0.0011879735393449664
0.001182536012493074
0.0011790771968662739
0.0011748071992769837
