0.5484750270843506
0.4760032594203949
0.4410743713378906
0.41723641753196716
0.40056437253952026
0.3879512548446655
0.3754886984825134
0.3684157431125641
0.35890087485313416
0.35493579506874084
0.34673619270324707
0.3404041826725006
0.3344564139842987
0.32854899764060974
0.3257276713848114
0.32196933031082153
0.31613266468048096
0.31108084321022034
0.30872842669487
0.311697393655777
0.3136407136917114
0.3055722117424011
0.2989771366119385
0.2983250021934509
0.2941857874393463
0.29361146688461304
0.2890453338623047
0.28502020239830017
0.2848593592643738
0.28186628222465515
0.28270187973976135
0.279672235250473
0.27450817823410034
0.2734728157520294
0.2788271903991699
0.2702939212322235
0.26640740036964417
0.26389873027801514
0.26336631178855896
0.2613165080547333
0.25812971591949463
0.26167014241218567
0.256193071603775
0.2540407180786133
0.2512454092502594
0.25470057129859924
0.25297999382019043
0.24800482392311096
0.24420014023780823
0.24180826544761658
0.24026145040988922
0.23765680193901062
0.24074910581111908
0.24067983031272888
0.23424258828163147
0.23063383996486664
0.22826705873012543
0.2274813950061798
0.22739902138710022
0.22391889989376068
0.22464820742607117
0.2295941710472107
0.22024224698543549
0.21863846480846405
0.21368323266506195
0.21213088929653168
0.2101396769285202
0.20785211026668549
0.2060154527425766
0.20366880297660828
0.20392881333827972
0.20217177271842957
0.20026366412639618
0.20033854246139526
0.1995500922203064
0.19657965004444122
0.1937829852104187
0.19274424016475677
0.1905149221420288
0.18849602341651917
0.1898372769355774
0.1994103640317917
0.19516463577747345
0.19117288291454315
0.1841249316930771
0.18178866803646088
0.18158403038978577
0.17896759510040283
0.18682388961315155
0.1922644078731537
0.18524235486984253
0.17597751319408417
0.1739048957824707
0.17229844629764557
0.17067208886146545
0.16686385869979858
0.16431891918182373
0.16254407167434692
0.16081926226615906
0.16000235080718994
0.15954254567623138
0.1701735556125641
0.18184956908226013
0.16381590068340302
0.1614120900630951
0.15998296439647675
0.1575154811143875
0.15765246748924255
0.15378990769386292
0.15002299845218658
0.1458054482936859
0.14434528350830078
0.1417153924703598
0.14001575112342834
0.13833767175674438
0.13798563182353973
0.13804996013641357
0.13515152037143707
0.14402738213539124
0.153938889503479
0.14728248119354248
0.13795633614063263
0.1326061338186264
0.1356060951948166
0.13512106239795685
0.13119761645793915
0.12787073850631714
0.12504269182682037
0.124636709690094
0.12417250871658325
0.12575691938400269
0.12779830396175385
0.12307475507259369
0.1213827058672905
0.12104257941246033
0.12020295113325119
0.11914114654064178
0.11862406879663467
0.11962632834911346
0.11795571446418762
0.11728942394256592
0.11640390753746033
0.11578155308961868
0.11459604650735855
0.11400218307971954
0.11595654487609863
0.11917582154273987
0.11492683738470078
0.11241117864847183
0.1114969551563263
0.11031369864940643
0.11296647042036057
0.11206003278493881
0.11198394745588303
0.11009012907743454
0.109193816781044
0.10828481614589691
0.1081957221031189
0.10711333900690079
0.10661207884550095
0.10673665255308151
0.10788044333457947
0.10660648345947266
0.10528644919395447
0.10415177792310715
0.10342377424240112
0.10220077633857727
0.1033065989613533
0.10297871381044388
0.10207889974117279
0.10027547180652618
0.09978008270263672
0.09972924739122391
0.09851030260324478
0.09852591156959534
0.09798391908407211
0.09718019515275955
0.0981796607375145
0.10314801335334778
0.1031481996178627
0.09763959795236588
0.09646283090114594
0.09562897682189941
0.09494674205780029
0.09477830678224564
0.09402206540107727
0.09814492613077164
0.09781098365783691
0.09254318475723267
0.0928097814321518
0.09106577187776566
0.09161566197872162
0.091401606798172
0.08934477716684341
0.08893038332462311
0.08831934630870819
0.09229610115289688
0.09585641324520111
0.08981433510780334
0.09070082008838654
0.0905635729432106
0.0887051373720169
0.08783326297998428
0.085654616355896
0.08456388115882874
0.083740234375
0.0831541046500206
0.08242010325193405
0.08192388713359833
0.08209703117609024
0.08129087835550308
0.08097084611654282
0.08238717913627625
0.08147064596414566
0.07980122417211533
0.07908550649881363
0.07834993302822113
0.07807924598455429
0.07770028710365295
0.07694043219089508
0.07642357051372528
0.0759974867105484
0.07712975144386292
0.07773172110319138
0.0765087828040123
0.07506867498159409
0.0743330791592598
0.07367578148841858
0.07337567210197449
0.07320133596658707
0.07331574708223343
0.0726194977760315
0.07283139228820801
0.07332251220941544
0.07222775369882584
0.07210134714841843
0.0717260092496872
0.07132838666439056
0.07109874486923218
0.07091154903173447
0.07073559612035751
0.07038901746273041
0.07024328410625458
0.06993773579597473
0.06965235620737076
0.06943127512931824
0.06923142820596695
0.0706259235739708
0.07160710543394089
0.06920651346445084
0.0692499577999115
0.06892640143632889
0.06879371404647827
0.06845241039991379
0.06819625198841095
0.0677441731095314
0.06746935844421387
0.06709615886211395
0.0667371153831482
0.06665375083684921
0.06731556355953217
0.06710264831781387
0.06685355305671692
0.0659588947892189
0.06562454253435135
0.06544798612594604
0.06529077887535095
0.06499623507261276
0.06494218111038208
0.06460548937320709
0.06435339897871017
0.06404335051774979
0.06383365392684937
0.06367925554513931
0.06351231783628464
0.06334569305181503
0.06430681049823761
0.06465916335582733
0.06384501606225967
0.06339535117149353
0.06289757788181305
0.06382356584072113
0.06355658173561096
0.06252418458461761
0.06215164437890053
0.06199275329709053
0.061435818672180176
0.06117726117372513
0.06089329347014427
0.061486031860113144
0.0608079731464386
0.06056554615497589
0.060273103415966034
0.05996069684624672
0.05971740931272507
0.05949139967560768
0.06047925725579262
0.060065802186727524
0.05955277383327484
0.059120289981365204
0.05899234861135483
0.05923693627119064
0.05869349092245102
0.06030817702412605
0.061370600014925
0.05929600074887276
0.05846298113465309
0.05779687687754631
0.0577816404402256
0.05710796266794205
0.05810212343931198
0.05817166715860367
0.05687544867396355
0.056756291538476944
0.056594107300043106
0.056324366480112076
0.05596168711781502
0.05574299395084381
0.05543488264083862
0.055131394416093826
0.05499279499053955
0.0546879917383194
0.05448298156261444
0.05633765831589699
0.0577378123998642
0.05565936118364334
0.05493216961622238
0.05474201217293739
0.05497858300805092
0.05512965843081474
0.05529430881142616
0.0545494519174099
0.05382854491472244
0.05373286455869675
0.053495727479457855
0.0534781739115715
0.05315423384308815
0.05314188078045845
0.05302203446626663
0.052962686866521835
0.052784763276576996
0.052611079066991806
0.05244981124997139
0.05241408944129944
0.052286408841609955
0.052128858864307404
0.05207989364862442
0.05207638815045357
0.05236825346946716
0.05272584781050682
0.052348870784044266
0.05208620801568031
0.051709678024053574
0.05153621360659599
0.05143773928284645
0.05135197564959526
0.051497891545295715
0.05131817236542702
0.05141088739037514
0.051226500421762466
0.05106155946850777
0.050859883427619934
0.05074821412563324
0.05059127137064934
0.050504833459854126
0.05041267350316048
0.05025806650519371
0.050193775445222855
0.05009903013706207
0.04995431751012802
0.04993884265422821
0.049973014742136
0.04975690320134163
0.04962737113237381
0.049691662192344666
0.04956316202878952
0.05000170320272446
0.05037754029035568
0.049651097506284714
0.04953216388821602
0.04939147084951401
0.04929119348526001
0.049527693539857864
0.04946944862604141
0.04924941435456276
0.048816271126270294
0.04889494925737381
0.04909224808216095
0.048999663442373276
0.049385473132133484
0.0492481030523777
0.04863609001040459
0.048282522708177567
0.048100173473358154
0.04803160950541496
0.04780302941799164
0.0476980060338974
0.04759763926267624
0.04768499359488487
0.04748409986495972
0.04746496304869652
0.0473516471683979
0.04738868400454521
0.047776319086551666
0.04775083065032959
0.04742968827486038
0.04713200032711029
0.04689312353730202
0.0467153899371624
0.046613313257694244
0.04647001251578331
0.04637027531862259
0.046242889016866684
0.046143438667058945
0.0461440347135067
0.04596652090549469
0.046068981289863586
0.04587199166417122
0.04611687734723091
0.045808084309101105
0.045646216720342636
0.045559417456388474
0.04542102292180061
0.0452912375330925
0.04540586844086647
0.04525284096598625
0.045155517756938934
0.04498446360230446
0.044843435287475586
0.04484999552369118
0.045003004372119904
0.04492877051234245
0.04482361674308777
0.044717978686094284
0.04466063156723976
0.04459312558174133
0.04454011842608452
0.0444820411503315
0.044476620852947235
0.044506367295980453
0.04446389526128769
0.04439416527748108
0.044336121529340744
0.04426433518528938
0.04422460496425629
0.04433995485305786
0.04449149966239929
0.044343002140522
0.04418318346142769
0.04413831979036331
0.04404718801379204
0.0441177599132061
0.043892692774534225
0.04383673146367073
0.043830789625644684
0.04380875825881958
0.04376800358295441
0.043700505048036575
0.04364035278558731
0.04358360916376114
0.04351445659995079
0.04348281770944595
0.04342387616634369
0.043581120669841766
0.04365134984254837
0.04357054829597473
0.043608408421278
0.04364525154232979
0.043593596667051315
0.04341510683298111
0.04325168952345848
0.04319502040743828
0.04313554987311363
0.04313034936785698
0.04301627725362778
0.04296194389462471
0.042943816632032394
0.042855776846408844
0.042835887521505356
0.04279371351003647
0.04268115758895874
0.04265885800123215
0.042827289551496506
0.0428561195731163
0.04277660697698593
0.04261681064963341
0.04241820052266121
0.04243255406618118
0.04242895916104317
0.042362235486507416
0.04232032969594002
0.04225153475999832
0.042190562933683395
0.04214289039373398
0.04213900491595268
0.04209643602371216
0.04226725548505783
0.04220493882894516
0.04213697835803032
0.04196973145008087
0.041896890848875046
0.041848551481962204
0.04186605289578438
0.04174067825078964
0.041679080575704575
0.04167615994811058
0.041580475866794586
0.041535548865795135
0.04148465767502785
0.04144373908638954
0.04139816015958786
0.04136769473552704
0.041360750794410706
0.04123813286423683
0.04140402749180794
0.04145096614956856
0.04149850085377693
0.04141692444682121
0.041273802518844604
0.041167691349983215
0.04110383242368698
0.04102540388703346
0.040978942066431046
0.0409112274646759
0.04083987697958946
0.04081026092171669
0.04076741263270378
0.04071051627397537
0.04066990688443184
0.04066263884305954
0.04070413112640381
0.040774378925561905
0.0407182052731514
0.04073767736554146
0.04070791229605675
0.040614157915115356
0.04059692472219467
0.04055466875433922
0.040518395602703094
0.04048004001379013
0.04047146439552307
0.04046231135725975
0.04043760523200035
0.04041527584195137
0.04038729891180992
0.040353260934352875
0.04032061621546745
0.040295254439115524
0.04035007581114769
0.04049401357769966
0.04051831364631653
0.040447432547807693
0.04035566374659538
0.04028511792421341
0.040225595235824585
0.040180519223213196
0.040148697793483734
0.04031038284301758
0.04064444452524185
0.040591441094875336
0.04045066237449646
0.040322352200746536
0.04025585204362869
0.0401260107755661
0.040100373327732086
0.04004734382033348
0.0400099940598011
0.039977796375751495
0.03995070978999138
0.03990916162729263
0.039904676377773285
0.039855290204286575
0.0398310124874115
0.039809294044971466
0.039776548743247986
0.03975442796945572
0.03973492607474327
0.039719633758068085
0.039685752242803574
0.03971906006336212
0.03967375308275223
0.03966682404279709
0.039618875831365585
0.039601437747478485
0.039573948830366135
0.039555128663778305
0.03953596204519272
0.03950762003660202
0.03950085863471031
0.039514586329460144
0.03949835151433945
0.03946930170059204
0.03943393751978874
0.03945937007665634
0.03943578526377678
0.03935842588543892
0.03941000998020172
0.039389438927173615
0.03938450664281845
0.0393805205821991
0.039346229285001755
0.039298489689826965
0.039256878197193146
0.03922407329082489
0.03918251767754555
0.039224833250045776
