0.7808935642242432
0.6320297122001648
0.568210780620575
0.5154839158058167
0.47785821557044983
0.44704297184944153
0.4222900867462158
0.40380945801734924
0.38399800658226013
0.37057313323020935
0.3575703203678131
0.3452465236186981
0.3370002210140228
0.32665926218032837
0.32017216086387634
0.31447750329971313
0.3091471195220947
0.30332282185554504
0.3019714653491974
0.30111241340637207
0.2972913980484009
0.29056304693222046
0.28924086689949036
0.288727730512619
0.28841468691825867
0.28503942489624023
0.2766607999801636
0.2743001878261566
0.2703914940357208
0.26833656430244446
0.26407936215400696
0.26067885756492615
0.2651083767414093
0.2630078196525574
0.2573309540748596
0.2506101727485657
0.24595209956169128
0.2430993914604187
0.24006445705890656
0.2369365692138672
0.23459956049919128
0.2317277193069458
0.2342529296875
0.2326056957244873
0.2295246571302414
0.22720517218112946
0.22327102720737457
0.2219238579273224
0.2425517439842224
0.23463891446590424
0.23605354130268097
0.2228846549987793
0.2163364291191101
0.2118692845106125
0.20887184143066406
0.20531655848026276
0.21201367676258087
0.20318520069122314
0.2009674459695816
0.19706031680107117
0.19377197325229645
0.19201739132404327
0.19168226420879364
0.19060088694095612
0.18623554706573486
0.18478991091251373
0.181949645280838
0.17834852635860443
0.17814497649669647
0.17429891228675842
0.1708231121301651
0.1794690042734146
0.17403708398342133
0.1713806390762329
0.17046360671520233
0.16719335317611694
0.164267435669899
0.1598203182220459
0.15704669058322906
0.1544501930475235
0.15267027914524078
0.1541670709848404
0.1549897938966751
0.15201765298843384
0.14703881740570068
0.1470634639263153
0.14154140651226044
0.1384565830230713
0.1414347141981125
0.13921572268009186
0.13454663753509521
0.13328637182712555
0.1315796673297882
0.13850170373916626
0.13276918232440948
0.12775607407093048
0.1229044497013092
0.12111365795135498
0.11756433546543121
0.12656211853027344
0.12269949913024902
0.1146550178527832
0.11101125925779343
0.11535967886447906
0.1099761500954628
0.10793831944465637
0.10317306220531464
0.10189495235681534
0.10201690346002579
0.09778129309415817
0.11544513702392578
0.11458178609609604
0.10113590955734253
0.09434480220079422
0.09215053915977478
0.08933590352535248
0.08787904679775238
0.09398671984672546
0.09085015207529068
0.0856122076511383
0.08680154383182526
0.08316177874803543
0.08089067786931992
0.0800100639462471
0.07814114540815353
0.07461606711149216
0.07247708737850189
0.07038132101297379
0.07584916055202484
0.07136184722185135
0.06808706372976303
0.06448960304260254
0.09147780388593674
0.08000611513853073
0.0767207071185112
0.08631612360477448
0.10524092614650726
0.08842908591032028
0.06798119097948074
0.06387244164943695
0.0605766661465168
0.05815650522708893
0.06160230562090874
0.061140161007642746
0.05515256151556969
0.053233060985803604
0.05471908673644066
0.05433187633752823
0.05105968192219734
0.052022334188222885
0.04933883249759674
0.05327991396188736
0.05043947324156761
0.04889240115880966
0.047320783138275146
0.04655204713344574
0.04608309268951416
0.04558981582522392
0.04472895339131355
0.044491950422525406
0.0451844222843647
0.04427305981516838
0.04537859186530113
0.045422885566949844
0.044496938586235046
0.04294601455330849
0.04245127737522125
0.04370468482375145
0.04573233053088188
0.04306510463356972
0.041037436574697495
0.04018983989953995
0.04004562646150589
0.03914329409599304
0.039742205291986465
0.04036404564976692
0.041395653039216995
0.03869585692882538
0.03826703876256943
0.046916499733924866
0.04500960186123848
0.04064434394240379
0.03789222985506058
0.03612407669425011
0.03752676397562027
0.035268496721982956
0.04184041544795036
0.039234235882759094
0.03640231490135193
0.036302726715803146
0.033934254199266434
0.0335657075047493
0.03210464492440224
0.0317905955016613
0.0334562323987484
0.0335860550403595
0.03570651635527611
0.03342212364077568
0.03171170502901077
0.031625814735889435
0.03022889979183674
0.030944043770432472
0.030679387971758842
0.02934732846915722
0.028103288263082504
0.0279069971293211
0.027255134657025337
0.027223318815231323
0.02983723394572735
0.027750704437494278
0.026961440220475197
0.02567700669169426
0.026530928909778595
0.025701401755213737
0.024938499554991722
0.02613089606165886
0.02541307359933853
0.024214599281549454
0.02389300987124443
0.023186100646853447
0.02331412397325039
0.02284601330757141
0.022234344854950905
0.021731359884142876
0.021533925086259842
0.021744320169091225
0.021356822922825813
0.02077416330575943
0.02057928964495659
0.020274188369512558
0.020214064046740532
0.019622666761279106
0.019578246399760246
0.019287575036287308
0.01998431794345379
0.019094480201601982
0.018644487485289574
0.01828199066221714
0.01788347400724888
0.01770307868719101
0.019334137439727783
0.019619552418589592
0.01770009845495224
0.01698414422571659
0.01674538291990757
0.01653473824262619
0.01637902855873108
0.016187945380806923
0.01603339985013008
0.016010280698537827
0.015954526141285896
0.01575159654021263
0.01564268209040165
0.015872834250330925
0.015737269073724747
0.015748100355267525
0.015427759848535061
0.01724095456302166
0.017229773104190826
0.015553769655525684
0.015163007192313671
0.014788820408284664
0.014543531462550163
0.014382504858076572
0.014268781989812851
0.01419992558658123
0.014017239212989807
0.014038032852113247
0.013826337642967701
0.013827905990183353
0.014084643684327602
0.014197644777595997
0.01393628679215908
0.013943906873464584
0.013402417302131653
0.013256569392979145
0.013092405162751675
0.01298554614186287
0.012913408689200878
0.01319666113704443
0.013445430435240269
0.013131762854754925
0.012728593312203884
0.012616610154509544
0.012440687045454979
0.012265808880329132
0.012214849703013897
0.012455706484615803
0.012441853992640972
0.012204267084598541
0.011999703012406826
0.013139922171831131
0.013485878705978394
0.012623152695596218
0.012443698942661285
0.012229894287884235
0.011731760576367378
0.01165764033794403
0.01138213463127613
0.011290915310382843
0.011133985593914986
0.011087262071669102
0.01131973322480917
0.011074330657720566
0.010898097418248653
0.010736962780356407
0.01066930778324604
0.010619238950312138
0.010508755221962929
0.010410496965050697
0.010591339319944382
0.010502081364393234
0.010327369906008244
0.010169768705964088
0.010086926631629467
0.010196086019277573
0.009901423007249832
0.009844970889389515
0.009750046767294407
0.009802361950278282
0.010145962238311768
0.010526622645556927
0.00994244497269392
0.009937118738889694
0.00984547846019268
0.009858516976237297
0.009511520154774189
0.009292039088904858
0.009419609792530537
0.009319729171693325
0.009078999049961567
0.008890550583600998
0.008813079446554184
0.008713467977941036
0.008591807447373867
0.008575478568673134
0.00855433288961649
0.008493838831782341
0.008394771255552769
0.00837209727615118
0.008312985301017761
0.008204538375139236
0.008194094523787498
0.008112814277410507
0.008013289421796799
0.00822944100946188
0.008444666862487793
0.00816422700881958
0.008870975114405155
0.008525864221155643
0.008658758364617825
0.009334605187177658
0.008720481768250465
0.00837178248912096
0.008092609234154224
0.008199856616556644
0.008121676743030548
0.00792101863771677
0.007831062190234661
0.007768049370497465
0.007686145603656769
0.007661547511816025
0.007693991996347904
0.0076637291349470615
0.007520949002355337
0.007509097922593355
0.007473471108824015
0.007423220202326775
0.00739221042022109
0.007351122796535492
0.007357166614383459
0.00729861157014966
0.0072538540698587894
0.007239663507789373
0.007214156445115805
0.007165917195379734
0.00712457112967968
0.007326143328100443
0.007416155654937029
0.007375078275799751
0.007326064631342888
0.00719214603304863
0.00710447458550334
0.007058846764266491
0.00716104032471776
0.007103270851075649
0.007720224559307098
0.008314323611557484
0.007579419296234846
0.007333503104746342
0.007891344837844372
0.007539771497249603
0.0073037599213421345
0.007042958401143551
0.006984192878007889
0.006864177994430065
0.006834756582975388
0.0067770532332360744
0.0066885086707770824
0.006665768101811409
0.0066065602004528046
0.00656634708866477
0.00655460124835372
0.006499042268842459
0.006470253691077232
0.006650896277278662
0.0069602858275175095
0.006658218335360289
0.006560077425092459
0.006447140127420425
0.0063812448643147945
0.006320134270936251
0.006407876033335924
0.006332872901111841
0.006300098262727261
0.00618602754548192
0.006159991957247257
0.006318538915365934
0.006482156924903393
0.006317178253084421
0.006220128387212753
0.006134980358183384
0.00607267813757062
0.006022246554493904
0.0060079400427639484
0.006077802274376154
0.005999925546348095
0.005943764932453632
0.005870908498764038
0.005836136173456907
0.005811913404613733
0.005765286274254322
0.0057389140129089355
0.0057037826627492905
0.005716810934245586
0.005691769532859325
0.005718150641769171
0.005758489947766066
0.0057001919485628605
0.00565605703741312
0.005610878579318523
0.005576120689511299
0.00553408358246088
0.0055075460113584995
0.005479274317622185
0.005481570493429899
0.005452681798487902
0.005446519702672958
0.005431997124105692
0.005433124955743551
0.0054125236347317696
0.00539745856076479
0.005379795096814632
0.00542120635509491
0.005433918908238411
0.005439060740172863
0.005397804081439972
0.0053834980353713036
0.005364903248846531
0.005346433259546757
0.005330543965101242
0.00530646089464426
0.0052984026260674
0.005271517671644688
0.005260120145976543
0.005247976165264845
0.005227121524512768
0.00522244768217206
0.0052411179058253765
0.005212759133428335
0.005194301716983318
0.005178169347345829
0.005165182985365391
0.005155112128704786
0.00513778580352664
0.00512964790686965
0.005128201097249985
0.0051225838251411915
0.005099383182823658
0.005081559997051954
0.005070099141448736
0.005061441566795111
0.005056638736277819
0.005043329671025276
0.005077074281871319
0.005050906911492348
0.005040387157350779
0.005035097245126963
0.005008499138057232
0.004998417571187019
0.004973869305104017
0.004957407247275114
0.0049592568539083
0.004932015668600798
0.004933665972203016
0.0049151647835969925
0.004898943472653627
0.004885416943579912
0.004878583364188671
0.004862859379500151
0.004858666565269232
0.00483669713139534
0.00484834611415863
0.004945458844304085
0.004954527597874403
0.004916691686958075
0.004847604315727949
0.004811800550669432
0.004787949379533529
0.004766263533383608
0.004755071364343166
0.004737283568829298
0.004726977553218603
0.004738562274724245
0.004858570173382759
0.00489974208176136
0.004874719772487879
0.004809898789972067
0.004732171539217234
0.004694476258009672
0.004664432257413864
0.004633200820535421
0.00461875693872571
0.004609948955476284
0.00459729740396142
0.0046376134268939495
0.004617133177816868
0.004608594812452793
0.004578608088195324
0.004563100170344114
0.004538454115390778
0.004540922120213509
0.0045153433457016945
0.004587751347571611
0.004652147181332111
0.004597068764269352
0.0045181033201515675
0.004474274348467588
0.004470414016395807
0.004442283418029547
0.004459381569176912
0.0044283876195549965
0.004407476168125868
0.004390924237668514
0.004383247345685959
0.004385524429380894
0.004371556919068098
0.004365090746432543
0.004362400155514479
0.004352193791419268
0.004352489020675421
0.0043468717485666275
0.004335710778832436
0.00433756597340107
0.004344283137470484
0.004335504490882158
0.004345491528511047
0.004337232559919357
0.0043264334090054035
0.004317798651754856
0.004303707275539637
0.004297409672290087
0.0042863585986196995
0.004283434711396694
0.004277003463357687
0.004276338964700699
0.004269689787179232
0.004264112561941147
0.004252330865710974
0.004249604418873787
0.004246557597070932
0.004240579903125763
0.004246487282216549
0.004230610094964504
0.004222307354211807
0.004214754328131676
0.004207395017147064
0.004202399868518114
0.004246594849973917
0.0042410497553646564
0.004228275269269943
0.00421329727396369
0.004199055954813957
0.0041848476976156235
0.0041718510910868645
0.00416388176381588
0.00416899286210537
0.0041907792910933495
0.004179074428975582
0.0041590104810893536
0.004140783101320267
0.004135375842452049
0.004127224441617727
0.004129129461944103
0.004112830385565758
0.004124019294977188
0.0041890074498951435
0.004173384513705969
0.004139576572924852
0.004125602077692747
0.004102038685232401
