0.6057631969451904
0.5153067708015442
0.46298083662986755
0.42417970299720764
0.39824122190475464
0.3793884813785553
0.36709660291671753
0.3579190969467163
0.35039693117141724
0.3453538715839386
0.34147289395332336
0.3337973654270172
0.32804402709007263
0.3234862685203552
0.3258742690086365
0.32515284419059753
0.3152027428150177
0.31141984462738037
0.3075180649757385
0.30266106128692627
0.30110427737236023
0.2975281774997711
0.29367923736572266
0.2900678813457489
0.2875523865222931
0.2839403450489044
0.2816360592842102
0.27952536940574646
0.2769116163253784
0.27534937858581543
0.27318108081817627
0.2702603340148926
0.26856082677841187
0.2674965262413025
0.2640450596809387
0.26657408475875854
0.261714905500412
0.2575724124908447
0.25430139899253845
0.24978698790073395
0.24784520268440247
0.24621914327144623
0.24275103211402893
0.23947352170944214
0.23601680994033813
0.23525646328926086
0.23056797683238983
0.22908475995063782
0.2253047227859497
0.22237980365753174
0.22123102843761444
0.2190753072500229
0.21970543265342712
0.21556194126605988
0.2124718576669693
0.214020773768425
0.21298837661743164
0.20751261711120605
0.20494048297405243
0.20113465189933777
0.1989242285490036
0.19730287790298462
0.19934654235839844
0.19627945125102997
0.19246740639209747
0.1906314194202423
0.19702354073524475
0.19654786586761475
0.19449543952941895
0.19750462472438812
0.1931210160255432
0.18837036192417145
0.1808224320411682
0.1783778816461563
0.18554748594760895
0.1855759620666504
0.17880772054195404
0.17419694364070892
0.17267350852489471
0.17054760456085205
0.17038166522979736
0.16583684086799622
0.16286922991275787
0.16187550127506256
0.1617569625377655
0.15852117538452148
0.15608596801757812
0.15346689522266388
0.1515108346939087
0.15358704328536987
0.15476678311824799
0.14920103549957275
0.14668358862400055
0.14594459533691406
0.14510753750801086
0.1451180875301361
0.1443261355161667
0.14111529290676117
0.13856983184814453
0.1384829729795456
0.13658826053142548
0.13521027565002441
0.13610607385635376
0.13676373660564423
0.13389630615711212
0.13146118819713593
0.13463200628757477
0.13259655237197876
0.1290472000837326
0.13310417532920837
0.1246698796749115
0.12543697655200958
0.12465111911296844
0.12114725261926651
0.12055276334285736
0.11890595406293869
0.12134051322937012
0.11678113043308258
0.11445266008377075
0.1121361255645752
0.1105770692229271
0.10798329859972
0.12054087966680527
0.11150506138801575
0.10947633534669876
0.11604489386081696
0.11701522022485733
0.10696160048246384
0.10533946752548218
0.10183903574943542
0.09938381612300873
0.098068967461586
0.09704761207103729
0.09595860540866852
0.0955313965678215
0.09479480236768723
0.09435127675533295
0.09337303787469864
0.09278874844312668
0.09235887229442596
0.09136933833360672
0.09082014858722687
0.09013620018959045
0.08971938490867615
0.08906957507133484
0.08894355595111847
0.08794369548559189
0.08728037774562836
0.08826328814029694
0.08854990452528
0.08640772104263306
0.08529852330684662
0.08594056963920593
0.08538731932640076
0.08428698033094406
0.08341768383979797
0.08256679773330688
0.08196592330932617
0.08116752654314041
0.08073508739471436
0.08772297203540802
0.09173952043056488
0.08579200506210327
0.08118732273578644
0.07961377501487732
0.07883188128471375
0.07852442562580109
0.0777164027094841
0.0768234059214592
0.07609941065311432
0.0768677145242691
0.07785232365131378
0.07607210427522659
0.07466930896043777
0.07384366542100906
0.07319631427526474
0.07329877465963364
0.07330067455768585
0.07644283771514893
0.08141651004552841
0.08501169085502625
0.07843097299337387
0.07937074452638626
0.07398737967014313
0.0719267800450325
0.07049804925918579
0.06942324340343475
0.06855554133653641
0.06881246715784073
0.0697995275259018
0.07033337652683258
0.07081165909767151
0.06855307519435883
0.06812465190887451
0.06714311242103577
0.066193126142025
0.06535830348730087
0.06806346774101257
0.06904449313879013
0.06506367772817612
0.06421395391225815
0.07078173011541367
0.07176162302494049
0.0668301209807396
0.06613485515117645
0.06368543207645416
0.06350787729024887
0.06140793114900589
0.06006038188934326
0.05992274358868599
0.058853261172771454
0.060791246592998505
0.05990682542324066
0.05943108722567558
0.06331315636634827
0.059432514011859894
0.05808660760521889
0.05680833384394646
0.05632780119776726
0.05551799386739731
0.05512857437133789
0.05543777719140053
0.055604275315999985
0.05463492497801781
0.05406752973794937
0.05358194559812546
0.0528540201485157
0.05251287296414375
0.05427355319261551
0.05362623557448387
0.05442312732338905
0.053082991391420364
0.05238906294107437
0.052193693816661835
0.054450057446956635
0.05243855342268944
0.054548364132642746
0.05347537621855736
0.05152326822280884
0.05090172216296196
0.05033831298351288
0.050011612474918365
0.04986496642231941
0.04946710914373398
0.04922318831086159
0.049946971237659454
0.051230765879154205
0.05042833089828491
0.04981929436326027
0.04924521967768669
0.04907297343015671
0.04905853420495987
0.04922238737344742
0.04845385253429413
0.04888949543237686
0.04917849600315094
0.04832560569047928
0.04753830283880234
0.0473957322537899
0.047515224665403366
0.04738574102520943
0.046871963888406754
0.04682754725217819
0.048264842480421066
0.04782034084200859
0.046974629163742065
0.04646872356534004
0.04597225785255432
0.04561837390065193
0.0452444888651371
0.045025791972875595
0.04480005428195
0.044697415083646774
0.04473327472805977
0.04515189304947853
0.04465332254767418
0.04430430382490158
0.04402095079421997
0.04381056874990463
0.04366934299468994
0.04345766082406044
0.04327748715877533
0.04318583384156227
0.0430188812315464
0.04288119077682495
0.042706266045570374
0.04256057366728783
0.04246692731976509
0.04230260103940964
0.04254182055592537
0.04236116632819176
0.04211307689547539
0.0420752614736557
0.041830673813819885
0.04168914631009102
0.041672538965940475
0.04152809455990791
0.04122950881719589
0.04104117676615715
0.04085233435034752
0.04072610288858414
0.040542151778936386
0.040385276079177856
0.04028846323490143
0.040323108434677124
0.040687039494514465
0.040295518934726715
0.03977344557642937
0.03963450342416763
0.03963043540716171
0.039465758949518204
0.039283644407987595
0.039082106202840805
0.03915035352110863
0.03909626230597496
0.03875991702079773
0.03859930485486984
0.03885795176029205
0.04013536125421524
0.039457883685827255
0.03869441896677017
0.03836577758193016
0.03799907863140106
0.037713367491960526
0.03755487501621246
0.037723358720541
0.037613626569509506
0.0372241735458374
0.03718557208776474
0.03686108812689781
0.03667616844177246
0.03663817420601845
0.036577094346284866
0.03644420951604843
0.03635825216770172
0.03626739978790283
0.03619997575879097
0.03614765405654907
0.03602893278002739
0.03597275912761688
0.035920605063438416
0.03616173192858696
0.03648712486028671
0.03641051426529884
0.03609910234808922
0.035826414823532104
0.0356602668762207
0.035586077719926834
0.0356377474963665
0.035599347203969955
0.03569827228784561
0.0359475277364254
0.03573739528656006
0.035425085574388504
0.035496052354574203
0.03549794852733612
0.035410668700933456
0.03566897660493851
0.03569374606013298
0.035164982080459595
0.03480076417326927
0.03470173478126526
0.03458460792899132
0.03445997089147568
0.0346633717417717
0.03476783633232117
0.034627895802259445
0.034394681453704834
0.03422758728265762
0.03406834974884987
0.03397461026906967
0.03392355144023895
0.03382226824760437
0.03373970836400986
0.033673763275146484
0.03359006717801094
0.03351706638932228
0.03343898057937622
0.033351052552461624
0.033706504851579666
0.03386383131146431
0.034344784915447235
0.03471164032816887
0.03409939259290695
0.03370805084705353
0.03374619781970978
0.033570658415555954
0.03331426903605461
0.033174771815538406
0.03312207758426666
0.033027179539203644
0.03295910730957985
0.032817527651786804
0.033009953796863556
0.03273652866482735
0.03251541405916214
0.032395150512456894
0.032287780195474625
0.032205190509557724
0.032219212502241135
0.03221260383725166
0.03207050636410713
0.0319213792681694
0.031839266419410706
0.031811486929655075
0.03169255331158638
0.03161738067865372
0.03154629468917847
0.03160100430250168
0.031493548303842545
0.03138519451022148
0.03157353773713112
0.031442876905202866
0.03132428601384163
0.03136799484491348
0.03137369826436043
0.031233321875333786
0.031149478629231453
0.031072665005922318
0.031246110796928406
0.031105371192097664
0.03082849085330963
0.03110741265118122
0.031051719561219215
0.030901025980710983
0.03061176836490631
0.030461231246590614
0.030395807698369026
0.030238835141062737
0.03019486553966999
0.03009270504117012
0.03000240959227085
0.03000851534307003
0.02995523437857628
0.029942546039819717
0.029916249215602875
0.029863476753234863
0.02984977699816227
0.029818639159202576
0.02980482019484043
0.029757335782051086
0.029710978269577026
0.029655776917934418
0.029610425233840942
0.029576702043414116
0.029572827741503716
0.029494106769561768
0.029502389952540398
0.0295067448168993
0.029552455991506577
0.030047258362174034
0.029877252876758575
0.02965514175593853
0.029484475031495094
0.02936618961393833
0.029270067811012268
0.029212651774287224
0.029163580387830734
0.02915656939148903
0.02915685437619686
0.029087377712130547
0.02903788536787033
0.02901201695203781
0.029134094715118408
0.029385821893811226
0.02927621826529503
0.029157664626836777
0.02906462922692299
0.028957396745681763
0.02886916883289814
0.02880454808473587
0.028747856616973877
0.028746899217367172
0.028666650876402855
0.028633862733840942
0.028595903888344765
0.02859455719590187
0.028649041429162025
0.028601767495274544
0.028521446511149406
0.02846159040927887
0.02843058481812477
0.02842997945845127
0.028352104127407074
0.028319893404841423
0.028269732370972633
0.028254179283976555
0.028198007494211197
0.02815406210720539
0.02811480313539505
0.02810315415263176
0.028226913884282112
0.02819494716823101
0.028144655749201775
0.02801656909286976
0.02794182486832142
0.027857361361384392
0.027829958125948906
0.027781352400779724
0.027798039838671684
0.027820289134979248
0.027761239558458328
0.02773844636976719
0.027619551867246628
0.027591675519943237
0.027664093300700188
0.027674604207277298
0.027598582208156586
0.027491513639688492
0.027429120615124702
0.027367737144231796
0.027330489829182625
0.02727959305047989
0.02727271430194378
0.02720668539404869
0.027160735800862312
0.0272503849118948
0.027291692793369293
0.027210144326090813
0.027113789692521095
0.027036113664507866
0.026973076164722443
0.026932312175631523
0.02688891626894474
0.02684016525745392
0.026807066053152084
0.026834188029170036
0.026852918788790703
0.026831718161702156
0.02676996774971485
0.026715245097875595
0.026657570153474808
0.026630008593201637
0.026598509401082993
0.02657471038401127
0.026552315801382065
0.02654551900923252
0.026506515219807625
0.026480186730623245
0.026459334418177605
0.026439545676112175
0.02642219141125679
0.026410406455397606
0.026384953409433365
0.02637980878353119
0.026369847357273102
0.02637041173875332
0.02641262300312519
0.02638252265751362
0.026344237849116325
0.026297830045223236
0.026297450065612793
0.026289410889148712
0.026280706748366356
0.026283370330929756
0.026291966438293457
0.02632853202521801
0.02627011388540268
0.026236334815621376
0.02619999647140503
0.026158856227993965
0.026131844148039818
0.026095259934663773
0.026047248393297195
0.026144297793507576
0.026092758402228355
0.026076750829815865
0.02601305954158306
0.02598651684820652
0.025971446186304092
0.025952452793717384
0.02594074420630932
0.025904260575771332
0.025889761745929718
0.02587561123073101
0.025853747501969337
0.025814605876803398
0.025821153074502945
0.02581869438290596
0.025796400383114815
0.025782199576497078
0.025758109986782074
0.025737833231687546
0.02573641948401928
0.025712303817272186
0.02567984163761139
0.025653673335909843
0.025658423081040382
0.02564852125942707
0.025630639865994453
0.025604117661714554
0.025579486042261124
0.025553373619914055
0.02553798072040081
0.02551640383899212
0.025518497452139854
0.02552459016442299
0.025501292198896408
0.025466909632086754
0.025462323799729347
0.02543773502111435
