0.8633015155792236
0.6948010325431824
0.6091252565383911
0.5451933145523071
0.4978269636631012
0.46243318915367126
0.4342540204524994
0.41199371218681335
0.3938997983932495
0.38034194707870483
0.370452344417572
0.36418792605400085
0.35623422265052795
0.34703126549720764
0.341751366853714
0.3384592533111572
0.33569246530532837
0.329359769821167
0.3237144351005554
0.3202064335346222
0.32221895456314087
0.31636637449264526
0.3098914325237274
0.30599790811538696
0.3029775619506836
0.30086445808410645
0.2986898124217987
0.2948729395866394
0.2910158634185791
0.28756484389305115
0.28460922837257385
0.28209373354911804
0.27897748351097107
0.2772409915924072
0.27412527799606323
0.27493056654930115
0.27384817600250244
0.2745089530944824
0.2702596187591553
0.2658965587615967
0.2657192051410675
0.2620326280593872
0.2592463493347168
0.2562606930732727
0.2544234097003937
0.253322035074234
0.2508576214313507
0.2479969561100006
0.24629268050193787
0.2441650629043579
0.24358239769935608
0.2415672093629837
0.23955363035202026
0.23696181178092957
0.24002289772033691
0.24136413633823395
0.23428599536418915
0.23124970495700836
0.2287471890449524
0.22708678245544434
0.2255285084247589
0.22279654443264008
0.2212366908788681
0.21975372731685638
0.21800962090492249
0.21639135479927063
0.21482081711292267
0.2135770320892334
0.21415546536445618
0.21541671454906464
0.2125207781791687
0.2103649377822876
0.20753726363182068
0.20550696551799774
0.20358367264270782
0.20119816064834595
0.20006521046161652
0.20231376588344574
0.1970776468515396
0.19537098705768585
0.1937117576599121
0.19387054443359375
0.20380133390426636
0.20181550085544586
0.19313131272792816
0.18957790732383728
0.1876605600118637
0.18556420505046844
0.18367266654968262
0.18187199532985687
0.18030017614364624
0.1783621609210968
0.17712928354740143
0.17643530666828156
0.1739920824766159
0.17230390012264252
0.17704126238822937
0.175598606467247
0.17254652082920074
0.1690652221441269
0.172153502702713
0.1761379837989807
0.170557901263237
0.1689644306898117
0.16612324118614197
0.16408589482307434
0.16147246956825256
0.15914620459079742
0.15801824629306793
0.15634438395500183
0.15445241332054138
0.15375639498233795
0.1528417021036148
0.15397696197032928
0.15141476690769196
0.14982372522354126
0.14960573613643646
0.15402434766292572
0.15363150835037231
0.15948443114757538
0.15280082821846008
0.14852648973464966
0.14423994719982147
0.1426592469215393
0.14561788737773895
0.14065039157867432
0.13943959772586823
0.14384829998016357
0.13890774548053741
0.1353129744529724
0.13467270135879517
0.13207729160785675
0.13120079040527344
0.13086406886577606
0.1315077543258667
0.12951470911502838
0.12772174179553986
0.1258527934551239
0.12412004917860031
0.12424876540899277
0.13107489049434662
0.13114310801029205
0.12878336012363434
0.12507480382919312
0.12203259021043777
0.12166033685207367
0.12047604471445084
0.11909592151641846
0.11817532777786255
0.1173577830195427
0.11686574667692184
0.11627097427845001
0.11601679027080536
0.11515404284000397
0.11446987837553024
0.11453794687986374
0.11389327794313431
0.11302518099546432
0.11303281038999557
0.11277511715888977
0.11504369974136353
0.11690773069858551
0.11415643244981766
0.11144683510065079
0.11091150343418121
0.1099904477596283
0.10914082825183868
0.10884297639131546
0.10804609209299088
0.10731785744428635
0.10684387385845184
0.10620350390672684
0.10599028319120407
0.10511895269155502
0.10483197122812271
0.10420160740613937
0.10441851615905762
0.10425332188606262
0.1034579873085022
0.10458222031593323
0.10601083189249039
0.1043882668018341
0.1021454930305481
0.10135814547538757
0.10101266205310822
0.10061761736869812
0.1000896617770195
0.0995849147439003
0.0990893542766571
0.09917686879634857
0.09885530173778534
0.09802599251270294
0.10027719289064407
0.09899771958589554
0.09717512875795364
0.09597621113061905
0.09602917730808258
0.0951807051897049
0.0948808342218399
0.0941777303814888
0.09350302070379257
0.09323862940073013
0.09300967305898666
0.09269052743911743
0.09202446788549423
0.09160728752613068
0.09112710505723953
0.09057746827602386
0.09080957621335983
0.09219668805599213
0.09286820143461227
0.09115742892026901
0.09030214697122574
0.08939922600984573
0.08877823501825333
0.08843302726745605
0.08811962604522705
0.08785129338502884
0.08797893673181534
0.09043549001216888
0.08936189115047455
0.08848511427640915
0.08690556138753891
0.08549814671278
0.08490435034036636
0.08418077230453491
0.08370247483253479
0.08277560770511627
0.08485003560781479
0.08584810793399811
0.08416186273097992
0.08233550190925598
0.0815078541636467
0.08120393007993698
0.08076009154319763
0.0799267515540123
0.08072783797979355
0.0797790139913559
0.07858940213918686
0.07868189364671707
0.0795198380947113
0.07850030809640884
0.07793819159269333
0.07688908278942108
0.0762585774064064
0.07600844651460648
0.07584352046251297
0.0756429061293602
0.07536054402589798
0.07585195451974869
0.07640233635902405
0.07561900466680527
0.07545005530118942
0.07510433346033096
0.07483356446027756
0.0743749588727951
0.07415471225976944
0.07382547855377197
0.07342950254678726
0.07371889799833298
0.073448546230793
0.07307595759630203
0.07278936356306076
0.07244078069925308
0.07217783480882645
0.07206641137599945
0.07189470529556274
0.07188176363706589
0.07193100452423096
0.07216296344995499
0.07139132916927338
0.07099182158708572
0.07085085660219193
0.07055927813053131
0.07056238502264023
0.07021670043468475
0.07010453939437866
0.06992349028587341
0.06980407983064651
0.06959009915590286
0.0692896917462349
0.06915841996669769
0.06913283467292786
0.06890716403722763
0.06861934810876846
0.0683223083615303
0.06832171231508255
0.06818989664316177
0.06831453740596771
0.0681881532073021
0.06772324442863464
0.06792936474084854
0.0680370107293129
0.07134070247411728
0.06881492584943771
0.06787721812725067
0.06706207990646362
0.0666184201836586
0.06639497727155685
0.06604215502738953
0.06595178693532944
0.06647167354822159
0.06610655039548874
0.06568180024623871
0.06531231850385666
0.07056763768196106
0.0784774050116539
0.07275472581386566
0.0679972767829895
0.06686805188655853
0.06611539423465729
0.06544923782348633
0.06508883833885193
0.0650009885430336
0.06490141153335571
0.06429219990968704
0.06400839239358902
0.06397807598114014
0.06356484442949295
0.06297764927148819
0.06301748752593994
0.0627995952963829
0.062469881027936935
0.062474727630615234
0.06221609190106392
0.06197202578186989
0.06171337142586708
0.06151380017399788
0.0613802969455719
0.061854857951402664
0.06148639693856239
0.06220729649066925
0.0630941390991211
0.062045868486166
0.06191159039735794
0.06179802864789963
0.06119717285037041
0.06072365120053291
0.060385122895240784
0.06017395481467247
0.05977976322174072
0.05955933779478073
0.05933159589767456
0.0590362548828125
0.05883266031742096
0.05895717442035675
0.058810681104660034
0.05867329239845276
0.05855811759829521
0.05838921666145325
0.05829475820064545
0.05820440128445625
0.05816216021776199
0.05818527564406395
0.05805196613073349
0.05801946669816971
0.05795648694038391
0.057817671447992325
0.05763383209705353
0.05769504979252815
0.05744091421365738
0.057593367993831635
0.05761749669909477
0.05740438401699066
0.05723472684621811
0.057096149772405624
0.057017840445041656
0.058198291808366776
0.05847176909446716
0.057791903614997864
0.0570683516561985
0.05702937766909599
0.05696706101298332
0.05690755322575569
0.05669273063540459
0.05650019273161888
0.05641460046172142
0.05623713508248329
0.05609510466456413
0.05601958930492401
0.05588885769248009
0.05582376942038536
0.055684782564640045
0.05558934807777405
0.05554593726992607
0.05553103983402252
0.055624306201934814
0.05542650446295738
0.05531316250562668
0.05518736690282822
0.055069711059331894
0.05501508340239525
0.054919976741075516
0.05494898557662964
0.05504971742630005
0.055080633610486984
0.05532810837030411
0.054975058883428574
0.0549049898982048
0.05481381714344025
0.05465511232614517
0.05468612164258957
0.05457822233438492
0.05443369969725609
0.05423591658473015
0.05407029017806053
0.0544951856136322
0.05502193793654442
0.054659828543663025
0.05407490208745003
0.054035983979701996
0.05431711673736572
0.054092489182949066
0.05373605340719223
0.05337800085544586
0.05321534723043442
0.0531105138361454
0.053028304129838943
0.05297667533159256
0.05294196680188179
0.05280417948961258
0.05266767740249634
0.05255329608917236
0.05299882963299751
0.05373755097389221
0.05339917913079262
0.05292889475822449
0.05270184949040413
0.05238768458366394
0.05223194509744644
0.05225681886076927
0.05203438550233841
0.05195031315088272
0.05182071402668953
0.051809992641210556
0.051678501069545746
0.05157383903861046
0.05148898437619209
0.051449671387672424
0.051412321627140045
0.05122510343790054
0.05119262635707855
0.051117271184921265
0.050982117652893066
0.05093102902173996
0.05090474709868431
0.05087503045797348
0.05082622542977333
0.05078176036477089
0.05072223022580147
0.050739917904138565
0.05063924938440323
0.050717465579509735
0.050653327256441116
0.050895124673843384
0.050823528319597244
0.05073292925953865
0.05064166709780693
0.05055292695760727
0.05047718062996864
0.0504266731441021
0.05034731328487396
0.05033676698803902
0.050270646810531616
0.05030951648950577
0.05017303302884102
0.05014042928814888
0.0500742606818676
0.05009326711297035
0.05001669004559517
0.049971334636211395
0.049931373447179794
0.04987282305955887
0.04983123391866684
0.049878764897584915
0.04984919726848602
0.049797553569078445
0.05004948005080223
0.04990499094128609
0.04984424263238907
0.049729447811841965
0.04964197799563408
0.04961823672056198
0.04956470802426338
0.04954250529408455
0.04958608001470566
0.04953157901763916
0.04946863651275635
0.04945116862654686
0.04930303990840912
0.04928530007600784
0.049215324223041534
0.049154896289110184
0.04918186739087105
0.04906861484050751
0.04902859404683113
0.04897395148873329
0.04893404245376587
0.04891013354063034
0.04890690743923187
0.048818811774253845
0.04877495765686035
0.04877858608961105
0.048741862177848816
0.048673421144485474
0.048676393926143646
0.048776403069496155
0.048778705298900604
0.04872506484389305
0.04865652322769165
0.048669349402189255
0.04852975159883499
0.048447202891111374
0.048250749707221985
0.04846518859267235
0.048431530594825745
0.04836052283644676
0.04825262725353241
0.04830903559923172
0.048165250569581985
0.04815560206770897
0.04805345460772514
0.04798499122262001
0.047920577228069305
0.04792387783527374
0.04783259332180023
0.04779154434800148
0.04780249297618866
0.0478353351354599
0.047765277326107025
0.04771653562784195
0.04761746898293495
0.0475657656788826
0.047545429319143295
0.04747212678194046
0.047409314662218094
0.047369133681058884
0.047334857285022736
0.04733535647392273
0.047349121421575546
0.04728512093424797
0.04723566770553589
0.047215964645147324
0.047101568430662155
0.047136325389146805
0.04710523784160614
0.04710759222507477
0.0470847450196743
0.04706622660160065
0.04701078310608864
0.04698362201452255
0.046956613659858704
0.04692785441875458
0.04691349342465401
0.04690389707684517
0.04687338322401047
0.04684547334909439
0.04682287946343422
0.04681376367807388
0.04677964001893997
0.04677339643239975
0.04676109552383423
0.046722181141376495
0.046698592603206635
0.04666528478264809
0.04664747416973114
0.04661060869693756
0.04659637436270714
0.04658408463001251
0.04654313251376152
0.046524778008461
0.04650631174445152
0.046494439244270325
0.04645949974656105
0.04648696631193161
0.04653073474764824
0.046536751091480255
0.046467479318380356
0.046434931457042694
0.046387188136577606
0.04634799808263779
0.046347521245479584
0.0463048554956913
0.04626600071787834
0.04630178213119507
0.046276018023490906
0.046235594898462296
0.0462038554251194
0.04618030786514282
0.04614885523915291
0.04612167552113533
0.046082425862550735
0.046103425323963165
0.046066176146268845
0.04604203999042511
0.04604453220963478
0.04601450264453888
0.04600782319903374
0.046028438955545425
0.04596768319606781
0.04600117728114128
0.045977283269166946
