0.7985042333602905
0.7117965221405029
0.6615606546401978
0.6275166273117065
0.6014717817306519
0.5801703333854675
0.5616573691368103
0.5454628467559814
0.5328365564346313
0.5206807255744934
0.5096772313117981
0.49907320737838745
0.4865981638431549
0.4749249219894409
0.46371468901634216
0.4517180621623993
0.4405866861343384
0.4282444417476654
0.4159439504146576
0.4027915298938751
0.3916180431842804
0.38253626227378845
0.37458711862564087
0.3675585091114044
0.36243337392807007
0.3581942319869995
0.35414770245552063
0.3518644869327545
0.34937262535095215
0.3463817536830902
0.3437182605266571
0.3414320647716522
0.3389452397823334
0.337575763463974
0.33587217330932617
0.33393561840057373
0.3361751139163971
0.33281779289245605
0.33030593395233154
0.3344351053237915
0.3268733024597168
0.3239104151725769
0.32161569595336914
0.32104453444480896
0.3194637894630432
0.3178935647010803
0.3190194368362427
0.31660252809524536
0.3144868016242981
0.31229910254478455
0.3104226291179657
0.3097648620605469
0.30857205390930176
0.3072323799133301
0.3064255714416504
0.3046960234642029
0.30633288621902466
0.3066648244857788
0.30106207728385925
0.304170161485672
0.3031628429889679
0.30505135655403137
0.3007605969905853
0.2994381785392761
0.29680514335632324
0.29470184445381165
0.2929424047470093
0.29407423734664917
0.2944784462451935
0.2896864116191864
0.2896651029586792
0.29223525524139404
0.28844016790390015
0.2851340174674988
0.2848784029483795
0.28524190187454224
0.2840123176574707
0.2838221788406372
0.2818681597709656
0.2801801264286041
0.2788458466529846
0.2778538167476654
0.279104620218277
0.27722516655921936
0.2797373831272125
0.27503812313079834
0.27363869547843933
0.2723310589790344
0.2732383906841278
0.27401456236839294
0.27113574743270874
0.2700637876987457
0.26795992255210876
0.2683495879173279
0.26805323362350464
0.26771336793899536
0.26611828804016113
0.2642514407634735
0.2625278830528259
0.26155003905296326
0.2605176568031311
0.26007869839668274
0.25825878977775574
0.25729769468307495
0.2555893659591675
0.25537726283073425
0.25381216406822205
0.25280866026878357
0.25383859872817993
0.2560175657272339
0.25547370314598083
0.25283515453338623
0.24957698583602905
0.2492632120847702
0.24798275530338287
0.24741379916667938
0.2461661398410797
0.25105103850364685
0.25515615940093994
0.25032368302345276
0.24832409620285034
0.2438673973083496
0.24256466329097748
0.24629484117031097
0.2435283064842224
0.24120226502418518
0.24052728712558746
0.24019654095172882
0.24267618358135223
0.24239769577980042
0.23752078413963318
0.23577719926834106
0.23892435431480408
0.23776130378246307
0.23613260686397552
0.23502105474472046
0.23123592138290405
0.2319106161594391
0.23137426376342773
0.23190395534038544
0.22909477353096008
0.2296295166015625
0.22756877541542053
0.22606226801872253
0.2267942577600479
0.22627706825733185
0.22586962580680847
0.2251223921775818
0.22518613934516907
0.22613205015659332
0.2242368906736374
0.22276417911052704
0.222000390291214
0.22059322893619537
0.22168511152267456
0.22178545594215393
0.22120966017246246
0.22133472561836243
0.2200300097465515
0.21778197586536407
0.21743595600128174
0.21728095412254333
0.21654966473579407
0.21660207211971283
0.21746283769607544
0.21640834212303162
0.21426008641719818
0.21309441328048706
0.21228136122226715
0.21180282533168793
0.21181415021419525
0.21229873597621918
0.21265925467014313
0.21194158494472504
0.21323491632938385
0.21446752548217773
0.21219953894615173
0.21002836525440216
0.2094181627035141
0.20952269434928894
0.20861533284187317
0.20986232161521912
0.21152962744235992
0.20888809859752655
0.20730671286582947
0.20694920420646667
0.20659580826759338
0.20643100142478943
0.20578673481941223
0.20565387606620789
0.20583757758140564
0.2046971321105957
0.20431475341320038
0.20427876710891724
0.2040327787399292
0.20354637503623962
0.2031441330909729
0.20232023298740387
0.2028498500585556
0.20277895033359528
0.20635370910167694
0.2079268842935562
0.20297640562057495
0.20245864987373352
0.20322570204734802
0.20261913537979126
0.20053324103355408
0.20101314783096313
0.20345135033130646
0.2044314295053482
0.20205800235271454
0.20009785890579224
0.19979099929332733
0.2000657021999359
0.19897471368312836
0.19853129982948303
0.19837534427642822
0.19815173745155334
0.1977839171886444
0.1975349634885788
0.19694505631923676
0.196818009018898
0.19639034569263458
0.19692490994930267
0.19954469799995422
0.19929906725883484
0.19773228466510773
0.1960371732711792
0.19828608632087708
0.1964482218027115
0.1957952380180359
0.19533418118953705
0.19465413689613342
0.19412465393543243
0.19359861314296722
0.19325889647006989
0.1928929090499878
0.19270457327365875
0.19372941553592682
0.19510236382484436
0.1956176459789276
0.19395297765731812
0.19288896024227142
0.19243772327899933
0.19181664288043976
0.19158533215522766
0.1914352923631668
0.19236192107200623
0.1914326399564743
0.1909603625535965
0.1899319589138031
0.18987062573432922
0.18934640288352966
0.18980135023593903
0.19436340034008026
0.19180752336978912
0.19029563665390015
0.18953068554401398
0.18856196105480194
0.1876436173915863
0.18733134865760803
0.18691867589950562
0.18644258379936218
0.1858815997838974
0.1857784539461136
0.18548421561717987
0.18539823591709137
0.18538729846477509
0.185092955827713
0.18513906002044678
0.18481075763702393
0.18494713306427002
0.18539200723171234
0.18525764346122742
0.18488681316375732
0.18478210270404816
0.1851264089345932
0.18371954560279846
0.18422438204288483
0.18413719534873962
0.18416158854961395
0.18371261656284332
0.1834230124950409
0.1839263141155243
0.18365943431854248
0.1833094358444214
0.1829066425561905
0.18281450867652893
0.18276363611221313
0.18255719542503357
0.18231229484081268
0.18211044371128082
0.18192629516124725
0.18186254799365997
0.1816512644290924
0.18172293901443481
0.181462824344635
0.18137197196483612
0.18110297620296478
0.18098141252994537
0.18077020347118378
0.18043550848960876
0.18051543831825256
0.1806451827287674
0.1804731786251068
0.1801007091999054
0.18024206161499023
0.18015389144420624
0.18048667907714844
0.18037256598472595
0.1795324832201004
0.17926785349845886
0.17915526032447815
0.17891360819339752
0.17902809381484985
0.1786995530128479
0.17902114987373352
0.17870737612247467
0.17817291617393494
0.1781911849975586
0.17842334508895874
0.17829643189907074
0.17776735126972198
0.17784854769706726
0.17750710248947144
0.17722076177597046
0.17717060446739197
0.17672762274742126
0.17672781646251678
0.17638511955738068
0.17651300132274628
0.17709672451019287
0.176984503865242
0.17597989737987518
0.17595034837722778
0.1757482886314392
0.17573592066764832
0.1755291372537613
0.17555323243141174
0.17525309324264526
0.17573246359825134
0.17562611401081085
0.17621032893657684
0.17536376416683197
0.17495344579219818
0.17461274564266205
0.17438068985939026
0.174214705824852
0.17403727769851685
0.17402662336826324
0.17405396699905396
0.17367111146450043
0.1731811761856079
0.17293213307857513
0.17278198897838593
0.1729133576154709
0.1730840802192688
0.1728014200925827
0.1724095344543457
0.1722245067358017
0.17225396633148193
0.17202983796596527
0.1720408797264099
0.17217445373535156
0.17156510055065155
0.1720769703388214
0.17188261449337006
0.17178118228912354
0.17175152897834778
0.1714014858007431
0.17124153673648834
0.17115487158298492
0.1710631549358368
0.17083527147769928
0.17079782485961914
0.1706683486700058
0.17062543332576752
0.17049549520015717
0.17043517529964447
0.1705799251794815
0.1704643964767456
0.17032518982887268
0.1701674610376358
0.1699935644865036
0.1699068695306778
0.17004872858524323
0.16991610825061798
0.1698645055294037
0.16972456872463226
0.16961830854415894
0.16965575516223907
0.16955335438251495
0.16946665942668915
0.1694324016571045
0.16934026777744293
0.16920030117034912
0.16913136839866638
0.16902950406074524
0.16893289983272552
0.16884475946426392
0.16887585818767548
0.16892945766448975
0.16890984773635864
0.16873301565647125
0.16896410286426544
0.16887517273426056
0.16845737397670746
0.16864633560180664
0.16867491602897644
0.16848866641521454
0.16851648688316345
0.16830678284168243
0.16800299286842346
0.1679493933916092
0.1679161638021469
0.1677875965833664
0.1680707186460495
0.16831272840499878
0.16799157857894897
0.16775687038898468
0.1676548421382904
0.16756992042064667
0.16744722425937653
0.16759775578975677
0.16744543612003326
0.16734109818935394
0.1676458716392517
0.1676761955022812
0.16759122908115387
0.1673779934644699
0.16738320887088776
0.1671096235513687
0.16692838072776794
0.16696226596832275
0.16672097146511078
0.16664831340312958
0.1666080504655838
0.16680285334587097
0.16635768115520477
0.16626612842082977
0.166188582777977
0.16626235842704773
0.16612125933170319
0.16599586606025696
0.16591553390026093
0.16584378480911255
0.16589504480361938
0.16589666903018951
0.165984645485878
0.16612942516803741
0.16620874404907227
0.165887251496315
0.16570396721363068
0.16543518006801605
0.16539257764816284
0.16524410247802734
0.16544209420681
0.16536842286586761
0.16520050168037415
0.16511628031730652
0.16502583026885986
0.16518159210681915
0.16500234603881836
0.16496729850769043
0.16482174396514893
0.1647183895111084
0.164762482047081
0.1647244393825531
0.16460153460502625
0.1645587682723999
0.16448181867599487
0.16443930566310883
0.1643913835287094
0.16435450315475464
0.16428588330745697
0.16427582502365112
0.16421979665756226
0.16419532895088196
0.1640385240316391
0.16407418251037598
0.16410566866397858
0.16404597461223602
0.16398335993289948
0.16422291100025177
0.16404180228710175
0.1640399694442749
0.1641104519367218
0.16411496698856354
0.16400261223316193
0.1640167236328125
0.1640891134738922
0.16439375281333923
0.16425983607769012
0.16434551775455475
0.1642029732465744
0.1641029268503189
0.16394124925136566
0.1635497510433197
0.16353818774223328
0.1635265350341797
0.1634897142648697
0.16340889036655426
0.16334116458892822
0.16337528824806213
0.1632939726114273
0.16307537257671356
0.16349981725215912
0.1634388566017151
0.16336549818515778
0.16329893469810486
0.16327673196792603
0.16319987177848816
0.16314072906970978
0.16307847201824188
0.16306591033935547
0.16303671896457672
0.16298311948776245
0.16299742460250854
0.1628463864326477
0.1627918928861618
0.16275620460510254
0.1626983880996704
0.16262955963611603
0.16265743970870972
0.1626582145690918
0.1625910848379135
0.16255910694599152
0.16252349317073822
0.16244567930698395
0.16242335736751556
0.16241581737995148
0.16235612332820892
0.16232429444789886
0.16228726506233215
0.16225400567054749
0.1622379869222641
0.16229575872421265
0.16223140060901642
0.1621483415365219
0.1621478646993637
0.1624719500541687
0.1622566133737564
0.1622622013092041
0.1622462123632431
0.16204489767551422
0.16200515627861023
0.1619589775800705
0.16196410357952118
0.16194987297058105
0.16188639402389526
0.1618412733078003
0.1617811620235443
0.16175921261310577
0.16170889139175415
0.16166538000106812
0.16194738447666168
0.16181565821170807
0.16190315783023834
0.16194766759872437
0.16201187670230865
0.16185836493968964
0.16171972453594208
0.161722794175148
0.16174250841140747
0.1617136299610138
0.161639004945755
0.16157479584217072
0.1615358144044876
0.16152118146419525
0.16142086684703827
0.16142046451568604
0.16136787831783295
0.16132497787475586
0.16125670075416565
0.1612243354320526
0.16119475662708282
0.16116179525852203
0.16113276779651642
0.16113993525505066
0.16111895442008972
0.16110962629318237
0.16107405722141266
0.16105598211288452
0.16103635728359222
0.1610177606344223
0.16098573803901672
0.16096267104148865
0.1609516739845276
0.16098318994045258
0.1609276831150055
0.16090868413448334
0.16088822484016418
0.16087409853935242
0.1608681082725525
0.1608075648546219
0.1607927531003952
0.16077426075935364
0.16084204614162445
0.16078408062458038
0.1607292890548706
0.16073235869407654
0.16071456670761108
