0.7980726957321167
0.4820880889892578
0.41423624753952026
0.38548487424850464
0.3638613820075989
0.3465884327888489
0.33520743250846863
0.32386502623558044
0.3100742697715759
0.30124446749687195
0.29193320870399475
0.2770593464374542
0.27787259221076965
0.2639021575450897
0.2563849985599518
0.2441880702972412
0.2363845705986023
0.22715455293655396
0.23081402480602264
0.23913443088531494
0.22500306367874146
0.2099246382713318
0.196379616856575
0.18985791504383087
0.2325814813375473
0.1950560063123703
0.1810453236103058
0.17511147260665894
0.17191442847251892
0.1680169403553009
0.15993881225585938
0.14755669236183167
0.1652330756187439
0.15496639907360077
0.1429457664489746
0.1313687413930893
0.12432455271482468
0.12027037888765335
0.11419032514095306
0.10796813666820526
0.10221429169178009
0.09776969254016876
0.10580336302518845
0.11819890886545181
0.11160488426685333
0.11303752660751343
0.0917297825217247
0.10098844021558762
0.12218984216451645
0.10442515462636948
0.09308552742004395
0.08261232823133469
0.07193055748939514
0.06395348906517029
0.058220237493515015
0.05411795154213905
0.05007004737854004
0.047983210533857346
0.04499022290110588
0.04127531871199608
0.03724788501858711
0.034233059734106064
0.031524352729320526
0.03149504214525223
0.02920250967144966
0.02727489545941353
0.02611464262008667
0.02320268750190735
0.02123449556529522
0.01848655566573143
0.01698499172925949
0.019591255113482475
0.016054240986704826
0.017261222004890442
0.016925174742937088
0.012837991118431091
0.011632760055363178
0.009621281176805496
0.008712535724043846
0.007939286530017853
0.007178612519055605
0.010623343288898468
0.0114543866366148
0.010597406886518002
0.00812405627220869
0.009166338481009007
0.005316606722772121
0.004759142640978098
0.004334188532084227
0.0040097711607813835
0.0036789330188184977
0.003456861712038517
0.003233688184991479
0.004729998763650656
0.0035256589762866497
0.0030931420624256134
0.002667875960469246
0.002594765741378069
0.0023983013816177845
0.0022920069750398397
0.002255356404930353
0.0020886261481791735
0.0019900759216398
0.0019072463037446141
0.0017291407566517591
0.001677779364399612
0.0015863145235925913
0.0015297492500394583
0.0014744397485628724
0.0014271765248849988
0.0013525753747671843
0.0017016439232975245
0.0014955513179302216
0.0012952904216945171
0.0012112912954762578
0.0011290324619039893
0.0010882462374866009
0.0010937111219391227
0.0010871650883927941
0.0010441533522680402
0.0010163795668631792
0.0009955326095223427
0.0009746162686496973
0.0010046560782939196
0.0009940819581970572
0.0009476000559516251
0.0009239488863386214
0.0008981634746305645
0.000917975208722055
0.0009506175993010402
0.0008892858168110251
0.0008662622421979904
0.0008375015459023416
0.000820382556412369
0.0008962221909314394
0.0009111345279961824
0.0008511684136465192
0.0007941676303744316
0.0007762841996736825
0.0007594179478473961
0.000751177896745503
0.0007379698217846453
0.0007238114485517144
0.000709150917828083
0.0006946278735995293
0.0006769102183170617
0.0007380100432783365
0.0007537480560131371
0.0006743775447830558
0.0006551482365466654
0.0006241112132556736
0.0006103246123529971
0.0006038302672095597
0.0005919067771174014
0.0005822039674967527
0.0005749458214268088
0.0005674448329955339
0.0005576403345912695
0.0005492231575772166
0.0005441754474304616
0.0005348252598196268
0.0005263001075945795
0.0005642044125124812
0.0005992246442474425
0.0005482507403939962
0.0005180024309083819
0.0005064307479187846
0.0004950729198753834
0.0004914619494229555
0.00047906467807479203
0.0004692302318289876
0.00045977384434081614
0.0004532811581157148
0.00044654557132162154
0.0004398578603286296
0.0004340811283327639
0.00044227723265066743
0.00042984107858501375
0.00042390209273435175
0.0005134378443472087
0.0005296274903230369
0.0004329632793087512
0.00041521756793372333
0.0004021144122816622
0.0003915806591976434
0.000383925624191761
0.0003760489635169506
0.0003731741744559258
0.0003673522442113608
0.0003646858094725758
0.0003583696379791945
0.00035292672691866755
0.00034578476333990693
0.0003418718697503209
0.0003356723173055798
0.00034308043541386724
0.00035562264383770525
0.00033807288855314255
0.0003262753307353705
0.00032030901638790965
0.00031408536597155035
0.0003086850920226425
0.000309563271002844
0.0003035633126273751
0.0002972465881612152
0.00029339586035348475
0.0002900916151702404
0.000289553077891469
0.00031268992461264133
0.00029432185692712665
0.00028740966808982193
0.0002716912131290883
0.00026744609931483865
0.0002637500874698162
0.0002634344855323434
0.0002664538042154163
0.00025814559194259346
0.00025441101752221584
0.0002511423372197896
0.000249000993790105
0.0002475517976563424
0.00024633138673380017
0.00024439452681690454
0.0002424598642392084
0.00024049761123023927
0.0002400818921159953
0.0002391168673057109
0.0002369337744312361
0.0002349583082832396
0.00023487249563913792
0.00023300138127524406
0.0002317713078809902
0.00023020480875857174
0.0002288018586114049
0.00022754541714675725
0.00022606227139476687
0.00022490252740681171
0.0002232905535493046
0.00022276608797255903
0.00022183620603755116
0.0002195971756009385
0.00021943858882877976
0.000218068715184927
0.00021618347091134638
0.00021474943787325174
0.00021508807549253106
0.00021369649039115757
0.00021098562865518034
0.00020961230620741844
0.0002079503028653562
0.0002068944595521316
0.0002058661775663495
0.00020422720990609378
0.000204701631446369
0.00020494406635407358
0.00020378449698910117
0.00020062443218193948
0.0001993375044548884
0.00019848413649015129
0.00019712249923031777
0.00019517923647072166
0.00019393078400753438
0.00019258257816545665
0.0001914010790642351
0.0001900606439448893
0.00018904914031736553
0.0001881592907011509
0.00018729186558630317
0.00018588091188576072
0.00018461672880221158
0.00018576074216980487
0.00018686438852455467
0.0001836771407397464
0.00018147715309169143
0.0001795300777303055
0.00017810189456213266
0.00017682029283605516
0.00017555025988258421
0.00017424703401047736
0.00017467906582169235
0.000174051194335334
0.00017252298130188137
0.00017037837824318558
0.00016938152839429677
0.000168159807799384
0.00016712280921638012
0.00016586306446697563
0.0001649032928980887
0.00016455900913570076
0.000164524040883407
0.00016412735567428172
0.00016967514238785952
0.00018187420209869742
0.00017823460802901536
0.00017119910626206547
0.00016614138439763337
0.00016063731163740158
0.00015825977607164532
0.00015507593343500048
0.00015384482685476542
0.00015172241546679288
0.00015103828627616167
0.00015009600610937923
0.00014859807561151683
0.00014757261669728905
0.00014659069711342454
0.0001462833897676319
0.00014610674406867474
0.00014445086708292365
0.00014308522804640234
0.0001420950866304338
0.00014110584743320942
0.00014013204781804234
0.0001392089034197852
0.00013836139987688512
0.00013835926074534655
0.00013732547813560814
0.00013663139543496072
0.00013594866322819144
0.0001353599363937974
0.0001368472003377974
0.0001374655112158507
0.0001369024976156652
0.00013574353943113238
0.0001361840550089255
0.0001357142609776929
0.00013455569569487125
0.0001331604435108602
0.00013126734120305628
0.00013193216000217944
0.00013121808297000825
0.00013015381409786642
0.0001294071553274989
0.00012880994472652674
0.00012858770787715912
0.0001281197473872453
0.00012748608423862606
0.0001269316126126796
0.00012661587970796973
0.00012639057240448892
0.00012587063247337937
0.0001252341753570363
0.00012494466500356793
0.00012431062350515276
0.0001238444820046425
0.00012330527533777058
0.00012297862849663943
0.00012277087080292404
0.00012264888209756464
0.00012213140144012868
0.0001213193463627249
0.00012114168202970177
0.00012071021046722308
0.00012042308662785217
0.00011976373207289726
0.00011947852181037888
0.00011891768372152
0.00011851020099129528
0.00011801623622886837
0.00011762345093302429
0.00011709827958839014
0.00011655680282274261
0.00011600813013501465
0.00011553028161870316
0.0001149196905316785
0.0001150703537859954
0.0001149188683484681
0.0001143684348789975
0.00011406136763980612
0.00011339526099618524
0.0001127581053879112
0.00011214501137146726
0.00011196012928849086
0.00011142648145323619
0.00011096769594587386
0.00011047834414057434
0.00010999793448718265
0.00011064835416618735
0.00011010908201569691
0.00010948156705126166
0.00010869817924685776
0.00010814033885253593
0.0001076215849025175
0.00010699227277655154
0.00010683680011425167
0.0001063378294929862
0.00010608228330966085
0.00010721153375925496
0.00010530369763728231
0.00010963078239001334
0.00011003237887052819
0.00010737382399383932
0.00010593447950668633
0.00010432814451633021
0.00010399804887128994
0.00010275969543727115
0.00010209187894361094
0.00010169196320930496
0.00010116384510183707
0.00010051675781141967
0.00010007368109654635
9.967283403966576e-05
9.933856927091256e-05
9.88667452475056e-05
9.845429303823039e-05
9.807989408727735e-05
9.793775097932667e-05
9.727499127620831e-05
9.7558309789747e-05
9.698311623651534e-05
9.654050518292934e-05
9.601503552403301e-05
9.628793486626819e-05
9.602576028555632e-05
9.555300493957475e-05
9.457708074478433e-05
9.398125257575884e-05
9.438470442546532e-05
9.482428868068382e-05
9.464963659411296e-05
9.410738130100071e-05
9.356582449981943e-05
9.311561734648421e-05
9.25410640775226e-05
9.215008321916685e-05
9.190605487674475e-05
9.166432573692873e-05
9.140486508840695e-05
9.109154780162498e-05
9.07466746866703e-05
9.060921729542315e-05
9.043925820151344e-05
9.018134005600587e-05
8.993966912385076e-05
8.99956066859886e-05
8.972894283942878e-05
8.939209510572255e-05
8.924931171350181e-05
8.923646964831278e-05
8.902126864995807e-05
8.881918620318174e-05
8.843642717693001e-05
8.817354682832956e-05
8.793798042461276e-05
8.759876800468192e-05
8.744238584768027e-05
8.722741040401161e-05
8.706034714123234e-05
8.769777923589572e-05
8.802266529528424e-05
8.752719440963119e-05
8.699872705619782e-05
8.650848758406937e-05
8.607435302110389e-05
8.578877168474719e-05
8.550613711122423e-05
8.528510807082057e-05
8.495871588820592e-05
8.47974224598147e-05
8.46898983581923e-05
8.441018144367263e-05
8.41246874188073e-05
8.39878193801269e-05
8.366739348275587e-05
8.338473708136007e-05
8.331732533406466e-05
8.334882295457646e-05
8.392235758947209e-05
8.38826090330258e-05
8.351061114808545e-05
8.299394539790228e-05
8.255105785792693e-05
8.212814282160252e-05
8.175484254024923e-05
8.15242383396253e-05
8.125744352582842e-05
8.103055006358773e-05
8.078401879174635e-05
8.057589002419263e-05
8.032168261706829e-05
8.008293661987409e-05
7.98847759142518e-05
7.96710592112504e-05
7.946885307319462e-05
7.92096761870198e-05
7.902667130110785e-05
7.880599878262728e-05
7.865186489652842e-05
7.84419898991473e-05
7.821208419045433e-05
7.807652582414448e-05
7.781318709021434e-05
7.771162927383557e-05
7.749741052975878e-05
7.729800563538447e-05
7.72349230828695e-05
7.690548954997212e-05
7.667605677852407e-05
7.652641215827316e-05
7.623667625011876e-05
7.605482824146748e-05
7.581675163237378e-05
7.563998951809481e-05
7.558061770396307e-05
7.533521420555189e-05
7.526845729444176e-05
7.509629358537495e-05
7.4821560701821e-05
7.454025035258383e-05
7.421444752253592e-05
7.398361776722595e-05
7.377941801678389e-05
7.357665162999183e-05
7.336118869716302e-05
7.315895345527679e-05
7.311574881896377e-05
7.275540701812133e-05
7.263090810738504e-05
7.250172347994521e-05
7.241459388751537e-05
7.228120375657454e-05
7.21544201951474e-05
7.204309076769277e-05
7.194202771643177e-05
7.183011621236801e-05
7.168718002503738e-05
7.158648077165708e-05
7.148082659114152e-05
7.137295324355364e-05
7.124690455384552e-05
7.112414459697902e-05
7.105163967935368e-05
7.08977022441104e-05
7.081708463374525e-05
7.068565901136026e-05
7.058868504827842e-05
7.045946404105052e-05
7.037381146801636e-05
7.02673351042904e-05
7.011434354353696e-05
7.004407962085679e-05
7.000839104875922e-05
6.986057996982709e-05
6.979029421927407e-05
6.963989289943129e-05
6.97787108947523e-05
6.95758790243417e-05
6.964468775549904e-05
6.946040957700461e-05
6.928770744707435e-05
6.911566742928699e-05
6.895579281263053e-05
6.877100531710312e-05
6.8666398874484e-05
6.859136192360893e-05
6.843081791885197e-05
6.867352203698829e-05
6.855291576357558e-05
6.837986438767985e-05
6.815860979259014e-05
6.796715751988813e-05
6.783660501241684e-05
6.788125028833747e-05
6.773636414436623e-05
6.758889503544196e-05
6.745926657458767e-05
6.736188515787944e-05
6.722605030518025e-05
6.700819358229637e-05
6.678970385110006e-05
6.66522464598529e-05
6.655463221250102e-05
6.6408421844244e-05
6.629168638028204e-05
6.617159669985995e-05
6.604018562939018e-05
6.590130942640826e-05
6.57523560221307e-05
6.569275865331292e-05
6.55709663988091e-05
6.544954521814361e-05
6.534710701089352e-05
6.5207204897888e-05
6.504323391709477e-05
6.492435204563662e-05
6.482435128418729e-05
6.468598439823836e-05
6.459858559537679e-05
6.443329039029777e-05
6.432714872062206e-05
6.420724093914032e-05
6.408824992831796e-05
6.399370613507926e-05
6.382344872690737e-05
6.373416545102373e-05
6.358496466418728e-05
6.392977229552343e-05
6.37811390333809e-05
6.351564661599696e-05
6.337993545457721e-05
6.314973143162206e-05
