0.5845522880554199
0.41992098093032837
0.3675631582736969
0.33854833245277405
0.32006463408470154
0.31194666028022766
0.2973041236400604
0.2848057448863983
0.2744303047657013
0.27951037883758545
0.2703670859336853
0.25115326046943665
0.2406863421201706
0.23156850039958954
0.2217654436826706
0.2153318226337433
0.3181232810020447
0.28501757979393005
0.23855961859226227
0.22590836882591248
0.2097776234149933
0.20753443241119385
0.22710458934307098
0.20693163573741913
0.1983947902917862
0.19284099340438843
0.18263931572437286
0.17344705760478973
0.1637527197599411
0.16018050909042358
0.15197350084781647
0.17270010709762573
0.18966160714626312
0.16268284618854523
0.1482526957988739
0.14123180508613586
0.1346358060836792
0.13389208912849426
0.122030109167099
0.11886820942163467
0.1087346076965332
0.13899818062782288
0.11336343735456467
0.11283928155899048
0.09402716904878616
0.08634418249130249
0.0827222466468811
0.07733525335788727
0.07325974851846695
0.07131202518939972
0.06577955931425095
0.07094785571098328
0.06067842245101929
0.05769279971718788
0.05732297524809837
0.059477224946022034
0.05152986943721771
0.047513946890830994
0.09565818309783936
0.0697331503033638
0.20937514305114746
0.10882309079170227
0.06590499728918076
0.08819643408060074
0.12904219329357147
0.07667189836502075
0.054112400859594345
0.0499732606112957
0.04403151571750641
0.0365162119269371
0.035421233624219894
0.03319733589887619
0.028917498886585236
0.02646506205201149
0.02317219413816929
0.021750451996922493
0.020327799022197723
0.019347243010997772
0.017971863970160484
0.016880560666322708
0.016141267493367195
0.01720820926129818
0.016398923471570015
0.014665910974144936
0.013786984607577324
0.026514088734984398
0.10652042925357819
0.04931526258587837
0.03910687565803528
0.033974260091781616
0.020497389137744904
0.01619640178978443
0.012073389254510403
0.010592934675514698
0.009414514526724815
0.008472091518342495
0.008149710483849049
0.007672217208892107
0.007297061383724213
0.007181697990745306
0.006733561400324106
0.00616841996088624
0.005777403712272644
0.005613771732896566
0.00531485490500927
0.005022034980356693
0.004834229126572609
0.004721248522400856
0.005411941558122635
0.004525200929492712
0.0041944002732634544
0.004043840803205967
0.003966715652495623
0.003900036681443453
0.0038155303336679935
0.003757697297260165
0.0037479845341295004
0.0036430603358894587
0.003526494139805436
0.003461668733507395
0.003400290384888649
0.0033527149353176355
0.0032731194514781237
0.0032721320167183876
0.003231654642149806
0.003170003416016698
0.00343952770344913
0.0033716480247676373
0.003138846019282937
0.0029603363946080208
0.0028661706019192934
0.002800171496346593
0.0031733226496726274
0.003012345638126135
0.0028365671169012785
0.002828662283718586
0.0026080890092998743
0.0025271642953157425
0.0024527106434106827
0.002429631073027849
0.0023642205633223057
0.002305944450199604
0.00225636619143188
0.00225068349391222
0.0022024260833859444
0.00260178092867136
0.002810216974467039
0.002333008451387286
0.002157893730327487
0.0020862503442913294
0.0020275621209293604
0.0020000385120511055
0.0019607676658779383
0.0019151696469634771
0.0019092709990218282
0.0018509444780647755
0.001816707430407405
0.0017925928113982081
0.0017708811210468411
0.0020144733134657145
0.0024618199095129967
0.0019050799310207367
0.001742846448905766
0.0016481183702126145
0.0016584140248596668
0.001586085301823914
0.001558304182253778
0.001518869772553444
0.0014940178953111172
0.0014692337717860937
0.0014414496254175901
0.0014453161275014281
0.001424781745299697
0.0013952816370874643
0.0013897710014134645
0.0013368558138608932
0.0013250113697722554
0.0012988826492801309
0.0012940354645252228
0.0012926246272400022
0.001286897575482726
0.0013070512795820832
0.0012471891241148114
0.0012140922481194139
0.003340060357004404
0.001845932682044804
0.0016269319457933307
0.0013191129546612501
0.0012264446122571826
0.0011814844328910112
0.0011448985897004604
0.0011104535078629851
0.001081239664927125
0.0010474988957867026
0.0010326675837859511
0.0010063963709399104
0.0009903067257255316
0.000975191593170166
0.000962230667937547
0.0009541152976453304
0.0009377318201586604
0.0009153427672572434
0.0008965474553406239
0.000881247513461858
0.0008674326818436384
0.0008572728256694973
0.0008528153412044048
0.0008408154244534671
0.000943908526096493
0.00100218306761235
0.0008645134512335062
0.0008289723773486912
0.0008079202380031347
0.000798512832261622
0.0007912084693089128
0.0007786601781845093
0.0007720918511040509
0.0007667305180802941
0.000758628360927105
0.0007522500236518681
0.0007465476519428194
0.0007410449325107038
0.0007351296953856945
0.000733359600417316
0.0007249690825119615
0.0007212712662294507
0.0007149393204599619
0.0007105070981197059
0.0007063567754812539
0.0007039267220534384
0.0007052221335470676
0.0006921018357388675
0.0006881008739583194
0.0006829686462879181
0.0006773023633286357
0.0006739356322214007
0.0006686187698505819
0.0006631682626903057
0.0006639314815402031
0.0006585508235730231
0.0006535389111377299
0.0006482595345005393
0.0006429895292967558
0.0006385607994161546
0.0006334988283924758
0.0006363491411320865
0.0006272588507272303
0.0006206975085660815
0.0006166314124129713
0.0006153850117698312
0.0006156381568871439
0.0006055059493519366
0.0006104555795900524
0.0005983399460092187
0.0005953715299256146
0.0005914716166444123
0.0005855412455275655
0.0005834812764078379
0.0005788977723568678
0.0005757512990385294
0.0005708711687475443
0.0005664515774697065
0.000561941007617861
0.0005578447016887367
0.0005545468884520233
0.0005510962218977511
0.0005473947385326028
0.0005430974997580051
0.0005424669361673295
0.0005388707504607737
0.0005341111682355404
0.0005331517313607037
0.0005455765058286488
0.0005363495438359678
0.0005266625084914267
0.0005236623110249639
0.0005154748214408755
0.0005151149816811085
0.0005089058540761471
0.0005156073602847755
0.0005042451666668057
0.0004996704519726336
0.0004917879705317318
0.0004887927789241076
0.0004842953640036285
0.000482901930809021
0.0004850997356697917
0.0004816004366148263
0.0004779627197422087
0.0004703659797087312
0.0004671812057495117
0.0004604501591529697
0.00045949764898978174
0.0004523988754954189
0.0004497867776080966
0.0004460885829757899
0.0004437189199961722
0.00044233043445274234
0.00043636723421514034
0.0004348501388449222
0.0004296465194784105
0.00042798288632184267
0.00043422530870884657
0.00045336183393374085
0.0004410554829519242
0.0004286374314688146
0.0004214806540403515
0.00041597458766773343
0.00041318003786727786
0.0004078942583873868
0.0004047827096655965
0.0004027416289318353
0.00040148134576156735
0.00039873854257166386
0.0003976782027166337
0.000394931499613449
0.00039436170482076705
0.00039602856850251555
0.00039642362389713526
0.00039155554259195924
0.00038829015102237463
0.00038633818621747196
0.0003847515909001231
0.0003804901207331568
0.0003842072910629213
0.00038117574877105653
0.00037809083005413413
0.00037613415042869747
0.00037367359618656337
0.00037256203358992934
0.0003717228537425399
0.0003711491299327463
0.00036933651426807046
0.0003678561479318887
0.000366325955837965
0.0003628671693149954
0.00036156040732748806
0.00035878753988072276
0.0003576741146389395
0.0003558784374035895
0.00035455680335871875
0.0003547521191649139
0.0003522018378134817
0.00035090435994789004
0.00034920984762720764
0.0003473721444606781
0.000346318818628788
0.0003446525661274791
0.0003433030506130308
0.00034193851752206683
0.000340437691193074
0.0003391645150259137
0.00033996038837358356
0.0003392160579096526
0.0003362584102433175
0.00033356575295329094
0.0003319227835163474
0.0003309933526907116
0.0003296480281278491
0.00032794949947856367
0.000326333538396284
0.00032559610554017127
0.00032378954347223043
0.0003225270193070173
0.00032220277353189886
0.0003221950028091669
0.0003194397722836584
0.0003175697347614914
0.0003157829924020916
0.00031494692666456103
0.00031349778873845935
0.00031201308593153954
0.00030991219682618976
0.0003105030918959528
0.0003091851540375501
0.0003072924737352878
0.00030570320086553693
0.0003043684992007911
0.000302414468023926
0.0003114620631095022
0.0003087839868385345
0.0003047813952434808
0.00030171501566655934
0.00029902695678174496
0.0002965573512483388
0.0002949970948975533
0.00029314050334505737
0.00029193685622885823
0.000290426192805171
0.0002887698356062174
0.0002875831560231745
0.0002876057696994394
0.0002856557257473469
0.00028465429204516113
0.00028344622114673257
0.0002839140361174941
0.00028463927446864545
0.0002817882632371038
0.00028150633443146944
0.0002801553637254983
0.0002777522022370249
0.0002753527951426804
0.00027583580231294036
0.00027605335344560444
0.0002711768902372569
0.00026882326346822083
0.0002671968250069767
0.000266326533164829
0.00026581939891912043
0.00026414316380396485
0.0002630930976010859
0.00026279521989636123
0.00026178339612670243
0.0002608939539641142
0.0002604323672130704
0.0002610687224660069
0.0002612410462461412
0.00026045733829960227
0.0002598538703750819
0.00025867403019219637
0.000257982115726918
0.0002569975331425667
0.00025649508461356163
0.00025572595768608153
0.0002550307253841311
0.0002545739116612822
0.0002551557554397732
0.00025402088067494333
0.0002526580647099763
0.000251909252256155
0.00025115234893746674
0.00025070426636375487
0.00024982698960229754
0.0002489149628672749
0.00024858699180185795
0.0002502013521734625
0.0002558771811891347
0.00025218111113645136
0.0002477921370882541
0.00024490253417752683
0.00024376525834668428
0.00024282484082505107
0.00024210666015278548
0.00024193606805056334
0.0002410781307844445
0.0002401740348432213
0.00023975726799108088
0.0002404533006483689
0.0002402844256721437
0.0002388842694927007
0.00023842212976887822
0.00023766100639477372
0.00023685971973463893
0.00023554381914436817
0.00023429328575730324
0.00023496084031648934
0.00023370239068754017
0.0002330576244276017
0.00023209760547615588
0.00023125116422306746
0.00023062936088535935
0.0002297823375556618
0.00022898096358403563
0.00022818623983766884
0.00022806071501690894
0.00022755672398488969
0.00022686128795612603
0.00022676341177430004
0.00022528912813868374
0.00022457903833128512
0.00022417334548663348
0.00022354851535055786
0.00022250429901760072
0.000223103110329248
0.00022192837786860764
0.00022094922314863652
0.00022017941228114069
0.00022005879145581275
0.00021929718786850572
0.00021862619905732572
0.0002177648711949587
0.0002172679378418252
0.000216041793464683
0.00021528931392822415
0.00021639153419528157
0.000216277563595213
0.00021582790941465646
0.00021415257651824504
0.0002130763023160398
0.00021228477999102324
0.00021173807908780873
0.0002108402259182185
0.0002100709971273318
0.00020940684771630913
0.00020915312052238733
0.00020883465185761452
0.00021075873519293964
0.00021100118465255946
0.0002109198976540938
0.00020897637296002358
0.00020691135432571173
0.00020542737911455333
0.00020440254593268037
0.00020381095237098634
0.0002028111193794757
0.0002019430830841884
0.0002017601946135983
0.00019999955839011818
0.0002010900352615863
0.00020096362277399749
0.00020012212917208672
0.00019931336282752454
0.00019863412308041006
0.00019805421470664442
0.00019746983889490366
0.0001971012825379148
0.00019682756101246923
0.00019638075900729746
0.0001957886852324009
0.00019538187189027667
0.00019512024300638586
0.00019467018137220293
0.0001942475064424798
0.00019393536786083132
0.00019354136020410806
0.00019320723367854953
0.00019594251352827996
0.00019498825713526458
0.00019456622248981148
0.0001970163284568116
0.00019562395755201578
0.0001939279754878953
0.00019267616153229028
0.00019221543334424496
0.00019165652338415384
0.0001907233672682196
0.00019005070498678833
0.00018911513325292617
0.00018880623974837363
0.00018845115846488625
0.00018791455659084022
0.00018769648158922791
0.0001873643632279709
0.00018678836931940168
0.00018701523367781192
0.0001868158287834376
0.00018587755039334297
0.0001853195863077417
0.00018496872507967055
0.00018465507309883833
0.00018436550453770906
0.00018397736130282283
0.00018359386012889445
0.00018338162044528872
0.0001833450805861503
0.0001828844688134268
0.00018241413636133075
0.00018226110842078924
0.00018255157920066267
0.0001820729667088017
0.00018153898417949677
0.00018094858387485147
0.000180424889549613
0.00017994100926443934
0.00017992177163250744
0.0001796465803636238
0.00017904717242345214
0.00017930613830685616
0.00017861396190710366
0.00017811804718803614
0.00017798706539906561
0.00017819895583670586
0.00017763429787009954
0.00017715527792461216
0.00017649339861236513
0.00017732636479195207
0.00017668989312369376
0.00017625837062951177
0.00017552055942360312
0.00017496007785666734
0.00017467969155404717
0.00017419680079910904
0.00017381939687766135
0.0001733635872369632
0.00017330683476757258
0.0001726893533486873
0.00017214880790561438
0.00017167418263852596
0.00017119693802669644
0.00017264531925320625
0.00017205199401360005
0.00017151623615063727
0.00017098512034863234
0.00017062285041902214
0.00017017936625052243
0.00016956908802967519
0.0001692414953140542
0.00016878971655387431
0.00016870237595867366
0.0001677981053944677
0.00016741261060815305
