0.5570310354232788
0.4314683973789215
0.3853006958961487
0.365041583776474
0.3509376347064972
0.34107065200805664
0.3321529030799866
0.3245525062084198
0.315894216299057
0.31160229444503784
0.3048489987850189
0.2956392168998718
0.2920287549495697
0.2834762930870056
0.27796950936317444
0.2717894911766052
0.26580438017845154
0.2604767680168152
0.2623346447944641
0.26312780380249023
0.2531380355358124
0.250811368227005
0.24561618268489838
0.24043041467666626
0.25692030787467957
0.2466225028038025
0.23195543885231018
0.23581144213676453
0.2326890230178833
0.23295198380947113
0.22373028099536896
0.21141090989112854
0.218099907040596
0.21581828594207764
0.20726284384727478
0.1985759735107422
0.19267070293426514
0.1922212690114975
0.1878776252269745
0.18177847564220428
0.17693088948726654
0.17391175031661987
0.18793796002864838
0.18839512765407562
0.17450524866580963
0.17134831845760345
0.16773366928100586
0.16430215537548065
0.20617085695266724
0.1796596497297287
0.17824934422969818
0.16295097768306732
0.15331077575683594
0.14671170711517334
0.14229010045528412
0.13941261172294617
0.1350187063217163
0.1327439248561859
0.13220322132110596
0.12679003179073334
0.12424521148204803
0.12311432510614395
0.1212429627776146
0.11843737959861755
0.11603616178035736
0.11234663426876068
0.10974117368459702
0.10689371079206467
0.10749263316392899
0.103639617562294
0.1016554906964302
0.11541717499494553
0.10589214414358139
0.10129600763320923
0.094723641872406
0.09258805960416794
0.0889715775847435
0.08546718209981918
0.08239057660102844
0.08005131036043167
0.07933706790208817
0.08529321104288101
0.0885416641831398
0.07848644256591797
0.08569122850894928
0.08462842553853989
0.0731789767742157
0.06834471225738525
0.0658688023686409
0.06336494535207748
0.06101316958665848
0.05882607772946358
0.05845337733626366
0.07718801498413086
0.07181398570537567
0.05914529412984848
0.05497187376022339
0.05293756350874901
0.050102993845939636
0.049744077026844025
0.04883771389722824
0.04711250960826874
0.044626589864492416
0.04581262171268463
0.042549364268779755
0.04091041907668114
0.03929437696933746
0.03784743696451187
0.036372873932123184
0.04493148252367973
0.04571458697319031
0.04192202538251877
0.03960481286048889
0.036623064428567886
0.03481454774737358
0.03358501195907593
0.032321199774742126
0.031977780163288116
0.03104270249605179
0.03020077385008335
0.032766714692115784
0.030652111396193504
0.029349787160754204
0.02904321812093258
0.028965111821889877
0.027521906420588493
0.026684066280722618
0.02592800371348858
0.027428433299064636
0.026348553597927094
0.025532636791467667
0.02435491420328617
0.02561063878238201
0.025065505877137184
0.023128701373934746
0.02283860370516777
0.026257913559675217
0.027864670380949974
0.023502420634031296
0.021079521626234055
0.03310927376151085
0.0247703455388546
0.022866815328598022
0.01990787871181965
0.019311726093292236
0.018290838226675987
0.01826399564743042
0.01794946752488613
0.017369357869029045
0.01720202900469303
0.016493624076247215
0.017831506207585335
0.01691596955060959
0.016877032816410065
0.016015497967600822
0.015577545389533043
0.015128540806472301
0.014854710549116135
0.018398752436041832
0.018560729920864105
0.01605447567999363
0.014623420313000679
0.015812573954463005
0.015183068811893463
0.013673357665538788
0.013399705290794373
0.013397729024291039
0.014719664119184017
0.01342952623963356
0.012613184750080109
0.012182861566543579
0.011888946406543255
0.011618626303970814
0.01128486916422844
0.010985521599650383
0.011139954440295696
0.011233581230044365
0.010427608154714108
0.010503661818802357
0.05380478501319885
0.032750241458415985
0.02244962938129902
0.016769662499427795
0.014084936119616032
0.01583220809698105
0.014337982051074505
0.013083089143037796
0.011795206926763058
0.010970544070005417
0.0106856944039464
0.01021417137235403
0.009962759912014008
0.009480362758040428
0.00922356080263853
0.009116596542298794
0.019971176981925964
0.02097938023507595
0.014783150516450405
0.011181320995092392
0.010145413689315319
0.009055457077920437
0.008626324124634266
0.008832522667944431
0.008091219700872898
0.007557558361440897
0.007087452802807093
0.006792150903493166
0.006513869855552912
0.009223423898220062
0.007490426767617464
0.006699931807816029
0.006030777469277382
0.0060668387450277805
0.005970546044409275
0.005857853218913078
0.006097008939832449
0.005897906143218279
0.00561006274074316
0.00547264376655221
0.005383448209613562
0.005301756784319878
0.005230524577200413
0.005168601870536804
0.005112047772854567
0.005057566333562136
0.005005012731999159
0.004943967796862125
0.004901152569800615
0.004853473976254463
0.004814438056200743
0.0047541712410748005
0.004714177921414375
0.00466794753447175
0.004650911316275597
0.004677574150264263
0.004594164900481701
0.004522302653640509
0.0044661820866167545
0.004450602922588587
0.004460766911506653
0.004354201722890139
0.004423311445862055
0.004357435740530491
0.004288832191377878
0.004231087397783995
0.004217302892357111
0.004163314122706652
0.004107990302145481
0.0040810490027070045
0.004032365046441555
0.0039992197416722775
0.003967491444200277
0.003927160985767841
0.003903749166056514
0.0038721647579222918
0.0038848123513162136
0.003816477954387665
0.00381005578674376
0.0038067414425313473
0.003732444019988179
0.0036867624148726463
0.0036514829844236374
0.003622043179348111
0.0035952760372310877
0.0035609332844614983
0.0035354241263121367
0.003499971702694893
0.0034913155250251293
0.0034630128648132086
0.003441567998379469
0.0034678755328059196
0.0034583108499646187
0.003596368245780468
0.003853751579299569
0.0035274226684123278
0.003399681067094207
0.0033270888961851597
0.0032677974086254835
0.0032200412824749947
0.003304512007161975
0.0034314000513404608
0.003296865150332451
0.003138473955914378
0.003091314574703574
0.0030428606551140547
0.003010223153978586
0.0029797700699418783
0.0030162145849317312
0.003009486710652709
0.0030512481462210417
0.0031305637676268816
0.003084620926529169
0.003060529474169016
0.0029794122092425823
0.0028893689159303904
0.0028329049237072468
0.002777226734906435
0.002762900898233056
0.0027247662656009197
0.002700553275644779
0.002654565731063485
0.0026315110735595226
0.0026961106341332197
0.0027136767748743296
0.002636567922309041
0.0025672458577901125
0.0025319592095911503
0.002513076178729534
0.0025185050908476114
0.002483936958014965
0.0024753131438046694
0.0024392104241997004
0.0024219125043600798
0.002409180859103799
0.002395259216427803
0.0023914515040814877
0.002370642265304923
0.0023565085139125586
0.002344793640077114
0.0023362759966403246
0.002402053214609623
0.0024165157228708267
0.0023929355666041374
0.002367269480600953
0.002378259552642703
0.002360487589612603
0.002319405088201165
0.0022868935484439135
0.002259138273075223
0.0022512716241180897
0.002231938997283578
0.002208417048677802
0.002200767397880554
0.002194448607042432
0.00219136755913496
0.002176202367991209
0.002162112155929208
0.002151354681700468
0.002149430103600025
0.0021416456438601017
0.0021355084609240294
0.00211950670927763
0.0021236834581941366
0.002117869444191456
0.0021000371780246496
0.002099021105095744
0.002106635831296444
0.002090990310534835
0.0021031966898590326
0.0020923390984535217
0.002073371782898903
0.0020611786749213934
0.0020494309719651937
0.0020355486776679754
0.00201907055452466
0.002017056569457054
0.0020091067999601364
0.0019923478830605745
0.0019789959769695997
0.001967249670997262
0.0019537881016731262
0.001941636553965509
0.001986757153645158
0.0020256435964256525
0.0019404684426262975
0.0019524362869560719
0.0019468559185042977
0.0019241091795265675
0.0019153349567204714
0.0018833082867786288
0.0018820781260728836
0.0018675930332392454
0.0018623596988618374
0.0018422791035845876
0.0018352119950577617
0.0018203468061983585
0.0018130579264834523
0.0018085796618834138
0.0018007275648415089
0.0018025231547653675
0.0017953072674572468
0.0017826308030635118
0.0017705216305330396
0.001757096266373992
0.001754687400534749
0.0017444547265768051
0.001761800260283053
0.0017556063830852509
0.001726055983453989
0.0017126869643107057
0.0017096783267334104
0.0016989650903269649
0.0016919439658522606
0.0016797862481325865
0.0016773786628618836
0.001662969938479364
0.0016597456997260451
0.0016500988276675344
0.001641367096453905
0.0016397219151258469
0.0016290873754769564
0.0016201980179175735
0.0016117760678753257
0.0016028493409976363
0.0015977045986801386
0.0015887708868831396
0.0015847511822357774
0.0015737439971417189
0.001569432788528502
0.001559341442771256
0.0015703120734542608
0.0015605263179168105
0.0015529722440987825
0.0015447504119947553
0.0015415471279993653
0.0015339386882260442
0.0015325163258239627
0.001534691546112299
0.001536183524876833
0.0015311966417357326
0.0015248421113938093
0.0015173782594501972
0.0015125464415177703
0.0015065650222823024
0.0015026265755295753
0.001501553924754262
0.001497520599514246
0.0014911716571077704
0.0014870456652715802
0.0014782832004129887
0.0014833665918558836
0.0014800078934058547
0.0014739836333319545
0.0014684820780530572
0.0014647269854322076
0.0014601548900827765
0.0014572205254808068
0.0014532009372487664
0.0014474955387413502
0.0014437709469348192
0.00144018919672817
0.001436360296793282
0.0014318390749394894
0.001429162104614079
0.0014243886107578874
0.001422433415427804
0.001418618718162179
0.001412793411873281
0.0014115087687969208
0.0014101846609264612
0.0014039739035069942
0.0014002863317728043
0.0013956862967461348
0.0013922734651714563
0.0013894622679799795
0.0013860990293323994
0.001384739181958139
0.0013838266022503376
0.0013809303054586053
0.0013777591520920396
0.0013735821703448892
0.0013663556892424822
0.0013638869859278202
0.001356802531518042
0.001354861888103187
0.0013505626702681184
0.0013454541331157088
0.0013417814625427127
0.0013395509449765086
0.0013371751410886645
0.0013330158544704318
0.0013288159389048815
0.0013246557209640741
0.001322218799032271
0.0013192914193496108
0.001317014335654676
0.0013164114207029343
0.0013121612137183547
0.0013078432530164719
0.0013025045627728105
0.0012982023181393743
0.0012936090352013707
0.0012899425346404314
0.0012852991931140423
0.0012846285244449973
0.0012836004607379436
0.0012794487411156297
0.0012735718628391623
0.0012684464454650879
0.0012644192902371287
0.001261041034013033
0.0012573680141940713
0.0012567329686135054
0.0012532523833215237
0.0012468516360968351
0.0012461022706702352
0.0012396587990224361
0.0012356552761048079
0.001232491689734161
0.001230168156325817
0.0012432958465069532
0.0012307350989431143
0.0012338728411123157
0.0012380721746012568
0.0012286793207749724
0.0012200039345771074
0.0012169561814516783
0.0012107857037335634
0.0012046564370393753
0.0011971858330070972
0.0011937962844967842
0.0011867039138451219
0.001184377004392445
0.0011822511442005634
0.0011799067724496126
0.0011796192266047
0.001177999540232122
0.0011757012689486146
0.001173508819192648
0.0011716221924871206
0.0011705821380019188
0.0011684653582051396
0.0011658698786050081
0.0011634563561528921
0.0011627937201410532
0.0011591733200475574
0.0011556261451914907
0.00115474674385041
0.001152946031652391
0.0011503980495035648
0.0011486995499581099
0.001147703849710524
0.0011443671537563205
0.0011438779765740037
0.0011411140440031886
0.0011393448803573847
0.0011379924835637212
0.0011351890861988068
0.0011342987418174744
0.0011318435426801443
0.0011312230490148067
0.0011281121987849474
0.0011259932070970535
0.0011236744467169046
0.0011225019115954638
0.0011291245464235544
0.0011238426668569446
0.0011262674815952778
0.0011231480166316032
0.0011184060713276267
0.00111396424472332
0.00111193407792598
0.0011081626871600747
0.0011066306615248322
0.001105034607462585
0.0011021579848602414
0.0011081447592005134
0.0011068645399063826
0.0011018415680155158
0.0010977506171911955
0.001094834879040718
0.0010931837605312467
0.001089543104171753
0.0010868492536246777
0.0010858408641070127
0.0010848863748833537
0.0010816146386787295
0.0010787658393383026
0.0010762708261609077
0.001077332766726613
0.0010753987589851022
0.0010720567079260945
0.0010705083841457963
0.0010676184901967645
0.0010652830824255943
0.0010627025039866567
0.0010592823382467031
0.0010570184094831347
0.0010599325178191066
0.0010576557833701372
0.0010540671646595001
0.001050829654559493
0.0010487703839316964
0.0010455999290570617
0.0010434945579618216
0.0010414322605356574
0.0010397558799013495
0.0010383749613538384
0.0010345857590436935
0.0010337488492950797
0.0010324619943276048
0.0010294477688148618
0.001026251120492816
0.0010248003527522087
0.0010227793827652931
0.0010205550352111459
0.0010208996245637536
0.001018394948914647
0.0010156988864764571
0.0010141870006918907
0.0010109416907653213
