0.6982749104499817
0.6629534363746643
0.6292102932929993
0.5880600214004517
0.5503801703453064
0.5137350559234619
0.4812861680984497
0.45598918199539185
0.4325611889362335
0.41847938299179077
0.40848058462142944
0.3998052775859833
0.39232775568962097
0.3854306936264038
0.3795633912086487
0.3756904602050781
0.37186485528945923
0.3664071261882782
0.36122000217437744
0.3563990294933319
0.35215213894844055
0.3471124470233917
0.34222832322120667
0.33816787600517273
0.3341248035430908
0.3306815028190613
0.32959458231925964
0.32676994800567627
0.32321202754974365
0.3195893168449402
0.31649893522262573
0.31445014476776123
0.3115883767604828
0.31061112880706787
0.30748510360717773
0.30965498089790344
0.31028470396995544
0.3019615411758423
0.29907897114753723
0.29514822363853455
0.294337660074234
0.29229992628097534
0.29022523760795593
0.2876194417476654
0.28638744354248047
0.28439491987228394
0.28250154852867126
0.28098297119140625
0.2802560031414032
0.2776925265789032
0.27699369192123413
0.27485963702201843
0.27303460240364075
0.2712552547454834
0.27364495396614075
0.2766920328140259
0.2694532871246338
0.26719558238983154
0.2647855281829834
0.26281148195266724
0.2609153687953949
0.2591260075569153
0.25771304965019226
0.25577622652053833
0.2549358308315277
0.25287124514579773
0.25096845626831055
0.24959300458431244
0.24836483597755432
0.24720796942710876
0.24631039798259735
0.24449849128723145
0.2431577444076538
0.24017688632011414
0.23938097059726715
0.23633946478366852
0.23609568178653717
0.2333732694387436
0.23094956576824188
0.22872649133205414
0.2270078808069229
0.22709053754806519
0.23074625432491302
0.23069575428962708
0.223208487033844
0.22052209079265594
0.21814663708209991
0.21560600399971008
0.2123955637216568
0.21180741488933563
0.21024195849895477
0.20792321860790253
0.2057904452085495
0.20388606190681458
0.20178622007369995
0.1998101770877838
0.20428462326526642
0.2008453756570816
0.19886259734630585
0.19596824049949646
0.2018343210220337
0.2070964276790619
0.19563862681388855
0.1911696344614029
0.18970075249671936
0.18726886808872223
0.18945547938346863
0.1851678490638733
0.18328195810317993
0.18168480694293976
0.17937491834163666
0.18029989302158356
0.17839929461479187
0.1810234934091568
0.18127991259098053
0.1766369789838791
0.17445217072963715
0.172541543841362
0.17159655690193176
0.17210708558559418
0.16944080591201782
0.1680777668952942
0.16485479474067688
0.16381646692752838
0.16423915326595306
0.16197624802589417
0.1655040681362152
0.18131141364574432
0.16951629519462585
0.1622961312532425
0.1573783904314041
0.15436288714408875
0.15187595784664154
0.150105819106102
0.15040874481201172
0.14652571082115173
0.14539989829063416
0.1434893012046814
0.14170196652412415
0.1414363980293274
0.14672844111919403
0.1464821696281433
0.14864391088485718
0.14636194705963135
0.14070622622966766
0.13985829055309296
0.13697095215320587
0.13480964303016663
0.132679283618927
0.13091275095939636
0.1300351321697235
0.12830325961112976
0.12749220430850983
0.1262207329273224
0.12515683472156525
0.12477097660303116
0.12328316271305084
0.12312527000904083
0.12119446694850922
0.12071485817432404
0.12418107688426971
0.12080487608909607
0.11858674883842468
0.11920943111181259
0.11805027723312378
0.11626482754945755
0.11284062266349792
0.11132718622684479
0.10941480100154877
0.10848353803157806
0.10731734335422516
0.1070939302444458
0.10438685864210129
0.10262490063905716
0.10405869036912918
0.10073235630989075
0.098949134349823
0.09660041332244873
0.1081957146525383
0.11603939533233643
0.12030139565467834
0.10924047231674194
0.1011485904455185
0.096453458070755
0.09486602246761322
0.09686793386936188
0.09362547844648361
0.09124598652124405
0.08893632143735886
0.0947641134262085
0.09064405411481857
0.08857912570238113
0.09009257704019547
0.08658585697412491
0.08457165211439133
0.08343435078859329
0.08276751637458801
0.08182239532470703
0.0811900943517685
0.08062869310379028
0.08003339171409607
0.07969862222671509
0.07908644527196884
0.07865176349878311
0.07828960567712784
0.07790610939264297
0.07721161842346191
0.07684067636728287
0.076805979013443
0.08142495155334473
0.08159176260232925
0.07905537635087967
0.07712877541780472
0.07579927146434784
0.07540544122457504
0.07528125494718552
0.07445736974477768
0.07536747306585312
0.07526327669620514
0.07741047441959381
0.07627929002046585
0.07445858418941498
0.07277434319257736
0.07201583683490753
0.0716269314289093
0.07108695060014725
0.07080318033695221
0.07015210390090942
0.0725872665643692
0.07143314927816391
0.07057397067546844
0.0695609524846077
0.06907197833061218
0.06849055737257004
0.06814134865999222
0.06884472072124481
0.06957029551267624
0.06778603792190552
0.06728599965572357
0.07275283336639404
0.07163757085800171
0.069043830037117
0.06779000908136368
0.06644602119922638
0.06571249663829803
0.06533095985651016
0.06475027650594711
0.06434958428144455
0.06405516713857651
0.06539890915155411
0.06518594920635223
0.06403569877147675
0.06334055215120316
0.06300519406795502
0.06272391229867935
0.06223028525710106
0.06183929741382599
0.06156832352280617
0.06120135262608528
0.06118389219045639
0.06115281209349632
0.06072783097624779
0.06015007570385933
0.05975783243775368
0.05957227945327759
0.05927916616201401
0.05905797705054283
0.05882944539189339
0.058629028499126434
0.0583147294819355
0.058208368718624115
0.05804431438446045
0.05772892385721207
0.057515766471624374
0.05707789957523346
0.05683528259396553
0.05667385831475258
0.0564139187335968
0.05612889677286148
0.05594274401664734
0.055753886699676514
0.05596902593970299
0.0561135970056057
0.055616945028305054
0.055430226027965546
0.05507459118962288
0.05484878644347191
0.05472772568464279
0.0566931813955307
0.057038724422454834
0.05504879727959633
0.05536847561597824
0.055632054805755615
0.056155622005462646
0.05474066734313965
0.054332103580236435
0.0540609136223793
0.053940605372190475
0.05363515391945839
0.053310416638851166
0.05315759405493736
0.053035296499729156
0.05280021205544472
0.052623450756073
0.05246814340353012
0.05297129601240158
0.053815193474292755
0.05281746760010719
0.05302644893527031
0.05221046134829521
0.051859043538570404
0.05169863626360893
0.05144315958023071
0.05126792564988136
0.05111243948340416
0.05113747715950012
0.050838589668273926
0.05078189820051193
0.050705116242170334
0.050435248762369156
0.050589147955179214
0.05008687824010849
0.05023173615336418
0.05053829774260521
0.05022668093442917
0.04995165020227432
0.0497664138674736
0.04950203001499176
0.04932764545083046
0.04924054816365242
0.04905971139669418
0.049354925751686096
0.05010151490569115
0.04958042502403259
0.04996330663561821
0.05022410303354263
0.04965011402964592
0.04909816011786461
0.04898739606142044
0.05050469562411308
0.050100892782211304
0.0485542006790638
0.048064857721328735
0.04757134988903999
0.04731399193406105
0.047080494463443756
0.04682678356766701
0.04668079689145088
0.046514250338077545
0.04642873257398605
0.04623594507575035
0.04604122042655945
0.045956455171108246
0.04594554007053375
0.04565516114234924
0.04562002792954445
0.045459356158971786
0.045439839363098145
0.045275431126356125
0.04695884883403778
0.04565230384469032
0.04558340832591057
0.04502352699637413
0.04499820992350578
0.04476652666926384
0.04462546855211258
0.045460041612386703
0.057041577994823456
0.05058462545275688
0.04576829448342323
0.04545624926686287
0.044775862246751785
0.04431094601750374
0.04398418590426445
0.043621085584163666
0.0436556339263916
0.04360665753483772
0.04329264909029007
0.04304224252700806
0.04284827783703804
0.042748671025037766
0.0426662340760231
0.042475029826164246
0.042359814047813416
0.042284175753593445
0.04223497584462166
0.04230165854096413
0.04211592301726341
0.042004577815532684
0.042014118283987045
0.04190678894519806
0.041867464780807495
0.04179026558995247
0.041830867528915405
0.041754864156246185
0.041656818240880966
0.04160270467400551
0.04145174100995064
0.04144460707902908
0.04142899438738823
0.04162389412522316
0.041850365698337555
0.04172065109014511
0.041439905762672424
0.041354935616254807
0.04118466377258301
0.041435956954956055
0.04270558059215546
0.04203521087765694
0.041402969509363174
0.04120870679616928
0.04109884798526764
0.04081009328365326
0.04063495621085167
0.04044320806860924
0.040325894951820374
0.04021746292710304
0.04009921848773956
0.040478795766830444
0.04054747521877289
0.04017181694507599
0.039965543895959854
0.03965722769498825
0.03957553580403328
0.039633817970752716
0.039464179426431656
0.039317093789577484
0.03917562961578369
0.039160121232271194
0.0391400046646595
0.03898166865110397
0.03894425183534622
0.03893858194351196
0.03875618800520897
0.03874731436371803
0.03867919743061066
0.03857510909438133
0.03846956416964531
0.038426436483860016
0.03834784775972366
0.038231011480093
0.03818938881158829
0.03813900053501129
0.03805721551179886
0.03799176961183548
0.03792431950569153
0.03785994276404381
0.03778008744120598
0.037808045744895935
0.03767180070281029
0.037671662867069244
0.03764877840876579
0.03755812346935272
0.03745254501700401
0.03748796880245209
0.037441860884428024
0.03736571595072746
0.037274591624736786
0.037183310836553574
0.037227850407361984
0.037246160209178925
0.03711983934044838
0.03704136610031128
0.0369567945599556
0.03692658245563507
0.036865659058094025
0.03679334372282028
0.03672891482710838
0.03666535019874573
0.0366215854883194
0.036530934274196625
0.036531366407871246
0.036413032561540604
0.03630642965435982
0.03636687248945236
0.03628680855035782
0.03623204678297043
0.03632013499736786
0.03609829768538475
0.03604627028107643
0.03603067249059677
0.0359126441180706
0.03606882318854332
0.0361110158264637
0.03590546175837517
0.03585908189415932
0.035817332565784454
0.035818155854940414
0.03573419153690338
0.0356757827103138
0.03564729541540146
0.035610102117061615
0.035568833351135254
0.03560298681259155
0.03554467111825943
0.035501766949892044
0.035466551780700684
0.035490602254867554
0.03544588014483452
0.03539624065160751
0.035358525812625885
0.03533859923481941
0.035329531878232956
0.035287145525217056
0.03525340557098389
0.03521769121289253
0.03520241007208824
0.03519095852971077
0.035166218876838684
0.03518621623516083
0.03516552597284317
0.035136520862579346
0.03507440537214279
0.03501000627875328
0.03500042483210564
0.03495986387133598
0.0349348746240139
0.03489656746387482
0.03487670049071312
0.03484320640563965
0.03484608232975006
0.03481002897024155
0.03477409482002258
0.03477340191602707
0.03476090356707573
0.03478962182998657
0.03483361750841141
0.03476221486926079
0.03468860685825348
0.03463757410645485
0.03460268676280975
0.03455868363380432
0.03454819321632385
0.03450113162398338
0.03450018912553787
0.03447501361370087
0.03443741053342819
0.03441266715526581
0.03437430411577225
0.03435184061527252
0.034302663058042526
0.03427186608314514
0.03425808995962143
0.034230150282382965
0.034197621047496796
0.03419192135334015
0.03427772596478462
0.03421187773346901
0.03413919359445572
0.03409913182258606
0.03403850644826889
0.03401738032698631
0.0340021550655365
0.03401440754532814
0.03399984538555145
0.03395908325910568
0.03398766741156578
0.03394719958305359
0.03388829156756401
0.0338369719684124
0.03381999582052231
0.0338003896176815
0.03374076634645462
0.0337042361497879
0.03366199508309364
0.03365584835410118
0.03361821547150612
0.03359413519501686
0.03356516361236572
0.03352903202176094
0.03353897109627724
0.03350996598601341
0.03347267210483551
0.033447932451963425
0.03349362313747406
0.0334726981818676
0.03343968838453293
0.03333768993616104
0.03332710266113281
0.033275146037340164
0.03324753791093826
0.03325572982430458
0.03319237008690834
0.03314954414963722
0.033200666308403015
0.03318769484758377
0.03314850851893425
0.033111508935689926
0.033100519329309464
0.03308773785829544
0.03307638317346573
0.03303508833050728
0.03306740149855614
0.03304850310087204
0.03304075822234154
0.03301884979009628
0.03301054984331131
0.03297140449285507
0.032975465059280396
0.032954152673482895
0.03295080363750458
0.03299383819103241
0.03294791653752327
0.03293909132480621
