0.7822513580322266
0.537918746471405
0.4717968702316284
0.4468744993209839
0.4083589017391205
0.37031444907188416
0.34740957617759705
0.32378089427948
0.31553569436073303
0.3128746449947357
0.2993582487106323
0.29118794202804565
0.27404335141181946
0.26328906416893005
0.2528254985809326
0.2431025356054306
0.23646070063114166
0.22785530984401703
0.22107835114002228
0.21278490126132965
0.20623663067817688
0.23452028632164001
0.22474965453147888
0.2004530280828476
0.1970924735069275
0.2038385272026062
0.20115095376968384
0.19377556443214417
0.1854657381772995
0.17312003672122955
0.169295534491539
0.16090057790279388
0.16913948953151703
0.16528423130512238
0.15942227840423584
0.15469485521316528
0.13840702176094055
0.14732731878757477
0.14121131598949432
0.12657998502254486
0.12266398221254349
0.11724552512168884
0.12643060088157654
0.11418860405683517
0.10790851712226868
0.10280916839838028
0.11366883665323257
0.17657415568828583
0.16589941084384918
0.13328249752521515
0.11259078979492188
0.09920165687799454
0.09207861870527267
0.08572264760732651
0.08158281445503235
0.07497325539588928
0.07244269549846649
0.07373262196779251
0.06627053767442703
0.0651840940117836
0.05991333723068237
0.057447873055934906
0.05459614470601082
0.0521000474691391
0.05243575945496559
0.04913722723722458
0.04817679896950722
0.04471025988459587
0.04280173406004906
0.041048988699913025
0.03956860676407814
0.03845851495862007
0.03601735085248947
0.03715429827570915
0.0368124283850193
0.03292926773428917
0.03088618628680706
0.029367147013545036
0.02811381407082081
0.0267131756991148
0.024900462478399277
0.024099713191390038
0.022709602490067482
0.02086367830634117
0.019786911085247993
0.018424727022647858
0.01760684885084629
0.01640564389526844
0.015332609415054321
0.014386441558599472
0.019014807417988777
0.01660432480275631
0.015431411564350128
0.015985719859600067
0.015432817861437798
0.013469154946506023
0.01086960919201374
0.01204667054116726
0.010188290849328041
0.008703123778104782
0.009391658008098602
0.007705948315560818
0.006867735646665096
0.006435435730963945
0.005833933129906654
0.005452452227473259
0.00537102622911334
0.005040195304900408
0.005952680949121714
0.005001399200409651
0.004533237311989069
0.0047034951858222485
0.004357688594609499
0.004107815213501453
0.003927934914827347
0.004638568498194218
0.005044523626565933
0.004223659634590149
0.0036638430319726467
0.005692649632692337
0.003858762327581644
0.003883970435708761
0.003421312663704157
0.003243412123993039
0.003485657274723053
0.003492480842396617
0.0030990128871053457
0.003901631338521838
0.003246404929086566
0.003357555950060487
0.002934020245447755
0.002866606693714857
0.002773588988929987
0.0027009027544409037
0.0026213007513433695
0.002616912592202425
0.0025357811246067286
0.0024534903932362795
0.0024212494026869535
0.002354646334424615
0.0023235261905938387
0.0022803775500506163
0.002231395337730646
0.0021967198699712753
0.0021420272532850504
0.0021004455629736185
0.002077324315905571
0.0020463750697672367
0.0020189406350255013
0.001975951250642538
0.002185315126553178
0.0020290801767259836
0.0018917411798611283
0.0019704250153154135
0.00201472663320601
0.0018758081132546067
0.0018489264184609056
0.001827879692427814
0.001789515488781035
0.0017029456794261932
0.0016831699758768082
0.0016305294120684266
0.0015969198429957032
0.001593173248693347
0.001567241968587041
0.0015266292029991746
0.0014894200721755624
0.0014798811171203852
0.0014523838181048632
0.0014233732363209128
0.001397494925186038
0.0013777778949588537
0.0013602556427940726
0.0013548259157687426
0.0013363448670133948
0.001308426377363503
0.001285380800254643
0.0013113024178892374
0.0012567490339279175
0.0013328080531209707
0.0012933070538565516
0.0013330334331840277
0.001315457047894597
0.001325103803537786
0.0012732179602608085
0.0012045357143506408
0.0011726701632142067
0.0011356293689459562
0.001117730513215065
0.0010908768745139241
0.0010629169410094619
0.0010459107579663396
0.0010296571999788284
0.0010106139816343784
0.0010015637381002307
0.0009771216427907348
0.0009596159216016531
0.0009487540810368955
0.0009345763246528804
0.0009193068253807724
0.0009065028862096369
0.0008933679782785475
0.0008783605881035328
0.0008711791015230119
0.0008601786685176194
0.0008454630151391029
0.0008348552510142326
0.0008223993354476988
0.0008947203168645501
0.0009200096828863025
0.0008311839774250984
0.0007979563670232892
0.0007816869765520096
0.0007736184634268284
0.0007663224823772907
0.000760825932957232
0.0007592607289552689
0.0007504367968067527
0.0007402468472719193
0.0007357662543654442
0.0007306384504772723
0.0007229677285067737
0.0007166099967435002
0.0007105247932486236
0.0007057878538034856
0.000701557204592973
0.0006984113715589046
0.0006954193231649697
0.0006890786462463439
0.0006833508377894759
0.0006793857901357114
0.0006725200219079852
0.000667274056468159
0.0006627198308706284
0.0006567511591129005
0.0006518534501083195
0.0006507241632789373
0.0006473160465247929
0.0006410934729501605
0.0006372258067131042
0.0006294931517913938
0.000625389686319977
0.0006232565501704812
0.0006194217712618411
0.0006140685291029513
0.000612613104749471
0.0006078954320400953
0.0006025915499776602
0.000596213445533067
0.0005919577088207006
0.000587599293794483
0.0005834700423292816
0.0005796990590170026
0.0005745709640905261
0.0005986994947306812
0.0006266787531785667
0.0006186918471939862
0.0006013210513629019
0.0005781374056823552
0.00056475680321455
0.0005567577318288386
0.0005495553486980498
0.0005438775988295674
0.000540464068762958
0.0005344523233361542
0.0005382228991948068
0.0005359293427318335
0.0005262269405648112
0.0005195625708438456
0.0005154911195859313
0.0005109705962240696
0.0005075234221294522
0.0005023066769354045
0.0004992082249373198
0.000496477005071938
0.0004922358202748001
0.0004921813379041851
0.0004899274208582938
0.0004887875402346253
0.00048475965741090477
0.00047755701234564185
0.0004772859101649374
0.00047738663852214813
0.0004698405391536653
0.00046232069144025445
0.00045806507114320993
0.00045385537669062614
0.00045124522875994444
0.0004487455007620156
0.00044516922207549214
0.000442066986579448
0.00043838092824444175
0.00043503870256245136
0.00043131771963089705
0.00042873728671111166
0.00042676934390328825
0.0004232114879414439
0.00042148318607360125
0.0004195213841740042
0.0004150843888055533
0.0004123954859096557
0.0004085682157892734
0.00040595841710455716
0.00040890430682338774
0.0004021624627057463
0.00039893685607239604
0.00039494529482908547
0.0003937569272238761
0.0003915596753358841
0.00038747809594497085
0.0003838330158032477
0.0003820542769972235
0.0003810354392044246
0.0003791071067098528
0.00037693470949307084
0.0003752924967557192
0.00037325636367313564
0.00037211133167147636
0.0003701952809933573
0.000368255830835551
0.0003684991388581693
0.0003671645245049149
0.00036528310738503933
0.0003630827704910189
0.00036153499968349934
0.00036011383053846657
0.00036030885530635715
0.0003587733372114599
0.0003571386623661965
0.0003553249698597938
0.00035773497074842453
0.00037648421130143106
0.00036519861896522343
0.00035802918137051165
0.0003526128130033612
0.0003495274286251515
0.0003472949902061373
0.0003451673546805978
0.00034373681410215795
0.0003418702108319849
0.0003414201200939715
0.00034130862331949174
0.00033896230161190033
0.00033675285521894693
0.00033671577693894506
0.0003353988577146083
0.0003328296297695488
0.00033153186086565256
0.00032961726537905633
0.000328114430885762
0.00032695027766749263
0.00032625047606416047
0.00032438262132927775
0.00032291593379341066
0.000321736530167982
0.00032052138703875244
0.0003202998486813158
0.0003197741461917758
0.0003182269574608654
0.00031611870508641005
0.0003144885995425284
0.0003128376556560397
0.00031170787406153977
0.0003106861258856952
0.0003093948180321604
0.000308297312585637
0.0003067276265937835
0.0003057479625567794
0.0003043904434889555
0.0003057556168641895
0.0003056862624362111
0.00030378304654732347
0.00030194115242920816
0.000299692212138325
0.00029749638633802533
0.00029662851011380553
0.00029542006086558104
0.00029436848126351833
0.00029338133754208684
0.0002914624637924135
0.00029026190168224275
0.000289217074168846
0.000287850882159546
0.00028673585620708764
0.0002853082260116935
0.00028391319210641086
0.0002851505996659398
0.0002837152569554746
0.000282087828963995
0.00028059029136784375
0.0002783224335871637
0.00027775249327532947
0.00027582605252973735
0.00027475442038848996
0.00027361823595128953
0.00027440174017101526
0.0002739404735621065
0.00027178876916877925
0.0002697590971365571
0.0002687372616492212
0.00027081253938376904
0.0002695371222216636
0.00026811426505446434
0.000266726448899135
0.0002645870845299214
0.0002661286562215537
0.000263645953964442
0.0002613448887132108
0.00025961565552279353
0.000259758613537997
0.0002704530779737979
0.0002654388081282377
0.00026271690148860216
0.00025993864983320236
0.00025843133335001767
0.0002570823417045176
0.0002548307238612324
0.00025366595946252346
0.0002516759850550443
0.0002507952740415931
0.00024982981267385185
0.000249120726948604
0.0002485125442035496
0.00024754650075919926
0.0002468251914251596
0.0002457165392115712
0.0002482266863808036
0.00024788256268948317
0.0002461763797327876
0.0002448586164973676
0.00024365757417399436
0.00024281488731503487
0.0002423319238005206
0.0002412034955341369
0.0002462781558278948
0.00025048438692465425
0.0002487791934981942
0.0002464036806486547
0.00024340450181625783
0.0002412605390418321
0.00023968794266693294
0.0002387359127169475
0.00023740892356727272
0.0002365695545449853
0.00023551873164251447
0.00023459483054466546
0.00023369230621028692
0.00023324151698034257
0.00023221790615934879
0.00023144233273342252
0.00023049545416142792
0.0002304225490661338
0.00022996259212959558
0.0002289851981913671
0.00022864592028781772
0.00022860664466861635
0.00022762561275158077
0.00022679973335471004
0.00022602736135013402
0.00022539195197168738
0.00022476728190667927
0.0002243266353616491
0.00022349675418809056
0.000223507231567055
0.00022332822845783085
0.00022267238819040358
0.00022182706743478775
0.000220880116103217
0.00022044999059289694
0.00021987302170600742
0.00021908179041929543
0.00021851500787306577
0.00021818261302541941
0.00021788188314530998
0.0002172573731513694
0.00021645617380272597
0.00021558438311330974
0.00021480546274688095
0.0002140312280971557
0.0002131758228642866
0.00021252008446026593
0.00021270939032547176
0.00021227281831670552
0.0002107947802869603
0.00021016391110606492
0.00020976316591259092
0.00020918175869155675
0.00020964354916941375
0.00020908904843963683
0.00020813847368117422
0.00020708542433567345
0.00020609449711628258
0.00020528127788566053
0.00020472255710046738
0.000203835908905603
0.0002050905313808471
0.00020735323778353631
0.00020836405747104436
0.000205548683879897
0.00020315746951382607
0.0002019448729697615
0.00020080154354218394
0.0001996125211007893
0.00019857400911860168
0.00019778958812821656
0.00019698239339049906
0.00019625353161245584
0.00019555144535843283
0.00019484633230604231
0.00019427799270488322
0.0001935345644596964
0.00019320211140438914
0.00019289310148451477
0.0001924549142131582
0.00019213330233469605
0.0001917528861667961
0.0001914938766276464
0.00019220920512452722
0.00019488866382744163
0.0001944706164067611
0.0001947623968590051
0.00019589941075537354
0.00019672860798891634
0.00019484388758428395
0.0001928293058881536
0.00019175128545612097
0.0001910064893309027
0.0001903489464893937
0.00018976596766151488
0.00018905110482592136
0.00018862597062252462
0.00018819555407389998
0.0001877084723673761
0.0001870655542006716
0.00018659757915884256
0.00018616803572513163
0.0001857879396993667
0.00018543020996730775
0.00018483836902305484
0.00018459728744346648
0.00018414306396152824
0.00018374544742982835
0.0001832708076108247
0.0001829593675211072
0.00018265846301801503
0.00018223978986497968
0.00018181664927396923
0.00018142384942620993
0.0001813801791286096
0.00018092554819304496
0.0001804877247195691
0.00018020070274360478
0.00017994157678913325
0.00017937825759872794
0.00017899880185723305
0.00017855818441603333
0.00017822963127400726
0.00017807343101594597
0.00017816343461163342
0.0001779007725417614
0.00017758211470209062
0.00017701269825920463
0.00017631606897339225
0.00017595656390767545
0.000175735549419187
0.0001752577954903245
0.00017492850020062178
0.00017451905296184123
0.00017408680287189782
0.00017375082825310528
0.0001732901146169752
0.00017299436149187386
0.0001726093323668465
0.00017222554015461355
0.00017181524890474975
0.00017149880295619369
0.00017117678362410516
0.00017074703646358103
0.00017071397451218218
0.00017110933549702168
0.0001715359976515174
0.00017111470515374094
0.00017061916878446937
0.00016972261073533446
0.00016924511874094605
0.00016867797239683568
0.0001697736297501251
0.00016948312986642122
0.00016916250751819462
0.00016847462393343449
0.00016779777070041746
0.00016723916633054614
0.0001665330200921744
0.00016588944708928466
0.00016528803098481148
0.00016491081623826176
0.0001643714786041528
0.00016396123101003468
0.00016360910376533866
0.00016315952234435827
0.0001628724130569026
