0.5674644708633423
0.44505438208580017
0.39841094613075256
0.36810144782066345
0.3442279100418091
0.3280680179595947
0.3112962543964386
0.2985389828681946
0.2864590585231781
0.2774432599544525
0.2711106538772583
0.2585006654262543
0.2562357187271118
0.2436334192752838
0.23528225719928741
0.22994571924209595
0.22883038222789764
0.21797503530979156
0.2105921059846878
0.2096431404352188
0.2053125947713852
0.20006173849105835
0.1917567253112793
0.1874399334192276
0.22146140038967133
0.19471150636672974
0.1753486692905426
0.174293652176857
0.1676940619945526
0.15697342157363892
0.15062282979488373
0.1422804296016693
0.1587437093257904
0.15278755128383636
0.13733424246311188
0.12750524282455444
0.12422681599855423
0.11910323798656464
0.11249670386314392
0.10532359033823013
0.09883398562669754
0.09611727297306061
0.09880053997039795
0.12505224347114563
0.11203400045633316
0.0937713086605072
0.0900397002696991
0.08433637022972107
0.16345633566379547
0.11423898488283157
0.10223588347434998
0.0779956579208374
0.07094778120517731
0.06871556490659714
0.06502225995063782
0.06155707314610481
0.05554894357919693
0.05362126976251602
0.053904395550489426
0.04823625460267067
0.04470708593726158
0.04650358855724335
0.044069137424230576
0.040120359510183334
0.037282947450876236
0.03553056716918945
0.03304124251008034
0.030924661085009575
0.030484437942504883
0.028754670172929764
0.03342008590698242
0.040367983281612396
0.026602646335959435
0.026901250705122948
0.022966718301177025
0.021897070109844208
0.02039841189980507
0.018398970365524292
0.016877012327313423
0.016039704903960228
0.015204370021820068
0.033844828605651855
0.01927424967288971
0.016878031194210052
0.013892138376832008
0.012588763609528542
0.011743740178644657
0.010629351250827312
0.010039624758064747
0.009702020324766636
0.009051324799656868
0.008452839218080044
0.00816460233181715
0.008626680821180344
0.007998615503311157
0.00725623918697238
0.006750352680683136
0.006465388927608728
0.006113845854997635
0.0058005191385746
0.0057328203693032265
0.005292405840009451
0.005096328444778919
0.004890650976449251
0.004932574927806854
0.0045296382158994675
0.004426055587828159
0.004462846554815769
0.0046264794655144215
0.004312558565288782
0.003938492853194475
0.0037423402536660433
0.003614285262301564
0.003537495620548725
0.0034891399554908276
0.0033767828717827797
0.0033515223767608404
0.003248142311349511
0.003199540078639984
0.0031597993802279234
0.003224432235583663
0.0030343516264110804
0.003027696628123522
0.003035410540178418
0.002974974224343896
0.0028533118311315775
0.0028955114539712667
0.0029237279668450356
0.002943399827927351
0.003201231127604842
0.002763536758720875
0.002626810222864151
0.0026073534972965717
0.002591890748590231
0.0025088652037084103
0.002443193458020687
0.0024380581453442574
0.002391290385276079
0.0023169205524027348
0.002255575265735388
0.002272740937769413
0.0021525511983782053
0.002174127148464322
0.002149587031453848
0.002175572793930769
0.002028478542342782
0.002095564268529415
0.00201056688092649
0.0019586761482059956
0.0019135508919134736
0.0018676959443837404
0.0018692287849262357
0.0018270389409735799
0.0017918975790962577
0.001763843116350472
0.0017715092981234193
0.0017662316095083952
0.0017146995523944497
0.0016913264989852905
0.0016547547420486808
0.0016204181592911482
0.001588938059285283
0.0026734888087958097
0.0017796970205381513
0.0016178960213437676
0.0015401521231979132
0.0015138299204409122
0.0014767589746043086
0.0014602062292397022
0.0014077501837164164
0.0013819081941619515
0.0013472054852172732
0.001328654121607542
0.0013299883576110005
0.0013112234883010387
0.0013356198323890567
0.001342558884061873
0.001273005036637187
0.0012455834075808525
0.011162819340825081
0.004028119146823883
0.0031225525308400393
0.0032333636190742254
0.0017346409149467945
0.0013526432448998094
0.0013874223222956061
0.001374437240883708
0.0013233063509687781
0.0011962371645495296
0.001123954076319933
0.0010573078179731965
0.0010418604360893369
0.0010159141384065151
0.0009877142729237676
0.0009807312162593007
0.002856040373444557
0.001469803974032402
0.00126465258654207
0.000975779490545392
0.0009156757150776684
0.000886564957909286
0.0008971650968305767
0.0009109677048400044
0.0008572606602683663
0.0008353049051947892
0.0008075006189756095
0.0007934393943287432
0.0007819202728569508
0.0007804962806403637
0.0007626956212334335
0.0007645246805623174
0.0007361837197095156
0.0007319329306483269
0.0007389832753688097
0.0007348859799094498
0.0007430894183926284
0.0007286969339475036
0.0007156821666285396
0.0007059425697661936
0.0007014291477389634
0.00069426279515028
0.0006877409759908915
0.000681993318721652
0.0006822732393629849
0.000672508729621768
0.0006709271692670882
0.0006662287632934749
0.0006626024842262268
0.000651606940664351
0.0006617677863687277
0.0006494904519058764
0.0006430064095184207
0.0006383322761394083
0.0006339126848615706
0.0006323096458800137
0.000627986853942275
0.0006229101563803852
0.0006218391354195774
0.0006140733021311462
0.0006101278704591095
0.0006051273085176945
0.0006059936713427305
0.000599446939304471
0.0005955148953944445
0.0005909634055569768
0.000592355674598366
0.0005831170128658414
0.0005798857309855521
0.0005807018023915589
0.0005758071201853454
0.0005705516668967903
0.0005688592791557312
0.0005637781578116119
0.0005624590557999909
0.0005568325286731124
0.0005602849996648729
0.0005504856235347688
0.0005471815238706768
0.0005456980434246361
0.0005371323204599321
0.0005358749185688794
0.0005305932718329132
0.000530279939994216
0.000526128918863833
0.0005238488083705306
0.0005202770698815584
0.0005158170242793858
0.0005131197976879776
0.0006480544107034802
0.0006484665791504085
0.0005506867892108858
0.0005232837283983827
0.0005044104182161391
0.0004985519335605204
0.0004932783194817603
0.0004910564748570323
0.0004840047040488571
0.00048053887439891696
0.0004784395277965814
0.0005994898965582252
0.0010613631457090378
0.0006866390467621386
0.0005361328367143869
0.0004944077809341252
0.00046459122677333653
0.00045435343054123223
0.0004524565883912146
0.000591290823649615
0.0006148870452307165
0.000493893341626972
0.0004590585012920201
0.000440784206148237
0.00043622212251648307
0.00043240157538093626
0.0004267351469025016
0.00042172172106802464
0.00041794113349169493
0.00041783013148233294
0.00041288096690550447
0.0004117637872695923
0.0004045047389809042
0.0004050825082231313
0.00040541228372603655
0.0004006962990388274
0.0003983867645729333
0.00039257536991499364
0.0003889870713464916
0.0003908254730049521
0.0003858947893604636
0.00038064148975536227
0.00038074207259342074
0.0003777815727517009
0.00037595105823129416
0.0003749716270249337
0.0003730648895725608
0.0003727552539203316
0.00037341605639085174
0.0003731439937837422
0.0003721496323123574
0.0003683504764921963
0.0004275620449334383
0.0004803913470823318
0.00044624414294958115
0.00041225613676942885
0.00038480135845020413
0.000372973270714283
0.00036431167973205447
0.0003601769858505577
0.00036291684955358505
0.0003849604690913111
0.0003757844096980989
0.00035821754136122763
0.00035212698276154697
0.00034952894202433527
0.0003463649773038924
0.0003448599309194833
0.0003430930955801159
0.0003417368570808321
0.0003405344032216817
0.0003386847674846649
0.0003374299849383533
0.0003364684816915542
0.0003353238571435213
0.000334168755216524
0.00033308222191408277
0.00033138543949462473
0.0003310257743578404
0.00032850474235601723
0.00033266673563048244
0.0003314068599138409
0.0003282800316810608
0.0003257962525822222
0.00032547948649153113
0.00032389169791713357
0.000320641091093421
0.0003273390175309032
0.00033046482712961733
0.00032796923187561333
0.00032190096681006253
0.00032082447432912886
0.00031661184038966894
0.0003160098276566714
0.0003129488613922149
0.0003117091255262494
0.00030960681033320725
0.0003087122750002891
0.0003074952692259103
0.0003057128342334181
0.00030510229407809675
0.00030289945425465703
0.00030191297992132604
0.000300209125271067
0.000299574137898162
0.00029922957764938474
0.00029947166331112385
0.0002957048418466002
0.00029525673016905785
0.0002937543031293899
0.0002932856441475451
0.0002917544334195554
0.0002901261323131621
0.0002884988789446652
0.00028738161199726164
0.000285964721115306
0.0002850810415111482
0.000283760396996513
0.00028386522899381816
0.00028780149295926094
0.0002848427975550294
0.00028093589935451746
0.0002801317605189979
0.0002783814852591604
0.00027702079387381673
0.0002753362350631505
0.00027851664344780147
0.00027336811763234437
0.00027230771956965327
0.000271452940069139
0.0002691444242373109
0.00026964672724716365
0.00026706064818426967
0.0002660809550434351
0.0002665514766704291
0.0002640610618982464
0.0002630874514579773
0.0002621777821332216
0.0002613702672533691
0.0002601550368126482
0.00025906774681061506
0.00025750501663424075
0.00025850898236967623
0.0002560093707870692
0.00025481966440565884
0.00025443703634664416
0.00025424250634387136
0.00025317302788607776
0.00025261755217798054
0.00025173038011416793
0.00025111096329055727
0.0002504330186638981
0.0002500693663023412
0.00024943368043750525
0.0002486805897206068
0.00024813832715153694
0.0002479781105648726
0.00024771768948994577
0.00024707152624614537
0.00024663389194756746
0.00024581936304457486
0.00024488253984600306
0.0002453317283652723
0.000245408940827474
0.00024419743567705154
0.00024337203649338335
0.00024298079370055348
0.00024194110301323235
0.00024135039711836725
0.00024157272127922624
0.0002402245154371485
0.00023968148161657155
0.00023921743559185416
0.00023858202621340752
0.00023802643408998847
0.0002370869624428451
0.00023653471725992858
0.00023628532653674483
0.00023529285681433976
0.00023513387714046985
0.00023444005637429655
0.0002342557709198445
0.00023345727822743356
0.00023298694577533752
0.00023209178471006453
0.00023173623776528984
0.000231013516895473
0.00023167577455751598
0.00023071066243574023
0.0002301584172528237
0.0002288835821673274
0.00022862535843160003
0.0002282134664710611
0.0002275083097629249
0.00022735583479516208
0.0002258179010823369
0.00022524397354573011
0.00022506625100504607
0.0002243178605567664
0.00022384988551493734
0.00022318218543659896
0.0002224847412435338
0.00022185285342857242
0.00022131780860945582
0.00022066771634854376
0.00022047902166377753
0.00021973479306325316
0.00021925770852249116
0.0002191918174503371
0.00021822919370606542
0.00021790704340673983
0.0002175777335651219
0.00021666462998837233
0.00021650212875101715
0.00021554160048253834
0.00021452608052641153
0.0002151274384232238
0.00021458533592522144
0.0002136937400791794
0.00021299882791936398
0.0002122293517459184
0.0002117687399731949
0.00021099791047163308
0.0002102464932249859
0.00021096010459586978
0.00020944580319337547
0.0002082700957544148
0.00020746991503983736
0.00020687274809461087
0.00020635697001125664
0.00020562084682751447
0.00020552317437250167
0.0002046846057055518
0.00020429259166121483
0.00020352813589852303
0.0002034842036664486
0.00020242009486537427
0.00020379085617605597
0.00020310888066887856
0.00020185904577374458
0.00020092219347134233
0.00019979718490503728
0.00019926164532080293
0.00019860791508108377
0.00019792602688539773
0.0001978303916985169
0.00019766585319302976
0.00019799945584964007
0.0001974234910449013
0.0001966526178875938
0.0001964390539797023
0.00019577686907723546
0.0001954839244717732
0.00019532382430043072
0.00019490484555717558
0.0001945520198205486
0.00019437800801824778
0.00019546282419469208
0.0001945041585713625
0.00019419104501139373
0.0001934374449774623
0.00019292981596663594
0.0001923875097418204
0.00019263233116362244
0.0001916761975735426
0.00019147840794175863
0.00019130729197058827
0.00019079979392699897
0.00019035706645809114
0.00019049311231356114
0.00019018481543753296
0.0001895138993859291
0.0001897053880384192
0.00018938526045531034
0.00018869098857976496
0.00018839664699044079
0.00018811662448570132
0.00018928716599475592
0.00018835102673619986
0.00018816225929185748
0.00018760513921733946
0.00018706564151216298
0.00018663426453713328
0.0001861458586063236
0.00018588677630759776
0.00018548453226685524
0.00018519509467296302
0.00018452838412486017
0.00018478640413377434
0.00018478950369171798
0.0001837398885982111
0.00018354650819674134
0.00018312368774786592
0.00018288203864358366
0.00018245898536406457
0.00018201168859377503
0.00018215614545624703
0.00018212600843980908
0.00018143793568015099
0.00018082090537063777
0.00018053788517136127
0.0001800640020519495
0.0001797928853193298
0.00017949116590898484
0.00017959775868803263
0.00017908653535414487
0.00017892256437335163
0.00017848504649009556
0.00017821502115111798
0.00017754576401785016
0.00017730353283695877
0.00017678402946330607
0.00017650463269092143
0.00017601157014723867
0.000175769193447195
0.0001761831226758659
0.00017524170107208192
0.0001747497881297022
0.00017434806795790792
0.00017446698620915413
0.00017365609528496861
0.00017334820586256683
0.00017352651047986
0.00017263938207179308
0.00017308493261225522
0.00017329594993498176
0.00017289171228185296
0.000171813226188533
0.00017137816757895052
0.0001710627693682909
0.00017061637481674552
0.0001700849534245208
0.00016987521667033434
