0.6721885204315186
0.592882513999939
0.53095543384552
0.4792301654815674
0.4312475025653839
0.39505040645599365
0.36889660358428955
0.35371896624565125
0.3491099178791046
0.3331773579120636
0.3288719952106476
0.32408761978149414
0.3143080472946167
0.3059839606285095
0.2993372082710266
0.29610541462898254
0.28997325897216797
0.28201547265052795
0.2783392071723938
0.2731543183326721
0.26657214760780334
0.2619348168373108
0.2573610246181488
0.2744552791118622
0.27945080399513245
0.2541196048259735
0.24646639823913574
0.24112462997436523
0.24205732345581055
0.23622046411037445
0.23018813133239746
0.22714142501354218
0.22387051582336426
0.21767832338809967
0.2134384959936142
0.21004778146743774
0.20604710280895233
0.20173242688179016
0.20004460215568542
0.19859692454338074
0.19430693984031677
0.19934742152690887
0.1988159418106079
0.1837502419948578
0.1836497038602829
0.1770627200603485
0.172036275267601
0.1683778017759323
0.16549073159694672
0.16025598347187042
0.1604452133178711
0.15577642619609833
0.1479407548904419
0.14430339634418488
0.14051386713981628
0.1401391476392746
0.13558708131313324
0.13091057538986206
0.12702976167201996
0.12769801914691925
0.12175077199935913
0.11986098438501358
0.11833655834197998
0.11959008127450943
0.12764713168144226
0.12094201892614365
0.11202028393745422
0.10965469479560852
0.10274334251880646
0.10178804397583008
0.09734974801540375
0.0933249369263649
0.09003246575593948
0.09359720349311829
0.08985309302806854
0.08585763722658157
0.08227735012769699
0.09894564747810364
0.0993649810552597
0.08064042031764984
0.07708166539669037
0.08153771609067917
0.07304804772138596
0.0689556896686554
0.06440187245607376
0.06260962039232254
0.06491776555776596
0.06102526932954788
0.06102633848786354
0.05794692039489746
0.055969905108213425
0.06878568232059479
0.06408374756574631
0.06118489056825638
0.05291985720396042
0.05037153884768486
0.04880323261022568
0.04811786115169525
0.07700356096029282
0.076308973133564
0.06295608729124069
0.05813460052013397
0.055881351232528687
0.05073283612728119
0.04533609375357628
0.04281746223568916
0.04004274308681488
0.04930221289396286
0.04756465181708336
0.04369504004716873
0.03848835080862045
0.03566943481564522
0.03448910266160965
0.033416856080293655
0.03319889307022095
0.032465770840644836
0.03474172204732895
0.03243681415915489
0.029663998633623123
0.028767846524715424
0.02842380292713642
0.02753429487347603
0.027400145307183266
0.026744581758975983
0.026061851531267166
0.025629384443163872
0.025274576619267464
0.024734359234571457
0.024758366867899895
0.024382535368204117
0.02423088625073433
0.023403853178024292
0.023082243278622627
0.022549854591488838
0.025586843490600586
0.025084754452109337
0.02334233932197094
0.02207762934267521
0.0212235264480114
0.021776817739009857
0.021497715264558792
0.020312294363975525
0.019989440217614174
0.019701387733221054
0.01913662813603878
0.01888718269765377
0.018746506422758102
0.018322618678212166
0.0183858759701252
0.018209123983979225
0.01773964986205101
0.01736605353653431
0.016996748745441437
0.016895893961191177
0.016483981162309647
0.01597708649933338
0.015680987387895584
0.015347613021731377
0.015056916512548923
0.014820123091340065
0.015114826150238514
0.0147160729393363
0.013894054107367992
0.013769322074949741
0.013910201378166676
0.013028204441070557
0.012683072127401829
0.012477035634219646
0.013005790300667286
0.01226057205349207
0.012045487761497498
0.011446020565927029
0.011078630574047565
0.010844780132174492
0.011987466365098953
0.011948305182158947
0.011021772399544716
0.010030974633991718
0.00970754399895668
0.009431840851902962
0.009050760418176651
0.008855000138282776
0.008966325782239437
0.008518139831721783
0.008440502919256687
0.008295395411550999
0.008303008042275906
0.008011369965970516
0.007602268364280462
0.007529041729867458
0.007117279805243015
0.006910450290888548
0.006898552644997835
0.009833935648202896
0.007509133312851191
0.006786810699850321
0.006502525880932808
0.006170967128127813
0.005925583653151989
0.005808455869555473
0.005690261721611023
0.00550038181245327
0.005418682470917702
0.005296395160257816
0.00527223339304328
0.005171737167984247
0.005140884313732386
0.004959847312420607
0.0048314961604774
0.004700122866779566
0.004586590453982353
0.004603312350809574
0.00447761919349432
0.004362097941339016
0.004247825592756271
0.004142355173826218
0.004899818450212479
0.004295048303902149
0.00412661861628294
0.004009066615253687
0.0039411624893546104
0.003881928278133273
0.005231838673353195
0.0047304281033575535
0.003996675834059715
0.0038928568828850985
0.003712452482432127
0.0036868476308882236
0.0036251377314329147
0.0035591088235378265
0.0035124674905091524
0.0034607667475938797
0.0033926896285265684
0.0034660594537854195
0.0033556586131453514
0.0033088689669966698
0.0032956567592918873
0.0032784556970000267
0.003231373615562916
0.0031887160148471594
0.0031111775897443295
0.003070932812988758
0.003030287567526102
0.002997221890836954
0.004246827680617571
0.0037779996637254953
0.00328780896961689
0.0034925383515655994
0.003092830302193761
0.0030031639616936445
0.0029180017299950123
0.0028672271873801947
0.002804408548399806
0.0027738544158637524
0.0027474146336317062
0.0027037833351641893
0.0028073750436306
0.0027255488093942404
0.0025892434641718864
0.002572514582425356
0.002523288829252124
0.0024910112842917442
0.0024675282184034586
0.0024376476649194956
0.0024106118362396955
0.00239552347920835
0.0023806483950465918
0.002364312531426549
0.0023235627450048923
0.002281381282955408
0.002258525462821126
0.002235795371234417
0.0022286453749984503
0.0022181773092597723
0.002203570678830147
0.0021603149361908436
0.0021200524643063545
0.002095253672450781
0.0020739473402500153
0.0020522242411971092
0.0020282301120460033
0.002009571995586157
0.0019865718204528093
0.0019668079912662506
0.0019443954806774855
0.0019256080267950892
0.0019141929224133492
0.0019481813069432974
0.0019069828558713198
0.0018913558451458812
0.0019055514130741358
0.0019431996624916792
0.0019637434743344784
0.001887803664430976
0.0018253298476338387
0.0017733345739543438
0.0017589414492249489
0.001783626852557063
0.0017318478785455227
0.002041938714683056
0.004235260188579559
0.005077328998595476
0.0037654999177902937
0.002307442482560873
0.002275156555697322
0.0019931476563215256
0.001912624342367053
0.0018190988339483738
0.00175199075601995
0.0017017353093251586
0.001669682445935905
0.001635571476072073
0.0016107483534142375
0.001598787261173129
0.0015936419367790222
0.0015545126516371965
0.0015310171293094754
0.0015144366770982742
0.0015018322737887502
0.0014898799126967788
0.001482342486269772
0.0014875655760988593
0.0014995101373642683
0.001472269301302731
0.0014567666221410036
0.001442679320462048
0.0014340144116431475
0.0014317964669317007
0.0014336443273350596
0.0014237508876249194
0.0014109095791354775
0.0014005341799929738
0.001390984165482223
0.001384585746563971
0.0013745961477980018
0.0013659887481480837
0.0013597470242530107
0.0013505063252523541
0.0013427500380203128
0.0013382862089201808
0.0013309792848303914
0.001327759469859302
0.0013286374742165208
0.0013301894068717957
0.0013321938458830118
0.0013581366511061788
0.001317424699664116
0.0012972699478268623
0.0012854001251980662
0.0012739967787638307
0.0012680812506005168
0.0012605146039277315
0.0012549599632620811
0.0012893254170194268
0.001353158033452928
0.0013018165482208133
0.0012598260072991252
0.0012470893561840057
0.0012384384172037244
0.001224921434186399
0.001221011276356876
0.00121319352183491
0.0012025863397866488
0.0011942203855141997
0.001187109504826367
0.0011795087484642863
0.0011776814935728908
0.0011724208015948534
0.0011806586990132928
0.0011700685136020184
0.0011538600083440542
0.0011452008038759232
0.0011376829352229834
0.0011327939573675394
0.001124685164541006
0.0011259670136496425
0.001124266884289682
0.0011165335308760405
0.0011064026039093733
0.0010992505121976137
0.0010942131048068404
0.0010942029766738415
0.0010862242197617888
0.0010804509511217475
0.0010927937692031264
0.0010925459209829569
0.001073244377039373
0.0010665841400623322
0.0010625974973663688
0.0010535902110859752
0.00104456243570894
0.0010384601773694158
0.001034950721077621
0.0010286993347108364
0.0010227349121123552
0.001019290997646749
0.0010122283129021525
0.0010093438904732466
0.0010026376694440842
0.00099866499658674
0.001005380298011005
0.0010020933113992214
0.0009906780906021595
0.0009886620100587606
0.0009819110855460167
0.000972262118011713
0.0009679641225375235
0.0009609406697563827
0.0009558756137266755
0.0009513426921330392
0.0009528724476695061
0.0009484508191235363
0.0009424655581824481
0.0009378243121318519
0.0009321405086666346
0.0009253847529180348
0.0009224943351000547
0.0009158700122497976
0.0009127961238846183
0.0009103401680476964
0.000908117217477411
0.0009061823948286474
0.0009213967132382095
0.0009397219982929528
0.0009311019675806165
0.000913528201635927
0.0009079516166821122
0.0009046407649293542
0.0008998204139061272
0.0008927624439820647
0.0008892995538190007
0.0008853354374878109
0.0008832645835354924
0.0008802310912869871
0.000880760548170656
0.0008832829189486802
0.000879606930539012
0.0008800537325441837
0.0008697439334355295
0.0008683799533173442
0.000864790054038167
0.0008609124924987555
0.0008576306281611323
0.0008578631677664816
0.0008547687903046608
0.0008511345367878675
0.0008487431332468987
0.000845855160150677
0.0008439365192316473
0.0008454095222987235
0.0008466643048450351
0.0008413149043917656
0.0008371145813725889
0.0008331254357472062
0.0008277593296952546
0.0008257318404503167
0.0008248502854257822
0.000823764712549746
0.0008210850064642727
0.000817986496258527
0.0008176196715794504
0.0008129363995976746
0.0008088696631602943
0.0008058568346314132
0.0008038773667067289
0.0008004754199646413
0.0007980260998010635
0.0008027435396797955
0.0007958165952004492
0.0007923581288196146
0.0007895306334830821
0.0007865593070164323
0.000783745024818927
0.0007882346399128437
0.0008068106253631413
0.0008085056906566024
0.0007877708994783461
0.0007807687507010996
0.0007751474622637033
0.0007701548165641725
0.0007663980359211564
0.0007635382935404778
0.0007605116697959602
0.0007573291659355164
0.0007598864613100886
0.0007545760017819703
0.000751374929677695
0.000749256694689393
0.0007466464303433895
0.0007453642901964486
0.0007557161152362823
0.0007499214261770248
0.0007423579227179289
0.0007387035875581205
0.0007409591344185174
0.0007361582247540355
0.000731463311240077
0.0007278489065356553
0.0007317335694096982
0.0007254176307469606
0.0007245081942528486
0.0007228426402434707
0.0007178785745054483
0.0007153559126891196
0.00071158935315907
0.0007162348483689129
0.0007114870240911841
0.0007055446039885283
0.0007019678014330566
0.0007001528865657747
0.0006994251743890345
0.0006959728198125958
0.0006928005022928119
0.0006904149777255952
0.0006880649598315358
0.000687907449901104
0.0006848927587270737
0.0006819309783168137
0.0006806592573411763
0.0006793187349103391
0.0006781079573556781
0.0006759525276720524
0.0006784775177948177
0.0006781325791962445
0.0006764322170056403
0.000673857401125133
0.0006720743258483708
0.0006702828104607761
0.0006708363653160632
0.0006701083621010184
0.0006677141645923257
0.0006662412779405713
0.0006644531968049705
0.0006631638389080763
0.0006620602798648179
0.0006609425763599575
0.0006596125313080847
0.0006589763215743005
0.0006581043126061559
0.0006565707153640687
0.0006562726921401918
0.0006553128478117287
0.0006548412493430078
0.000654067553114146
0.0006522394251078367
0.0006498965667560697
0.0006490542436949909
0.0006471268134191632
0.0006452375091612339
0.0006444834871217608
0.0006431781221181154
0.0006416575633920729
0.0006412571528926492
0.0006406941101886332
0.0006388555630110204
0.0006376008968800306
0.000636204844340682
0.0006346455775201321
0.0006333712371997535
0.0006321716937236488
0.0006313728517852724
0.000629604677669704
0.0006284397677518427
0.00062754430109635
0.0006259358488023281
0.000624577165581286
0.0006234725005924702
0.0006221227231435478
0.0006211125291883945
0.0006201249780133367
0.0006255044136196375
0.0006332370103336871
0.0006310667959041893
0.0006243756506592035
0.0006227487465366721
0.0006192788132466376
0.000615679076872766
0.0006129740504547954
0.0006107306107878685
0.0006081300089135766
0.000606501242145896
0.0006052575772628188
0.0006037186831235886
0.0006036725826561451
0.0006088246591389179
0.0006090649403631687
0.0006048165378160775
0.0006018852000124753
0.0005998496781103313
0.0005981840076856315
0.0005976578104309738
0.0005958475521765649
0.0005930560291744769
0.0005927121383138001
0.0005895733484067023
0.0005879141390323639
0.0005864025442861021
0.0005844950210303068
0.0005834679468534887
0.0005820466321893036
0.0005810718284919858
0.0005860212258994579
