0.6800092458724976
0.548603355884552
0.4613581895828247
0.40689367055892944
0.37849095463752747
0.3630737066268921
0.3496648967266083
0.3432251513004303
0.3335235118865967
0.33051860332489014
0.32249075174331665
0.31837010383605957
0.31471720337867737
0.3106911778450012
0.3061191439628601
0.30373716354370117
0.3003838360309601
0.2967348098754883
0.2988356351852417
0.29845744371414185
0.2922838032245636
0.28767186403274536
0.28479722142219543
0.28459152579307556
0.28644245862960815
0.28642046451568604
0.2765653133392334
0.27382123470306396
0.27531057596206665
0.2729348838329315
0.26989811658859253
0.26601651310920715
0.268555223941803
0.2669532895088196
0.2647671401500702
0.26009923219680786
0.25611332058906555
0.25439974665641785
0.25241658091545105
0.2503504157066345
0.24829277396202087
0.24630141258239746
0.2502288818359375
0.2462315708398819
0.24508452415466309
0.24204550683498383
0.238259956240654
0.236627459526062
0.25221356749534607
0.2655366063117981
0.2499810755252838
0.2390836477279663
0.23101378977298737
0.22843270003795624
0.22607314586639404
0.22401463985443115
0.22926753759384155
0.22368241846561432
0.21994876861572266
0.21692462265491486
0.2143731564283371
0.21296021342277527
0.21090167760849
0.20849590003490448
0.20646053552627563
0.2058657854795456
0.20397138595581055
0.20157407224178314
0.20153330266475677
0.1991514414548874
0.1969786137342453
0.19978520274162292
0.20002982020378113
0.19436973333358765
0.19226975739002228
0.19114869832992554
0.19104553759098053
0.18710407614707947
0.18481242656707764
0.1818779557943344
0.18048453330993652
0.18467223644256592
0.18544168770313263
0.18260617554187775
0.1885506957769394
0.18661220371723175
0.18039007484912872
0.174068883061409
0.17030583322048187
0.16970960795879364
0.16781041026115417
0.16630147397518158
0.16502968966960907
0.16402973234653473
0.16626518964767456
0.16383910179138184
0.1599365472793579
0.15955278277397156
0.15554159879684448
0.1826612502336502
0.18521064519882202
0.17021863162517548
0.15934838354587555
0.16250894963741302
0.15329474210739136
0.151276633143425
0.14767006039619446
0.14519430696964264
0.14628222584724426
0.1500648856163025
0.14880134165287018
0.14494074881076813
0.1421680450439453
0.13933147490024567
0.13786913454532623
0.13710953295230865
0.13600675761699677
0.13523010909557343
0.13505207002162933
0.13367223739624023
0.13307581841945648
0.1324254870414734
0.13151532411575317
0.13270018994808197
0.1358003318309784
0.1327204406261444
0.13081319630146027
0.12875011563301086
0.13139383494853973
0.1298244148492813
0.12845388054847717
0.12739096581935883
0.1262277215719223
0.12582436203956604
0.12565071880817413
0.1266917735338211
0.12557099759578705
0.12331019341945648
0.12219421565532684
0.120943583548069
0.12069710344076157
0.1193363294005394
0.1211029514670372
0.11944270879030228
0.11797437071800232
0.11693398654460907
0.11661964654922485
0.11739553511142731
0.11559759080410004
0.11754869669675827
0.1149783730506897
0.11751203238964081
0.11514506489038467
0.11352012306451797
0.11177689582109451
0.11214637011289597
0.11149439960718155
0.11069883406162262
0.11465461552143097
0.11293267458677292
0.11148542165756226
0.10888198763132095
0.10863137245178223
0.1084047481417656
0.10846902430057526
0.10869643837213516
0.1067824438214302
0.1080472469329834
0.10873053222894669
0.1056891456246376
0.10296053439378738
0.10175451636314392
0.10073789209127426
0.10033410787582397
0.0994870662689209
0.09946989268064499
0.10029157251119614
0.09907136857509613
0.10425829142332077
0.10803132504224777
0.10522463172674179
0.10338778793811798
0.0980224460363388
0.09644043445587158
0.09611766785383224
0.09508885443210602
0.10180911421775818
0.09924661368131638
0.1030479297041893
0.1079908236861229
0.09537375718355179
0.09374532848596573
0.09089405834674835
0.0897844135761261
0.08962824940681458
0.09065629541873932
0.09117388725280762
0.08864635974168777
0.08954722434282303
0.08855465054512024
0.08652490377426147
0.08892976492643356
0.09013776481151581
0.08579137921333313
0.08486288785934448
0.08330132067203522
0.08261094987392426
0.08162584155797958
0.08331646025180817
0.0833742693066597
0.08257357031106949
0.07995292544364929
0.08088739961385727
0.08041739463806152
0.07940427958965302
0.08184851706027985
0.08028318732976913
0.07896187156438828
0.07808957993984222
0.07754737138748169
0.07688894122838974
0.07639527320861816
0.07598347216844559
0.07571717351675034
0.07546991854906082
0.07625138014554977
0.07583890110254288
0.0750829428434372
0.07512406259775162
0.07514549791812897
0.07430147379636765
0.07385150343179703
0.07345771789550781
0.07402659952640533
0.07490978389978409
0.07323411107063293
0.07299605756998062
0.07346905022859573
0.0730646401643753
0.0723552331328392
0.07185344398021698
0.07196028530597687
0.07252049446105957
0.07213655114173889
0.07129070907831192
0.07084672898054123
0.07049717009067535
0.07011096179485321
0.0699862688779831
0.06959033757448196
0.0696258395910263
0.0692218467593193
0.06890462338924408
0.06879635155200958
0.06850355863571167
0.07000728696584702
0.06915061920881271
0.06810037046670914
0.06774090975522995
0.06744468212127686
0.06711597740650177
0.06700784713029861
0.06651941686868668
0.06641219556331635
0.06622036546468735
0.06635476648807526
0.06565394252538681
0.06555821746587753
0.06576076149940491
0.0658511072397232
0.06594818830490112
0.06589555740356445
0.06625033915042877
0.0662461593747139
0.06481997668743134
0.06426432728767395
0.06411588937044144
0.06428799033164978
0.06360192596912384
0.06362105160951614
0.0632350742816925
0.06294818222522736
0.062498919665813446
0.06254202127456665
0.062288712710142136
0.061835404485464096
0.061593033373355865
0.06125945597887039
0.060980211943387985
0.06339067220687866
0.06430517882108688
0.06477059423923492
0.06417828053236008
0.06231609731912613
0.06141514703631401
0.06078615412116051
0.060152143239974976
0.06000484153628349
0.05935247242450714
0.05916757509112358
0.058789171278476715
0.05898211896419525
0.05958164855837822
0.05862923339009285
0.05826278775930405
0.0579925961792469
0.05779574066400528
0.05833209306001663
0.058161310851573944
0.05739191174507141
0.05768387392163277
0.057623665779829025
0.056930359452962875
0.05662578344345093
0.05638933554291725
0.056485243141651154
0.05694779008626938
0.05673925578594208
0.05632440745830536
0.0560060478746891
0.05656733736395836
0.05645756796002388
0.05609382688999176
0.05593135952949524
0.05700235068798065
0.05722269415855408
0.05673470348119736
0.055992837995290756
0.05547327920794487
0.05535066872835159
0.055078618228435516
0.05477478727698326
0.0545799620449543
0.05445297434926033
0.05427324399352074
0.05419888719916344
0.05425069481134415
0.054030321538448334
0.05386187881231308
0.05405200272798538
0.053984854370355606
0.053687140345573425
0.05367564409971237
0.053717076778411865
0.053722284734249115
0.05357537791132927
0.053379785269498825
0.05334515869617462
0.05366712808609009
0.053520992398262024
0.05318698659539223
0.05405786633491516
0.05383902043104172
0.053371988236904144
0.052957963198423386
0.053253211081027985
0.05361480265855789
0.05310303345322609
0.05267548933625221
0.052415117621421814
0.05211742967367172
0.051961611956357956
0.05177053436636925
0.051621392369270325
0.051774825900793076
0.05219517648220062
0.05178598314523697
0.05141652747988701
0.051224540919065475
0.05107813701033592
0.05097188428044319
0.05082177370786667
0.050984159111976624
0.050892967730760574
0.05083095282316208
0.05058155581355095
0.0504317432641983
0.05038537085056305
0.0504029244184494
0.05073121190071106
0.05049704760313034
0.05022890493273735
0.04995632916688919
0.0498325414955616
0.05000847205519676
0.04982753098011017
0.0503908134996891
0.050772909075021744
0.04998554661870003
0.049638066440820694
0.05007970705628395
0.049871962517499924
0.049617618322372437
0.04926097393035889
0.04961090162396431
0.049056220799684525
0.04885100573301315
0.04870029538869858
0.04852902889251709
0.04840948060154915
0.04830773547291756
0.04820860177278519
0.04809990152716637
0.047982607036828995
0.04796507954597473
0.048022352159023285
0.048083722591400146
0.04788929224014282
0.04794351011514664
0.0478086844086647
0.04766334965825081
0.04745325818657875
0.04739818349480629
0.047322340309619904
0.04730549082159996
0.04723843187093735
0.04723488911986351
0.04734363406896591
0.047445766627788544
0.0473414771258831
0.04716388136148453
0.04699984937906265
0.046931926161050797
0.046767909079790115
0.04669835790991783
0.04667695239186287
0.04660762846469879
0.04653839021921158
0.04648618772625923
0.04640940576791763
0.04643324017524719
0.04642180725932121
0.04634508863091469
0.04631081596016884
0.04628504812717438
0.04623349383473396
0.04628428444266319
0.04615587741136551
0.046090465039014816
0.04607526212930679
0.04601113870739937
0.04595141112804413
0.04595080763101578
0.04585210606455803
0.045788317918777466
0.04575805366039276
0.04567261412739754
0.04571787640452385
0.04573063179850578
0.045771725475788116
0.04567772522568703
0.0455881729722023
0.04554536193609238
0.045458532869815826
0.045419540256261826
0.04541323333978653
0.045318782329559326
0.04528634250164032
0.0452205091714859
0.04515344649553299
0.04509562626481056
0.04502144455909729
0.04501238837838173
0.04492058604955673
0.04489240050315857
0.044828981161117554
0.044779542833566666
0.04472414404153824
0.04467841610312462
0.04463578760623932
0.044558778405189514
0.044496502727270126
0.044479019939899445
0.0444134883582592
0.044383250176906586
0.044318292289972305
0.044292353093624115
0.044237393885850906
0.04422285780310631
0.044289346784353256
0.04418949782848358
0.044150520116090775
0.044055912643671036
0.04401329904794693
0.04400615766644478
0.04393783584237099
0.04385162144899368
0.04381517320871353
0.043743107467889786
0.043684881180524826
0.04365292564034462
0.0436067208647728
0.04357023164629936
0.04349512606859207
0.04343852028250694
0.043455820530653
0.043384116142988205
0.043279387056827545
0.04327322542667389
0.043261393904685974
0.04331172630190849
0.04324047639966011
0.04316660761833191
0.043145932257175446
0.043008338660001755
0.04294143617153168
0.042868465185165405
0.04282767325639725
0.042772550135850906
0.042717136442661285
0.042690735310316086
0.04263116046786308
0.042602505534887314
0.04260079935193062
0.04256986081600189
0.04263211041688919
0.04259331896901131
0.042525481432676315
0.04247628152370453
0.042431287467479706
0.04240085557103157
0.04238070547580719
0.04233584180474281
0.042367178946733475
0.04234665259718895
0.04233168810606003
0.04226858541369438
0.04226252809166908
0.04220288246870041
0.042194217443466187
0.042160265147686005
0.0421365350484848
0.042092934250831604
0.042071349918842316
0.042033012956380844
0.042050935328006744
0.04202887415885925
0.04199900105595589
0.04196706786751747
0.04191459342837334
0.04190131649374962
0.04185427725315094
0.041834477335214615
0.04179805889725685
0.04176977649331093
0.041853390634059906
0.04176674410700798
0.04183732718229294
0.04178321361541748
0.04177231714129448
0.0417296439409256
0.04168751463294029
0.04165070131421089
0.04165104776620865
0.04161602258682251
0.04155200719833374
0.041559137403964996
0.04156561568379402
0.04153730347752571
0.04149177670478821
0.04145180061459541
0.04141083359718323
0.0413772277534008
0.04134572297334671
0.04131512716412544
0.04129641130566597
0.04126621410250664
0.04127180948853493
0.04122905433177948
0.041231002658605576
0.041281357407569885
0.041255004703998566
0.04121984913945198
0.04114898666739464
0.04114437475800514
0.04108363762497902
0.04104161635041237
0.04099852964282036
0.04097035154700279
0.0409473218023777
0.040943823754787445
0.040932796895504
0.04089168831706047
0.04086712375283241
0.04083389416337013
0.040796875953674316
0.040776725858449936
0.040754448622465134
0.04070563241839409
0.0407017357647419
0.04068433493375778
0.040636464953422546
0.04060151427984238
0.04057669639587402
0.04055161774158478
0.04051639884710312
0.040516600012779236
0.040489912033081055
0.04044760763645172
0.040435150265693665
0.040391966700553894
0.04041542485356331
