1.0034946203231812
0.7779092788696289
0.6663205027580261
0.6002677083015442
0.5584385395050049
0.5256986021995544
0.5012249946594238
0.47908833622932434
0.46019965410232544
0.4476224184036255
0.4373200833797455
0.42639026045799255
0.4156161844730377
0.4079422652721405
0.399257093667984
0.39414647221565247
0.38976889848709106
0.38683003187179565
0.3836504817008972
0.3797108829021454
0.37661781907081604
0.3721626400947571
0.36932826042175293
0.366102933883667
0.36524200439453125
0.36227941513061523
0.35951948165893555
0.35633012652397156
0.3530900180339813
0.350481778383255
0.350032240152359
0.3473217487335205
0.3465569019317627
0.3448881208896637
0.3422160744667053
0.34016352891921997
0.3375202417373657
0.33526796102523804
0.3354108929634094
0.3335939347743988
0.3349769115447998
0.340829461812973
0.33820971846580505
0.3298031687736511
0.3248209059238434
0.322414755821228
0.32160139083862305
0.3196275234222412
0.31768640875816345
0.3154829740524292
0.31598129868507385
0.3131835460662842
0.31215590238571167
0.3110467791557312
0.309587299823761
0.3087095618247986
0.3077318072319031
0.3062676787376404
0.3049525320529938
0.3037877678871155
0.30421459674835205
0.30594781041145325
0.30262574553489685
0.3032967448234558
0.2988795340061188
0.29835212230682373
0.29713118076324463
0.2980573773384094
0.2957969009876251
0.2968643605709076
0.2932448089122772
0.29142117500305176
0.29033511877059937
0.2914521396160126
0.2923046350479126
0.2892290949821472
0.28640371561050415
0.2845087945461273
0.2830389142036438
0.2857370376586914
0.28328508138656616
0.2907320559024811
0.29025471210479736
0.28326770663261414
0.2793370187282562
0.2804230749607086
0.278471976518631
0.27773770689964294
0.2772035300731659
0.2740313708782196
0.27330267429351807
0.2732082009315491
0.27278485894203186
0.2700461149215698
0.2675815522670746
0.26757314801216125
0.26689428091049194
0.26639440655708313
0.26496046781539917
0.2673052251338959
0.26881641149520874
0.2641996443271637
0.26144474744796753
0.2595134377479553
0.2588082551956177
0.25726717710494995
0.25875750184059143
0.25825265049934387
0.25716492533683777
0.2549257278442383
0.25384560227394104
0.2530008852481842
0.25245827436447144
0.2519257962703705
0.2501133382320404
0.24869784712791443
0.2474973201751709
0.24605976045131683
0.2455175220966339
0.2439892739057541
0.24426965415477753
0.2437814474105835
0.24598529934883118
0.24343423545360565
0.24234651029109955
0.2456883043050766
0.2423505038022995
0.25333601236343384
0.2507876455783844
0.24334777891635895
0.23902949690818787
0.23464787006378174
0.23658792674541473
0.23733563721179962
0.23270367085933685
0.23456989228725433
0.2315577268600464
0.22916243970394135
0.22793911397457123
0.22877094149589539
0.22658202052116394
0.22716458141803741
0.22600838541984558
0.22436264157295227
0.22348757088184357
0.2228894829750061
0.2224598377943039
0.22051569819450378
0.21904714405536652
0.21716223657131195
0.21743762493133545
0.21591225266456604
0.21509137749671936
0.21396353840827942
0.21348293125629425
0.21229681372642517
0.21053513884544373
0.2108607143163681
0.21024371683597565
0.209250807762146
0.20975011587142944
0.20843379199504852
0.20700253546237946
0.2071714550256729
0.20709830522537231
0.205145001411438
0.20391350984573364
0.2064369171857834
0.20680120587348938
0.20462444424629211
0.2025701403617859
0.20416240394115448
0.20330937206745148
0.20107069611549377
0.2001735419034958
0.19973070919513702
0.20033471286296844
0.20181898772716522
0.20122289657592773
0.1992994099855423
0.19925716519355774
0.20086073875427246
0.19909407198429108
0.19773054122924805
0.19791463017463684
0.20431266725063324
0.19977883994579315
0.19642102718353271
0.19826985895633698
0.19965940713882446
0.19633440673351288
0.1942947655916214
0.1932300627231598
0.19275832176208496
0.1929885596036911
0.19189238548278809
0.19163966178894043
0.19075962901115417
0.19126811623573303
0.19393613934516907
0.19404976069927216
0.19257307052612305
0.1921977996826172
0.19122472405433655
0.19027896225452423
0.18912456929683685
0.18880903720855713
0.18867801129817963
0.18757162988185883
0.1883889138698578
0.1877681165933609
0.18782295286655426
0.18692322075366974
0.1861424595117569
0.18652686476707458
0.1842966377735138
0.1844472736120224
0.1843990981578827
0.18348529934883118
0.18395723402500153
0.1831943541765213
0.18180744349956512
0.1813131868839264
0.18111610412597656
0.18140237033367157
0.18025518953800201
0.18011577427387238
0.17943385243415833
0.17851129174232483
0.17848056554794312
0.1779569536447525
0.1778285652399063
0.17768257856369019
0.17671479284763336
0.17632636427879333
0.17613790929317474
0.17655499279499054
0.17584624886512756
0.17729906737804413
0.17910893261432648
0.17690779268741608
0.17519326508045197
0.17358653247356415
0.17291496694087982
0.17237000167369843
0.17257541418075562
0.17157013714313507
0.1707829236984253
0.1704360544681549
0.17560961842536926
0.17943333089351654
0.17303431034088135
0.17287178337574005
0.17196443676948547
0.1711406707763672
0.16948223114013672
0.1685263067483902
0.16758215427398682
0.16676385700702667
0.16665367782115936
0.16707606613636017
0.16614699363708496
0.1653057485818863
0.16446389257907867
0.1641552895307541
0.1636861264705658
0.1635494828224182
0.16324010491371155
0.16310009360313416
0.16460631787776947
0.16367033123970032
0.16387628018856049
0.16320405900478363
0.1626049131155014
0.16233399510383606
0.16207800805568695
0.16181911528110504
0.1615375578403473
0.1617148518562317
0.16297534108161926
0.16524583101272583
0.16471852362155914
0.16230729222297668
0.16163760423660278
0.1609020233154297
0.16075289249420166
0.16049334406852722
0.16008317470550537
0.15966975688934326
0.15955017507076263
0.1595483273267746
0.15912531316280365
0.15952515602111816
0.15924698114395142
0.15891239047050476
0.15832620859146118
0.1578522026538849
0.15774528682231903
0.15724094212055206
0.1571141481399536
0.15694494545459747
0.1567441076040268
0.15634571015834808
0.15943780541419983
0.15729042887687683
0.15705282986164093
0.15673322975635529
0.15650728344917297
0.15634620189666748
0.15593627095222473
0.15561281144618988
0.15518884360790253
0.15517356991767883
0.15527614951133728
0.1558120995759964
0.1552111804485321
0.15537796914577484
0.15647421777248383
0.1588561087846756
0.15641605854034424
0.15500301122665405
0.1546815186738968
0.15506167709827423
0.15419243276119232
0.15426623821258545
0.15389403700828552
0.15349426865577698
0.15306027233600616
0.1523856371641159
0.15231256186962128
0.15217483043670654
0.1526113748550415
0.15252621471881866
0.1523108035326004
0.15221275389194489
0.15187232196331024
0.15141510963439941
0.15094296634197235
0.15071940422058105
0.15042579174041748
0.15095500648021698
0.15092733502388
0.14992600679397583
0.14944694936275482
0.14930102229118347
0.148988738656044
0.14880970120429993
0.1484830677509308
0.14865556359291077
0.14854726195335388
0.1481023132801056
0.1479119062423706
0.1504349708557129
0.15171374380588531
0.15021347999572754
0.14841482043266296
0.1472799926996231
0.1473669558763504
0.14751707017421722
0.14705204963684082
0.1464008092880249
0.14624416828155518
0.14602771401405334
0.14582030475139618
0.14541055262088776
0.1457792967557907
0.14561471343040466
0.14539621770381927
0.14524808526039124
0.14523378014564514
0.14518645405769348
0.14507494866847992
0.14492696523666382
0.1449822187423706
0.1448678970336914
0.14478398859500885
0.1446610987186432
0.1447213888168335
0.14450116455554962
0.1445348709821701
0.14435629546642303
0.14431406557559967
0.14416836202144623
0.1440078765153885
0.1439381092786789
0.14379742741584778
0.143691748380661
0.1435881108045578
0.14354640245437622
0.14341431856155396
0.1433010846376419
0.14346423745155334
0.14366798102855682
0.143560528755188
0.1433940827846527
0.14353877305984497
0.14382398128509521
0.14382526278495789
0.1436554193496704
0.14346182346343994
0.14328265190124512
0.14343494176864624
0.1434243768453598
0.14326030015945435
0.14252641797065735
0.1424970030784607
0.1423467993736267
0.14230574667453766
0.14229550957679749
0.14219129085540771
0.14189647138118744
0.14181064069271088
0.1416366845369339
0.14152154326438904
0.14153844118118286
0.14150114357471466
0.14169709384441376
0.14141221344470978
0.1413411945104599
0.14115010201931
0.14113038778305054
0.14083907008171082
0.140882670879364
0.14073717594146729
0.14071881771087646
0.14224040508270264
0.14311350882053375
0.14259280264377594
0.1418023407459259
0.1411922574043274
0.14076866209506989
0.1405649334192276
0.14025519788265228
0.14020295441150665
0.14036498963832855
0.14019407331943512
0.14048102498054504
0.14012877643108368
0.1397080421447754
0.13938601315021515
0.13923053443431854
0.1391127109527588
0.13919644057750702
0.1395462602376938
0.1392936110496521
0.13904908299446106
0.1388550102710724
0.1390545666217804
0.13903452455997467
0.1386299729347229
0.13845467567443848
0.13831689953804016
0.1381622552871704
0.13802847266197205
0.13796289265155792
0.1380593478679657
0.138045996427536
0.13791190087795258
0.13771119713783264
0.13781489431858063
0.13779807090759277
0.13761721551418304
0.1374465376138687
0.13746996223926544
0.13740067183971405
0.1373579204082489
0.13741959631443024
0.13726334273815155
0.13705240190029144
0.13703639805316925
0.1369141787290573
0.13712289929389954
0.13703174889087677
0.13733623921871185
0.1371309906244278
0.13695429265499115
0.13684304058551788
0.13674308359622955
0.1366841346025467
0.13669724762439728
0.13659851253032684
0.1365271508693695
0.13641445338726044
0.13634540140628815
0.1363808661699295
0.13637740910053253
0.13638736307621002
0.13629840314388275
0.13621695339679718
0.13611911237239838
0.13605505228042603
0.13597221672534943
0.13587696850299835
0.13582906126976013
0.1357705146074295
0.13576820492744446
0.13576868176460266
0.1358393430709839
0.13594965636730194
0.135960653424263
0.13595019280910492
0.1357690989971161
0.13564930856227875
0.13549959659576416
0.13541419804096222
0.13530506193637848
0.13526995480060577
0.13521867990493774
0.13515183329582214
0.13521604239940643
0.1350952386856079
0.1350812315940857
0.13500894606113434
0.13497622311115265
0.13489927351474762
0.1348276287317276
0.13480240106582642
0.13473206758499146
0.1346656084060669
0.13464011251926422
0.13459686934947968
0.13452881574630737
0.13447429239749908
0.1344229280948639
0.13440170884132385
0.13432466983795166
0.1344134658575058
0.13430732488632202
0.13416993618011475
0.13431957364082336
0.13436932861804962
0.1342979073524475
0.1342460811138153
0.13424143195152283
0.13415680825710297
0.1340590864419937
0.1340649425983429
0.1339007169008255
0.1338462233543396
0.1337660849094391
0.13363045454025269
0.1336897313594818
0.13366203010082245
0.13367220759391785
0.13365843892097473
0.13368912041187286
0.13354921340942383
0.13343468308448792
0.1332925409078598
0.13328678905963898
0.1332572102546692
0.1332036852836609
0.13314370810985565
0.13333463668823242
0.1332816183567047
0.13324840366840363
0.13310575485229492
0.13295681774616241
0.1331557333469391
0.133186474442482
0.13305480778217316
0.13297626376152039
0.13278475403785706
0.13281574845314026
0.13290604948997498
0.13292595744132996
0.13290566205978394
0.1328284740447998
0.1326819658279419
0.1326444447040558
0.13269053399562836
0.13268744945526123
0.1326366513967514
0.13259370625019073
0.13250276446342468
0.13242466747760773
0.1324034035205841
0.13232600688934326
0.13227874040603638
0.13225401937961578
0.1322481781244278
0.13220083713531494
0.1321835219860077
0.13215775787830353
0.13216455280780792
0.13209933042526245
0.13209155201911926
0.13205640017986298
0.13205835223197937
0.132049560546875
0.1320221722126007
0.13200099766254425
0.1319432407617569
0.13196714222431183
0.13195297122001648
0.13193239271640778
0.13190346956253052
0.13187646865844727
0.13191553950309753
0.13187088072299957
0.13182933628559113
