0.6748397946357727
0.504886269569397
0.43200019001960754
0.3914167881011963
0.3678761124610901
0.3528270721435547
0.3431318700313568
0.33241936564445496
0.3249738812446594
0.33184725046157837
0.31748726963996887
0.30761536955833435
0.3086346387863159
0.296639084815979
0.2900538444519043
0.28344011306762695
0.2876359820365906
0.2883455753326416
0.275625079870224
0.27653610706329346
0.2675340175628662
0.2624566853046417
0.26214876770973206
0.25149866938591003
0.25534942746162415
0.2537604868412018
0.24708637595176697
0.23861627280712128
0.23610320687294006
0.2354983240365982
0.2379142791032791
0.23674961924552917
0.23559273779392242
0.22902220487594604
0.22028158605098724
0.21474656462669373
0.21268774569034576
0.21342907845973969
0.20422014594078064
0.20415344834327698
0.1978990137577057
0.24644525349140167
0.2256111353635788
0.2045634388923645
0.19980250298976898
0.18957968056201935
0.1841852217912674
0.18086767196655273
0.17989249527454376
0.17735768854618073
0.17600703239440918
0.173151433467865
0.1722499430179596
0.1762336641550064
0.16833506524562836
0.16648197174072266
0.16145431995391846
0.1581653505563736
0.1561688780784607
0.15584655106067657
0.21146126091480255
0.1817423403263092
0.15547382831573486
0.16704335808753967
0.19061799347400665
0.1683165580034256
0.15347900986671448
0.14387397468090057
0.2016889452934265
0.15055760741233826
0.14524129033088684
0.13948921859264374
0.1332705318927765
0.13254240155220032
0.1298637092113495
0.12714576721191406
0.12290531396865845
0.121185302734375
0.11771285533905029
0.11668732017278671
0.11354292184114456
0.12102819979190826
0.11448667198419571
0.1089545413851738
0.11279047280550003
0.1289002001285553
0.11126401275396347
0.1076265498995781
0.10344967991113663
0.09756099432706833
0.09736377000808716
0.09377141296863556
0.0907692015171051
0.08673732727766037
0.08803058415651321
0.08438953757286072
0.10521984100341797
0.09355171769857407
0.0898621529340744
0.09580542892217636
0.09469462186098099
0.08495935797691345
0.0805564671754837
0.07824995368719101
0.07633597403764725
0.0701276957988739
0.08702969551086426
0.08246972411870956
0.08598174154758453
0.07544621080160141
0.06453356891870499
0.06420277059078217
0.06077354773879051
0.06158832460641861
0.05663418397307396
0.05445815622806549
0.05219447612762451
0.05052816867828369
0.05002915486693382
0.04667309299111366
0.04737091436982155
0.044966261833906174
0.044744618237018585
0.04484052583575249
0.04367975890636444
0.04301353543996811
0.04765195772051811
0.05071442574262619
0.04325007647275925
0.042520392686128616
0.042189180850982666
0.04088803753256798
0.04680242761969566
0.03872295469045639
0.03998647257685661
0.03772016987204552
0.036923378705978394
0.03594791516661644
0.035234201699495316
0.03504060208797455
0.03419344872236252
0.0329720601439476
0.032285306602716446
0.032161593437194824
0.0315292626619339
0.03128095716238022
0.03084515780210495
0.030104637145996094
0.029458025470376015
0.029002094641327858
0.02965567260980606
0.027675848454236984
0.028036367148160934
0.027397681027650833
0.026759013533592224
0.026424342766404152
0.026059629395604134
0.026277288794517517
0.02680031582713127
0.02646307274699211
0.028206566348671913
0.02488740347325802
0.024729887023568153
0.023890545591711998
0.023812128230929375
0.02283700369298458
0.022301077842712402
0.0219739880412817
0.021648943424224854
0.0215141698718071
0.02122344821691513
0.025693953037261963
0.02219071425497532
0.021482665091753006
0.020498113706707954
0.019219009205698967
0.023480074480175972
0.02044227346777916
0.019761214032769203
0.01880117505788803
0.041482578963041306
0.029079440981149673
0.020857254043221474
0.020078346133232117
0.037069909274578094
0.023043056949973106
0.02090228907763958
0.018684983253479004
0.01760493591427803
0.016085021197795868
0.015963496640324593
0.015059325844049454
0.01487232930958271
0.014555408619344234
0.014301110990345478
0.014191857539117336
0.013596986420452595
0.013453645631670952
0.013255339115858078
0.01797568053007126
0.018607590347528458
0.015173479914665222
0.013816761784255505
0.013312354683876038
0.012569298036396503
0.012278358452022076
0.012559409253299236
0.012083171866834164
0.012795347720384598
0.01231207326054573
0.011596495285630226
0.011288058944046497
0.011075600050389767
0.010826919227838516
0.010523478500545025
0.010181806981563568
0.010187501087784767
0.009877179749310017
0.009697064757347107
0.009695693850517273
0.009557402692735195
0.00945605430752039
0.009407306089997292
0.009377709589898586
0.009232094511389732
0.00918705016374588
0.00912468507885933
0.009081303142011166
0.009005088359117508
0.008984058164060116
0.008866334334015846
0.008788949809968472
0.00868924055248499
0.008636105805635452
0.008594973012804985
0.008506424725055695
0.008455606177449226
0.008408529683947563
0.008415164425969124
0.00846823025494814
0.008329752832651138
0.008236336521804333
0.00814004335552454
0.00804118625819683
0.007953773252665997
0.008537224493920803
0.008104933425784111
0.007932992652058601
0.007823418825864792
0.0078044189140200615
0.007699051406234503
0.007556407246738672
0.007510319817811251
0.007466605864465237
0.007409999147057533
0.00733146583661437
0.007339192554354668
0.007290209643542767
0.007195980753749609
0.00713936286047101
0.007082905620336533
0.007065332029014826
0.006971735041588545
0.006927687209099531
0.00707570044323802
0.007283523678779602
0.00699933897703886
0.00698957359418273
0.00695200776681304
0.006958560552448034
0.0067391409538686275
0.006675765383988619
0.006606453098356724
0.006539930123835802
0.006510601378977299
0.006425263360142708
0.006370791234076023
0.006321476306766272
0.006278178188949823
0.00946223083883524
0.007771307602524757
0.007105547469109297
0.006501875817775726
0.0061753555200994015
0.005997451953589916
0.006129814777523279
0.006136711221188307
0.0058742607943713665
0.005779218394309282
0.00592260854318738
0.006042070686817169
0.005965889897197485
0.005761510692536831
0.005567163694649935
0.005475637502968311
0.005421024281531572
0.005370229482650757
0.00529624754562974
0.0052512590773403645
0.005205073859542608
0.005185570567846298
0.005122543312609196
0.00511390483006835
0.005212673917412758
0.0050501832738518715
0.005034901667386293
0.005012137349694967
0.005048859864473343
0.004927548114210367
0.004889047238975763
0.004761471413075924
0.004727563355118036
0.0047050099819898605
0.0046600885689258575
0.004607693757861853
0.0048024216666817665
0.004710554610937834
0.005209212191402912
0.004816776607185602
0.0046538012102246284
0.004616772755980492
0.004464992322027683
0.004442393779754639
0.004432128742337227
0.004445891827344894
0.004375741351395845
0.004343121778219938
0.004299321211874485
0.004279352258890867
0.004276591818779707
0.004273558035492897
0.004499402828514576
0.004472557455301285
0.004285698290914297
0.004235269967466593
0.004212315659970045
0.004162777680903673
0.00414802273735404
0.004120527300983667
0.004088719375431538
0.004560463130474091
0.004748591687530279
0.004242389462888241
0.004096365999430418
0.004058676306158304
0.004003314301371574
0.004009359981864691
0.003979718778282404
0.003926689736545086
0.0039156642742455006
0.0038789811078459024
0.003868173575028777
0.003889004699885845
0.0038540998939424753
0.0038244903553277254
0.003804774722084403
0.0037819279823452234
0.0037659863010048866
0.0037424047477543354
0.0037276034709066153
0.0037034295964986086
0.003937449771910906
0.003910732455551624
0.003740808693692088
0.0037731800694018602
0.0037365148309618235
0.0036734016612172127
0.003651255276054144
0.0036238357424736023
0.003603321732953191
0.0035905586555600166
0.0035520948003977537
0.0035245404578745365
0.003510941518470645
0.003489826340228319
0.0034727463498711586
0.00345796812325716
0.003438137471675873
0.00344122969545424
0.003881174372509122
0.003624306758865714
0.0034850144293159246
0.003413629252463579
0.0033815649803727865
0.003343975404277444
0.003323901444673538
0.0033072871156036854
0.0033009094186127186
0.003273569978773594
0.0032590716145932674
0.0032410710118710995
0.0032377017196267843
0.0033017585519701242
0.003264213213697076
0.0032588117755949497
0.0032804461661726236
0.003273364854976535
0.0032347359228879213
0.00318644056096673
0.003151530399918556
0.0031196752097457647
0.0031041977927088737
0.003083527786657214
0.003089918987825513
0.0030523266177624464
0.003031569067388773
0.0030407863669097424
0.0030184758361428976
0.003018731717020273
0.002983836689963937
0.002972811460494995
0.002951746340841055
0.0029293736442923546
0.002920720726251602
0.0029174317605793476
0.002899214858189225
0.0028890944086015224
0.0028716514352709055
0.002858365187421441
0.0028449564706534147
0.002839387394487858
0.0028440465684980154
0.0028326320461928844
0.0028170058503746986
0.0028704318683594465
0.00309786107391119
0.0030225422233343124
0.0029099148232489824
0.002866083988919854
0.0028339882846921682
0.0028132006991654634
0.0027924636378884315
0.0027883718721568584
0.0028410647064447403
0.002867728704586625
0.002875423990190029
0.0028300504200160503
0.00277566141448915
0.002744915895164013
0.002722046570852399
0.0027112856041640043
0.002700017997995019
0.002711040899157524
0.00272602797485888
0.00268915225751698
0.0026775444857776165
0.0026639229618012905
0.0026694172993302345
0.0026720701716840267
0.0026541128754615784
0.002642920473590493
0.002633345779031515
0.002623333828523755
0.0026071344036608934
0.0026001366786658764
0.002596613485366106
0.002597109181806445
0.0025796114932745695
0.0025646730791777372
0.0025834073312580585
0.0025751814246177673
0.002565792528912425
0.00255846930667758
0.0025418258737772703
0.0025354225654155016
0.002525427145883441
0.002514543477445841
0.0025041168555617332
0.0024914059322327375
0.002489902079105377
0.002483212621882558
0.002472401363775134
0.0024542701430618763
0.00246437918394804
0.0024515308905392885
0.002441847464069724
0.0025040314067155123
0.0026257378049194813
0.0025626809801906347
0.002494053216651082
0.002441887278109789
0.00242838216945529
0.0024093366228044033
0.0023941700346767902
0.0024076374247670174
0.0024146209470927715
0.0024079610593616962
0.002378700999543071
0.0023587460163980722
0.002361275954172015
0.0023528956808149815
0.0023428131826221943
0.002339370781555772
0.0023300214670598507
0.0023524353746324778
0.0023104522842913866
0.002432140288874507
0.002486285986378789
0.0024212792050093412
0.00239727646112442
0.002365522086620331
0.0023307150695472956
0.0023064538836479187
0.0022890884429216385
0.0022720599081367254
0.002258692868053913
0.0022493135184049606
0.00223309313878417
0.002235385123640299
0.0022480261977761984
0.002236690605059266
0.0022190699819475412
0.002202118979766965
0.0021930793300271034
0.0021816508378833532
0.0021729792933911085
0.0021642441861331463
0.0021547703072428703
0.0021463700104504824
0.0021407115273177624
0.002140937838703394
0.002133490052074194
0.0021315612830221653
0.0021265686955302954
0.002122492529451847
0.002122144913300872
0.0021396486554294825
0.0021276597399264574
0.002117095747962594
0.002111810725182295
0.002103993436321616
0.0021002169232815504
0.0020977349486202
0.002098666038364172
0.0021150968968868256
0.002127483719959855
0.0021097310818731785
0.002140483120456338
0.0022531170397996902
0.002219229470938444
0.0021464417222887278
0.0021100121084600687
0.002090491121634841
0.002078945515677333
0.002077596029266715
0.0020680497400462627
0.0020608692429959774
0.0020535029470920563
0.0020490752067416906
0.0020435145124793053
0.0020395873580127954
0.0020353212021291256
0.0020309591200202703
0.002064990345388651
0.0021003619767725468
0.0020826689433306456
0.002046707086265087
0.002034740522503853
0.002058809157460928
0.0020533273927867413
0.002033582655712962
0.0020206437911838293
0.002004742156714201
0.0020162570290267467
0.0020489292219281197
0.002040273742750287
0.0020150768104940653
0.0019971716683357954
0.001986341318115592
0.001976259984076023
0.001972211292013526
0.0019666501320898533
0.001965098548680544
0.0019593380857259035
0.001973426900804043
0.001995523227378726
0.001982388785108924
0.001970466924831271
0.001955712214112282
0.0019486789824441075
0.0019420478492975235
0.0019361033337190747
0.0019326009787619114
0.0019288299372419715
0.0019242464331910014
0.0019194271881133318
0.0019148519495502114
0.0019104107050225139
0.0019062388455495238
0.001907695084810257
0.0019116956973448396
0.0019038559403270483
0.0019027400994673371
0.0019016071455553174
0.0018969096709042788
0.0018884236924350262
0.0018823172431439161
0.0018790483009070158
0.0018705591792240739
0.0019097082549706101
0.0019023430068045855
0.001891333726234734
