0.902977705001831
0.7463021278381348
0.6889683604240417
0.6624171137809753
0.6427835822105408
0.6340272426605225
0.6247369647026062
0.6172465682029724
0.6090459823608398
0.6015968918800354
0.5941569209098816
0.587575376033783
0.5813949704170227
0.5750266909599304
0.5682839155197144
0.5628174543380737
0.5567910075187683
0.5500865578651428
0.5427074432373047
0.5359745025634766
0.5297225713729858
0.5222435593605042
0.5154320001602173
0.5096505880355835
0.5037819743156433
0.4988514482975006
0.49304717779159546
0.4880770444869995
0.4830029308795929
0.4779691696166992
0.47328099608421326
0.46885162591934204
0.46459871530532837
0.46003666520118713
0.4562748372554779
0.452777624130249
0.45031946897506714
0.4472767114639282
0.44281861186027527
0.4365071952342987
0.4328761100769043
0.42907848954200745
0.4247170388698578
0.4211907386779785
0.41760876774787903
0.4147298336029053
0.4115649163722992
0.4083610475063324
0.40549999475479126
0.4029287099838257
0.4005441665649414
0.3983399569988251
0.3961331248283386
0.3940083980560303
0.3919461667537689
0.39011162519454956
0.3870854377746582
0.38603004813194275
0.38463401794433594
0.38042956590652466
0.3783573806285858
0.3761797845363617
0.37387070059776306
0.3720802962779999
0.36881887912750244
0.36759307980537415
0.36547303199768066
0.3637053072452545
0.3620881140232086
0.3597300350666046
0.3576810359954834
0.3569486737251282
0.3553227186203003
0.3518850803375244
0.349845826625824
0.3473661541938782
0.3464325964450836
0.3473306894302368
0.3448699414730072
0.340840220451355
0.3387785851955414
0.33818331360816956
0.33560821413993835
0.3337380588054657
0.3311789333820343
0.3286401033401489
0.32675495743751526
0.3267868459224701
0.3253890872001648
0.32240980863571167
0.32079625129699707
0.31779593229293823
0.3155684471130371
0.31275150179862976
0.31059888005256653
0.3085519075393677
0.30736422538757324
0.3060823380947113
0.3034587502479553
0.30100440979003906
0.30262795090675354
0.3030967712402344
0.2966177761554718
0.2944144904613495
0.29343849420547485
0.2912794351577759
0.2895418405532837
0.2875155210494995
0.2864407002925873
0.28435638546943665
0.28282997012138367
0.28103670477867126
0.2814578413963318
0.2827865481376648
0.28084251284599304
0.27915626764297485
0.2774782180786133
0.2756173610687256
0.2725042700767517
0.2733447253704071
0.2728288769721985
0.27110546827316284
0.26814213395118713
0.2667808532714844
0.26891767978668213
0.2651480436325073
0.26649394631385803
0.26638928055763245
0.2649243175983429
0.261942982673645
0.26061761379241943
0.2593948245048523
0.2575197219848633
0.2566678524017334
0.2596813440322876
0.2542833387851715
0.25292012095451355
0.2520354688167572
0.24994350969791412
0.2488512396812439
0.2507532835006714
0.2532593011856079
0.25590038299560547
0.24990157783031464
0.2517082989215851
0.2466941624879837
0.24613197147846222
0.24355272948741913
0.2420383095741272
0.24002689123153687
0.23838411271572113
0.23775941133499146
0.236629456281662
0.23537544906139374
0.23441965878009796
0.23376338183879852
0.23283718526363373
0.2310643196105957
0.22982200980186462
0.2289692759513855
0.23602549731731415
0.23792849481105804
0.22911414504051208
0.22718438506126404
0.22660976648330688
0.2249261736869812
0.2246701717376709
0.22646012902259827
0.2217063307762146
0.22084856033325195
0.2197730988264084
0.21844778954982758
0.21759389340877533
0.21647171676158905
0.216343954205513
0.2163747400045395
0.21668590605258942
0.21481475234031677
0.21383927762508392
0.21373280882835388
0.21258413791656494
0.21118371188640594
0.2101150006055832
0.21603526175022125
0.2180459350347519
0.21191620826721191
0.20854954421520233
0.20717903971672058
0.20569387078285217
0.20589102804660797
0.20630262792110443
0.20807792246341705
0.20588883757591248
0.20471543073654175
0.20323437452316284
0.1990676075220108
0.20145535469055176
0.1979278326034546
0.19888871908187866
0.19657954573631287
0.19580110907554626
0.19542863965034485
0.19476060569286346
0.1939355432987213
0.19223305583000183
0.1910366266965866
0.18971727788448334
0.18901889026165009
0.18888194859027863
0.2056121826171875
0.2021714448928833
0.19521628320217133
0.19426485896110535
0.19225244224071503
0.18943700194358826
0.18817950785160065
0.18801924586296082
0.18645386397838593
0.18768031895160675
0.19088177382946014
0.18748882412910461
0.18483519554138184
0.18189145624637604
0.180431067943573
0.1796712428331375
0.17794521152973175
0.17877663671970367
0.17888647317886353
0.18288207054138184
0.18479421734809875
0.1808449774980545
0.1777368038892746
0.17657579481601715
0.1761232614517212
0.17535990476608276
0.17551442980766296
0.17975637316703796
0.17725609242916107
0.17594526708126068
0.18331913650035858
0.18452252447605133
0.17855027318000793
0.1767614334821701
0.17468643188476562
0.17354018986225128
0.17447221279144287
0.17374879121780396
0.17221209406852722
0.17085999250411987
0.1768212467432022
0.17940670251846313
0.17632128298282623
0.17447231709957123
0.1740574985742569
0.17233379185199738
0.17029796540737152
0.1693331003189087
0.1686823070049286
0.1677614450454712
0.16765321791172028
0.16721706092357635
0.16660940647125244
0.16636930406093597
0.1653372198343277
0.16521203517913818
0.16484415531158447
0.16443419456481934
0.16422584652900696
0.16395440697669983
0.16411781311035156
0.16343837976455688
0.163291797041893
0.1638690084218979
0.16328872740268707
0.1630096584558487
0.1618328094482422
0.16136887669563293
0.16162484884262085
0.1622873842716217
0.16205176711082458
0.1614128202199936
0.16172641515731812
0.1606556624174118
0.1604701727628708
0.1605210304260254
0.15953078866004944
0.1613890528678894
0.160201758146286
0.1590358316898346
0.1591092348098755
0.15790845453739166
0.15842705965042114
0.15809166431427002
0.16183270514011383
0.1586475819349289
0.15743839740753174
0.1560383141040802
0.1556374728679657
0.15586426854133606
0.15503054857254028
0.15496490895748138
0.15550608932971954
0.15452110767364502
0.15380901098251343
0.15329383313655853
0.16244232654571533
0.16785560548305511
0.15867668390274048
0.1563456654548645
0.15488149225711823
0.15562757849693298
0.15595199167728424
0.15489205718040466
0.15426932275295258
0.15292716026306152
0.15190421044826508
0.15095841884613037
0.15038299560546875
0.1498941332101822
0.1501331776380539
0.15149234235286713
0.15011808276176453
0.14909176528453827
0.14873053133487701
0.14906422793865204
0.1477295458316803
0.1474074125289917
0.1472279131412506
0.1471017301082611
0.14700506627559662
0.146539106965065
0.14713537693023682
0.14812523126602173
0.14752183854579926
0.14706051349639893
0.1467314064502716
0.14628593623638153
0.14623363316059113
0.14661046862602234
0.14690174162387848
0.14626926183700562
0.14589397609233856
0.14599226415157318
0.14542487263679504
0.14483146369457245
0.1452697515487671
0.1451977640390396
0.144831582903862
0.14446425437927246
0.14414463937282562
0.14391693472862244
0.14363515377044678
0.14363397657871246
0.14366203546524048
0.14313192665576935
0.14320386946201324
0.14301608502864838
0.14287491142749786
0.14255888760089874
0.14262190461158752
0.14195483922958374
0.14214961230754852
0.1421521008014679
0.14288145303726196
0.1425582468509674
0.1421518325805664
0.14205220341682434
0.1482383906841278
0.1490224003791809
0.14435049891471863
0.1416541188955307
0.1415146142244339
0.14164996147155762
0.14100341498851776
0.1404268890619278
0.14089518785476685
0.14302241802215576
0.14250187575817108
0.1407865583896637
0.14034675061702728
0.13975787162780762
0.139356330037117
0.13904616236686707
0.13888423144817352
0.1385686695575714
0.1386646181344986
0.138389453291893
0.1380591243505478
0.13820333778858185
0.1380365490913391
0.137725830078125
0.1375422328710556
0.13738809525966644
0.13777515292167664
0.1374417543411255
0.13707050681114197
0.13694684207439423
0.1369340419769287
0.13694089651107788
0.13672977685928345
0.13782024383544922
0.13970240950584412
0.13939720392227173
0.1377795934677124
0.1374959796667099
0.13771115243434906
0.1376863270998001
0.13795331120491028
0.1364940106868744
0.13574260473251343
0.13640491664409637
0.13752694427967072
0.13681849837303162
0.13566981256008148
0.13484059274196625
0.13489584624767303
0.13468503952026367
0.13455438613891602
0.13432340323925018
0.13427110016345978
0.13385102152824402
0.1336117684841156
0.1334328055381775
0.13559934496879578
0.1374620646238327
0.13579773902893066
0.13448947668075562
0.13395120203495026
0.13333870470523834
0.1331147700548172
0.13294968008995056
0.1327221840620041
0.13291522860527039
0.13267792761325836
0.13264958560466766
0.1324203908443451
0.13229209184646606
0.13212145864963531
0.1321811079978943
0.13203127682209015
0.1319097876548767
0.13206610083580017
0.13203047215938568
0.13184401392936707
0.13180889189243317
0.13178542256355286
0.1318153589963913
0.13163577020168304
0.13146963715553284
0.131271630525589
0.13120292127132416
0.13096745312213898
0.1309538632631302
0.13093945384025574
0.131416454911232
0.1319117248058319
0.13158531486988068
0.13138072192668915
0.13122382760047913
0.1310468316078186
0.13094185292720795
0.13076503574848175
0.13078851997852325
0.13053730130195618
0.13058027625083923
0.13032864034175873
0.13018520176410675
0.13005121052265167
0.13014942407608032
0.13002599775791168
0.12993782758712769
0.12986412644386292
0.12992048263549805
0.12993653118610382
0.13009843230247498
0.1298438310623169
0.12974698841571808
0.12980665266513824
0.1295473277568817
0.1293388456106186
0.12926532328128815
0.12915879487991333
0.1290542334318161
0.12893298268318176
0.129022017121315
0.1290815770626068
0.12904904782772064
0.12897959351539612
0.12878994643688202
0.1285770833492279
0.1284840852022171
0.12850065529346466
0.12852144241333008
0.1285586655139923
0.1283271163702011
0.1281488537788391
0.12810423970222473
0.1280682235956192
0.12791571021080017
0.12785659730434418
0.12770970165729523
0.1275777816772461
0.12787732481956482
0.1276709884405136
0.1276872754096985
0.1275380700826645
0.12736374139785767
0.12719519436359406
0.12720054388046265
0.12757745385169983
0.12787771224975586
0.12774045765399933
0.12741206586360931
0.12655778229236603
0.1280142068862915
0.12766823172569275
0.12733832001686096
0.12704311311244965
0.127054825425148
0.12681519985198975
0.12671567499637604
0.12658025324344635
0.12632057070732117
0.12638379633426666
0.1264285445213318
0.1261877864599228
0.12614202499389648
0.126039519906044
0.12602750957012177
0.12597592175006866
0.1259903460741043
0.1259198635816574
0.12567991018295288
0.1257050484418869
0.12567640841007233
0.1256234049797058
0.12577389180660248
0.1257186084985733
0.12563838064670563
0.12557636201381683
0.12544852495193481
0.12589704990386963
0.12572307884693146
0.12567898631095886
0.12554605305194855
0.12551695108413696
0.12555715441703796
0.1254827231168747
0.12547288835048676
0.12536953389644623
0.12527497112751007
0.12517526745796204
0.12514837086200714
0.12504425644874573
0.1250421404838562
0.12494751811027527
0.12493175268173218
0.12494741380214691
0.12493495643138885
0.12489516288042068
0.12489310652017593
0.12481468170881271
0.12475661933422089
0.1247541755437851
0.12469398975372314
0.12462128698825836
0.12456102669239044
0.12452773749828339
0.12448171526193619
0.12442608177661896
0.12441794574260712
0.12442995607852936
0.12440584599971771
0.12429280579090118
0.12439188361167908
0.12439607828855515
0.12427430599927902
0.12429837137460709
0.12441155314445496
0.12424027919769287
0.12416521459817886
0.12411275506019592
0.12404069304466248
0.1239543929696083
0.1242189109325409
0.12477431446313858
0.12471167743206024
0.12445230036973953
0.12423180788755417
0.1240418329834938
0.1240352988243103
0.12383867055177689
0.12395939230918884
0.12408944219350815
0.12401123344898224
0.12383545935153961
0.12374598532915115
0.12368646264076233
0.12361078709363937
0.1235543042421341
0.12382663041353226
0.12382136285305023
0.12368368357419968
0.12363474071025848
0.12352325767278671
0.12367760390043259
0.12365788966417313
0.12349996715784073
0.1234370693564415
0.12321827560663223
0.12317469716072083
0.12319839000701904
0.1232757568359375
0.12323207408189774
0.12313643097877502
0.12313002347946167
0.12339472770690918
0.12336469441652298
0.12318868190050125
0.123099185526371
0.12302131205797195
0.1229262575507164
0.12286067008972168
0.12280628830194473
0.12282508611679077
