0.6562327146530151
0.5292852520942688
0.45140960812568665
0.39380204677581787
0.3641832172870636
0.3460683524608612
0.33164915442466736
0.3228961229324341
0.31478068232536316
0.32468336820602417
0.3079421818256378
0.2996944487094879
0.29047060012817383
0.28380492329597473
0.28094983100891113
0.2735942602157593
0.26846471428871155
0.26185646653175354
0.25900232791900635
0.27149879932403564
0.261623740196228
0.2516946494579315
0.2442339062690735
0.24211935698986053
0.23649632930755615
0.23575113713741302
0.22520795464515686
0.22155976295471191
0.21476465463638306
0.2186262458562851
0.2592642605304718
0.21865813434123993
0.21571873128414154
0.21495065093040466
0.21611709892749786
0.19991163909435272
0.19403640925884247
0.18938954174518585
0.1878880113363266
0.1843583732843399
0.17623311281204224
0.1815030872821808
0.17597052454948425
0.17292706668376923
0.1720215231180191
0.18812234699726105
0.17856673896312714
0.16173602640628815
0.1561029553413391
0.15508121252059937
0.14892403781414032
0.14406347274780273
0.19427046179771423
0.16022172570228577
0.151588574051857
0.14349761605262756
0.13703852891921997
0.1336967945098877
0.13205428421497345
0.13525976240634918
0.14051282405853271
0.13984480500221252
0.13123977184295654
0.11956162005662918
0.11456156522035599
0.11136241257190704
0.10766303539276123
0.10494649410247803
0.10280760377645493
0.09978876262903214
0.09673669189214706
0.0942382663488388
0.09117767959833145
0.09277424216270447
0.09196517616510391
0.08802305161952972
0.08356472104787827
0.08139083534479141
0.07858135551214218
0.07594336569309235
0.09255027025938034
0.09920820593833923
0.08760052919387817
0.07989506423473358
0.07351037859916687
0.0688469260931015
0.06652282178401947
0.06617417931556702
0.07112090289592743
0.07434702664613724
0.07031916826963425
0.060765109956264496
0.0564504899084568
0.053257036954164505
0.05103679373860359
0.04880820959806442
0.04833865538239479
0.04722527042031288
0.04537448287010193
0.04426751658320427
0.04269251972436905
0.04134952276945114
0.11587770283222198
0.07739140838384628
0.0584816038608551
0.06612122058868408
0.06882316619157791
0.06011127308011055
0.047349393367767334
0.040437404066324234
0.03852253779768944
0.036209587007761
0.034293416887521744
0.032661695033311844
0.03186335414648056
0.031658466905355453
0.03049635700881481
0.028639908879995346
0.02906208485364914
0.03401445224881172
0.029861079528927803
0.02662109024822712
0.025579966604709625
0.024198997765779495
0.024073269218206406
0.02337758056819439
0.02299046516418457
0.022573532536625862
0.024565935134887695
0.0256991907954216
0.025068558752536774
0.022719116881489754
0.02147829718887806
0.02069324068725109
0.020470133051276207
0.020196396857500076
0.019470246508717537
0.02132660150527954
0.023212583735585213
0.021477218717336655
0.020166385918855667
0.019368883222341537
0.018047114834189415
0.017476795241236687
0.016936928033828735
0.016767777502536774
0.01739824004471302
0.017764462158083916
0.016407368704676628
0.015443654730916023
0.014925015158951283
0.01618769019842148
0.01578610949218273
0.016496717929840088
0.014745590277016163
0.014198957942426205
0.013633530586957932
0.01460732240229845
0.013319505378603935
0.013033652678132057
0.012897439301013947
0.01328600849956274
0.012889625504612923
0.015075071714818478
0.014716205187141895
0.012638090178370476
0.011632044799625874
0.011436178348958492
0.011520668864250183
0.011160118505358696
0.010578343644738197
0.010343116708099842
0.01009689923375845
0.00980769470334053
0.00963688362389803
0.00946954358369112
0.00926013570278883
0.009194016456604004
0.01207175012677908
0.010927350260317326
0.009526260197162628
0.00907773245126009
0.008889731951057911
0.008650052361190319
0.008411277085542679
0.008187318220734596
0.009213423356413841
0.008845040574669838
0.008040354587137699
0.007817892357707024
0.007532370742410421
0.008238621987402439
0.007756304461508989
0.007175663020461798
0.006959893740713596
0.006776971742510796
0.0073720533400774
0.008065513335168362
0.006976805627346039
0.0067035118117928505
0.006513537839055061
0.00675306748598814
0.006530222482979298
0.006164936348795891
0.0060045490972697735
0.0058320448733866215
0.0057092211209237576
0.005831416696310043
0.005708765238523483
0.005419720895588398
0.005283778999000788
0.00595072889700532
0.0059960330836474895
0.005278471391648054
0.005057037342339754
0.004991953726857901
0.004887239076197147
0.00477778073400259
0.004781769122928381
0.004630481358617544
0.004529719706624746
0.004473158624023199
0.004907514899969101
0.005464622285217047
0.004828218836337328
0.00462006451562047
0.004476150963455439
0.004370827693492174
0.004362267907708883
0.004443190526217222
0.004303016234189272
0.004214368294924498
0.004286834038794041
0.004486112389713526
0.004155810922384262
0.0042778742499649525
0.004073595628142357
0.004005193244665861
0.003970504738390446
0.003923606593161821
0.0038800914771854877
0.003840204793959856
0.0038259245920926332
0.003776740515604615
0.00375448539853096
0.0037098529282957315
0.00369724677875638
0.0038154663052409887
0.0037690256722271442
0.003655708860605955
0.0036499144043773413
0.0035905537661165
0.003555028699338436
0.00353061780333519
0.0035009621642529964
0.0034745719749480486
0.003463327419012785
0.003415725426748395
0.0034006221685558558
0.0033750245347619057
0.0033803980331867933
0.003334952751174569
0.003322342876344919
0.0032826538663357496
0.003232464659959078
0.0032089229207485914
0.0031864033080637455
0.003169052768498659
0.0031476363074034452
0.003110680729150772
0.0030975239351391792
0.0030693216249346733
0.0030454436782747507
0.003037376794964075
0.00299469823949039
0.002978692762553692
0.003070356324315071
0.003154708305373788
0.0030402124393731356
0.003005140693858266
0.0029462582897394896
0.0029068728908896446
0.0029404249507933855
0.0029882609378546476
0.002814258448779583
0.002797255991026759
0.002761324169114232
0.002714391564950347
0.0026899881195276976
0.0026892097666859627
0.0026613851077854633
0.0026404394302517176
0.0026080897077918053
0.00258825346827507
0.0025658980011940002
0.002545770723372698
0.002568830270320177
0.0025289265904575586
0.002479843096807599
0.002462970092892647
0.002504032338038087
0.002489017089828849
0.0024267765693366528
0.0025183260440826416
0.0025787020567804575
0.002461692551150918
0.0023758839815855026
0.0023256500717252493
0.0023583760485053062
0.002264837035909295
0.002269822871312499
0.0022813251707702875
0.002652365481480956
0.004264862276613712
0.00255229021422565
0.0025194110348820686
0.002251270692795515
0.0022643215488642454
0.002190694911405444
0.002124839462339878
0.0020819283090531826
0.002055572113022208
0.002034658333286643
0.0020279698073863983
0.0020295882131904364
0.002009832765907049
0.002001860411837697
0.0019862791523337364
0.001991953933611512
0.001974345650523901
0.0019700569100677967
0.0019522951915860176
0.0019371156813576818
0.0019257089588791132
0.0019158245995640755
0.0019146347185596824
0.0018943173345178366
0.0018844656879082322
0.0018741562962532043
0.0018654484301805496
0.0018563801422715187
0.0018460258143022656
0.001836729934439063
0.0018351617036387324
0.0018181669292971492
0.0018104028422385454
0.0018013918306678534
0.0017985227750614285
0.0017941175028681755
0.0017897418001666665
0.0017759508918970823
0.0017765474040061235
0.0017583257285878062
0.0017496391665190458
0.0017408101120963693
0.001735588419251144
0.0017307907110080123
0.001715181628242135
0.0017094449140131474
0.0017023396212607622
0.0016938179032877088
0.0016880653565749526
0.001677238498814404
0.001672139624133706
0.0016630676109343767
0.0016569385770708323
0.0016501860227435827
0.0016412753611803055
0.0016342828748747706
0.0016250098124146461
0.0016316630644723773
0.001619091141037643
0.001611212152056396
0.0016010802937671542
0.0015936766285449266
0.0015919720754027367
0.0015898057026788592
0.001581924152560532
0.0015815929509699345
0.0016054298030212522
0.0015792999183759093
0.0015698715578764677
0.0015727559803053737
0.0015675193862989545
0.0015445303870365024
0.0015263741370290518
0.0015501256566494703
0.0015819319523870945
0.0015317350625991821
0.001676157466135919
0.0015848162584006786
0.001524628372862935
0.0014807356055825949
0.0014809531858190894
0.001458059181459248
0.001448355964384973
0.0014406399568542838
0.001435071462765336
0.001432256307452917
0.0014252593973651528
0.001411175704561174
0.0014027944998815656
0.0014008675934746861
0.0014108694158494473
0.001399886328727007
0.001387615455314517
0.0013727146433666348
0.00136474147439003
0.0013553707394748926
0.0013485467061400414
0.0013399034505710006
0.00133392377756536
0.0013259522384032607
0.0013179861707612872
0.0013093608431518078
0.0013038197066634893
0.0013235628139227629
0.0013066462706774473
0.001295351074077189
0.0012892321683466434
0.001280569820664823
0.0012711831368505955
0.001265856553800404
0.0012623862130567431
0.001258042175322771
0.0012527825310826302
0.0012507858918979764
0.0012461863225325942
0.001243829377926886
0.0012440880527719855
0.0012425328604876995
0.001236887532286346
0.001235143281519413
0.0012299077352508903
0.0012244457611814141
0.001220838399603963
0.0012173139257356524
0.0012141622137278318
0.0012122142361477017
0.0012069508666172624
0.001207798020914197
0.001202210201881826
0.0011967804748564959
0.0011958950199186802
0.0011898695956915617
0.0011857994832098484
0.0011852256720885634
0.001179693266749382
0.0011750722769647837
0.0011727460660040379
0.0011679376475512981
0.001184994587674737
0.001175704295746982
0.0011698275338858366
0.0011612838134169579
0.0011575028765946627
0.0011535827070474625
0.0011493746424093843
0.001145342830568552
0.0011439695954322815
0.001137886312790215
0.001133411074988544
0.0011306788073852658
0.0011312084970995784
0.0011383735109120607
0.001132430974394083
0.0011230048257857561
0.001121965586207807
0.0011199235450476408
0.00111318938434124
0.001107935793697834
0.00110343296546489
0.0011001568054780364
0.0010962211526930332
0.0010907793184742332
0.0010883897775784135
0.0010858625173568726
0.0010801261523738503
0.0010785675840452313
0.0010749181965366006
0.0010712601942941546
0.0010674725053831935
0.0010785176418721676
0.001092114602215588
0.001080828718841076
0.0010706083849072456
0.0010561044327914715
0.0010523747187107801
0.0010478759650141
0.0010449136607348919
0.0010474316077306867
0.0010430467082187533
0.0010359977604821324
0.0010348415235057473
0.0010288881603628397
0.0010229143081232905
0.0010227764723822474
0.0010215193033218384
0.0010178384836763144
0.001010696403682232
0.00100768415722996
0.0010041386121883988
0.0010038368636742234
0.0009968644008040428
0.0009935179259628057
0.000990491360425949
0.0009848623303696513
0.0009838561527431011
0.0009806487942114472
0.000973631686065346
0.000975055736489594
0.0009718990186229348
0.0009672741289250553
0.0009608000400476158
0.0009732547332532704
0.0009677199413999915
0.000963530910667032
0.0009593318100087345
0.0009518273291178048
0.0009492287645116448
0.0009429189376533031
0.0009397166431881487
0.0009375091758556664
0.0009355561924166977
0.0009337037918157876
0.0009318048832938075
0.0009303849656134844
0.0009289921727031469
0.0009274048497900367
0.0009251934243366122
0.0009249232243746519
0.0009280778467655182
0.0009232375887222588
0.0009209932177327573
0.0009184058289974928
0.0009159725159406662
0.0009154370054602623
0.0009131202241405845
0.0009110162500292063
0.0009088670485652983
0.0009105411591008306
0.0009087759535759687
0.0009084070916287601
0.000905253051314503
0.0009024058817885816
0.0009000807185657322
0.0008985373424366117
0.0008962380816228688
0.0008967565954662859
0.0009020980796776712
0.0009009738569147885
0.0008964688749983907
0.0008912453195080161
0.0008883203263394535
0.0008859239751473069
0.0008839548681862652
0.0008843550458550453
0.0008854012121446431
0.0008859399240463972
0.0008815666078589857
0.0008790158899500966
0.0008744038641452789
0.0008801844087429345
0.0008769291453063488
0.0008728911052457988
0.0008705723448656499
0.0008654984412714839
0.0008636438869871199
0.0008614442776888609
0.0008601899025961757
0.0008609927026554942
0.0008578464621677995
0.0008551035425625741
0.0008530214545316994
0.0008504585712216794
0.0008488381281495094
0.0008471068576909602
0.0008463787962682545
0.0008441169047728181
0.0008412449969910085
0.0008396439370699227
0.000838223088067025
0.0008360701613128185
0.0008349385461769998
0.0008326294482685626
0.0008326455135829747
0.000833484809845686
0.0008322836947627366
0.0008304133079946041
0.0008253908017650247
0.0008230923558585346
0.0008217995055019855
0.0008193908142857254
0.0008177203126251698
0.0008154854876920581
0.0008138703415170312
0.0008138219709508121
0.0008116272510960698
0.000810346391517669
0.0008083237335085869
0.0008054367499426007
0.0008053779602050781
0.0008045067079365253
0.0008014212944544852
0.0007986304699443281
0.0007982237148098648
