0.6356216669082642
0.4808618724346161
0.40199312567710876
0.3711170554161072
0.3486623167991638
0.3162152171134949
0.30033016204833984
0.2873884439468384
0.2972105145454407
0.3059835135936737
0.28707563877105713
0.2715795040130615
0.2520078420639038
0.24096539616584778
0.22859962284564972
0.22135189175605774
0.21784614026546478
0.2082604169845581
0.2026011198759079
0.1931929588317871
0.18588490784168243
0.19801194965839386
0.19254782795906067
0.18532805144786835
0.18047994375228882
0.19377827644348145
0.19197528064250946
0.17142850160598755
0.15966062247753143
0.14736314117908478
0.1385572850704193
0.13193655014038086
0.12962770462036133
0.12578356266021729
0.12414506822824478
0.11955003440380096
0.10378868132829666
0.13657841086387634
0.11996176093816757
0.10355894267559052
0.10684383660554886
0.09269248694181442
0.09019001573324203
0.08101185411214828
0.07124902307987213
0.0629921481013298
0.06970775872468948
0.10768704116344452
0.10713047534227371
0.09279479086399078
0.07352711260318756
0.06302610039710999
0.05068501457571983
0.045644402503967285
0.042632605880498886
0.03717396780848503
0.03500271588563919
0.05142633616924286
0.03573925420641899
0.034796737134456635
0.02734464779496193
0.02417515404522419
0.02191002480685711
0.019799446687102318
0.01858840137720108
0.016925128176808357
0.01624397560954094
0.014766820706427097
0.013568890281021595
0.01283793244510889
0.0117850536480546
0.010880115441977978
0.009788041934370995
0.011219007894396782
0.010506018996238708
0.008780536241829395
0.007808989845216274
0.0071732960641384125
0.0068778726272284985
0.006337927188724279
0.005904453340917826
0.0055770487524569035
0.005405458156019449
0.005031009670346975
0.004725247155874968
0.004360306542366743
0.0041071567684412
0.003935480955988169
0.00371658056974411
0.0035037382040172815
0.004173594992607832
0.003863376332446933
0.003324398072436452
0.0037418492138385773
0.003510871669277549
0.004266945645213127
0.0034143843222409487
0.004242630209773779
0.0034267546143382788
0.002630115719512105
0.00284775672480464
0.0023047674912959337
0.0019738944247365
0.0018033023225143552
0.0017163081793114543
0.001631560968235135
0.001568565727211535
0.0014967471361160278
0.0014464642154052854
0.00142928515560925
0.001394998631440103
0.001405926770530641
0.0013837490696460009
0.0013137104688212276
0.0012915576808154583
0.0012722061946988106
0.001337318099103868
0.0012780551332980394
0.0012086182832717896
0.005679353605955839
0.0013544309185817838
0.0016572835156694055
0.0012032345402985811
0.001139047322794795
0.0010816343128681183
0.0010624248534440994
0.001043080585077405
0.0011036526411771774
0.0011159813730046153
0.0010357936844229698
0.000996518530882895
0.0009715814958326519
0.0009466236806474626
0.0009287741268053651
0.0009142422350123525
0.0008954950608313084
0.0008769278647378087
0.0008756802417337894
0.0008623143075965345
0.0008387105190195143
0.0008884162525646389
0.0008923248969949782
0.0008229351369664073
0.0007988057332113385
0.0007780931191518903
0.0007659947732463479
0.0007978942594490945
0.0008383240201510489
0.0008020225795917213
0.0007478366023860872
0.0007608389714732766
0.0007258269470185041
0.0006954452837817371
0.000686746381688863
0.0006840589339844882
0.0006662924424745142
0.00065954978344962
0.0006510274251922965
0.0006324335117824376
0.0006288693402893841
0.0006386804161593318
0.0006223511300049722
0.0006070605013519526
0.0005899928510189056
0.0005840283702127635
0.0005774540477432311
0.0005653575644828379
0.0005674646818079054
0.0005532482173293829
0.0005402780952863395
0.0005321336211636662
0.0005226450739428401
0.0005162137094885111
0.0005104808369651437
0.0005065595614723861
0.0004979200311936438
0.0004896685713902116
0.0005042666452936828
0.00048774085007607937
0.00047991061001084745
0.00046600447967648506
0.0004657814570236951
0.00045838396181352437
0.00046668495633639395
0.0004499539209064096
0.00044087509741075337
0.00043591271969489753
0.000437035079812631
0.00044100492959842086
0.00042640871834009886
0.00041571975452825427
0.0004099039360880852
0.0004039955383632332
0.00039703521179035306
0.00039243558421730995
0.00038649275666102767
0.000381057703634724
0.0003757454105652869
0.00037124237860552967
0.0003667482524178922
0.0003628422855399549
0.00035769373062066734
0.0003613449225667864
0.0003618536575231701
0.000351763388607651
0.0003465557820163667
0.00033937726402655244
0.00033520374563522637
0.0003330449399072677
0.0003349061880726367
0.0003318709786981344
0.000328446360072121
0.0003247038694098592
0.00032273930264636874
0.00031957394094206393
0.00031731982016935945
0.0003154846199322492
0.00031325037707574666
0.00031107667018659413
0.00030962051823735237
0.0003076842112932354
0.0003054774715565145
0.0003038844733964652
0.00030269811395555735
0.0003012483357451856
0.0002990596112795174
0.0002977730182465166
0.00029667685157619417
0.00029447759152390063
0.00029233688837848604
0.0002916516677942127
0.0002890542382374406
0.0002875069039873779
0.0002863323607016355
0.00028405056218616664
0.0002823829709086567
0.00028026028303429484
0.00027849170146510005
0.00027644605142995715
0.00027540320297703147
0.0002735820016823709
0.0002716532035265118
0.000270114658633247
0.0002688810636755079
0.0002670535468496382
0.000266913790255785
0.0002641739265527576
0.0002635207783896476
0.0002619160804897547
0.0002604425826575607
0.000258475833106786
0.00025669977185316384
0.0002549457421991974
0.0002533555671107024
0.00026948796585202217
0.00031639300868846476
0.00027874589432030916
0.0002645882486831397
0.0002542930014897138
0.00024823046987876296
0.00024539270089007914
0.00024215686426032335
0.0002406352141406387
0.00023900550149846822
0.00023709374363534153
0.00023994286311790347
0.00023911702737677842
0.0002341931249247864
0.00023164896992966533
0.0002300921914866194
0.00022840422752778977
0.00022723092115484178
0.00022600978263653815
0.0002243971248390153
0.00022323269513435662
0.0002211239916505292
0.00022005928622093052
0.00022219894162844867
0.00022262413403950632
0.00022023104247637093
0.00021599924366455525
0.00021430596825666726
0.00021311637829057872
0.0002115941169904545
0.000209747304324992
0.00020764257351402193
0.00020592000510077924
0.0002067463647108525
0.0002121955476468429
0.0002077425888273865
0.0002038998791249469
0.00020154291996732354
0.00019952611182816327
0.00019758053531404585
0.00019559742941055447
0.00019545879331417382
0.00019451876869425178
0.00019394082482904196
0.00019230542238801718
0.00019013263226952404
0.0001885201781988144
0.000186649413080886
0.00018556717259343714
0.00018493375682737678
0.00018282979726791382
0.00018224511586595327
0.00018071336671710014
0.00018034238019026816
0.00017931239563040435
0.00017859511717688292
0.00017778738401830196
0.00017733023560140282
0.00017673993716016412
0.00017590758216101676
0.00017601011495571584
0.00017562389257363975
0.00017495262727607042
0.0001740793522913009
0.0001733216195134446
0.00017249507072847337
0.00017172281513921916
0.0001712020457489416
0.0001706456096144393
0.0001699784043012187
0.00016905873781070113
0.00016861790209077299
0.000168215308804065
0.00016749576025176793
0.00016686908202245831
0.00016627054719720036
0.00016666196461301297
0.00016958029300440103
0.000167889054864645
0.00016645810683257878
0.00016521419456694275
0.00016409032105002552
0.00016322918236255646
0.00016234941722359508
0.0001615938963368535
0.00016087705444078892
0.00016126764239743352
0.000162105294293724
0.00016087075346149504
0.00015953472757246345
0.00015892504598014057
0.00015821981651242822
0.00015711120795458555
0.00015643156075384468
0.00015556906873825938
0.0001548333530081436
0.00015404778241645545
0.00015367403102573007
0.00015290525334421545
0.00015222217189148068
0.00015166560478974134
0.0001510253205196932
0.00015052214439492673
0.00014996745449025184
0.0001494557218393311
0.00014886492863297462
0.00014814382302574813
0.00014753521827515215
0.00014698467566631734
0.00014658331929240376
0.0001459925260860473
0.00014529038162436336
0.00014484513667412102
0.0001442689390387386
0.00014367960102390498
0.00014444190310314298
0.00014421720698010176
0.00014342456415761262
0.0001424179063178599
0.00014139378617983311
0.00014026579447090626
0.00014089159958530217
0.00014022782852407545
0.00013947403931524605
0.00013882773055229336
0.00013816090358886868
0.00013729199417866766
0.00013663145364262164
0.00013611617032438517
0.00013594112533610314
0.00013535043399315327
0.00013459227920975536
0.00013427090016193688
0.00013366590428631753
0.00013312070223037153
0.00013373125693760812
0.00013286243483889848
0.00013195675273891538
0.00013105648395139724
0.00013032322749495506
0.0001297584385611117
0.00012959740706719458
0.00012920828885398805
0.0001285076723434031
0.00012772466288879514
0.00012680051440838724
0.00012718391371890903
0.00012713033356703818
0.0001263855810975656
0.0001253306691069156
0.00012475748371798545
0.00012564801727421582
0.0001250135392183438
0.0001236245734617114
0.0001228341570822522
0.0001220759004354477
0.00012246056576259434
0.00012194090231787413
0.00012154549767728895
0.00012123647320549935
0.0001209258844028227
0.0001205906446557492
0.00012031799997203052
0.00012003975280094892
0.00011980054114246741
0.00011948753672186285
0.00011918641394004226
0.00011896324576810002
0.00011873910261783749
0.00011843831453006715
0.00011816269397968426
0.00011782086949096993
0.00011789031850639731
0.0001177503218059428
0.00011741116031771526
0.0001169642127933912
0.00011662109318422154
0.00011631924280663952
0.00011608880595304072
0.00011577527766348794
0.0001158547165687196
0.00011564338637981564
0.00011531743803061545
0.00011509658361319453
0.00011466024443507195
0.00011434562475187704
0.00011402904783608392
0.00011371525033609942
0.00011343845835654065
0.00011318880569888279
0.00011295903095742688
0.00011261412146268412
0.00011230901873204857
0.00011213122343178838
0.00011184233881067485
0.00011150121281389147
0.00011122566502308473
0.00011104087752755731
0.00011081647971877828
0.00011051553155994043
0.00011027754953829572
0.00011001609527738765
0.00010975549957947806
0.00010946800466626883
0.00010917701001744717
0.00010894028673646972
0.00010872616985579953
0.000108483771327883
0.00010818276496138424
0.0001080730144167319
0.0001078320638043806
0.00010762758029159158
0.0001073296953109093
0.000107100851892028
0.00010721804574131966
0.00010689515329431742
0.00010659934196155518
0.00010633243800839409
0.0001061451985151507
0.00010598246444715187
0.00010564355761744082
0.00010539447248447686
0.00010517434566281736
0.00010472105350345373
0.00010430918337078765
0.00010400287283118814
0.00010370719246566296
0.0001034781671478413
0.0001032778454828076
0.0001028396436595358
0.00010249015031149611
0.00010226479935226962
0.00010208752792095765
0.00010188479791395366
0.00010148795263376087
0.00010117168858414516
0.00010093257151311263
0.00010072075383504853
0.00010022892092820257
0.00010002574708778411
9.95648733805865e-05
9.999012399930507e-05
0.0001001260316115804
0.00010042565554613248
9.983805648516864e-05
9.890255751088262e-05
9.842913277680054e-05
9.79493124759756e-05
9.751984907779843e-05
9.7165051556658e-05
9.678668720880523e-05
9.644099191064015e-05
9.60936740739271e-05
9.577024320606142e-05
9.543984924675897e-05
9.530979150440544e-05
9.514296107226983e-05
9.50154717429541e-05
9.488483192399144e-05
9.471491648582742e-05
9.458376007387415e-05
9.443546150578186e-05
9.438883716939017e-05
9.426475298823789e-05
9.430953650735319e-05
9.481301094638184e-05
9.518935257801786e-05
9.556140139466152e-05
9.570601832820103e-05
9.513569966657087e-05
9.434112143935636e-05
9.382658026879653e-05
9.349540050607175e-05
9.32066177483648e-05
9.29775123950094e-05
9.274309559259564e-05
9.252232848666608e-05
9.235995821654797e-05
9.220076026394963e-05
9.197062172461301e-05
9.175328159471974e-05
9.155280713457614e-05
9.14174597710371e-05
9.123753989115357e-05
9.099406452151015e-05
9.092099207919091e-05
9.079932351596653e-05
9.061827586265281e-05
9.033830428961664e-05
9.018075797939673e-05
9.007236803881824e-05
8.98810030776076e-05
8.973560761660337e-05
8.956892270362005e-05
8.946723392000422e-05
8.9282140834257e-05
8.912054909160361e-05
8.897519001038745e-05
8.917480590753257e-05
8.886432624422014e-05
8.882202382665128e-05
8.85942718014121e-05
8.842075476422906e-05
8.813225576886907e-05
8.928899478632957e-05
8.937594975577667e-05
8.904655260266736e-05
8.864878327585757e-05
8.826962584862486e-05
8.786858234088868e-05
8.764029189478606e-05
8.729298133403063e-05
8.710649126442149e-05
8.680674363858998e-05
8.6559186456725e-05
8.642388274893165e-05
8.614142279839143e-05
8.605053153587505e-05
8.582483133068308e-05
8.564737072447315e-05
8.543422882212326e-05
8.526894816895947e-05
8.508758764946833e-05
8.491456537740305e-05
8.48605195642449e-05
8.472660556435585e-05
8.454648195765913e-05
8.441707177553326e-05
8.42094887048006e-05
8.399455691687763e-05
8.387288835365325e-05
8.362819789908826e-05
8.36147737572901e-05
8.338625775650144e-05
8.315512968692929e-05
8.305862866109237e-05
8.283192437374964e-05
8.262297342298552e-05
8.245528442785144e-05
8.225118654081598e-05
8.202115714084357e-05
8.186393097275868e-05
8.166622865246609e-05
8.151988731697202e-05
8.144967432599515e-05
8.120560960378498e-05
8.105726010398939e-05
