0.5514018535614014
0.7725856900215149
0.8302180767059326
0.84112149477005
0.8473520278930664
0.8535825610160828
0.8566977977752686
0.8644859790802002
0.8691588640213013
0.8753893971443176
0.8769470453262329
0.8862928152084351
0.8894081115722656
0.8909657597541809
0.8925233483314514
0.8971962332725525
0.895638644695282
0.8971962332725525
0.9003115296363831
0.9034267663955688
0.9034267663955688
0.9080997109413147
0.9034267663955688
0.9080997109413147
0.9112149477005005
0.9112149477005005
0.9065420627593994
0.9112149477005005
0.9174454808235168
0.9205607771873474
0.9205607771873474
0.9221183657646179
0.9158878326416016
0.9221183657646179
0.9236760139465332
0.9127725958824158
0.9190031290054321
0.9236760139465332
0.914330244064331
0.9221183657646179
0.9080997109413147
0.9236760139465332
0.9252336621284485
0.9190031290054321
0.9236760139465332
0.9252336621284485
0.9283488988876343
0.926791250705719
0.9236760139465332
0.926791250705719
0.9299065470695496
0.9299065470695496
0.9361370801925659
0.9330217838287354
0.9392523169517517
0.940809965133667
0.940809965133667
0.9361370801925659
0.9361370801925659
0.940809965133667
0.9423676133155823
0.9454828500747681
0.9454828500747681
0.940809965133667
0.9439252614974976
0.9454828500747681
0.9439252614974976
0.9454828500747681
0.9470404982566833
0.9470404982566833
0.9470404982566833
0.9517133831977844
0.954828679561615
0.9517133831977844
0.9485981464385986
0.954828679561615
0.9579439163208008
0.9579439163208008
0.9579439163208008
0.9579439163208008
0.9595015645027161
0.9532710313796997
0.9595015645027161
0.9610592126846313
0.9626168012619019
0.9657320976257324
0.9657320976257324
0.9657320976257324
0.9641744494438171
0.9532710313796997
0.954828679561615
0.9579439163208008
0.9641744494438171
0.9626168012619019
0.9704049825668335
0.9704049825668335
0.9672897458076477
0.9688473343849182
0.9595015645027161
0.9641744494438171
0.9610592126846313
0.9735202789306641
0.9750778675079346
0.9735202789306641
0.9626168012619019
0.9766355156898499
0.9688473343849182
0.9750778675079346
0.9766355156898499
0.9766355156898499
0.9781931638717651
0.9813084006309509
0.9813084006309509
0.9813084006309509
0.9813084006309509
0.9813084006309509
0.9750778675079346
0.9766355156898499
0.9797507524490356
0.9797507524490356
0.9813084006309509
0.9813084006309509
0.9828660488128662
0.9828660488128662
0.9828660488128662
0.9828660488128662
0.9844236969947815
0.9828660488128662
0.9828660488128662
0.9844236969947815
0.9844236969947815
0.985981285572052
0.9875389337539673
0.9890965819358826
0.9890965819358826
0.9875389337539673
0.9890965819358826
0.9875389337539673
0.9875389337539673
0.9735202789306641
0.9750778675079346
0.9813084006309509
0.985981285572052
0.9875389337539673
0.9875389337539673
0.985981285572052
0.9875389337539673
0.9875389337539673
0.9875389337539673
0.9875389337539673
0.9890965819358826
0.9875389337539673
0.9875389337539673
0.9875389337539673
0.9875389337539673
0.9875389337539673
0.9875389337539673
0.9875389337539673
0.9890965819358826
0.9890965819358826
0.9890965819358826
0.9875389337539673
0.9890965819358826
0.9890965819358826
0.9890965819358826
0.9890965819358826
0.9890965819358826
0.985981285572052
0.9890965819358826
0.9906542301177979
0.9906542301177979
0.9906542301177979
0.9890965819358826
0.9890965819358826
0.9906542301177979
0.9906542301177979
0.9906542301177979
0.9906542301177979
0.9906542301177979
0.9906542301177979
0.9890965819358826
0.9890965819358826
0.9906542301177979
0.9922118186950684
0.9906542301177979
0.9922118186950684
0.9922118186950684
0.9922118186950684
0.9906542301177979
0.9906542301177979
0.9937694668769836
0.9937694668769836
0.9922118186950684
0.9922118186950684
0.9937694668769836
0.9937694668769836
0.9922118186950684
0.9937694668769836
0.9937694668769836
0.9937694668769836
0.9937694668769836
0.9937694668769836
0.9937694668769836
0.9968847632408142
0.9968847632408142
0.9968847632408142
0.9968847632408142
0.9968847632408142
0.9968847632408142
0.9968847632408142
0.9968847632408142
0.9968847632408142
0.9968847632408142
0.9968847632408142
0.9984423518180847
0.9968847632408142
0.9984423518180847
0.9984423518180847
0.9984423518180847
0.9984423518180847
0.9984423518180847
0.9937694668769836
0.9937694668769836
0.9984423518180847
0.9984423518180847
0.9984423518180847
0.9984423518180847
0.9984423518180847
0.9984423518180847
0.9984423518180847
0.9984423518180847
0.9984423518180847
0.9968847632408142
0.9968847632408142
0.9984423518180847
0.9984423518180847
0.9984423518180847
0.9984423518180847
0.9984423518180847
0.9984423518180847
0.9984423518180847
0.9984423518180847
0.9984423518180847
0.9984423518180847
0.9984423518180847
0.9984423518180847
0.9984423518180847
0.9984423518180847
0.9984423518180847
0.9984423518180847
0.9984423518180847
0.9984423518180847
0.9984423518180847
0.9984423518180847
0.9984423518180847
0.9984423518180847
0.9984423518180847
0.9984423518180847
0.9984423518180847
0.9984423518180847
0.9984423518180847
0.9984423518180847
0.9984423518180847
0.9968847632408142
0.9984423518180847
0.9906542301177979
1.0
0.9984423518180847
1.0
1.0
1.0
1.0
1.0
1.0
1.0
1.0
1.0
1.0
1.0
1.0
1.0
1.0
1.0
1.0
1.0
1.0
1.0
1.0
0.9984423518180847
1.0
1.0
1.0
1.0
1.0
1.0
1.0
1.0
1.0
1.0
1.0
1.0
1.0
1.0
1.0
1.0
0.9984423518180847
0.9953271150588989
1.0
1.0
1.0
1.0
1.0
1.0
1.0
1.0
1.0
1.0
1.0
1.0
1.0
1.0
1.0
1.0
1.0
1.0
1.0
1.0
1.0
1.0
1.0
1.0
1.0
1.0
1.0
1.0
1.0
1.0
1.0
1.0
1.0
1.0
1.0
1.0
1.0
1.0
1.0
1.0
1.0
1.0
1.0
1.0
1.0
1.0
1.0
1.0
1.0
1.0
1.0
1.0
1.0
1.0
1.0
1.0
1.0
1.0
1.0
1.0
1.0
1.0
1.0
1.0
1.0
1.0
1.0
1.0
1.0
1.0
1.0
1.0
1.0
1.0
1.0
1.0
1.0
1.0
1.0
1.0
1.0
1.0
1.0
1.0
1.0
1.0
1.0
1.0
1.0
1.0
1.0
1.0
1.0
1.0
1.0
1.0
1.0
1.0
1.0
1.0
1.0
1.0
1.0
1.0
1.0
1.0
1.0
1.0
1.0
1.0
1.0
1.0
1.0
1.0
1.0
1.0
1.0
1.0
1.0
1.0
1.0
1.0
1.0
1.0
1.0
1.0
1.0
1.0
1.0
1.0
1.0
1.0
1.0
1.0
1.0
1.0
1.0
1.0
1.0
1.0
1.0
1.0
1.0
1.0
1.0
1.0
1.0
1.0
1.0
1.0
1.0
1.0
1.0
1.0
1.0
1.0
1.0
1.0
1.0
1.0
1.0
1.0
1.0
1.0
1.0
1.0
1.0
1.0
1.0
1.0
1.0
1.0
1.0
1.0
1.0
1.0
1.0
1.0
1.0
1.0
1.0
1.0
1.0
1.0
1.0
1.0
1.0
1.0
1.0
1.0
1.0
1.0
1.0
1.0
1.0
1.0
1.0
1.0
1.0
1.0
1.0
1.0
1.0
1.0
1.0
1.0
1.0
1.0
1.0
1.0
1.0
1.0
1.0
1.0
1.0
1.0
1.0
1.0
1.0
1.0
1.0
1.0
1.0
1.0
1.0
1.0
1.0
1.0
1.0
1.0
1.0
1.0
1.0
1.0
1.0
1.0
1.0
1.0
1.0
1.0
1.0
1.0
1.0
1.0
1.0
1.0
1.0
1.0
1.0
1.0
1.0
1.0
1.0
1.0
1.0
1.0
1.0
1.0
1.0
1.0
1.0
1.0
1.0
1.0
1.0
1.0
1.0
1.0
1.0
1.0
1.0
1.0
1.0
1.0
1.0
1.0
1.0
1.0
1.0
1.0
1.0
1.0
1.0
1.0
1.0
1.0
1.0
1.0
1.0
1.0
1.0
1.0
1.0
1.0
