0.8895338773727417
0.7085039019584656
0.6134186387062073
0.5610947608947754
0.5229700803756714
0.49121007323265076
0.4675523042678833
0.4467345178127289
0.43575435876846313
0.42325931787490845
0.4119130074977875
0.40279853343963623
0.394025057554245
0.38529956340789795
0.3808610439300537
0.3736112415790558
0.3690527677536011
0.36422500014305115
0.35905033349990845
0.3560904860496521
0.3521607220172882
0.3484743535518646
0.3479202389717102
0.3434789180755615
0.3398073613643646
0.3348807990550995
0.3395310938358307
0.33464011549949646
0.3332381546497345
0.3305273652076721
0.32528164982795715
0.3236554265022278
0.3236757516860962
0.3163122534751892
0.31288716197013855
0.3125374913215637
0.3080047070980072
0.3065973222255707
0.3044772148132324
0.30445170402526855
0.3057537376880646
0.30181363224983215
0.2982998490333557
0.296007364988327
0.2960204482078552
0.2960645854473114
0.29749351739883423
0.29413771629333496
0.29039207100868225
0.2880774140357971
0.2878963053226471
0.285348504781723
0.28302669525146484
0.2823486328125
0.28244873881340027
0.280368447303772
0.2785916328430176
0.2767162024974823
0.27541184425354004
0.27367913722991943
0.27869150042533875
0.27654528617858887
0.27730754017829895
0.27359792590141296
0.2706519067287445
0.26811206340789795
0.26668909192085266
0.26390790939331055
0.26410460472106934
0.2621042728424072
0.2619687020778656
0.26033908128738403
0.2615891993045807
0.25867852568626404
0.26043611764907837
0.2574172019958496
0.2592996656894684
0.25700363516807556
0.2548650801181793
0.25182050466537476
0.250901460647583
0.24947606027126312
0.251712441444397
0.25596362352371216
0.2507734000682831
0.2502785921096802
0.2468568980693817
0.24421559274196625
0.2548208236694336
0.249550461769104
0.24500897526741028
0.24257463216781616
0.2396298050880432
0.23841515183448792
0.23767393827438354
0.2374539077281952
0.23631566762924194
0.2430706024169922
0.24280084669589996
0.23808468878269196
0.2414242923259735
0.23559710383415222
0.23241738975048065
0.23019194602966309
0.2291100025177002
0.22736455500125885
0.22768346965312958
0.2255498170852661
0.22424684464931488
0.22335195541381836
0.2221912145614624
0.22098948061466217
0.22197844088077545
0.2216992974281311
0.22398057579994202
0.2220732569694519
0.21719075739383698
0.21658672392368317
0.2138381153345108
0.21453401446342468
0.21579264104366302
0.21255408227443695
0.21147631108760834
0.2114282250404358
0.21460296213626862
0.21035130321979523
0.20914219319820404
0.20747911930084229
0.20663844048976898
0.2055303305387497
0.20503275096416473
0.20351001620292664
0.20662561058998108
0.21038439869880676
0.20477375388145447
0.20471811294555664
0.20317676663398743
0.20286552608013153
0.20038947463035583
0.19774238765239716
0.1961776465177536
0.19733932614326477
0.19714774191379547
0.22159431874752045
0.2104790061712265
0.19746901094913483
0.19402973353862762
0.1919652372598648
0.19106203317642212
0.18977421522140503
0.18927685916423798
0.18861041963100433
0.18952897191047668
0.18851418793201447
0.1880914270877838
0.1874716728925705
0.18812569975852966
0.1876298487186432
0.18595176935195923
0.18607859313488007
0.18540224432945251
0.18554605543613434
0.1846502721309662
0.1836855113506317
0.18281756341457367
0.18256859481334686
0.1836165189743042
0.18225175142288208
0.18181908130645752
0.18193069100379944
0.18197529017925262
0.18117575347423553
0.18046323955059052
0.1814827173948288
0.18092350661754608
0.18001717329025269
0.17952372133731842
0.1782207489013672
0.1774636209011078
0.17708666622638702
0.17705611884593964
0.17668043076992035
0.17612627148628235
0.17535287141799927
0.1750236302614212
0.17515771090984344
0.17443327605724335
0.1737145185470581
0.17369915544986725
0.17313016951084137
0.17265410721302032
0.17228196561336517
0.17191451787948608
0.17118890583515167
0.17118175327777863
0.17357361316680908
0.18208402395248413
0.18438145518302917
0.17731121182441711
0.17295877635478973
0.17245669662952423
0.17538994550704956
0.17220142483711243
0.16924194991588593
0.16912028193473816
0.16892603039741516
0.16816186904907227
0.16796322166919708
0.16716788709163666
0.16664554178714752
0.16590997576713562
0.16513164341449738
0.16472826898097992
0.16698476672172546
0.17387926578521729
0.17148099839687347
0.16596394777297974
0.16424156725406647
0.16287966072559357
0.1634732186794281
0.1621984988451004
0.16186778247356415
0.16202250123023987
0.16168296337127686
0.1605456918478012
0.16001616418361664
0.15969198942184448
0.1596050262451172
0.1589544713497162
0.15849171578884125
0.1584702581167221
0.15939800441265106
0.16000713407993317
0.15851172804832458
0.15866653621196747
0.15875165164470673
0.1571056842803955
0.15749022364616394
0.158694788813591
0.1583409458398819
0.15636365115642548
0.15519750118255615
0.15516886115074158
0.15633882582187653
0.15530472993850708
0.16061550378799438
0.16026701033115387
0.1586470603942871
0.15621952712535858
0.15387357771396637
0.15453049540519714
0.1544266641139984
0.15318718552589417
0.15229642391204834
0.15187087655067444
0.15158674120903015
0.15148496627807617
0.15124870836734772
0.1508447229862213
0.15093715488910675
0.15115219354629517
0.1506728082895279
0.15022069215774536
0.15052427351474762
0.15269367396831512
0.15046583116054535
0.15016844868659973
0.1499047875404358
0.1492447406053543
0.1499045044183731
0.1497238278388977
0.14933669567108154
0.14891022443771362
0.14887353777885437
0.1494920253753662
0.14922209084033966
0.1490338295698166
0.14832329750061035
0.14796920120716095
0.14764000475406647
0.14759224653244019
0.14718836545944214
0.1488836258649826
0.1505400687456131
0.14882029592990875
0.1479165256023407
0.14724063873291016
0.14671668410301208
0.14631493389606476
0.14609447121620178
0.14575180411338806
0.1455991119146347
0.1454513967037201
0.14542588591575623
0.14551641047000885
0.1451718509197235
0.14507047832012177
0.14475135505199432
0.14448124170303345
0.14432598650455475
0.14414134621620178
0.14413760602474213
0.14404244720935822
0.14393149316310883
0.14346162974834442
0.1446107178926468
0.14458398520946503
0.14401033520698547
0.1442851573228836
0.1442725956439972
0.1437039077281952
0.14312103390693665
0.14297926425933838
0.14273306727409363
0.14260315895080566
0.14300912618637085
0.14273835718631744
0.14208905398845673
0.1421506255865097
0.14208076894283295
0.14168862998485565
0.1414082646369934
0.14132285118103027
0.14090576767921448
0.1407896876335144
0.1411750316619873
0.1412981003522873
0.14059500396251678
0.14004014432430267
0.1398085206747055
0.13989968597888947
0.13962876796722412
0.1397579312324524
0.14006152749061584
0.139776811003685
0.13926911354064941
0.13908664882183075
0.1387777328491211
0.138661727309227
0.1383601427078247
0.13811582326889038
0.13839073479175568
0.14079663157463074
0.13993114233016968
0.138736292719841
0.13801909983158112
0.13768942654132843
0.13741248846054077
0.1373549848794937
0.13722527027130127
0.13711489737033844
0.13737542927265167
0.1372801661491394
0.13702012598514557
0.1371123492717743
0.13660423457622528
0.13659590482711792
0.1365150362253189
0.13666777312755585
0.1369369477033615
0.1369084119796753
0.13711091876029968
0.136918306350708
0.13658316433429718
0.1364193707704544
0.1361205130815506
0.13575024902820587
0.13556580245494843
0.13539302349090576
0.13540270924568176
0.13532941043376923
0.13528679311275482
0.13519108295440674
0.13520020246505737
0.13516929745674133
0.13508760929107666
0.13517653942108154
0.1350516974925995
0.13492679595947266
0.1348339319229126
0.1347058117389679
0.13459309935569763
0.13459932804107666
0.13445548713207245
0.13444015383720398
0.13428384065628052
0.13434264063835144
0.1344023495912552
0.1342211216688156
0.1341361552476883
0.13416504859924316
0.13406138122081757
0.13397818803787231
0.13381017744541168
0.13365304470062256
0.13494493067264557
0.13441549241542816
0.1342923641204834
0.13365216553211212
0.13373593986034393
0.13390564918518066
0.13369914889335632
0.1334053874015808
0.13311389088630676
0.13316810131072998
0.132988840341568
0.132998526096344
0.13296769559383392
0.13282491266727448
0.13269808888435364
0.13261808454990387
0.13251756131649017
0.132273331284523
0.1323871612548828
0.1321946531534195
0.13207590579986572
0.13210295140743256
0.1321486234664917
0.13214349746704102
0.1320740282535553
0.13193784654140472
0.13183045387268066
0.13158538937568665
0.13183525204658508
0.13179568946361542
0.1318427473306656
0.13216818869113922
0.13200712203979492
0.1318509876728058
0.13162113726139069
0.13145026564598083
0.1312742531299591
0.13113930821418762
0.13103070855140686
0.13093173503875732
0.13089247047901154
0.13089695572853088
0.1307419389486313
0.13069726526737213
0.13058418035507202
0.1305287927389145
0.13054201006889343
0.1304406374692917
0.1303531676530838
0.13025686144828796
0.13054496049880981
0.1305677592754364
0.1304532289505005
0.1303258240222931
0.1301838904619217
0.13015902042388916
0.13034629821777344
0.13033132255077362
0.13019968569278717
0.13005779683589935
0.12993693351745605
0.12990212440490723
0.12987403571605682
0.12970945239067078
0.12972277402877808
0.12966200709342957
0.1296396404504776
0.12953607738018036
0.12944914400577545
0.12942169606685638
0.1299317628145218
0.12980152666568756
0.12975001335144043
0.129630908370018
0.12951502203941345
0.1294482797384262
0.12928441166877747
0.1292395293712616
0.12911075353622437
0.12898068130016327
0.12917771935462952
0.1290660798549652
0.12894487380981445
0.12887519598007202
0.12886637449264526
0.12868033349514008
0.12875692546367645
0.1286611258983612
0.12872479856014252
0.12876087427139282
0.12876100838184357
0.1286619007587433
0.12878958880901337
0.12871745228767395
0.12865601480007172
0.12853913009166718
0.12848146259784698
0.12840034067630768
0.12842266261577606
0.12818709015846252
0.12814439833164215
0.12810136377811432
0.12804779410362244
0.1280222088098526
0.1280246078968048
0.1279994547367096
0.1280517876148224
0.1280362904071808
0.1278413087129593
0.1278299242258072
0.12780268490314484
0.12776276469230652
0.12770026922225952
0.127641960978508
0.127606600522995
0.12755489349365234
0.12761621177196503
0.12754537165164948
0.12752772867679596
0.1275515854358673
0.12754175066947937
0.1274569034576416
0.12740324437618256
0.127334326505661
0.1273079514503479
0.1271876096725464
0.1271473467350006
0.1270478218793869
0.1270987093448639
0.12700051069259644
0.1271088868379593
0.12701818346977234
0.12697426974773407
0.12688513100147247
0.12697574496269226
0.1269109547138214
0.126893550157547
0.12700597941875458
0.12686195969581604
0.1268865466117859
0.12686987221240997
0.12681660056114197
0.12665630877017975
0.1267160177230835
0.1266845464706421
0.12664180994033813
0.12655846774578094
0.12650033831596375
0.12642592191696167
0.12639883160591125
0.12641674280166626
0.12638793885707855
0.12645411491394043
0.12653514742851257
0.1264665424823761
0.12635771930217743
0.12630413472652435
0.12626175582408905
0.12623584270477295
0.1261027753353119
0.1261616200208664
0.12612316012382507
0.12612172961235046
0.12607501447200775
0.1260432004928589
0.12601937353610992
0.12599359452724457
0.12597447633743286
0.12594853341579437
0.1258975714445114
0.12600016593933105
0.1259782314300537
0.12598396837711334
0.12598852813243866
0.12592247128486633
0.12590496242046356
0.1258976310491562
0.12588872015476227
0.12582342326641083
0.1258012354373932
0.1257278174161911
0.12569676339626312
0.12567293643951416
0.12565770745277405
0.12563778460025787
0.1256072074174881
0.12558241188526154
0.12550780177116394
0.12563090026378632
0.12564623355865479
0.1256377398967743
0.12561243772506714
0.12554888427257538
0.12552781403064728
0.12553921341896057
0.12554599344730377
0.12552469968795776
0.12550629675388336
0.12542670965194702
0.12543469667434692
0.125408336520195
0.12537994980812073
0.12526294589042664
0.12534944713115692
0.1253208965063095
0.1252751648426056
