0.6339715123176575
0.5204806923866272
0.4655197858810425
0.43276897072792053
0.411062091588974
0.397077351808548
0.3768007755279541
0.36889222264289856
0.3508617579936981
0.3648320734500885
0.3378147780895233
0.3317166268825531
0.3204660713672638
0.311901718378067
0.30999645590782166
0.3018335700035095
0.2962903678417206
0.2906254231929779
0.29163670539855957
0.29540321230888367
0.28360888361930847
0.2753046452999115
0.2749268114566803
0.27163708209991455
0.26230889558792114
0.2672077417373657
0.25442054867744446
0.2497004121541977
0.24389755725860596
0.24550947546958923
0.2763935327529907
0.24160559475421906
0.23632769286632538
0.23715248703956604
0.23630903661251068
0.22151674330234528
0.2154119312763214
0.21053782105445862
0.2095719873905182
0.20608660578727722
0.19812199473381042
0.20762130618095398
0.1988544464111328
0.19682197272777557
0.18808485567569733
0.19419997930526733
0.19214291870594025
0.17886334657669067
0.1749836653470993
0.1688651144504547
0.16417887806892395
0.1610947996377945
0.1915687471628189
0.1661655455827713
0.1572265625
0.15304672718048096
0.14823484420776367
0.15108487010002136
0.14803346991539001
0.13900792598724365
0.14340001344680786
0.1420457363128662
0.1359751969575882
0.12719830870628357
0.12087515741586685
0.1155538484454155
0.11191211640834808
0.10730364173650742
0.10338307172060013
0.10306429117918015
0.09776702523231506
0.09374692291021347
0.08974279463291168
0.08652333915233612
0.08295820653438568
0.08209971338510513
0.07917945832014084
0.07189992815256119
0.069473497569561
0.06509561836719513
0.07763119041919708
0.13730095326900482
0.10329541563987732
0.09224136918783188
0.07903220504522324
0.07110956311225891
0.056015562266111374
0.05508338660001755
0.057957105338573456
0.057681020349264145
0.04805123433470726
0.0458543598651886
0.04352244362235069
0.04026804491877556
0.038273390382528305
0.0368523932993412
0.035932473838329315
0.03409335017204285
0.03196534886956215
0.03071385622024536
0.0297546423971653
0.02929333969950676
0.04584755375981331
0.03283556178212166
0.02954436093568802
0.030983779579401016
0.028958184644579887
0.03268479183316231
0.02953953668475151
0.027464542537927628
0.022457655519247055
0.02099161595106125
0.019505877047777176
0.018688645213842392
0.01877967081964016
0.018924778327345848
0.020201269537210464
0.017756257206201553
0.01583775319159031
0.015471657738089561
0.014714423567056656
0.014053012244403362
0.013021798804402351
0.012308760546147823
0.012048191390931606
0.011774099431931973
0.011384706944227219
0.011195255443453789
0.01177159883081913
0.012148324400186539
0.011881877668201923
0.011114181950688362
0.01060388796031475
0.010146547108888626
0.009884612634778023
0.009721537120640278
0.009364992380142212
0.021617930382490158
0.01618221402168274
0.01258834358304739
0.010799015872180462
0.009575462900102139
0.00866366270929575
0.00825301930308342
0.007976257242262363
0.0077086929231882095
0.007599526084959507
0.007490010932087898
0.00720347510650754
0.007055920083075762
0.006919016130268574
0.008946985006332397
0.007085723802447319
0.007895787246525288
0.007388203404843807
0.007072772365063429
0.006719628814607859
0.006847100798040628
0.006502208765596151
0.006276853382587433
0.005980102811008692
0.006302001886069775
0.00627003563567996
0.006305106915533543
0.006486463360488415
0.0057210312224924564
0.005405275616794825
0.005200780462473631
0.005191307049244642
0.00511968694627285
0.0048796324990689754
0.004778534639626741
0.004700430203229189
0.004554058890789747
0.004518427420407534
0.00442137336358428
0.0043265302665531635
0.004269244149327278
0.00882656965404749
0.006175665650516748
0.0050090220756828785
0.004495577421039343
0.004337837919592857
0.004214951768517494
0.004434023518115282
0.003974444232881069
0.004175746813416481
0.004221073817461729
0.0036899219267070293
0.0036288404371589422
0.003493836848065257
0.0035364776849746704
0.0035207211039960384
0.003332923399284482
0.0032478058710694313
0.0031999237835407257
0.004090288653969765
0.004192918073385954
0.0034456055145710707
0.0032529195304960012
0.003118258435279131
0.002974581206217408
0.002883951412513852
0.002839751075953245
0.0027789531741291285
0.0027246945537626743
0.0027242933865636587
0.002650480018928647
0.0026088098529726267
0.002581940731033683
0.002530764089897275
0.002605354879051447
0.002626377157866955
0.002530437894165516
0.0024423832073807716
0.0023783883079886436
0.002339233411476016
0.0023122599814087152
0.0023204623721539974
0.002258510794490576
0.002219183137640357
0.0021849465556442738
0.002364886226132512
0.0024420334957540035
0.0022341664880514145
0.0021821653936058283
0.002131052315235138
0.002097556833177805
0.002076755976304412
0.0020545129664242268
0.002041374333202839
0.00202454742975533
0.0020132719073444605
0.0019992978777736425
0.0019713814835995436
0.0019657514058053493
0.0019480619812384248
0.0019311951473355293
0.0019289120100438595
0.00191347801592201
0.0019190176390111446
0.0019070665584877133
0.0018867588369175792
0.0019150073640048504
0.0019649190362542868
0.0018697548657655716
0.0018539883894845843
0.0018502421444281936
0.0018251141300424933
0.001792484545148909
0.0017841048538684845
0.001771259936504066
0.0017509085591882467
0.001737352809868753
0.001729078940115869
0.0017183957388624549
0.0017034515039995313
0.0016953804297372699
0.001719408668577671
0.0017542948480695486
0.0016943905502557755
0.0016990709118545055
0.001697626430541277
0.0016385398339480162
0.0016148267313838005
0.0016017970629036427
0.001594827976077795
0.0015763113042339683
0.001565052312798798
0.0015545962378382683
0.0015458912821486592
0.0015375427901744843
0.0015237652696669102
0.0015183171490207314
0.0015038938727229834
0.0014924707356840372
0.0015046781627461314
0.0015177049208432436
0.0015004201559349895
0.0014808414271101356
0.001466235495172441
0.001456939266063273
0.0014554919907823205
0.0014509729808196425
0.0014102604473009706
0.001398290041834116
0.0013880656333640218
0.0013737280387431383
0.00136090989690274
0.001354397856630385
0.0013408566592261195
0.001331564737483859
0.0013597267679870129
0.00141103845089674
0.0013446913799270988
0.001301695010624826
0.0017035693163052201
0.0016338694840669632
0.0013599268859252334
0.0013107274426147342
0.0013004320207983255
0.0012689264258369803
0.0012474837712943554
0.001344357500784099
0.0014172601513564587
0.0012924635084345937
0.001245503081008792
0.001212010276503861
0.0012198350159451365
0.0011878974037244916
0.0011750669218599796
0.0011686619836837053
0.0012411500792950392
0.001511867856606841
0.001217920333147049
0.0011730043916031718
0.0011625048937276006
0.0011248962255194783
0.0011016345815733075
0.0010895268060266972
0.0010803494369611144
0.0010696250246837735
0.0010609541786834598
0.0011032395996153355
0.0011208904907107353
0.001089512137696147
0.0010726174805313349
0.001079103327356279
0.0011017360957339406
0.0010978201171383262
0.0010718253906816244
0.0010450046975165606
0.0010234067449346185
0.0010171361500397325
0.001009101397357881
0.0010076748440042138
0.0009971483377739787
0.000992095679976046
0.0009867650223895907
0.0009835686068981886
0.0009785674046725035
0.0009709849255159497
0.0009670925210230052
0.000968816748354584
0.000959057011641562
0.0009547928930260241
0.0009494263213127851
0.0009462073212489486
0.0009446014300920069
0.0009384970180690289
0.000935632677283138
0.0009315030765719712
0.0009270653245039284
0.0009225828107446432
0.0009200568310916424
0.0009160987683571875
0.0009209006675519049
0.0009224132518284023
0.0009217463084496558
0.0009188859257847071
0.0009100409224629402
0.0009027253254316747
0.0008961715502664447
0.0008919746032916009
0.0008883131667971611
0.0008839908405207098
0.0008790538413450122
0.0008748151594772935
0.0008732604328542948
0.0008677809382788837
0.0008722397033125162
0.0008722224156372249
0.0008630994125269353
0.0008549353224225342
0.0008512120111845434
0.0008464910788461566
0.000842217996250838
0.0008400759543292224
0.0008441741811111569
0.0008367877453565598
0.000830989214591682
0.0008257301524281502
0.000824397022370249
0.0008202622411772609
0.0008178101852536201
0.0008119113626889884
0.0008193736430257559
0.000831521290820092
0.0007962253876030445
0.0008639791631139815
0.0008465011487714946
0.0008124244050122797
0.0007938744383864105
0.0007908456609584391
0.0007849367102608085
0.0007794505800120533
0.0007751231896691024
0.000773911306168884
0.0007757176063023508
0.0007701552822254598
0.0007661632262170315
0.0007604846032336354
0.000791774655226618
0.0008177453419193625
0.0008049282478168607
0.0007835011347196996
0.0007679282571189106
0.0007573695620521903
0.0007467255927622318
0.0007408080855384469
0.0007371351821348071
0.0007321517332457006
0.000725870777387172
0.0007230129558593035
0.000719299481716007
0.0007161300745792687
0.0007126858690753579
0.0007102994131855667
0.0007079783827066422
0.0007020776974968612
0.000696722709108144
0.0006946569192223251
0.0006899824948050082
0.0006881275330670178
0.0006898140418343246
0.0006863937014713883
0.0006834451342001557
0.0006807725876569748
0.0006838891422376037
0.0006891548400744796
0.0006917310529388487
0.0006881519802846014
0.0006875462713651359
0.0006865545874461532
0.0006832134095020592
0.000678448413964361
0.0006738474476151168
0.0006710354937240481
0.000668872962705791
0.0006657436024397612
0.0006645650719292462
0.0006614827434532344
0.0006587932584807277
0.0006574576254934072
0.0006545921787619591
0.0006524815107695758
0.000651553797069937
0.0006491985404863954
0.0006475179106928408
0.0006460595177486539
0.0006452568341046572
0.0006458015413954854
0.0006407142500393093
0.0006382855353876948
0.0006363418069668114
0.000635127245914191
0.0006332169286906719
0.0006314232014119625
0.0006297583458945155
0.0006294794729910791
0.0006267295684665442
0.0006250787992030382
0.0006234500324353576
0.000621406186837703
0.0006225875695236027
0.0006213501910679042
0.0006179733318276703
0.0006162325735203922
0.0006141207995824516
0.0006125292275100946
0.0006103053456172347
0.0006090550450608134
0.000608823960646987
0.0006067851209081709
0.0006051785894669592
0.000603916822001338
0.0006030163494870067
0.0005995564279146492
0.0005981908179819584
0.0005962633877061307
0.0005945084849372506
0.0005927736056037247
0.0005929829785600305
0.0006051947711966932
0.0006054596160538495
0.0005976072861813009
0.0005878008669242263
0.0005831636372022331
0.0005830741720274091
0.000580614258069545
0.0005782866501249373
0.0005762066575698555
0.0005747525719925761
0.0005733470898121595
0.0005716120940633118
0.0005694578285329044
0.0005707758828066289
0.0005669513484463096
0.0005660798633471131
0.000562359462492168
0.0005604290054179728
0.0005591177614405751
0.000558516476303339
0.0005559317069128156
0.00055410381173715
0.0005523313884623349
0.000550038821529597
0.0005491288611665368
0.0005469722091220319
0.0005458028754219413
0.0005435651983134449
0.0005424216506071389
0.0005411392776295543
0.0005386185948736966
0.0005392802413553
0.00053668103646487
0.000536618463229388
0.0005353522719815373
0.0005319815827533603
0.0005297792959026992
0.0005280075129121542
0.0005266323569230735
0.0005247949156910181
0.0005229547386988997
0.0005221786559559405
0.0005209731170907617
0.0005206817295402288
0.0005196133861318231
0.0005185642512515187
0.0005179406725801528
0.0005174019024707377
0.000525298120919615
0.00052704504923895
0.000527630967553705
0.0005245271022431552
0.0005207043723203242
0.0005183308967389166
0.0005152359372004867
0.0005135744577273726
0.0005119337583892047
0.0005110729834996164
0.0005095306551083922
0.0005084144067950547
0.0005075925728306174
0.0005068404716439545
0.0005052152555435896
0.0005042424309067428
0.0005031934706494212
0.0005030968459323049
0.0005056404042989016
0.0005049727042205632
0.0005025339778512716
0.000500907888635993
0.0004996976931579411
0.0004983299295417964
0.0004969938308931887
0.0004962389939464629
0.0004989031585864723
0.0005010818131268024
0.0004987894208170474
0.0004957071505486965
0.0004926484543830156
0.0004925151588395238
0.0004900052445009351
0.0004890482523478568
0.0004882655048277229
0.0004865226219408214
0.0004856867890339345
0.000484423158923164
0.0004833789134863764
0.000482839357573539
0.0004816451692022383
0.00048122447333298624
0.00047964497935026884
0.00047863932559266686
0.00047701981384307146
0.00047951770829968154
0.00047909875866025686
0.0004775133274961263
0.00047898993943817914
0.0004772127140313387
0.00047603677376173437
0.0004738509305752814
0.00047237329999916255
0.00047078964416868985
0.0004694756062235683
0.0004689436755143106
0.0004674557421822101
0.00046644589747302234
0.00046523657510988414
0.00046384925371967256
0.00046340085100382566
0.00046193250454962254
0.00046101235784590244
0.0004599962558131665
0.0004591844917740673
0.0004613917553797364
0.0004616397782228887
0.0004586180148180574
0.0004568799922708422
0.0004556439525913447
