0.494777649641037
0.4041278064250946
0.3815380334854126
0.37271660566329956
0.36548912525177
0.356191486120224
0.34811535477638245
0.33983057737350464
0.33721181750297546
0.33599743247032166
0.32736948132514954
0.3234472870826721
0.3205428421497345
0.31386029720306396
0.3145866394042969
0.3085588216781616
0.3061155378818512
0.3025858998298645
0.2993215322494507
0.300545334815979
0.29615968465805054
0.29433193802833557
0.2944474518299103
0.289928674697876
0.28618764877319336
0.2824934422969818
0.2855248749256134
0.28448593616485596
0.28401273488998413
0.2806970477104187
0.2755419611930847
0.2722438871860504
0.26991739869117737
0.26617631316185
0.2644994258880615
0.26283061504364014
0.2594136893749237
0.25823724269866943
0.26025110483169556
0.25903528928756714
0.25692838430404663
0.2535535395145416
0.2499016970396042
0.24718299508094788
0.24580268561840057
0.25656798481941223
0.2555879056453705
0.24657048285007477
0.24203503131866455
0.2377241551876068
0.2368638664484024
0.23446528613567352
0.232423797249794
0.23233120143413544
0.23402707278728485
0.22991767525672913
0.22756443917751312
0.22519923746585846
0.22315731644630432
0.2215251922607422
0.22749796509742737
0.22607214748859406
0.23565003275871277
0.22951579093933105
0.21985849738121033
0.2163323611021042
0.21385565400123596
0.20997023582458496
0.20797285437583923
0.2063777893781662
0.20686683058738708
0.20513184368610382
0.20457960665225983
0.2066628783941269
0.20566578209400177
0.20090296864509583
0.20211516320705414
0.19838185608386993
0.19661234319210052
0.19399215281009674
0.19222918152809143
0.19057822227478027
0.19974614679813385
0.205571249127388
0.1939568966627121
0.18954059481620789
0.1867249310016632
0.18260380625724792
0.20768733322620392
0.19595271348953247
0.19035330414772034
0.18275006115436554
0.18011681735515594
0.17763905227184296
0.176286518573761
0.17549820244312286
0.1735595464706421
0.18558727204799652
0.17971870303153992
0.17924858629703522
0.1756633222103119
0.17485758662223816
0.16845957934856415
0.1692512184381485
0.16451941430568695
0.1626986265182495
0.16307097673416138
0.1599445939064026
0.15875393152236938
0.15979118645191193
0.15752024948596954
0.15520967543125153
0.15551675856113434
0.1560121476650238
0.15647375583648682
0.15442346036434174
0.15071402490139008
0.14985139667987823
0.14909885823726654
0.1502056121826172
0.1484968662261963
0.14841368794441223
0.14733366668224335
0.14686231315135956
0.1523519605398178
0.152765691280365
0.14760610461235046
0.1427614688873291
0.14159096777439117
0.1390487402677536
0.13649050891399384
0.13568229973316193
0.13614067435264587
0.13957127928733826
0.13648483157157898
0.13518187403678894
0.13374100625514984
0.13312309980392456
0.13319551944732666
0.13258452713489532
0.13154706358909607
0.1310153603553772
0.13085192441940308
0.14292976260185242
0.14212962985038757
0.13081254065036774
0.1294236183166504
0.12819744646549225
0.12717285752296448
0.12621383368968964
0.12630167603492737
0.1261463165283203
0.12522035837173462
0.12482232600450516
0.12418241798877716
0.12319832295179367
0.12333735078573227
0.12322750687599182
0.1244950070977211
0.12483131140470505
0.12299029529094696
0.12279239296913147
0.12189825624227524
0.12064296007156372
0.11960278451442719
0.1191418245434761
0.11924276500940323
0.11799341440200806
0.11788548529148102
0.12017981708049774
0.12165391445159912
0.11916253715753555
0.11736063659191132
0.11805158108472824
0.11776146292686462
0.11633672565221786
0.11527247726917267
0.11395679414272308
0.11315442621707916
0.11269224435091019
0.11243510991334915
0.11153313517570496
0.11107943207025528
0.11080635339021683
0.11130236089229584
0.11080233007669449
0.10991918295621872
0.10920400172472
0.10897517949342728
0.10800660401582718
0.10784298926591873
0.1073128879070282
0.10687533766031265
0.1069284975528717
0.10734326392412186
0.11361013352870941
0.12488812953233719
0.11743350327014923
0.10984762758016586
0.10644564777612686
0.10888473689556122
0.11158434301614761
0.10639043152332306
0.1049809530377388
0.10370242595672607
0.10276725143194199
0.1019420474767685
0.10358059406280518
0.1021098792552948
0.1007942482829094
0.09991353005170822
0.09919559210538864
0.09890713542699814
0.10404836386442184
0.1109623983502388
0.10308041423559189
0.0999360978603363
0.09806069731712341
0.09692759811878204
0.09771851450204849
0.09616577625274658
0.09581900388002396
0.09561426192522049
0.09490296989679337
0.09465932101011276
0.09458735585212708
0.0939488485455513
0.09354350715875626
0.09290377050638199
0.09242204576730728
0.09254216402769089
0.09232764691114426
0.09171798825263977
0.09142692387104034
0.09180347621440887
0.09249304980039597
0.09133905917406082
0.0915263295173645
0.09214407205581665
0.09187058359384537
0.09069850295782089
0.09011533111333847
0.09105170518159866
0.09280596673488617
0.0913509801030159
0.09240144491195679
0.0922044962644577
0.091481514275074
0.0900486558675766
0.08873710036277771
0.0899105817079544
0.08985338360071182
0.08865714818239212
0.08787490427494049
0.08750730007886887
0.08703145384788513
0.08760833740234375
0.08717080950737
0.08668072521686554
0.08694281429052353
0.08710110187530518
0.08656299859285355
0.0861179530620575
0.08707533776760101
0.08762650936841965
0.08610507100820541
0.08570388704538345
0.08541478961706161
0.08485035598278046
0.08542795479297638
0.08520106971263885
0.08475270122289658
0.08433322608470917
0.08465223759412766
0.08762214332818985
0.08726877719163895
0.08715411275625229
0.0858394131064415
0.08455140888690948
0.08366339653730392
0.08336032181978226
0.08353892713785172
0.087625652551651
0.08665972203016281
0.08404973149299622
0.08330892026424408
0.08266178518533707
0.08217660337686539
0.08177661895751953
0.08168242871761322
0.08135537803173065
0.08091576397418976
0.0811280757188797
0.0823332741856575
0.08382710069417953
0.08204088360071182
0.08106491714715958
0.0804641842842102
0.08015666157007217
0.07989727705717087
0.07956188172101974
0.07956226915121078
0.07928010821342468
0.07911407947540283
0.07920416444540024
0.07991793006658554
0.07946206629276276
0.07895287126302719
0.07862893491983414
0.07866451144218445
0.07839439809322357
0.07814390957355499
0.0781274139881134
0.07790836691856384
0.0794677585363388
0.0798049047589302
0.07849081605672836
0.07773694396018982
0.07715374231338501
0.07713396102190018
0.07700562477111816
0.07685457915067673
0.07726841419935226
0.07617665827274323
0.0769338309764862
0.07681230455636978
0.07643739134073257
0.07577166706323624
0.07567277550697327
0.07540580630302429
0.07516511529684067
0.07488813251256943
0.07493911683559418
0.07502736896276474
0.07500996440649033
0.07473383098840714
0.07454682886600494
0.07439108192920685
0.07430891692638397
0.07424946129322052
0.07401052117347717
0.0740382969379425
0.07479840517044067
0.07457391917705536
0.07423066347837448
0.07387951761484146
0.07367094606161118
0.07338258624076843
0.0734621062874794
0.07339571416378021
0.07333888858556747
0.07361504435539246
0.07357826083898544
0.07322099804878235
0.07327829301357269
0.07314302027225494
0.07313777506351471
0.07292088866233826
0.0730377584695816
0.07391437143087387
0.07380449026823044
0.0741269513964653
0.07409295439720154
0.07348452508449554
0.07306525856256485
0.07255630195140839
0.07226375490427017
0.07207897305488586
0.0718192607164383
0.07180309295654297
0.07176917791366577
0.07160107046365738
0.07139585167169571
0.07149028033018112
0.07149425894021988
0.07162564992904663
0.07255678623914719
0.07246597856283188
0.07214397192001343
0.07183405011892319
0.07159098237752914
0.07135417312383652
0.07130017131567001
0.0709892064332962
0.07088587433099747
0.07079562544822693
0.07069841772317886
0.07098135352134705
0.07079736888408661
0.0705992802977562
0.0707968920469284
0.07075928151607513
0.07048891484737396
0.07035098224878311
0.07010570168495178
0.0716315507888794
0.0710858702659607
0.07082392275333405
0.0699365958571434
0.07009447365999222
0.07036786526441574
0.07014132291078568
0.06981457024812698
0.06956490129232407
0.06968372315168381
0.06996018439531326
0.06984935700893402
0.06910170614719391
0.06899898499250412
0.0687909871339798
0.06875615566968918
0.06871528923511505
0.0685916468501091
0.06861887872219086
0.06837674975395203
0.06821742653846741
0.06827012449502945
0.06848424673080444
0.06881513446569443
0.06880403310060501
0.06853216886520386
0.06822584569454193
0.06790799647569656
0.06788907945156097
0.06778700649738312
0.06761211156845093
0.06769342720508575
0.06758902221918106
0.06742820143699646
0.06725294142961502
0.06715425103902817
0.06709755957126617
0.06707433611154556
0.06707020103931427
0.06701742112636566
0.06697674095630646
0.06691189110279083
0.06685866415500641
0.06685490161180496
0.06680242717266083
0.06686773896217346
0.06685860455036163
0.06683655828237534
0.06674163788557053
0.06667231768369675
0.06681516766548157
0.06687283515930176
0.06697722524404526
0.06683629751205444
0.06671962887048721
0.06667344272136688
0.06665349006652832
0.06670795381069183
0.06666503101587296
0.06648454070091248
0.06635966897010803
0.06628917157649994
0.06624651700258255
0.06615279614925385
0.06615222245454788
0.06608163565397263
0.06599356979131699
0.06597587466239929
0.06586533784866333
0.0658864751458168
0.06620049476623535
0.06609344482421875
0.06601236760616302
0.06595522165298462
0.06586433947086334
0.06582291424274445
0.06564094871282578
0.0656154602766037
0.06549336016178131
0.06543084979057312
0.06546144932508469
0.06538072973489761
0.06535006314516068
0.06537577509880066
0.06532631814479828
0.06525330990552902
0.06534211337566376
0.06519097089767456
0.06528887897729874
0.06535552442073822
0.06529959291219711
0.06518378108739853
0.06543062627315521
0.06531912833452225
0.06522456556558609
0.06507886946201324
0.06500589102506638
0.0649343803524971
0.06487596780061722
0.06475333124399185
0.06467170268297195
0.06462322175502777
0.06459590792655945
0.06459373235702515
0.06471236050128937
0.06479240208864212
0.06491748988628387
0.06478726118803024
0.06432313472032547
0.06446673721075058
0.06459221243858337
0.06468316912651062
0.06455691903829575
0.0644463375210762
0.06433086097240448
0.06423580646514893
0.06432975083589554
0.06423942744731903
0.06437335163354874
0.06440527737140656
0.06424154341220856
0.06408917903900146
0.06403319537639618
0.06399661302566528
0.06392474472522736
0.06383227556943893
0.06376750022172928
0.06368321925401688
0.06373438984155655
0.06364282965660095
0.0636301040649414
0.0635615736246109
0.06351055949926376
0.06344195455312729
0.06357936561107635
0.06370195746421814
0.0637194812297821
0.0637432411313057
0.06352117657661438
0.06345649063587189
0.06342548877000809
0.0634174644947052
0.0633322149515152
0.06344390660524368
0.06341467052698135
0.0633854940533638
0.06331955641508102
0.06325723975896835
0.0632103830575943
0.06318635493516922
0.06317532062530518
0.0632011815905571
0.06328057497739792
0.06341953575611115
0.06328795850276947
0.063167043030262
0.06310117989778519
0.06314492970705032
0.0631408616900444
0.06304381787776947
0.06301704794168472
0.0630028024315834
0.06297001242637634
0.06292276084423065
0.06287501007318497
0.06285705417394638
0.06283967941999435
0.06280802935361862
0.06279336661100388
0.06287726759910583
0.06302817165851593
0.06301754713058472
0.0629640594124794
0.06294049322605133
0.06285207718610764
0.06279456615447998
0.06269732862710953
0.0626688301563263
0.06260260194540024
0.06257300823926926
0.06255138665437698
0.0625164732336998
0.06250438839197159
0.06247967854142189
0.062450800091028214
0.062430039048194885
0.06239687278866768
0.062340572476387024
0.062426671385765076
0.06251639127731323
0.06250979006290436
0.06246824190020561
0.06239675357937813
0.06236166134476662
0.06236643344163895
0.062347374856472015
0.06230521202087402
0.06229685992002487
0.06219737231731415
0.062213849276304245
0.06221229210495949
0.06220243126153946
0.06215688958764076
0.06227521970868111
0.06221473589539528
0.06217203289270401
