0.5498442649841309
0.5685358047485352
0.5685358047485352
0.5685358047485352
0.5685358047485352
0.5685358047485352
0.5685358047485352
0.5716511011123657
0.5700934529304504
0.573208749294281
0.5809968709945679
0.5934579372406006
0.6199377179145813
0.6433022022247314
0.663551390171051
0.6884735226631165
0.7242990732192993
0.7647975087165833
0.781931459903717
0.8006230592727661
0.8146417737007141
0.8161993622779846
0.8146417737007141
0.8130841255187988
0.8177570104598999
0.8239875435829163
0.827102780342102
0.8317757248878479
0.8286604285240173
0.8239875435829163
0.827102780342102
0.8302180767059326
0.8317757248878479
0.8348909616470337
0.8348909616470337
0.8348909616470337
0.8317757248878479
0.8317757248878479
0.8348909616470337
0.8348909616470337
0.8317757248878479
0.8317757248878479
0.8317757248878479
0.8348909616470337
0.8395638465881348
0.8380062580108643
0.836448609828949
0.84112149477005
0.84112149477005
0.8380062580108643
0.8380062580108643
0.8395638465881348
0.8395638465881348
0.8395638465881348
0.8395638465881348
0.8426791429519653
0.8442367315292358
0.84112149477005
0.8395638465881348
0.8380062580108643
0.8395638465881348
0.8380062580108643
0.8380062580108643
0.84112149477005
0.8395638465881348
0.8395638465881348
0.8395638465881348
0.8395638465881348
0.8395638465881348
0.8395638465881348
0.8395638465881348
0.84112149477005
0.84112149477005
0.8380062580108643
0.8380062580108643
0.8380062580108643
0.8380062580108643
0.8380062580108643
0.8380062580108643
0.8380062580108643
0.8380062580108643
0.8380062580108643
0.8395638465881348
0.8395638465881348
0.84112149477005
0.8395638465881348
0.84112149477005
0.84112149477005
0.84112149477005
0.8426791429519653
0.84112149477005
0.8426791429519653
0.8426791429519653
0.8426791429519653
0.8442367315292358
0.8442367315292358
0.84112149477005
0.84112149477005
0.8426791429519653
0.84112149477005
0.8395638465881348
0.8395638465881348
0.8395638465881348
0.8395638465881348
0.8426791429519653
0.8426791429519653
0.84112149477005
0.8395638465881348
0.8395638465881348
0.8395638465881348
0.8426791429519653
0.8442367315292358
0.8426791429519653
0.8442367315292358
0.8426791429519653
0.8426791429519653
0.84112149477005
0.8426791429519653
0.8426791429519653
0.8426791429519653
0.8442367315292358
0.8457943797111511
0.8457943797111511
0.8457943797111511
0.8426791429519653
0.8426791429519653
0.8426791429519653
0.84112149477005
0.8395638465881348
0.8395638465881348
0.8395638465881348
0.8395638465881348
0.8442367315292358
0.8457943797111511
0.8442367315292358
0.8442367315292358
0.8442367315292358
0.8442367315292358
0.8457943797111511
0.8457943797111511
0.8457943797111511
0.8489096760749817
0.8473520278930664
0.8442367315292358
0.8457943797111511
0.8426791429519653
0.8473520278930664
0.8457943797111511
0.8473520278930664
0.8457943797111511
0.8442367315292358
0.8442367315292358
0.8489096760749817
0.8504672646522522
0.8489096760749817
0.8473520278930664
0.8473520278930664
0.8489096760749817
0.8473520278930664
0.8442367315292358
0.8442367315292358
0.8442367315292358
0.8442367315292358
0.8457943797111511
0.8473520278930664
0.8442367315292358
0.8442367315292358
0.8473520278930664
0.8520249128341675
0.8504672646522522
0.8520249128341675
0.8520249128341675
0.8535825610160828
0.8535825610160828
0.8520249128341675
0.855140209197998
0.8582554459571838
0.8566977977752686
0.855140209197998
0.8535825610160828
0.8520249128341675
0.8535825610160828
0.8566977977752686
0.8566977977752686
0.8566977977752686
0.8535825610160828
0.8535825610160828
0.8535825610160828
0.8504672646522522
0.8489096760749817
0.8489096760749817
0.8520249128341675
0.8504672646522522
0.8504672646522522
0.8535825610160828
0.8504672646522522
0.8504672646522522
0.8504672646522522
0.8504672646522522
0.8504672646522522
0.8520249128341675
0.8504672646522522
0.8520249128341675
0.8535825610160828
0.8566977977752686
0.8566977977752686
0.8582554459571838
0.8582554459571838
0.8566977977752686
0.855140209197998
0.855140209197998
0.8566977977752686
0.855140209197998
0.855140209197998
0.8535825610160828
0.855140209197998
0.855140209197998
0.8582554459571838
0.8582554459571838
0.8566977977752686
0.8566977977752686
0.8582554459571838
0.8582554459571838
0.8613707423210144
0.8613707423210144
0.8582554459571838
0.8566977977752686
0.8566977977752686
0.8566977977752686
0.8582554459571838
0.855140209197998
0.855140209197998
0.855140209197998
0.8535825610160828
0.8535825610160828
0.8535825610160828
0.8520249128341675
0.8520249128341675
0.8520249128341675
0.8598130941390991
0.8613707423210144
0.855140209197998
0.8566977977752686
0.855140209197998
0.8535825610160828
0.8535825610160828
0.8535825610160828
0.8535825610160828
0.8535825610160828
0.8520249128341675
0.855140209197998
0.8566977977752686
0.8566977977752686
0.8566977977752686
0.855140209197998
0.8582554459571838
0.8598130941390991
0.8582554459571838
0.8566977977752686
0.8598130941390991
0.8613707423210144
0.8613707423210144
0.8613707423210144
0.8613707423210144
0.8613707423210144
0.8613707423210144
0.8598130941390991
0.8582554459571838
0.8582554459571838
0.8582554459571838
0.8582554459571838
0.8582554459571838
0.8582554459571838
0.8613707423210144
0.8613707423210144
0.8613707423210144
0.8644859790802002
0.8613707423210144
0.8613707423210144
0.8644859790802002
0.8613707423210144
0.8598130941390991
0.8582554459571838
0.8613707423210144
0.8660436272621155
0.8644859790802002
0.8613707423210144
0.8598130941390991
0.8644859790802002
0.8660436272621155
0.8660436272621155
0.8691588640213013
0.8676012754440308
0.8644859790802002
0.8629283308982849
0.8582554459571838
0.8582554459571838
0.8582554459571838
0.8582554459571838
0.8598130941390991
0.8598130941390991
0.8598130941390991
0.8613707423210144
0.8660436272621155
0.8691588640213013
0.8629283308982849
0.8660436272621155
0.8644859790802002
0.8629283308982849
0.8613707423210144
0.8582554459571838
0.8582554459571838
0.8598130941390991
0.8598130941390991
0.8582554459571838
0.8598130941390991
0.8598130941390991
0.8582554459571838
0.8598130941390991
0.8598130941390991
0.8582554459571838
0.8644859790802002
0.8644859790802002
0.8644859790802002
0.8613707423210144
0.8598130941390991
0.8644859790802002
0.8629283308982849
0.8629283308982849
0.8613707423210144
0.8629283308982849
0.8613707423210144
0.8598130941390991
0.8598130941390991
0.8582554459571838
0.8582554459571838
0.8598130941390991
0.8598130941390991
0.8598130941390991
0.8582554459571838
0.8582554459571838
0.8582554459571838
0.8613707423210144
0.8598130941390991
0.855140209197998
0.8535825610160828
0.8566977977752686
0.8613707423210144
0.8629283308982849
0.8629283308982849
0.8629283308982849
0.8613707423210144
0.8629283308982849
0.8629283308982849
0.8644859790802002
0.8644859790802002
0.8676012754440308
0.8660436272621155
0.8722741603851318
0.8753893971443176
0.8722741603851318
0.8707165122032166
0.8676012754440308
0.8660436272621155
0.8676012754440308
0.8644859790802002
0.8644859790802002
0.8660436272621155
0.8613707423210144
0.8613707423210144
0.8629283308982849
0.8644859790802002
0.8644859790802002
0.8707165122032166
0.8707165122032166
0.8707165122032166
0.8691588640213013
0.8644859790802002
0.8644859790802002
0.8629283308982849
0.8644859790802002
0.8629283308982849
0.8660436272621155
0.8676012754440308
0.8660436272621155
0.8660436272621155
0.8676012754440308
0.8676012754440308
0.8660436272621155
0.8676012754440308
0.8660436272621155
0.8676012754440308
0.8691588640213013
0.8691588640213013
0.8691588640213013
0.8676012754440308
0.8644859790802002
0.8629283308982849
0.8644859790802002
0.8629283308982849
0.8644859790802002
0.8644859790802002
0.8644859790802002
0.8629283308982849
0.8644859790802002
0.8660436272621155
0.8660436272621155
0.8644859790802002
0.8644859790802002
0.8598130941390991
0.8676012754440308
0.8676012754440308
0.8691588640213013
0.8691588640213013
0.8707165122032166
0.8691588640213013
0.8707165122032166
0.8707165122032166
0.8676012754440308
0.8660436272621155
0.8613707423210144
0.8629283308982849
0.8707165122032166
0.8707165122032166
0.8691588640213013
0.8676012754440308
0.8660436272621155
0.8676012754440308
0.8676012754440308
0.8676012754440308
0.8691588640213013
0.8707165122032166
0.8707165122032166
0.8707165122032166
0.8707165122032166
0.8691588640213013
0.8676012754440308
0.8691588640213013
0.8722741603851318
0.8722741603851318
0.8738317489624023
0.8738317489624023
0.8753893971443176
0.8738317489624023
0.8722741603851318
0.8738317489624023
0.8738317489624023
0.8722741603851318
0.8660436272621155
0.8660436272621155
0.8660436272621155
0.8676012754440308
0.8691588640213013
0.8691588640213013
0.8691588640213013
0.8676012754440308
0.8707165122032166
0.8707165122032166
0.8707165122032166
0.8676012754440308
0.8676012754440308
0.8676012754440308
0.8629283308982849
0.8644859790802002
0.8660436272621155
0.8691588640213013
0.8738317489624023
0.8722741603851318
0.8722741603851318
0.8738317489624023
0.8738317489624023
0.8738317489624023
0.8722741603851318
0.8722741603851318
0.8722741603851318
0.8722741603851318
0.8738317489624023
0.8707165122032166
0.8738317489624023
0.8753893971443176
0.8753893971443176
0.8753893971443176
0.8753893971443176
0.8753893971443176
0.8753893971443176
0.8753893971443176
0.8753893971443176
0.8722741603851318
0.8707165122032166
0.8644859790802002
0.8676012754440308
0.8707165122032166
0.8707165122032166
0.8676012754440308
0.8660436272621155
0.8738317489624023
0.8738317489624023
0.8722741603851318
0.8738317489624023
0.8738317489624023
0.8722741603851318
0.8738317489624023
0.8722741603851318
0.8722741603851318
0.8738317489624023
0.8707165122032166
0.8707165122032166
0.8722741603851318
0.8722741603851318
0.8707165122032166
0.8722741603851318
0.8722741603851318
0.8722741603851318
0.8722741603851318
0.8722741603851318
0.8738317489624023
0.8738317489624023
0.8738317489624023
0.8738317489624023
0.8753893971443176
0.8753893971443176
0.8707165122032166
0.8707165122032166
0.8707165122032166
0.8722741603851318
0.8722741603851318
0.8738317489624023
0.8707165122032166
0.8722741603851318
0.8722741603851318
0.8722741603851318
0.8722741603851318
0.8722741603851318
0.8722741603851318
0.8722741603851318
0.8722741603851318
0.8722741603851318
0.8722741603851318
0.8707165122032166
0.8707165122032166
0.8707165122032166
0.8738317489624023
0.8707165122032166
0.8707165122032166
0.8707165122032166
0.8707165122032166
0.8722741603851318
0.8722741603851318
0.8722741603851318
0.8722741603851318
0.8722741603851318
0.8722741603851318
0.8722741603851318
0.8722741603851318
0.8722741603851318
0.8722741603851318
0.8722741603851318
0.8738317489624023
0.8738317489624023
0.8722741603851318
0.8707165122032166
0.8722741603851318
0.8738317489624023
0.8753893971443176
0.8722741603851318
0.8722741603851318
0.8738317489624023
0.8722741603851318
0.8707165122032166
0.8738317489624023
0.8691588640213013
0.8707165122032166
0.8707165122032166
0.8722741603851318
0.8722741603851318
0.8691588640213013
0.8722741603851318
0.8722741603851318
0.8722741603851318
0.8722741603851318
0.8722741603851318
0.8707165122032166
0.8707165122032166
0.8707165122032166
0.8691588640213013
0.8722741603851318
0.8722741603851318
0.8676012754440308
0.8691588640213013
0.8676012754440308
0.8676012754440308
0.8707165122032166
0.8722741603851318
0.8707165122032166
0.8722741603851318
0.8707165122032166
0.8660436272621155
0.8660436272621155
0.8676012754440308
0.8691588640213013
0.8691588640213013
0.8691588640213013
0.8691588640213013
0.8707165122032166
0.8691588640213013
0.8691588640213013
0.8676012754440308
0.8691588640213013
0.8676012754440308
0.8691588640213013
0.8707165122032166
0.8691588640213013
0.8707165122032166
0.8691588640213013
0.8691588640213013
0.8691588640213013
0.8691588640213013
0.8691588640213013
0.8691588640213013
0.8691588640213013
0.8691588640213013
0.8676012754440308
0.8676012754440308
0.8691588640213013
0.8691588640213013
0.8676012754440308
0.8676012754440308
0.8691588640213013
0.8660436272621155
0.8691588640213013
0.8691588640213013
0.8691588640213013
0.8707165122032166
0.8707165122032166
0.8707165122032166
0.8707165122032166
0.8707165122032166
0.8691588640213013
0.8691588640213013
0.8691588640213013
0.8707165122032166
0.8707165122032166
0.8707165122032166
0.8707165122032166
0.8691588640213013
0.8691588640213013
0.8707165122032166
0.8691588640213013
0.8676012754440308
0.8691588640213013
0.8676012754440308
0.8691588640213013
0.8691588640213013
0.8676012754440308
0.8676012754440308
0.8644859790802002
0.8691588640213013
0.8676012754440308
0.8660436272621155
0.8644859790802002
0.8644859790802002
0.8660436272621155
0.8660436272621155
0.8660436272621155
0.8660436272621155
0.8676012754440308
0.8644859790802002
0.8644859790802002
0.8644859790802002
0.8644859790802002
0.8644859790802002
0.8644859790802002
0.8660436272621155
0.8691588640213013
0.8644859790802002
0.8660436272621155
0.8691588640213013
0.8691588640213013
0.8660436272621155
0.8660436272621155
0.8676012754440308
0.8676012754440308
0.8676012754440308
0.8644859790802002
0.8644859790802002
0.8644859790802002
0.8644859790802002
0.8660436272621155
0.8676012754440308
0.8691588640213013
0.8691588640213013
0.8707165122032166
0.8676012754440308
0.8676012754440308
0.8691588640213013
0.8691588640213013
0.8691588640213013
0.8676012754440308
0.8676012754440308
0.8676012754440308
0.8676012754440308
0.8676012754440308
0.8676012754440308
0.8676012754440308
0.8676012754440308
0.8676012754440308
0.8676012754440308
0.8691588640213013
0.8676012754440308
0.8676012754440308
0.8691588640213013
0.8691588640213013
0.8676012754440308
0.8676012754440308
0.8691588640213013
0.8691588640213013
0.8691588640213013
0.8676012754440308
0.8707165122032166
0.8707165122032166
0.8707165122032166
0.8707165122032166
0.8691588640213013
0.8676012754440308
0.8691588640213013
0.8691588640213013
0.8691588640213013
0.8691588640213013
0.8676012754440308
0.8691588640213013
0.8691588640213013
0.8691588640213013
0.8691588640213013
0.8691588640213013
0.8691588640213013
0.8691588640213013
0.8676012754440308
0.8691588640213013
0.8691588640213013
0.8676012754440308
0.8676012754440308
0.8691588640213013
0.8691588640213013
0.8691588640213013
0.8691588640213013
0.8691588640213013
0.8707165122032166
0.8691588640213013
0.8691588640213013
0.8676012754440308
0.8691588640213013
0.8691588640213013
0.8691588640213013
0.8676012754440308
0.8691588640213013
0.8691588640213013
0.8691588640213013
0.8691588640213013
0.8691588640213013
0.8691588640213013
0.8691588640213013
0.8691588640213013
0.8691588640213013
0.8691588640213013
0.8707165122032166
0.8691588640213013
0.8691588640213013
0.8691588640213013
0.8691588640213013
0.8707165122032166
0.8707165122032166
0.8691588640213013
0.8707165122032166
0.8707165122032166
0.8707165122032166
0.8707165122032166
0.8707165122032166
0.8707165122032166
0.8707165122032166
0.8707165122032166
0.8707165122032166
0.8676012754440308
0.8676012754440308
0.8691588640213013
0.8691588640213013
0.8707165122032166
0.8707165122032166
0.8707165122032166
0.8707165122032166
0.8707165122032166
0.8707165122032166
0.8707165122032166
0.8707165122032166
0.8707165122032166
0.8722741603851318
0.8707165122032166
0.8707165122032166
0.8707165122032166
0.8707165122032166
0.8707165122032166
0.8707165122032166
0.8691588640213013
0.8691588640213013
0.8691588640213013
0.8691588640213013
0.8676012754440308
0.8676012754440308
0.8691588640213013
0.8691588640213013
0.8691588640213013
0.8707165122032166
0.8707165122032166
0.8707165122032166
0.8707165122032166
0.8707165122032166
0.8707165122032166
0.8707165122032166
0.8707165122032166
0.8707165122032166
0.8707165122032166
0.8707165122032166
0.8707165122032166
0.8707165122032166
0.8707165122032166
0.8707165122032166
0.8707165122032166
0.8707165122032166
0.8707165122032166
0.8707165122032166
0.8707165122032166
0.8707165122032166
0.8707165122032166
0.8707165122032166
0.8707165122032166
0.8707165122032166
0.8707165122032166
0.8707165122032166
0.8707165122032166
0.8707165122032166
0.8707165122032166
0.8707165122032166
0.8707165122032166
0.8691588640213013
0.8691588640213013
0.8691588640213013
0.8691588640213013
0.8691588640213013
0.8691588640213013
0.8691588640213013
0.8691588640213013
0.8691588640213013
0.8691588640213013
0.8707165122032166
0.8707165122032166
0.8707165122032166
0.8676012754440308
0.8676012754440308
0.8676012754440308
0.8691588640213013
0.8691588640213013
0.8691588640213013
0.8691588640213013
0.8691588640213013
0.8707165122032166
0.8707165122032166
0.8707165122032166
0.8707165122032166
0.8707165122032166
0.8707165122032166
0.8676012754440308
0.8676012754440308
0.8676012754440308
0.8691588640213013
0.8707165122032166
0.8691588640213013
0.8691588640213013
0.8691588640213013
0.8707165122032166
0.8707165122032166
0.8707165122032166
0.8707165122032166
0.8707165122032166
0.8707165122032166
0.8707165122032166
0.8691588640213013
0.8691588640213013
0.8691588640213013
0.8707165122032166
0.8707165122032166
0.8707165122032166
0.8691588640213013
0.8707165122032166
0.8691588640213013
0.8691588640213013
0.8707165122032166
0.8707165122032166
0.8707165122032166
0.8707165122032166
0.8707165122032166
0.8707165122032166
0.8707165122032166
0.8707165122032166
0.8707165122032166
0.8707165122032166
0.8707165122032166
0.8707165122032166
0.8707165122032166
0.8707165122032166
0.8707165122032166
0.8691588640213013
0.8691588640213013
0.8691588640213013
0.8691588640213013
0.8691588640213013
0.8691588640213013
0.8707165122032166
0.8707165122032166
0.8707165122032166
0.8707165122032166
0.8707165122032166
0.8707165122032166
0.8707165122032166
0.8707165122032166
0.8707165122032166
0.8707165122032166
0.8691588640213013
0.8691588640213013
0.8691588640213013
0.8691588640213013
0.8691588640213013
0.8691588640213013
0.8707165122032166
0.8707165122032166
0.8707165122032166
0.8691588640213013
0.8691588640213013
0.8691588640213013
0.8691588640213013
0.8691588640213013
0.8707165122032166
0.8707165122032166
0.8691588640213013
0.8691588640213013
0.8691588640213013
0.8691588640213013
0.8691588640213013
0.8707165122032166
0.8707165122032166
0.8707165122032166
0.8707165122032166
0.8707165122032166
0.8707165122032166
0.8707165122032166
0.8707165122032166
0.8707165122032166
0.8691588640213013
0.8691588640213013
0.8691588640213013
0.8691588640213013
0.8691588640213013
0.8691588640213013
0.8691588640213013
0.8691588640213013
0.8691588640213013
0.8691588640213013
0.8691588640213013
0.8691588640213013
0.8691588640213013
0.8691588640213013
0.8691588640213013
0.8707165122032166
0.8707165122032166
0.8707165122032166
0.8691588640213013
0.8691588640213013
0.8691588640213013
0.8691588640213013
0.8691588640213013
0.8691588640213013
0.8691588640213013
0.8691588640213013
0.8691588640213013
0.8707165122032166
0.8707165122032166
0.8691588640213013
0.8691588640213013
0.8691588640213013
0.8691588640213013
0.8691588640213013
0.8691588640213013
0.8691588640213013
0.8691588640213013
0.8691588640213013
0.8691588640213013
0.8707165122032166
0.8707165122032166
0.8707165122032166
0.8707165122032166
0.8707165122032166
0.8707165122032166
0.8707165122032166
0.8707165122032166
0.8707165122032166
0.8707165122032166
0.8707165122032166
0.8707165122032166
0.8707165122032166
0.8707165122032166
0.8707165122032166
0.8707165122032166
0.8707165122032166
0.8707165122032166
0.8707165122032166
0.8707165122032166
0.8707165122032166
0.8722741603851318
0.8722741603851318
0.8722741603851318
0.8722741603851318
0.8722741603851318
0.8722741603851318
0.8707165122032166
0.8707165122032166
0.8707165122032166
0.8707165122032166
0.8707165122032166
0.8707165122032166
0.8707165122032166
0.8707165122032166
0.8707165122032166
0.8707165122032166
0.8707165122032166
0.8722741603851318
0.8722741603851318
0.8722741603851318
0.8707165122032166
0.8722741603851318
0.8722741603851318
0.8722741603851318
0.8722741603851318
0.8722741603851318
0.8722741603851318
0.8707165122032166
0.8707165122032166
0.8707165122032166
0.8707165122032166
0.8707165122032166
0.8707165122032166
0.8707165122032166
0.8707165122032166
0.8707165122032166
0.8707165122032166
0.8707165122032166
0.8707165122032166
0.8707165122032166
0.8707165122032166
0.8722741603851318
0.8722741603851318
0.8722741603851318
0.8722741603851318
0.8722741603851318
0.8722741603851318
0.8722741603851318
0.8722741603851318
0.8722741603851318
0.8722741603851318
0.8722741603851318
0.8722741603851318
0.8722741603851318
0.8722741603851318
0.8722741603851318
0.8722741603851318
0.8722741603851318
0.8722741603851318
0.8722741603851318
0.8722741603851318
0.8722741603851318
0.8722741603851318
0.8722741603851318
0.8722741603851318
0.8722741603851318
