0.7135444283485413
0.6594103574752808
0.6205759048461914
0.583551287651062
0.5465878844261169
0.5129411816596985
0.48541688919067383
0.46259137988090515
0.44149884581565857
0.42349541187286377
0.40936389565467834
0.39886969327926636
0.3872166872024536
0.3778606057167053
0.37390515208244324
0.3687879741191864
0.3585226237773895
0.3532077372074127
0.3467414975166321
0.3423363268375397
0.3392692506313324
0.33498069643974304
0.3320121765136719
0.32757192850112915
0.32303565740585327
0.3191109895706177
0.3154347538948059
0.3127676844596863
0.3092837631702423
0.30598458647727966
0.3034050166606903
0.3006631135940552
0.29731130599975586
0.298835426568985
0.29323694109916687
0.2942999005317688
0.2911849617958069
0.2855170965194702
0.2842583954334259
0.2822875678539276
0.2788837254047394
0.27627313137054443
0.2750760018825531
0.2733544707298279
0.27093374729156494
0.26772022247314453
0.265639066696167
0.26358848810195923
0.26132524013519287
0.2584429681301117
0.2588609457015991
0.2565915882587433
0.25514286756515503
0.25147804617881775
0.24888691306114197
0.24891355633735657
0.24949419498443604
0.24501776695251465
0.243027001619339
0.24009723961353302
0.23925942182540894
0.23729489743709564
0.23549343645572662
0.23326489329338074
0.23376867175102234
0.23142574727535248
0.23161016404628754
0.22985336184501648
0.23642787337303162
0.23974137008190155
0.2355796843767166
0.23667365312576294
0.22665464878082275
0.223129004240036
0.2246144562959671
0.2243492156267166
0.22160442173480988
0.2177213430404663
0.21566058695316315
0.21439406275749207
0.2143050879240036
0.2120828628540039
0.21023663878440857
0.2098711133003235
0.2181188464164734
0.2171115279197693
0.21060894429683685
0.20572103559970856
0.203537255525589
0.20278111100196838
0.2018476128578186
0.19925563037395477
0.19943569600582123
0.19802601635456085
0.19649605453014374
0.19579379260540009
0.20388610661029816
0.2023736536502838
0.1962602585554123
0.19345450401306152
0.1912204474210739
0.18974706530570984
0.1885259598493576
0.18932226300239563
0.18917344510555267
0.18909956514835358
0.18851350247859955
0.18432453274726868
0.1820105016231537
0.18784451484680176
0.1856408417224884
0.1799039989709854
0.18259643018245697
0.1798829883337021
0.17548629641532898
0.17370134592056274
0.17243605852127075
0.17299598455429077
0.1714843362569809
0.16998368501663208
0.16872656345367432
0.1668054759502411
0.1701337695121765
0.16831456124782562
0.16704045236110687
0.16529476642608643
0.16566699743270874
0.1642666459083557
0.16480012238025665
0.1636822372674942
0.16171705722808838
0.1591155081987381
0.15801236033439636
0.15686146914958954
0.15622252225875854
0.1549142748117447
0.15394873917102814
0.15289145708084106
0.15207508206367493
0.15098892152309418
0.1501787304878235
0.14884839951992035
0.14820653200149536
0.14768631756305695
0.14724576473236084
0.1471521556377411
0.1467428058385849
0.14589911699295044
0.1472964882850647
0.14704778790473938
0.14535103738307953
0.1445673704147339
0.1441417932510376
0.14345625042915344
0.14312539994716644
0.14246489107608795
0.14323750138282776
0.14160235226154327
0.1412602663040161
0.14090202748775482
0.14229443669319153
0.14371828734874725
0.14250491559505463
0.13994666934013367
0.14027465879917145
0.1393945813179016
0.140542134642601
0.14083559811115265
0.13944578170776367
0.1379389613866806
0.1390063315629959
0.14041514694690704
0.13824784755706787
0.1369733065366745
0.13594791293144226
0.13520453870296478
0.13581232726573944
0.13754692673683167
0.13658380508422852
0.13775111734867096
0.1382669061422348
0.13719819486141205
0.1373811662197113
0.1338179111480713
0.13212405145168304
0.130964457988739
0.13050445914268494
0.12943404912948608
0.1292627900838852
0.12926658987998962
0.13081522285938263
0.1321537345647812
0.12986095249652863
0.1390908807516098
0.13642264902591705
0.1284922957420349
0.12726889550685883
0.13335590064525604
0.13980354368686676
0.131260484457016
0.1280757486820221
0.1287098377943039
0.12878291308879852
0.12717027962207794
0.12620991468429565
0.12958726286888123
0.13187621533870697
0.126754030585289
0.12434139102697372
0.12391786277294159
0.12280968576669693
0.12201762199401855
0.12183987349271774
0.12132728099822998
0.12316422909498215
0.1206410750746727
0.11950274556875229
0.11825958639383316
0.11801157146692276
0.11729761213064194
0.11873526871204376
0.11988608539104462
0.11942938715219498
0.11775213479995728
0.11630555987358093
0.11543037742376328
0.1151532530784607
0.11532854288816452
0.11483339220285416
0.11599467694759369
0.11767208576202393
0.11518336832523346
0.11500972509384155
0.11384835839271545
0.1182737722992897
0.11929632723331451
0.11714218556880951
0.11429014801979065
0.11286903917789459
0.11258489638566971
0.11144617944955826
0.1106027290225029
0.11047257483005524
0.11013965308666229
0.10983865708112717
0.1105831041932106
0.1104433611035347
0.10944687575101852
0.10946133732795715
0.1093020811676979
0.10886900871992111
0.10892897844314575
0.10852096229791641
0.10807367414236069
0.10801545530557632
0.10941154509782791
0.10998594760894775
0.10832390189170837
0.10746713727712631
0.10768069326877594
0.10965828597545624
0.10868445783853531
0.10794774442911148
0.10774285346269608
0.10694082081317902
0.10640553385019302
0.1060260534286499
0.10575073957443237
0.105387382209301
0.1050529032945633
0.10506908595561981
0.10472208261489868
0.10446085035800934
0.10445290803909302
0.10455118119716644
0.104024238884449
0.10392510145902634
0.10455943644046783
0.10411108285188675
0.10364274680614471
0.1036175787448883
0.10335424542427063
0.10369741171598434
0.10318360477685928
0.10304851830005646
0.10290031880140305
0.10249491780996323
0.10230091959238052
0.10219302028417587
0.10276980698108673
0.10240488499403
0.10207688063383102
0.10141270607709885
0.10120531171560287
0.10087738931179047
0.10057371109724045
0.10047753155231476
0.10019336640834808
0.0999804362654686
0.099769726395607
0.09962403774261475
0.09945894032716751
0.099261574447155
0.09921062737703323
0.09900602698326111
0.10001550614833832
0.10105808079242706
0.10039497911930084
0.09948758780956268
0.09951721131801605
0.09987536817789078
0.0992421954870224
0.09837964922189713
0.09801080077886581
0.0979493036866188
0.09753335267305374
0.09735279530286789
0.0974358320236206
0.09799753129482269
0.09741969406604767
0.09684105217456818
0.09674447029829025
0.09636016935110092
0.0961618423461914
0.09592045843601227
0.09568803012371063
0.0956544280052185
0.09577027708292007
0.09593228250741959
0.09540271759033203
0.09501297771930695
0.09607824683189392
0.09609952569007874
0.09519088268280029
0.09465207159519196
0.0945422425866127
0.09431257098913193
0.0938907340168953
0.09348797053098679
0.0938740000128746
0.09392815083265305
0.09354689717292786
0.09329582750797272
0.09313583374023438
0.09302140772342682
0.09281900525093079
0.09266824275255203
0.09258950501680374
0.09249652177095413
0.09245257824659348
0.0925120934844017
0.09251154214143753
0.09235339611768723
0.09215410053730011
0.09225554764270782
0.09212881326675415
0.09200157970190048
0.09198175370693207
0.09218164533376694
0.09193477779626846
0.09167879819869995
0.09146987646818161
0.09141995012760162
0.09125226736068726
0.09129104018211365
0.0913124531507492
0.09110718965530396
0.0910201370716095
0.09076366573572159
0.09058310836553574
0.09046076983213425
0.09058848023414612
0.0903024896979332
0.09014810621738434
0.09014641493558884
0.09012077003717422
0.09002440422773361
0.09010172635316849
0.0899641290307045
0.08996184915304184
0.08996392786502838
0.09046493470668793
0.09036285430192947
0.08989888429641724
0.08967699855566025
0.08981145173311234
0.0895705446600914
0.08935338258743286
0.08935526013374329
0.08919864892959595
0.0893051028251648
0.08919300884008408
0.089057557284832
0.08984041959047318
0.08997950702905655
0.08925976604223251
0.08891118317842484
0.08867126703262329
0.08833634853363037
0.0883425921201706
0.08823607116937637
0.08806201070547104
0.08786465227603912
0.08784295618534088
0.08771269023418427
0.08769214153289795
0.0875961184501648
0.08767995238304138
0.0876515582203865
0.08744439482688904
0.08737402409315109
0.08728215843439102
0.08718574047088623
0.08709391206502914
0.08697874844074249
0.08682595938444138
0.08731942623853683
0.08919879049062729
0.08862712234258652
0.08771655708551407
0.08706581592559814
0.08669371157884598
0.08658728748559952
0.08652075380086899
0.08626272529363632
0.08607467263936996
0.08611715584993362
0.08598804473876953
0.08599647879600525
0.08635782450437546
0.08612966537475586
0.08585604280233383
0.08581510186195374
0.08562424033880234
0.08557815849781036
0.0855221077799797
0.08530107885599136
0.08531069755554199
0.08523540198802948
0.08527253568172455
0.08520790934562683
0.0850936695933342
0.08497776836156845
0.0848710685968399
0.08481523394584656
0.08491120487451553
0.084652379155159
0.08460363000631332
0.08464743196964264
0.08469925820827484
0.08474916219711304
0.08461862057447433
0.08448515087366104
0.08439866453409195
0.08437122404575348
0.08430197834968567
0.08424797654151917
0.08421437442302704
0.08431165665388107
0.08437454700469971
0.08418338000774384
0.08408999443054199
0.08413037657737732
0.0841803327202797
0.08443628251552582
0.084378682076931
0.084316685795784
0.08416859060525894
0.08402200043201447
0.08391846716403961
0.08380066603422165
0.08394599705934525
0.08400389552116394
0.08397038280963898
0.08381107449531555
0.08369068056344986
0.08363355696201324
0.0835643857717514
0.08352481573820114
0.08344123512506485
0.08339185267686844
0.0833410918712616
0.08330089598894119
0.0832754448056221
0.08325249701738358
0.08322728425264359
0.08319618552923203
0.08311645686626434
0.08328981697559357
0.08319014310836792
0.08316565304994583
0.0831146165728569
0.08305413275957108
0.08302930742502213
0.08295609056949615
0.08288807421922684
0.08279380202293396
0.08284693211317062
0.08277697116136551
0.08277897536754608
0.0828603059053421
0.08280488103628159
0.08290648460388184
0.0827987790107727
0.08272571861743927
0.08272889256477356
0.08274811506271362
0.08267040550708771
0.08255915343761444
0.08248105645179749
0.0824277475476265
0.08237077295780182
0.08227378875017166
0.08244292438030243
0.08232831954956055
0.08228790760040283
0.08220286667346954
0.08211930841207504
0.08210080862045288
0.08207615464925766
0.082068532705307
0.0820072591304779
0.08194570243358612
0.0818982869386673
0.08188184350728989
0.0818602591753006
0.08203691244125366
0.08223912864923477
0.08221269398927689
0.0821349024772644
0.08193689584732056
0.08182412385940552
0.08174753934144974
0.08165926486253738
0.08161628246307373
0.08161206543445587
0.08159129321575165
0.08154718577861786
0.08145791292190552
0.08143296837806702
0.08135779201984406
0.0813121348619461
0.08129066228866577
0.0812620148062706
0.08124546706676483
0.08122865110635757
0.0812670886516571
0.08123624324798584
0.0812145546078682
0.0812237486243248
0.08117230981588364
0.0811450406908989
0.08113472908735275
0.08112688362598419
0.08108387142419815
0.08105200529098511
0.0810575857758522
0.08103936910629272
0.08099773526191711
0.0809531882405281
0.08093547075986862
0.08096814155578613
0.08094141632318497
0.08087891340255737
0.08096667379140854
0.08090052008628845
0.08087103068828583
0.08082013577222824
0.08079034090042114
0.08077764511108398
0.08077527582645416
0.08074016869068146
0.08070287853479385
0.08067622780799866
0.08066757023334503
0.08065065741539001
0.0806369036436081
0.08059720695018768
0.08063969016075134
0.08058477938175201
0.08057527244091034
0.08054658770561218
0.08051307499408722
0.08054037392139435
0.0805201381444931
0.08048251271247864
0.08044780045747757
0.08042304962873459
0.08040310442447662
0.08038797229528427
0.08035165071487427
0.08032868057489395
0.08034685254096985
0.0803019180893898
0.08027193695306778
0.08026091754436493
0.08023054897785187
0.08021296560764313
0.08018869906663895
0.08018609881401062
0.08018471300601959
