0.5623052716255188
0.5919002890586853
0.6526479721069336
0.6962617039680481
0.7242990732192993
0.7414330244064331
0.7538940906524658
0.763239860534668
0.767912745475769
0.777258574962616
0.7881619930267334
0.7866043448448181
0.7943925261497498
0.8021807074546814
0.8052959442138672
0.8052959442138672
0.8084112405776978
0.8161993622779846
0.8161993622779846
0.8161993622779846
0.8208722472190857
0.827102780342102
0.8317757248878479
0.8333333134651184
0.8333333134651184
0.8333333134651184
0.8348909616470337
0.8395638465881348
0.8380062580108643
0.8395638465881348
0.8395638465881348
0.8395638465881348
0.8457943797111511
0.8473520278930664
0.8520249128341675
0.8504672646522522
0.8457943797111511
0.8442367315292358
0.855140209197998
0.8535825610160828
0.8473520278930664
0.8442367315292358
0.8426791429519653
0.8520249128341675
0.855140209197998
0.8582554459571838
0.855140209197998
0.8582554459571838
0.8582554459571838
0.855140209197998
0.855140209197998
0.8566977977752686
0.8644859790802002
0.8644859790802002
0.8629283308982849
0.8644859790802002
0.8644859790802002
0.8644859790802002
0.8613707423210144
0.8644859790802002
0.8582554459571838
0.8598130941390991
0.8613707423210144
0.8691588640213013
0.8629283308982849
0.8582554459571838
0.8598130941390991
0.8644859790802002
0.8613707423210144
0.8644859790802002
0.8598130941390991
0.8660436272621155
0.8660436272621155
0.8660436272621155
0.8644859790802002
0.8676012754440308
0.8660436272621155
0.8660436272621155
0.8660436272621155
0.8660436272621155
0.8676012754440308
0.8707165122032166
0.8769470453262329
0.8738317489624023
0.8691588640213013
0.8676012754440308
0.8707165122032166
0.8691588640213013
0.8769470453262329
0.8753893971443176
0.8707165122032166
0.8785046935081482
0.8738317489624023
0.8722741603851318
0.8722741603851318
0.8753893971443176
0.8753893971443176
0.8753893971443176
0.8753893971443176
0.8753893971443176
0.8800622820854187
0.8769470453262329
0.8707165122032166
0.8707165122032166
0.8738317489624023
0.8753893971443176
0.8800622820854187
0.8785046935081482
0.881619930267334
0.8800622820854187
0.8800622820854187
0.8769470453262329
0.8785046935081482
0.8800622820854187
0.881619930267334
0.8847352266311646
0.8847352266311646
0.8847352266311646
0.8831775784492493
0.8862928152084351
0.8831775784492493
0.8800622820854187
0.8831775784492493
0.8800622820854187
0.881619930267334
0.8862928152084351
0.8862928152084351
0.881619930267334
0.8785046935081482
0.8909657597541809
0.8925233483314514
0.8925233483314514
0.8909657597541809
0.8894081115722656
0.8894081115722656
0.8878504633903503
0.8847352266311646
0.8847352266311646
0.8909657597541809
0.8925233483314514
0.8925233483314514
0.8925233483314514
0.8925233483314514
0.8894081115722656
0.8894081115722656
0.8909657597541809
0.8940809965133667
0.895638644695282
0.895638644695282
0.895638644695282
0.8909657597541809
0.8925233483314514
0.895638644695282
0.895638644695282
0.895638644695282
0.8940809965133667
0.895638644695282
0.8925233483314514
0.8987538814544678
0.9003115296363831
0.895638644695282
0.9018691778182983
0.8971962332725525
0.8971962332725525
0.895638644695282
0.8987538814544678
0.8987538814544678
0.8987538814544678
0.8987538814544678
0.9018691778182983
0.9018691778182983
0.9018691778182983
0.9003115296363831
0.9003115296363831
0.9003115296363831
0.9018691778182983
0.9003115296363831
0.8971962332725525
0.9018691778182983
0.9003115296363831
0.8987538814544678
0.9003115296363831
0.9003115296363831
0.9003115296363831
0.8987538814544678
0.8987538814544678
0.9003115296363831
0.9049844145774841
0.8940809965133667
0.8940809965133667
0.9003115296363831
0.9034267663955688
0.9034267663955688
0.9065420627593994
0.9003115296363831
0.9034267663955688
0.9018691778182983
0.9049844145774841
0.9049844145774841
0.9018691778182983
0.9018691778182983
0.9018691778182983
0.9018691778182983
0.9018691778182983
0.9049844145774841
0.9065420627593994
0.9065420627593994
0.9065420627593994
0.9080997109413147
0.9112149477005005
0.9096572995185852
0.9112149477005005
0.9096572995185852
0.9096572995185852
0.9096572995185852
0.9112149477005005
0.9112149477005005
0.9112149477005005
0.9112149477005005
0.9065420627593994
0.9096572995185852
0.9096572995185852
0.9096572995185852
0.9096572995185852
0.9112149477005005
0.9096572995185852
0.9112149477005005
0.9112149477005005
0.9112149477005005
0.9112149477005005
0.9112149477005005
0.9065420627593994
0.9096572995185852
0.9080997109413147
0.9065420627593994
0.9080997109413147
0.9080997109413147
0.9096572995185852
0.9065420627593994
0.9080997109413147
0.9096572995185852
0.9080997109413147
0.9096572995185852
0.9096572995185852
0.9112149477005005
0.9080997109413147
0.9080997109413147
0.9080997109413147
0.9096572995185852
0.9112149477005005
0.9065420627593994
0.9096572995185852
0.9096572995185852
0.9096572995185852
0.9080997109413147
0.9080997109413147
0.9096572995185852
0.9096572995185852
0.9080997109413147
0.9080997109413147
0.9080997109413147
0.9080997109413147
0.9080997109413147
0.9080997109413147
0.9080997109413147
0.9080997109413147
0.9080997109413147
0.9112149477005005
0.9112149477005005
0.9127725958824158
0.9080997109413147
0.9112149477005005
0.9127725958824158
0.9127725958824158
0.9127725958824158
0.9112149477005005
0.9127725958824158
0.9127725958824158
0.914330244064331
0.9127725958824158
0.9080997109413147
0.914330244064331
0.9190031290054321
0.9158878326416016
0.9158878326416016
0.9158878326416016
0.9158878326416016
0.9158878326416016
0.9158878326416016
0.9174454808235168
0.9127725958824158
0.9127725958824158
0.9158878326416016
0.914330244064331
0.914330244064331
0.9190031290054321
0.9190031290054321
0.9174454808235168
0.9174454808235168
0.9190031290054321
0.9174454808235168
0.9174454808235168
0.9158878326416016
0.9174454808235168
0.9174454808235168
0.9174454808235168
0.9158878326416016
0.9174454808235168
0.9174454808235168
0.9174454808235168
0.9174454808235168
0.9174454808235168
0.9174454808235168
0.9190031290054321
0.9190031290054321
0.9205607771873474
0.9205607771873474
0.9174454808235168
0.9127725958824158
0.9127725958824158
0.914330244064331
0.914330244064331
0.9158878326416016
0.9190031290054321
0.9190031290054321
0.914330244064331
0.914330244064331
0.9174454808235168
0.9205607771873474
0.9174454808235168
0.9190031290054321
0.9174454808235168
0.914330244064331
0.914330244064331
0.9127725958824158
0.9096572995185852
0.9127725958824158
0.9174454808235168
0.914330244064331
0.9190031290054321
0.9205607771873474
0.9174454808235168
0.9205607771873474
0.9221183657646179
0.9205607771873474
0.9190031290054321
0.9190031290054321
0.9205607771873474
0.9205607771873474
0.9205607771873474
0.9205607771873474
0.9205607771873474
0.9174454808235168
0.9174454808235168
0.9174454808235168
0.9190031290054321
0.9221183657646179
0.9190031290054321
0.9205607771873474
0.9205607771873474
0.9205607771873474
0.9205607771873474
0.9205607771873474
0.9205607771873474
0.9221183657646179
0.9205607771873474
0.9205607771873474
0.9205607771873474
0.9205607771873474
0.9205607771873474
0.9190031290054321
0.9174454808235168
0.9221183657646179
0.9190031290054321
0.9205607771873474
0.9221183657646179
0.9205607771873474
0.9205607771873474
0.9205607771873474
0.9205607771873474
0.9205607771873474
0.9205607771873474
0.9205607771873474
0.9221183657646179
0.9205607771873474
0.9205607771873474
0.9205607771873474
0.9205607771873474
0.9205607771873474
0.9205607771873474
0.9205607771873474
0.9205607771873474
0.9205607771873474
0.9205607771873474
0.9205607771873474
0.9190031290054321
0.9174454808235168
0.9205607771873474
0.9221183657646179
0.9205607771873474
0.9205607771873474
0.9205607771873474
0.9205607771873474
0.9190031290054321
0.9190031290054321
0.9190031290054321
0.9190031290054321
0.9205607771873474
0.9205607771873474
0.9205607771873474
0.9205607771873474
0.9205607771873474
0.9205607771873474
0.9205607771873474
0.9221183657646179
0.9221183657646179
0.9205607771873474
0.9205607771873474
0.9205607771873474
0.9205607771873474
0.9221183657646179
0.9221183657646179
0.9205607771873474
0.9221183657646179
0.9205607771873474
0.9174454808235168
0.9174454808235168
0.9190031290054321
0.9190031290054321
0.9205607771873474
0.9205607771873474
0.9205607771873474
0.9221183657646179
0.9221183657646179
0.9221183657646179
0.9221183657646179
0.9221183657646179
0.9205607771873474
0.9221183657646179
0.9236760139465332
0.9236760139465332
0.9221183657646179
0.9205607771873474
0.9205607771873474
0.9205607771873474
0.9205607771873474
0.9205607771873474
0.9205607771873474
0.9190031290054321
0.9190031290054321
0.9205607771873474
0.9205607771873474
0.9205607771873474
0.9205607771873474
0.9205607771873474
0.9221183657646179
0.9221183657646179
0.9221183657646179
0.9205607771873474
0.9205607771873474
0.9221183657646179
0.9205607771873474
0.9205607771873474
0.9221183657646179
0.9205607771873474
0.9205607771873474
0.9190031290054321
0.9205607771873474
0.9205607771873474
0.9190031290054321
0.9205607771873474
0.9205607771873474
0.9190031290054321
0.9174454808235168
0.9174454808235168
0.9205607771873474
0.9174454808235168
0.9174454808235168
0.9190031290054321
0.9205607771873474
0.9205607771873474
0.9205607771873474
0.9205607771873474
0.9205607771873474
0.9205607771873474
0.9174454808235168
0.9174454808235168
0.9174454808235168
0.9190031290054321
0.9205607771873474
0.9205607771873474
0.9205607771873474
0.9205607771873474
0.9205607771873474
0.9205607771873474
0.9205607771873474
0.9205607771873474
0.9174454808235168
0.9174454808235168
0.9174454808235168
0.9174454808235168
0.9174454808235168
0.9174454808235168
0.9205607771873474
0.9205607771873474
0.9205607771873474
0.9205607771873474
0.9205607771873474
0.9205607771873474
0.9205607771873474
0.9205607771873474
0.9205607771873474
0.9205607771873474
0.9205607771873474
0.9205607771873474
0.9205607771873474
0.9221183657646179
0.9221183657646179
0.9221183657646179
0.9221183657646179
0.9221183657646179
0.9221183657646179
0.9221183657646179
0.9205607771873474
0.9205607771873474
0.9205607771873474
0.9221183657646179
0.9221183657646179
0.9221183657646179
0.9221183657646179
0.9221183657646179
0.9221183657646179
0.9221183657646179
0.9221183657646179
0.9221183657646179
0.9221183657646179
0.9221183657646179
0.9221183657646179
0.9205607771873474
0.9205607771873474
0.9205607771873474
0.9205607771873474
0.9205607771873474
0.9205607771873474
0.9205607771873474
0.9205607771873474
0.9205607771873474
0.9205607771873474
0.9205607771873474
0.9205607771873474
0.9205607771873474
0.9205607771873474
0.9205607771873474
0.9205607771873474
0.9174454808235168
0.9174454808235168
0.9174454808235168
0.9205607771873474
0.9205607771873474
0.9205607771873474
0.9205607771873474
0.9205607771873474
0.9205607771873474
0.9205607771873474
0.9205607771873474
0.9190031290054321
0.9190031290054321
0.9190031290054321
0.9190031290054321
0.9190031290054321
0.9190031290054321
0.9190031290054321
0.9190031290054321
0.9190031290054321
0.9190031290054321
0.9205607771873474
0.9205607771873474
0.9205607771873474
0.9205607771873474
0.9205607771873474
0.9205607771873474
0.9205607771873474
0.9205607771873474
0.9205607771873474
0.9205607771873474
0.9205607771873474
0.9205607771873474
0.9205607771873474
0.9205607771873474
0.9221183657646179
0.9221183657646179
0.9221183657646179
0.9221183657646179
0.9221183657646179
0.9221183657646179
0.9221183657646179
0.9221183657646179
0.9221183657646179
0.9221183657646179
0.9221183657646179
0.9221183657646179
