0.6937441229820251
0.6617695689201355
0.6364282369613647
0.6122913360595703
0.5883032083511353
0.5684510469436646
0.5505428314208984
0.5330302119255066
0.5184454321861267
0.5044894814491272
0.49011796712875366
0.473173052072525
0.437235951423645
0.40096789598464966
0.37554875016212463
0.3595496416091919
0.35139843821525574
0.3454239070415497
0.3426622152328491
0.33794814348220825
0.3340321481227875
0.33591821789741516
0.3302799463272095
0.3294261395931244
0.3253190219402313
0.3218000829219818
0.3197242021560669
0.31879934668540955
0.3149271011352539
0.3119140863418579
0.3082507252693176
0.304056316614151
0.30260542035102844
0.29970961809158325
0.2978413701057434
0.30105313658714294
0.2984814941883087
0.2948920726776123
0.292885422706604
0.2888990044593811
0.28714844584465027
0.2839430570602417
0.281981498003006
0.2800123691558838
0.2792278230190277
0.27592933177948
0.2882939875125885
0.2826666831970215
0.277530312538147
0.27315035462379456
0.2719119191169739
0.2689129710197449
0.26635822653770447
0.26484692096710205
0.2642718553543091
0.26181432604789734
0.2609577178955078
0.26265406608581543
0.2628415524959564
0.2592560648918152
0.2564297616481781
0.25462502241134644
0.2531549036502838
0.25173652172088623
0.25657254457473755
0.2578114867210388
0.2531358301639557
0.2505270540714264
0.2544170618057251
0.25295841693878174
0.24998129904270172
0.24695038795471191
0.24391189217567444
0.2434912919998169
0.24123071134090424
0.24016031622886658
0.23967039585113525
0.23816777765750885
0.23766666650772095
0.23617014288902283
0.2348877638578415
0.23490086197853088
0.2340533584356308
0.23222598433494568
0.22893938422203064
0.2263835072517395
0.22481796145439148
0.24290570616722107
0.23689225316047668
0.2280789613723755
0.2231617122888565
0.22058889269828796
0.2169104814529419
0.21519409120082855
0.2148093581199646
0.21441650390625
0.23183326423168182
0.2481468915939331
0.21904227137565613
0.21132588386535645
0.21922406554222107
0.2287655472755432
0.21467958390712738
0.2121257185935974
0.20716311037540436
0.20410335063934326
0.20026230812072754
0.19706034660339355
0.1966443955898285
0.19447621703147888
0.192933589220047
0.19582143425941467
0.1930021047592163
0.19083072245121002
0.18907834589481354
0.18797893822193146
0.18771860003471375
0.18622179329395294
0.18897198140621185
0.19316501915454865
0.19519172608852386
0.19482167065143585
0.19051595032215118
0.1850406974554062
0.18716029822826385
0.18451981246471405
0.18326853215694427
0.1826605349779129
0.17969347536563873
0.17631597816944122
0.17403200268745422
0.17246395349502563
0.17163030803203583
0.17047765851020813
0.16954004764556885
0.1683104932308197
0.16633754968643188
0.16574464738368988
0.16554926335811615
0.16494980454444885
0.16562587022781372
0.16588717699050903
0.16406463086605072
0.16235193610191345
0.16172607243061066
0.1611069142818451
0.161727637052536
0.16091488301753998
0.1620287150144577
0.16293901205062866
0.16037201881408691
0.15922342240810394
0.15826156735420227
0.15785489976406097
0.15861256420612335
0.16117504239082336
0.15986503660678864
0.15863420069217682
0.16093063354492188
0.15742196142673492
0.15597417950630188
0.155000239610672
0.15467014908790588
0.1538560390472412
0.1546032577753067
0.15391553938388824
0.15290945768356323
0.15300999581813812
0.15404865145683289
0.1526094377040863
0.1513800173997879
0.15082702040672302
0.14982859790325165
0.15163424611091614
0.15207239985466003
0.15016964077949524
0.14911219477653503
0.15376102924346924
0.15148237347602844
0.1529005467891693
0.14867156744003296
0.15097853541374207
0.14843621850013733
0.14935070276260376
0.14743423461914062
0.14641357958316803
0.14619331061840057
0.15550149977207184
0.1595740169286728
0.14944830536842346
0.14697147905826569
0.14564193785190582
0.14446686208248138
0.14367368817329407
0.1437542885541916
0.14336146414279938
0.14291931688785553
0.14260220527648926
0.14194293320178986
0.14188151061534882
0.14134177565574646
0.14094790816307068
0.142506942152977
0.14255137741565704
0.14112187922000885
0.1400589495897293
0.14291754364967346
0.14159804582595825
0.14466404914855957
0.14434553682804108
0.14182724058628082
0.1406489461660385
0.1392594575881958
0.1390945017337799
0.13807892799377441
0.13782937824726105
0.13740994036197662
0.13704031705856323
0.13662783801555634
0.13778793811798096
0.13749641180038452
0.13663671910762787
0.1356373131275177
0.13553401827812195
0.13491331040859222
0.13478761911392212
0.1341283619403839
0.13411502540111542
0.1337401419878006
0.13339152932167053
0.13325390219688416
0.13334667682647705
0.1326342076063156
0.13240379095077515
0.13203316926956177
0.13219432532787323
0.13153798878192902
0.13118283450603485
0.1311388611793518
0.1311260461807251
0.13092969357967377
0.13092279434204102
0.1306319683790207
0.13104453682899475
0.13067038357257843
0.13232135772705078
0.13137014210224152
0.1306496262550354
0.13033047318458557
0.13008350133895874
0.12984609603881836
0.12956322729587555
0.12941326200962067
0.12931972742080688
0.13043931126594543
0.13221342861652374
0.13399961590766907
0.13467244803905487
0.13396215438842773
0.1331392526626587
0.13510461151599884
0.13321922719478607
0.13144716620445251
0.13053491711616516
0.1304965317249298
0.1301659494638443
0.12955965101718903
0.12947367131710052
0.1289222687482834
0.12873142957687378
0.12843382358551025
0.1281147599220276
0.1278722733259201
0.1278010904788971
0.1275039166212082
0.127346009016037
0.1271270513534546
0.12711688876152039
0.12696512043476105
0.12686017155647278
0.12676121294498444
0.1266702264547348
0.12641628086566925
0.12616802752017975
0.126056969165802
0.12582886219024658
0.12568943202495575
0.12576372921466827
0.12591533362865448
0.12567567825317383
0.12549959123134613
0.12532420456409454
0.12511654198169708
0.12500838935375214
0.12487788498401642
0.12477822601795197
0.12457383424043655
0.12446815520524979
0.12444527447223663
0.12420478463172913
0.1240680143237114
0.12389940768480301
0.12380580604076385
0.12389087677001953
0.12351815402507782
0.12350308150053024
0.12324825674295425
0.12371823936700821
0.12430382519960403
0.12372005730867386
0.12320303916931152
0.12300442904233932
0.12321484088897705
0.12321901321411133
0.12349189072847366
0.1228857934474945
0.12274505943059921
0.1225445494055748
0.12230630218982697
0.12210658192634583
0.12190444767475128
0.12197810411453247
0.12185277044773102
0.1214083582162857
0.12139960378408432
0.12122584134340286
0.12161770462989807
0.12141230702400208
0.12121662497520447
0.1209096685051918
0.12125540524721146
0.12176205962896347
0.12110229581594467
0.12092350423336029
0.12059544026851654
0.12103073298931122
0.12062104791402817
0.12042903155088425
0.12020055204629898
0.12014617025852203
0.120546855032444
0.12032605707645416
0.12002737075090408
0.11982367932796478
0.11955099552869797
0.1194038987159729
0.11928829550743103
0.11919689178466797
0.11913421005010605
0.11899864673614502
0.11894741654396057
0.11892399191856384
0.11879133433103561
0.11877669394016266
0.11869790405035019
0.11861391365528107
0.11868240684270859
0.1185423731803894
0.11855178326368332
0.11859318614006042
0.11842619627714157
0.11833743751049042
0.11817137151956558
0.11805599182844162
0.11799458414316177
0.1179611012339592
0.11787964403629303
0.1177823469042778
0.11769972741603851
0.11781157553195953
0.11776673048734665
0.11768216639757156
0.11755195260047913
0.11743997037410736
0.11734204739332199
0.1172831729054451
0.11733285337686539
0.1172373965382576
0.11720412224531174
0.11706612259149551
0.11705441027879715
0.1169644445180893
0.1172226294875145
0.11806368082761765
0.11795870214700699
0.11737913638353348
0.11717228591442108
0.11686011403799057
0.11710565537214279
0.11692298948764801
0.11663588136434555
0.11648281663656235
0.1163317859172821
0.11622928828001022
0.11612330377101898
0.11608222126960754
0.11595897376537323
0.11591088026762009
0.11579234153032303
0.11595812439918518
0.11638212203979492
0.11613021045923233
0.1157769188284874
0.11557146906852722
0.1155540868639946
0.11679932475090027
0.11651213467121124
0.11593180149793625
0.11571776121854782
0.11508230119943619
0.11557040363550186
0.11523814499378204
0.11501815915107727
0.11491811275482178
0.1148061454296112
0.11469961702823639
0.11471537500619888
0.11457423865795135
0.11450469493865967
0.11436328291893005
0.11442658305168152
0.11439678072929382
0.11434789001941681
0.11417750269174576
0.11409927159547806
0.11417361348867416
0.11465512216091156
0.1145012304186821
0.11406248062849045
0.11389521509408951
0.1137189269065857
0.11361028999090195
0.11357031017541885
0.11343203485012054
0.11334533989429474
0.11331352591514587
0.11314933747053146
0.11311893910169601
0.11304862797260284
0.11301671713590622
0.11301647871732712
0.11298727244138718
0.11292076855897903
0.11289799958467484
0.1128740981221199
0.11283005774021149
0.11276513338088989
0.11279476433992386
0.11272244155406952
0.11266852170228958
0.11264336109161377
0.11286377161741257
0.11286075413227081
0.11270241439342499
0.1126713752746582
0.11272965371608734
0.11261297762393951
0.11252649873495102
0.11243777722120285
0.11244093626737595
0.11240117251873016
0.11234141141176224
0.11226872354745865
0.11242957413196564
0.11235323548316956
0.11224575340747833
0.1120677962899208
0.1123918816447258
0.11238040775060654
0.11212042719125748
0.11184319108724594
0.11174796521663666
0.11158771812915802
0.11149926483631134
0.11137913912534714
0.11153797060251236
0.11150320619344711
0.11125615984201431
0.11114881932735443
0.11103346943855286
0.11095164716243744
0.11093980818986893
0.11107082664966583
0.1109219491481781
0.11079850047826767
0.11067896336317062
0.11051267385482788
0.11057285219430923
0.1104174479842186
0.11055899411439896
0.11083152145147324
0.11049897968769073
0.11028357595205307
0.11015187948942184
0.11000342667102814
0.10992670804262161
0.10980785638093948
0.10974811762571335
0.10963749140501022
0.10968919843435287
0.10961584001779556
0.10949593782424927
0.10937586426734924
0.10928948223590851
0.10921547561883926
0.10910447686910629
0.10910017788410187
0.1090233325958252
0.10893960297107697
0.1088453009724617
0.10876969993114471
0.10876495391130447
0.10866034775972366
0.10860806703567505
0.10851100087165833
0.10839755833148956
0.10840491205453873
0.10832392424345016
0.10818179696798325
0.10842102766036987
0.1084042340517044
0.10837659239768982
0.10844439268112183
0.1086563766002655
0.10849300026893616
0.1083114743232727
0.10815909504890442
0.10802531987428665
0.10789196193218231
0.10777454823255539
0.1078113541007042
0.10767204314470291
0.10760428011417389
0.10751733928918839
0.10743563622236252
0.10739462822675705
0.10734456777572632
0.10728494077920914
0.10721685737371445
0.10715016722679138
0.10713569819927216
0.10706114023923874
0.10706078261137009
0.10700924694538116
0.10698021203279495
0.10694241523742676
0.10688795894384384
0.10683944821357727
0.1068214699625969
0.1067763939499855
0.10674315690994263
0.10671253502368927
0.10675904154777527
0.1067279651761055
0.1066732108592987
0.1066090390086174
0.10655897855758667
0.10654435306787491
0.10650049149990082
0.10649655759334564
0.10648849606513977
0.10646849870681763
0.10638763010501862
0.1063811182975769
0.10635675489902496
0.10629720240831375
0.10627413541078568
0.10623624175786972
0.1061960980296135
0.10617412626743317
0.10613653808832169
0.10614649206399918
0.10613665729761124
0.10607907921075821
0.10602226108312607
0.1060033068060875
0.1059732660651207
0.10593777894973755
0.10592462122440338
0.10588916391134262
0.10596635937690735
0.10599415749311447
0.10594151169061661
0.10587646067142487
0.10582385957241058
0.10576888918876648
0.10582759231328964
0.10581139475107193
0.10585379600524902
0.10578077286481857
0.10574875771999359
0.10569583624601364
0.10565970093011856
0.1056160032749176
0.10556545108556747
0.10552874207496643
0.10550066828727722
0.10546291619539261
0.10543330013751984
0.10539393126964569
0.10536619275808334
0.10532431304454803
0.10529904067516327
