0.37227413058280945
0.5093457698822021
0.6323987245559692
0.6791277527809143
0.7289719581604004
0.7523364424705505
0.7647975087165833
0.7694703936576843
0.7741432785987854
0.7897196412086487
0.8021807074546814
0.7990654110908508
0.8068535923957825
0.8099688291549683
0.8177570104598999
0.8193146586418152
0.8161993622779846
0.827102780342102
0.836448609828949
0.8333333134651184
0.836448609828949
0.836448609828949
0.836448609828949
0.8348909616470337
0.8380062580108643
0.84112149477005
0.855140209197998
0.8582554459571838
0.8520249128341675
0.8582554459571838
0.8613707423210144
0.8629283308982849
0.8676012754440308
0.8722741603851318
0.8738317489624023
0.8753893971443176
0.8769470453262329
0.8785046935081482
0.8785046935081482
0.8831775784492493
0.8862928152084351
0.8909657597541809
0.8878504633903503
0.8862928152084351
0.8894081115722656
0.8925233483314514
0.8940809965133667
0.8940809965133667
0.8940809965133667
0.8909657597541809
0.8925233483314514
0.8925233483314514
0.895638644695282
0.8925233483314514
0.8925233483314514
0.895638644695282
0.8940809965133667
0.8940809965133667
0.8940809965133667
0.8971962332725525
0.8925233483314514
0.8925233483314514
0.8894081115722656
0.8894081115722656
0.8940809965133667
0.8940809965133667
0.8971962332725525
0.8909657597541809
0.895638644695282
0.8987538814544678
0.8971962332725525
0.8925233483314514
0.895638644695282
0.8925233483314514
0.8940809965133667
0.9003115296363831
0.895638644695282
0.9080997109413147
0.9065420627593994
0.9049844145774841
0.9003115296363831
0.9049844145774841
0.9049844145774841
0.9065420627593994
0.9065420627593994
0.9065420627593994
0.9096572995185852
0.9080997109413147
0.9080997109413147
0.9034267663955688
0.8987538814544678
0.9127725958824158
0.914330244064331
0.9158878326416016
0.9112149477005005
0.9112149477005005
0.9112149477005005
0.9096572995185852
0.9112149477005005
0.9080997109413147
0.9112149477005005
0.914330244064331
0.9158878326416016
0.914330244064331
0.914330244064331
0.9158878326416016
0.914330244064331
0.9112149477005005
0.9127725958824158
0.9190031290054321
0.9190031290054321
0.9190031290054321
0.9190031290054321
0.914330244064331
0.9174454808235168
0.9174454808235168
0.9174454808235168
0.9190031290054321
0.9190031290054321
0.9221183657646179
0.9252336621284485
0.9299065470695496
0.9252336621284485
0.9221183657646179
0.9252336621284485
0.9252336621284485
0.9252336621284485
0.9236760139465332
0.9252336621284485
0.9252336621284485
0.9299065470695496
0.9283488988876343
0.926791250705719
0.9314641952514648
0.9283488988876343
0.9283488988876343
0.9299065470695496
0.9252336621284485
0.9283488988876343
0.9299065470695496
0.926791250705719
0.9236760139465332
0.9283488988876343
0.9314641952514648
0.9345794320106506
0.9376947283744812
0.9361370801925659
0.9314641952514648
0.9283488988876343
0.9330217838287354
0.9299065470695496
0.9330217838287354
0.9345794320106506
0.9345794320106506
0.9314641952514648
0.9330217838287354
0.9314641952514648
0.9314641952514648
0.9299065470695496
0.9299065470695496
0.926791250705719
0.9283488988876343
0.9314641952514648
0.9361370801925659
0.9330217838287354
0.9330217838287354
0.9376947283744812
0.940809965133667
0.9423676133155823
0.9345794320106506
0.9392523169517517
0.9392523169517517
0.9392523169517517
0.9345794320106506
0.9376947283744812
0.9392523169517517
0.9376947283744812
0.9376947283744812
0.9392523169517517
0.9376947283744812
0.9376947283744812
0.9376947283744812
0.9392523169517517
0.9376947283744812
0.9361370801925659
0.9330217838287354
0.9361370801925659
0.9376947283744812
0.9376947283744812
0.9392523169517517
0.9423676133155823
0.940809965133667
0.9376947283744812
0.9376947283744812
0.9361370801925659
0.9376947283744812
0.9361370801925659
0.9345794320106506
0.9345794320106506
0.9314641952514648
0.9361370801925659
0.9361370801925659
0.9345794320106506
0.9361370801925659
0.9392523169517517
0.9392523169517517
0.9361370801925659
0.9361370801925659
0.9361370801925659
0.9345794320106506
0.9361370801925659
0.9361370801925659
0.9361370801925659
0.9376947283744812
0.940809965133667
0.9361370801925659
0.9376947283744812
0.9392523169517517
0.940809965133667
0.940809965133667
0.940809965133667
0.9376947283744812
0.940809965133667
0.9392523169517517
0.940809965133667
0.940809965133667
0.9392523169517517
0.9392523169517517
0.9392523169517517
0.9376947283744812
0.9392523169517517
0.9392523169517517
0.940809965133667
0.940809965133667
0.940809965133667
0.940809965133667
0.940809965133667
0.9392523169517517
0.940809965133667
0.940809965133667
0.940809965133667
0.940809965133667
0.9423676133155823
0.940809965133667
0.9439252614974976
0.9423676133155823
0.9423676133155823
0.9439252614974976
0.9439252614974976
0.940809965133667
0.940809965133667
0.9423676133155823
0.940809965133667
0.9392523169517517
0.9392523169517517
0.9392523169517517
0.940809965133667
0.9423676133155823
0.9423676133155823
0.9439252614974976
0.9454828500747681
0.9439252614974976
0.9439252614974976
0.940809965133667
0.9454828500747681
0.9470404982566833
0.9454828500747681
0.9470404982566833
0.9423676133155823
0.9439252614974976
0.9454828500747681
0.9423676133155823
0.9423676133155823
0.9470404982566833
0.9439252614974976
0.9423676133155823
0.9423676133155823
0.9439252614974976
0.9423676133155823
0.9439252614974976
0.9439252614974976
0.9454828500747681
0.9454828500747681
0.9439252614974976
0.9423676133155823
0.9423676133155823
0.9423676133155823
0.9439252614974976
0.9423676133155823
0.9423676133155823
0.9454828500747681
0.9423676133155823
0.9439252614974976
0.9470404982566833
0.9454828500747681
0.9501557350158691
0.9501557350158691
0.9517133831977844
0.9517133831977844
0.9485981464385986
0.9470404982566833
0.9501557350158691
0.9485981464385986
0.9470404982566833
0.9470404982566833
0.9485981464385986
0.9470404982566833
0.9454828500747681
0.9501557350158691
0.9485981464385986
0.9439252614974976
0.9439252614974976
0.9439252614974976
0.9470404982566833
0.9485981464385986
0.9501557350158691
0.9485981464385986
0.9485981464385986
0.9501557350158691
0.9501557350158691
0.9501557350158691
0.9454828500747681
0.9517133831977844
0.9532710313796997
0.9501557350158691
0.9501557350158691
0.9532710313796997
0.9517133831977844
0.9532710313796997
0.9501557350158691
0.9501557350158691
0.9532710313796997
0.9517133831977844
0.9517133831977844
0.9532710313796997
0.9532710313796997
0.9532710313796997
0.9532710313796997
0.9517133831977844
0.9517133831977844
0.9517133831977844
0.9517133831977844
0.9532710313796997
0.9485981464385986
0.9501557350158691
0.9517133831977844
0.9517133831977844
0.9501557350158691
0.9470404982566833
0.9485981464385986
0.9485981464385986
0.9501557350158691
0.9501557350158691
0.9517133831977844
0.9532710313796997
0.9517133831977844
0.9532710313796997
0.9532710313796997
0.9532710313796997
0.9517133831977844
0.9532710313796997
0.9517133831977844
0.9517133831977844
0.9532710313796997
0.954828679561615
0.954828679561615
0.954828679561615
0.9532710313796997
0.9579439163208008
0.9579439163208008
0.954828679561615
0.954828679561615
0.954828679561615
0.9532710313796997
0.954828679561615
0.954828679561615
0.954828679561615
0.954828679561615
0.954828679561615
0.954828679561615
0.954828679561615
0.9532710313796997
0.9532710313796997
0.954828679561615
0.954828679561615
0.954828679561615
0.954828679561615
0.954828679561615
0.9532710313796997
0.9532710313796997
0.954828679561615
0.954828679561615
0.9532710313796997
0.9532710313796997
0.9532710313796997
0.9532710313796997
0.9532710313796997
0.9532710313796997
0.9517133831977844
0.9517133831977844
0.9517133831977844
0.9517133831977844
0.9532710313796997
0.9563862681388855
0.954828679561615
0.9532710313796997
0.9532710313796997
0.9517133831977844
0.9532710313796997
0.9532710313796997
0.954828679561615
0.954828679561615
0.954828679561615
0.954828679561615
0.954828679561615
0.9532710313796997
0.9532710313796997
0.9532710313796997
0.9532710313796997
0.9532710313796997
0.954828679561615
0.9532710313796997
0.9532710313796997
0.9532710313796997
0.9532710313796997
0.9532710313796997
0.9532710313796997
0.9532710313796997
0.954828679561615
0.9563862681388855
0.9563862681388855
0.9563862681388855
0.9563862681388855
0.9563862681388855
0.9563862681388855
0.9563862681388855
0.9563862681388855
0.9563862681388855
0.954828679561615
0.954828679561615
0.954828679561615
0.954828679561615
0.954828679561615
0.954828679561615
0.954828679561615
0.954828679561615
0.954828679561615
0.954828679561615
0.9563862681388855
0.9563862681388855
0.954828679561615
0.9563862681388855
0.954828679561615
0.954828679561615
0.954828679561615
0.954828679561615
0.9579439163208008
0.9579439163208008
0.9579439163208008
0.9595015645027161
0.9595015645027161
0.9595015645027161
0.9579439163208008
0.9579439163208008
0.9579439163208008
0.9579439163208008
0.9579439163208008
0.9579439163208008
0.9563862681388855
0.9563862681388855
0.9563862681388855
0.9563862681388855
0.9563862681388855
0.9579439163208008
0.9579439163208008
0.9579439163208008
0.9579439163208008
0.9579439163208008
0.9595015645027161
0.9579439163208008
0.9579439163208008
0.9579439163208008
0.9579439163208008
0.9595015645027161
0.9595015645027161
0.9579439163208008
0.9579439163208008
0.9579439163208008
0.9579439163208008
0.9579439163208008
0.9579439163208008
0.9579439163208008
0.9579439163208008
0.9579439163208008
0.9579439163208008
0.9579439163208008
0.9579439163208008
0.9579439163208008
0.9563862681388855
0.9579439163208008
0.9579439163208008
0.9579439163208008
0.9579439163208008
0.9579439163208008
0.9579439163208008
0.9579439163208008
0.9579439163208008
0.9579439163208008
0.9579439163208008
0.9579439163208008
0.9579439163208008
0.9579439163208008
0.9579439163208008
0.9579439163208008
0.9579439163208008
0.9579439163208008
0.9579439163208008
0.9595015645027161
0.9595015645027161
0.9579439163208008
0.9579439163208008
0.9579439163208008
0.9595015645027161
0.9579439163208008
0.9595015645027161
0.9595015645027161
0.9595015645027161
0.9595015645027161
0.9595015645027161
0.9595015645027161
0.9595015645027161
0.9595015645027161
0.9595015645027161
0.9595015645027161
0.9595015645027161
0.9595015645027161
0.9595015645027161
0.9595015645027161
0.9595015645027161
0.9595015645027161
0.9595015645027161
0.9595015645027161
0.9595015645027161
0.9595015645027161
0.9595015645027161
0.9595015645027161
0.9595015645027161
0.9595015645027161
0.9595015645027161
0.9595015645027161
0.9595015645027161
0.9595015645027161
0.9595015645027161
0.9595015645027161
0.9595015645027161
0.9595015645027161
0.9595015645027161
0.9595015645027161
0.9595015645027161
0.9595015645027161
0.9595015645027161
0.9595015645027161
0.9595015645027161
0.9595015645027161
0.9595015645027161
0.9595015645027161
0.9595015645027161
0.9595015645027161
0.9595015645027161
0.9595015645027161
0.9595015645027161
0.9595015645027161
0.9595015645027161
0.9595015645027161
0.9595015645027161
0.9595015645027161
0.9595015645027161
0.9595015645027161
0.9595015645027161
0.9595015645027161
0.9595015645027161
0.9595015645027161
0.9595015645027161
0.9595015645027161
0.9595015645027161
0.9595015645027161
0.9595015645027161
0.9595015645027161
0.9595015645027161
0.9595015645027161
0.9595015645027161
0.9595015645027161
0.9595015645027161
0.9595015645027161
0.9595015645027161
0.9595015645027161
0.9595015645027161
0.9595015645027161
0.9595015645027161
0.9595015645027161
0.9595015645027161
