0.6213033199310303
0.4140738546848297
0.3819269835948944
0.3566392660140991
0.33927014470100403
0.32749927043914795
0.3149462938308716
0.30252766609191895
0.2956191599369049
0.2948838770389557
0.27664437890052795
0.2628050446510315
0.26546719670295715
0.2507418692111969
0.24089598655700684
0.22708800435066223
0.25402316451072693
0.24699170887470245
0.21786969900131226
0.21271759271621704
0.2035522758960724
0.1948884278535843
0.20270687341690063
0.19007167220115662
0.1882990598678589
0.19441552460193634
0.17738473415374756
0.16524669528007507
0.15640707314014435
0.15551596879959106
0.14835822582244873
0.1515955924987793
0.16769784688949585
0.15280218422412872
0.13562054932117462
0.13001389801502228
0.1254146546125412
0.12556079030036926
0.1130470409989357
0.1069677472114563
0.10238577425479889
0.18813884258270264
0.14976286888122559
0.1398772895336151
0.1043810173869133
0.09843886643648148
0.09029079228639603
0.08197266608476639
0.07696130871772766
0.07526827603578568
0.07014220207929611
0.06528051197528839
0.06296570599079132
0.05882180109620094
0.054908592253923416
0.05233291536569595
0.05042782053351402
0.04836423695087433
0.06587761640548706
0.05382920429110527
0.13837486505508423
0.07837870717048645
0.055229198187589645
0.05704593285918236
0.0584164634346962
0.044999297708272934
0.04074319079518318
0.03777630999684334
0.042002420872449875
0.03315626457333565
0.036365021020174026
0.03214964643120766
0.02694038115441799
0.02510998025536537
0.026797665283083916
0.02292378433048725
0.020377267152071
0.01880391500890255
0.017377711832523346
0.016644993796944618
0.016155296936631203
0.01698262430727482
0.01690336875617504
0.014761090278625488
0.013238482177257538
0.01622251234948635
0.015713589265942574
0.023967871442437172
0.02053334377706051
0.013541401363909245
0.01089823991060257
0.011477169580757618
0.009636116214096546
0.008560633286833763
0.008281918242573738
0.0077136484906077385
0.008273627609014511
0.007436878047883511
0.007075370755046606
0.00670672208070755
0.006438879761844873
0.005885264836251736
0.0057720765471458435
0.005541546270251274
0.005210693925619125
0.005077318754047155
0.00537905702367425
0.0054457648657262325
0.010260122828185558
0.0075579434633255005
0.004815804306417704
0.004825508687645197
0.00436507910490036
0.00416193762794137
0.003993447870016098
0.0038882081862539053
0.003782769199460745
0.0037107716780155897
0.0036204722709953785
0.0035707333590835333
0.003507044166326523
0.0034181885421276093
0.0033864611759781837
0.0033944083843380213
0.0033169917296618223
0.003230511909350753
0.0031983547378331423
0.0033388910815119743
0.003118960652500391
0.0030651537235826254
0.0029745318461209536
0.0029091662727296352
0.0031381931621581316
0.0028541276697069407
0.002990564564242959
0.0027822889387607574
0.002741369651630521
0.0026812227442860603
0.002643260173499584
0.0025850532110780478
0.0025102226063609123
0.0024731417652219534
0.002408126136288047
0.002385146450251341
0.0023345290683209896
0.0023938962258398533
0.0024804978165775537
0.0022969439160078764
0.0022431639954447746
0.002197414869442582
0.0021526331547647715
0.002112328540533781
0.0020922059193253517
0.0020571458153426647
0.0020967423915863037
0.0020252063404768705
0.00198159902356565
0.0020640797447413206
0.0020416209008544683
0.0019399517914280295
0.0019702406134456396
0.001869331463240087
0.0018403214635327458
0.0018737190403044224
0.001830250141210854
0.001736452803015709
0.0017199825961142778
0.0016942055663093925
0.0016686844173818827
0.0016970104770734906
0.0016309277852997184
0.0017517367377877235
0.0016093309968709946
0.0015701822703704238
0.0015385543229058385
0.0014932252233847976
0.0014820820651948452
0.0014696781290695071
0.0014465703861787915
0.0014169845962896943
0.0014864342520013452
0.0015611834824085236
0.0014687608927488327
0.001388160395435989
0.004342666827142239
0.0018572781700640917
0.0016777097480371594
0.00141168013215065
0.0013153341133147478
0.0013250252231955528
0.0012720233062282205
0.001236627111211419
0.0012016186956316233
0.0011807301780208945
0.0011628613574430346
0.0011377895716577768
0.0011262038024142385
0.0011241439497098327
0.0011035348288714886
0.0010861512273550034
0.0010683945147320628
0.0010496421018615365
0.0010328348726034164
0.0010200878605246544
0.0010060416534543037
0.0009944092016667128
0.0009849834023043513
0.0009824610315263271
0.0010008260142058134
0.001074115396477282
0.0009561908664181828
0.0009490076336078346
0.0009368343162350357
0.0009302813559770584
0.0009280891390517354
0.0009111785911954939
0.0009055868140421808
0.0008972383802756667
0.0008970741182565689
0.000889246875885874
0.0008794827735982835
0.0008725174120627344
0.0008655132260173559
0.0008633788675069809
0.0008529406040906906
0.0008480984251946211
0.0008440334349870682
0.0008380063809454441
0.000830918550491333
0.0008361111395061016
0.0008277217857539654
0.0008206602651625872
0.0008203313918784261
0.0008120291749946773
0.0008030108292587101
0.0007971106679178774
0.0007925804238766432
0.0007852849666960537
0.0007893959991633892
0.0007808736991137266
0.0007766821072436869
0.0007713661761954427
0.0007643149583600461
0.0007589391898363829
0.0007545699481852353
0.0007482380606234074
0.0007421400514431298
0.0007389718666672707
0.0007351019303314388
0.0007345817284658551
0.0007281853468157351
0.0007220542756840587
0.0007232440402731299
0.0007169854361563921
0.0007133359322324395
0.0007061170181259513
0.0006982962368056178
0.0006932035903446376
0.0006891043740324676
0.0006849923520348966
0.0006824583979323506
0.0006774862413294613
0.0006713723996654153
0.000667025160510093
0.000662687758449465
0.0006628137780353427
0.0006580404005944729
0.0006528719677589834
0.0006483154138550162
0.0006437622359953821
0.0006403173902072012
0.0006386790191754699
0.0006652954034507275
0.0006528476951643825
0.0006367546156980097
0.0006287204450927675
0.0006273149629123509
0.000625943997874856
0.0006157970638014376
0.0006300433306023479
0.0006149113178253174
0.000605833891313523
0.0005962210125289857
0.0005908802268095315
0.0005860473029315472
0.000587480200920254
0.0005825180560350418
0.0005766311660408974
0.0005718519096262753
0.0005668268422596157
0.0005637143040075898
0.0005617243004962802
0.0005592548986896873
0.0005515941302292049
0.0005488245515152812
0.0005424340488389134
0.0005476512014865875
0.0005450616590678692
0.0005339088384062052
0.0005297691677697003
0.0005245872307568789
0.0005220618913881481
0.0005216270219534636
0.0005232641124166548
0.0005158039275556803
0.0005137745174579322
0.0005094976513646543
0.000506576441694051
0.0005049597821198404
0.0005013811751268804
0.0004986101412214339
0.0004959697253070772
0.0004950973088853061
0.0004896892933174968
0.000487504992634058
0.0004846839001402259
0.0004927265108563006
0.0005125222960487008
0.0005100028356537223
0.0004914940800517797
0.0004854541621170938
0.00048086544848047197
0.000477869703900069
0.00047262926818802953
0.0004720401775557548
0.0004689203342422843
0.00046646539703942835
0.00046404710155911744
0.00046174999442882836
0.00046053019468672574
0.00046826389734633267
0.0004710569919552654
0.00047133720363490283
0.00047369988169521093
0.00046515947906300426
0.0004513022431638092
0.0004500274662859738
0.00044499023351818323
0.00044383309432305396
0.0004407524538692087
0.0004396006988827139
0.00044103278196416795
0.0004379928868729621
0.00043461547465994954
0.00043300370452925563
0.00043107359670102596
0.0004292780358809978
0.0004278875421732664
0.00042604762711562216
0.0004256946558598429
0.0004231730126775801
0.0004206000885460526
0.000444192934082821
0.0004523960524238646
0.00043417522101663053
0.00042103067971765995
0.0004156733339186758
0.00041586774750612676
0.00041281458106823266
0.00040882176836021245
0.00040690702735446393
0.00041010454879142344
0.0004061635409016162
0.00040306433220393956
0.00040138891199603677
0.00040246793651022017
0.0003986631636507809
0.0003958346787840128
0.0003932092513423413
0.0003918174479622394
0.00038951938040554523
0.0003876473638229072
0.00038545200368389487
0.0003846274339593947
0.0003839741984847933
0.0003820884448941797
0.0003798909892793745
0.00037842977326363325
0.0003766731242649257
0.0003787293971981853
0.0003756640071514994
0.00037541738129220903
0.00037229902227409184
0.0003699122171383351
0.00036758583155460656
0.0003660988877527416
0.0003642424417193979
0.0003631299769040197
0.0003615757741499692
0.00035994345671497285
0.0003594621375668794
0.00035988754825666547
0.0003574480942916125
0.0003565266088116914
0.0003542718186508864
0.0003552768612280488
0.0003539635508786887
0.00035265315091237426
0.0003501349419821054
0.00034760552807711065
0.00034590676659718156
0.00034340500133112073
0.0003429305797908455
0.0003430658543948084
0.00033951314981095493
0.0003363247960805893
0.0003355765074957162
0.0003400820423848927
0.0003362629795446992
0.00033338458160869777
0.00033152179094031453
0.0003302573168184608
0.00032958772499114275
0.00032848567934706807
0.00032772874692454934
0.0003270818560849875
0.0003267768188379705
0.0003255942137911916
0.0003249769506510347
0.0003241251688450575
0.00032362702768296003
0.00032268688664771616
0.00032159738475456834
0.0003203295054845512
0.0003198381746187806
0.000327801302773878
0.0003288793086539954
0.0003245122788939625
0.0003204956592526287
0.0003178268379997462
0.0003160002816002816
0.00031565138488076627
0.0003139558248221874
0.00031368082272820175
0.000312386779114604
0.00031269676401279867
0.00031730273622088134
0.0003155859012622386
0.0003112715494353324
0.0003079182642977685
0.0003072288818657398
0.0003061762545257807
0.0003070247475989163
0.00030784550472162664
0.0003050866653211415
0.0003039408475160599
0.000303265725960955
0.00030255221645347774
0.00030161847826093435
0.00030053395312279463
0.0003019748255610466
0.0003044898039661348
0.00030270862043835223
0.00029969270690344274
0.00029829528648406267
0.00030016194796189666
0.00029889028519392014
0.00029730916139669716
0.0002953652001451701
0.00029403509688563645
0.00029372828430496156
0.00029233982786536217
0.00029099328094162047
0.0002927900932263583
0.00029654233367182314
0.00029588965117000043
0.0002934018266387284
0.00029228292987681925
0.00028891590773127973
0.00028731758357025683
0.0002858230145648122
0.0002851968165487051
0.0002842895337380469
0.00028791901422664523
0.00028629644657485187
0.00028375076362863183
0.00028247942100279033
0.00028210607706569135
0.00028255966026335955
0.0002792497689370066
0.00027885151212103665
0.0002775266475509852
0.0002748897240962833
0.00027396646328270435
0.00027470706845633686
0.0002735088928602636
0.0002730819396674633
0.00027133242110721767
0.000270135176833719
0.00027038290863856673
0.0002697654708754271
0.0002686442749109119
0.0002672523260116577
0.0002662617480382323
0.00026531919138506055
0.0002637136203702539
0.0002639883605297655
0.0002654785639606416
0.0002673224953468889
0.0002643396728672087
0.00026169398915953934
0.0002597578859422356
0.00025900971377268434
0.00025983722298406065
0.00025892764097079635
0.0002564745955169201
0.0002562491281423718
0.0002541304274927825
0.00025525683304294944
0.0002599077997729182
0.00025824300246313214
0.00025637279031798244
0.0002547267358750105
0.00025329360505566
0.00025218434166163206
0.00025142310187220573
0.0002513410581741482
0.00025065409136004746
0.00024978871806524694
0.0002490572223905474
0.00024870815104804933
0.00024802141706459224
0.0002473985659889877
0.0002474364882800728
0.00024698206107132137
0.00024612736888229847
0.00024622181081213057
0.00024511784431524575
0.000244911847403273
0.00024539101286791265
0.00024480631691403687
0.00024379306705668569
0.00024312472669407725
0.0002427586878184229
0.0002419881202513352
0.00024215775192715228
0.00024157960433512926
0.00024106116325128824
0.00024015642702579498
0.00023978407261893153
0.00023937382502481341
0.00023880448134150356
0.00023846959811635315
0.00023839197820052505
0.00023813241568859667
0.00023788554244674742
0.00023706549836788327
0.00023621386208105832
0.0002357188204769045
0.0002362456580158323
0.00023580834385938942
0.00023507117293775082
0.00023462319222744554
0.00023508929007221013
0.00023525036522187293
0.0002346359397051856
0.0002335970348212868
0.00023254042025655508
0.00023220732691697776
0.00023174656962510198
0.000231352198170498
0.00023079643142409623
0.0002302403299836442
0.0002298368635820225
0.0002316398313269019
0.00023144831357058138
0.00022982887458056211
0.00022915344743523747
0.00022854194685351104
0.00022761532454751432
0.00023049359151627868
0.00023037794744595885
0.0002281382621731609
0.0002265578368678689
0.00022601995442528278
0.00022705945593770593
0.0002260962937725708
0.00022569707653019577
0.00022423287737183273
0.00022372903185896575
0.00022325380996335298
0.0002224896161351353
0.00022224889835342765
0.00022144790273159742
0.00022107636323198676
0.00022049984545446932
0.00022009474923834205
0.00021976065181661397
0.00021966321219224483
0.00021999559248797596
0.00021890192874707282
0.00021812219347339123
0.00021755469788331538
0.00021726656996179372
0.0002168009668821469
0.0002161384909413755
0.0002158672723453492
0.00021531389211304486
0.0002161042793886736
0.000214706378756091
0.00021397380623966455
