0.8460192084312439
0.6227516531944275
0.5458129644393921
0.4909343719482422
0.43679943680763245
0.401037335395813
0.37284421920776367
0.35297995805740356
0.3412601053714752
0.33132246136665344
0.32379838824272156
0.3147861957550049
0.3072790503501892
0.3023429214954376
0.3028753995895386
0.29247012734413147
0.2918873727321625
0.28496575355529785
0.28126609325408936
0.2767956852912903
0.273048460483551
0.2704205811023712
0.267838716506958
0.26298490166664124
0.26208510994911194
0.25699329376220703
0.25385138392448425
0.2528364360332489
0.24786168336868286
0.2445378452539444
0.24310775101184845
0.2396886944770813
0.2379714697599411
0.23879022896289825
0.25286123156547546
0.25688156485557556
0.24030165374279022
0.232660174369812
0.22613181173801422
0.22159700095653534
0.22033031284809113
0.21649712324142456
0.21226905286312103
0.21205294132232666
0.20855551958084106
0.20635035634040833
0.20187649130821228
0.19966061413288116
0.1967001110315323
0.1937415450811386
0.19301840662956238
0.20160487294197083
0.19419117271900177
0.19288185238838196
0.1896592378616333
0.1928810030221939
0.1924934685230255
0.18262408673763275
0.18203569948673248
0.17797358334064484
0.17632581293582916
0.1733354926109314
0.17324402928352356
0.1680484414100647
0.16593173146247864
0.16289113461971283
0.16262197494506836
0.16209369897842407
0.16620658338069916
0.1681821048259735
0.16312849521636963
0.16400982439517975
0.15611010789871216
0.15219588577747345
0.16662119328975677
0.15545772016048431
0.15186090767383575
0.14629396796226501
0.14369124174118042
0.14399324357509613
0.1396624594926834
0.1345885843038559
0.13135980069637299
0.12922149896621704
0.12836229801177979
0.12442182004451752
0.12194643914699554
0.12043450027704239
0.11861521750688553
0.12207458913326263
0.11889870464801788
0.11333804577589035
0.11592068523168564
0.11291461437940598
0.10772623121738434
0.10617410391569138
0.12852510809898376
0.11645530164241791
0.11159313470125198
0.11045120656490326
0.10403556376695633
0.09865306317806244
0.09538071602582932
0.09527433663606644
0.09700556844472885
0.09381170570850372
0.09200414270162582
0.08643895387649536
0.08391298353672028
0.09934867173433304
0.09407437592744827
0.1156282126903534
0.10878594219684601
0.09122282266616821
0.08157511800527573
0.07634200155735016
0.07368262112140656
0.07209178060293198
0.07000699639320374
0.06705739349126816
0.06568367034196854
0.06473443657159805
0.06448784470558167
0.061446741223335266
0.05900539085268974
0.05955444648861885
0.06093651428818703
0.05790385603904724
0.05576563999056816
0.05659796670079231
0.05284406244754791
0.051645271480083466
0.0492362380027771
0.047477785497903824
0.04669712856411934
0.045847225934267044
0.045236051082611084
0.04464200139045715
0.044247210025787354
0.043675944209098816
0.04311887174844742
0.042707327753305435
0.04219619184732437
0.04174289107322693
0.04140205308794975
0.04109819233417511
0.040423598140478134
0.040000591427087784
0.042723122984170914
0.044720862060785294
0.04071686789393425
0.041189517825841904
0.04001864418387413
0.0388663150370121
0.038085829466581345
0.03751474618911743
0.037302788347005844
0.03618614748120308
0.035892046988010406
0.03553938865661621
0.03531332314014435
0.03516595438122749
0.03461150825023651
0.034118834882974625
0.03367822989821434
0.03325995057821274
0.034614305943250656
0.033774714916944504
0.03299326449632645
0.03222310170531273
0.032780829817056656
0.032683469355106354
0.03176010400056839
0.031032467260956764
0.030392302200198174
0.03011983446776867
0.02992202155292034
0.029673580080270767
0.029142428189516068
0.03938654810190201
0.04044469818472862
0.035851430147886276
0.030867191031575203
0.028682667762041092
0.02762206457555294
0.026835355907678604
0.02639632672071457
0.025646977126598358
0.02535439468920231
0.02503950707614422
0.039253994822502136
0.032053396105766296
0.030505459755659103
0.028514482080936432
0.025596803054213524
0.02439003996551037
0.02396523766219616
0.027469100430607796
0.03239835798740387
0.02869134210050106
0.026963694021105766
0.025054218247532845
0.0243094339966774
0.023202328011393547
0.022647950798273087
0.021946601569652557
0.021353593096137047
0.020923353731632233
0.020315900444984436
0.020156988874077797
0.01961614564061165
0.01954333670437336
0.01998594030737877
0.02102264203131199
0.01942340098321438
0.01930851861834526
0.018126236274838448
0.01796690933406353
0.017529016360640526
0.01728581264615059
0.017108077183365822
0.017374487593770027
0.01805376634001732
0.016734987497329712
0.016552001237869263
0.01620444841682911
0.016072770580649376
0.015904292464256287
0.017792673781514168
0.018040498718619347
0.016106273978948593
0.015525528229773045
0.015171862207353115
0.014805355109274387
0.016324376687407494
0.016702277585864067
0.016302093863487244
0.015609171241521835
0.015051506459712982
0.014876030385494232
0.014541269280016422
0.014322616159915924
0.014224438928067684
0.014028836041688919
0.01385769248008728
0.01676497422158718
0.017211206257343292
0.014660471118986607
0.014470577239990234
0.014101264998316765
0.013826162554323673
0.013627423904836178
0.013793423771858215
0.013495905324816704
0.013367138803005219
0.013127331621944904
0.013049348257482052
0.01317612361162901
0.012792542576789856
0.012748480774462223
0.01306015346199274
0.012577067129313946
0.01239965483546257
0.012310730293393135
0.012133830226957798
0.011946802958846092
0.012202173471450806
0.011954320594668388
0.011853005737066269
0.011725165881216526
0.011613506823778152
0.011496960185468197
0.011435218155384064
0.011453594081103802
0.011498167179524899
0.01123768836259842
0.011129070073366165
0.011067075654864311
0.010922910645604134
0.010889733210206032
0.01078598853200674
0.010718741454184055
0.010603804141283035
0.010537851601839066
0.010447485372424126
0.010379422456026077
0.010308340191841125
0.010244873352348804
0.010190099477767944
0.010124034248292446
0.0099958386272192
0.009905233979225159
0.009756364859640598
0.009626702405512333
0.009502721019089222
0.009399023838341236
0.009298767894506454
0.009195467457175255
0.009100577794015408
0.009031091816723347
0.009000123478472233
0.008854196406900883
0.008780215866863728
0.008766211569309235
0.008808471262454987
0.009211969561874866
0.009388679638504982
0.008792073465883732
0.00863404106348753
0.008358221501111984
0.008172794245183468
0.008033044636249542
0.007913952693343163
0.007879293523728848
0.007750584743916988
0.007606655824929476
0.007508350536227226
0.0073818364180624485
0.007314367685467005
0.007242940366268158
0.0071420567110180855
0.007107672281563282
0.006995877716690302
0.006921707186847925
0.006847187876701355
0.006776515394449234
0.006690372247248888
0.006673332303762436
0.006597475614398718
0.006500374060124159
0.006448317784816027
0.006471205502748489
0.006378533318638802
0.0062914034351706505
0.006261267699301243
0.0062132710590958595
0.006181972101330757
0.006150273606181145
0.006143940147012472
0.006151935551315546
0.006108263041824102
0.006071213632822037
0.0060425749979913235
0.006012243218719959
0.005982627160847187
0.005965918768197298
0.006030991207808256
0.005971889011561871
0.005888187792152166
0.005835439544171095
0.005800486076623201
0.0057625253684818745
0.00573224201798439
0.005693511106073856
0.0056854658760130405
0.005660807713866234
0.005626113153994083
0.005599582567811012
0.005567163694649935
0.005537728779017925
0.005480128340423107
0.005470874719321728
0.005465542431920767
0.005421038717031479
0.005460174288600683
0.0055085401982069016
0.005408906377851963
0.0053360313177108765
0.005298473406583071
0.0052389889024198055
0.0052116503939032555
0.005223425105214119
0.005169306416064501
0.005138304550200701
0.00511022238060832
0.005079443100839853
0.005057979840785265
0.005032635759562254
0.005019485484808683
0.004981957376003265
0.004974388517439365
0.004969291854649782
0.00494685722514987
0.004904162138700485
0.00491501297801733
0.00491740508005023
0.004858177155256271
0.00480303168296814
0.004782450385391712
0.004772330168634653
0.0048257168382406235
0.004784656222909689
0.004713327623903751
0.00471852021291852
0.0046723587438464165
0.004622819367796183
0.004591132048517466
0.004561851732432842
0.0045117647387087345
0.004518649075180292
0.004571647383272648
0.00455334410071373
0.004489176906645298
0.004435718059539795
0.004402277059853077
0.0043637510389089584
0.004342130851000547
0.004316227976232767
0.004328770097345114
0.004273589234799147
0.004230979830026627
0.004185750149190426
0.004150786902755499
0.004116433206945658
0.004087560810148716
0.0040538860484957695
0.004045601934194565
0.004059076774865389
0.004052452743053436
0.004043223802000284
0.003972979728132486
0.003915867768228054
0.00388734950684011
0.0038541986141353846
0.0038433161098510027
0.0038425640668720007
0.003829273162409663
0.0038178996182978153
0.003937489818781614
0.004139964003115892
0.0038984932471066713
0.0037750930059701204
0.0037383248563855886
0.0036707506515085697
0.0036383585538715124
0.0036186121869832277
0.0035988418385386467
0.0035835218150168657
0.0035644839517772198
0.0035448831040412188
0.003526217769831419
0.003519285935908556
0.0035007873084396124
0.0034866321366280317
0.0034732013009488583
0.003453486831858754
0.003432044293731451
0.003421403467655182
0.003405001014471054
0.003405591007322073
0.0033935385290533304
0.0033695867750793695
0.003429087810218334
0.0034028938971459866
0.0033556960988789797
0.00331137259490788
0.003282455261796713
0.0032640628051012754
0.003257020143792033
0.0032438039779663086
0.0032239295542240143
0.003204052336513996
0.003194026183336973
0.003187641268596053
0.003178542712703347
0.0031585744582116604
0.00314413127489388
0.003125412156805396
0.0031055526342242956
0.0030943795572966337
0.00308013241738081
0.00306270201690495
0.003052954562008381
0.0030351944733411074
0.003024602308869362
0.003011868102476001
0.003000539029017091
0.0030475875828415155
0.0030351101886481047
0.0029953373596072197
0.00296959700062871
0.002942696213722229
0.0029248285572975874
0.0029221426229923964
0.002920870902016759
0.002908246126025915
0.002876515965908766
0.0028731869533658028
0.0028840857557952404
0.002863206434994936
0.002843317110091448
0.002823348855599761
0.002803275128826499
0.002783864503726363
0.002775409957394004
0.0027611390687525272
0.0027437114622443914
0.0027337740175426006
0.002712974091991782
0.002705599879845977
0.002696857787668705
0.0026753824204206467
0.002673218958079815
0.002650188747793436
0.0026432399172335863
0.002630137372761965
0.0026268325746059418
0.0026142620481550694
0.0026052154134958982
0.002593805780634284
0.0025840746238827705
0.002573364647105336
0.0025689161848276854
0.0025729876942932606
0.002554361242800951
0.002541568595916033
0.00253727356903255
0.002522270893678069
0.0025053084827959538
0.0024918767157942057
0.0024980183225125074
0.0024955410044640303
0.002475935500115156
0.0024533099494874477
0.002440809737890959
0.0024309419095516205
0.0024443126749247313
0.0024567858781665564
0.0024354904890060425
0.002412151312455535
0.0023843361996114254
0.002371573820710182
0.0023576468229293823
0.0023482090327888727
0.0023432113230228424
0.0023403065279126167
0.002333775395527482
0.0023318722378462553
0.002320248167961836
0.0023245096672326326
0.0023174844682216644
0.002310848096385598
0.002306227805092931
0.002300075488165021
0.0022946475073695183
0.0022890521213412285
0.0022877247538417578
0.0022832893300801516
0.0022775856778025627
0.0022740608546882868
0.0022697593085467815
0.0022648400627076626
0.0022582632955163717
0.002253366867080331
0.002247531432658434
0.0022423749323934317
0.0022378091234713793
0.002232948085293174
0.002232220722362399
0.0022225426509976387
0.002220938680693507
0.0022146140690892935
0.0022118655033409595
0.002192549640312791
0.002254236489534378
0.0022422396577894688
0.002233573468402028
0.0022106498945504427
0.0021970029920339584
0.002189796883612871
0.0021831956692039967
0.0021766722202301025
0.0021672528237104416
0.0021620828192681074
0.0021583654452115297
0.002152511151507497
0.002151303458958864
0.002142447978258133
0.0021401767153292894
0.002132417168468237
0.0021293251775205135
0.002127919113263488
0.0021259330678731203
0.0021285698749125004
0.0021245970856398344
0.002115624025464058
0.0021042502485215664
0.0020961251575499773
0.0020962217822670937
0.002086769323796034
0.0020812521688640118
0.0020835469476878643
0.0020831050351262093
0.002079575089737773
0.0020703021436929703
0.0020675386767834425
0.0020589521154761314
0.002054468495771289
0.0020493713673204184
0.0020430609583854675
0.0020407885313034058
