0.6562494039535522
0.4156947731971741
0.3803756833076477
0.3659358322620392
0.35351237654685974
0.33219921588897705
0.31791630387306213
0.30392971634864807
0.303915798664093
0.30675458908081055
0.2816106379032135
0.2735915184020996
0.2819128632545471
0.26810353994369507
0.2658259868621826
0.24587182700634003
0.2366698980331421
0.22412444651126862
0.21481066942214966
0.21048712730407715
0.20271296799182892
0.1946331113576889
0.1953381896018982
0.1867900788784027
0.17526942491531372
0.1646667718887329
0.19053201377391815
0.18968455493450165
0.19311441481113434
0.15314553678035736
0.15587688982486725
0.13999706506729126
0.13347554206848145
0.1233765184879303
0.11558204889297485
0.10797226428985596
0.10013492405414581
0.09325424581766129
0.1255360245704651
0.2058611512184143
0.1887953281402588
0.1291487067937851
0.11184865981340408
0.10278869420289993
0.09219130873680115
0.10314551740884781
0.09045415371656418
0.07237223535776138
0.06381286680698395
0.0623055100440979
0.05851098522543907
0.053899556398391724
0.051855165511369705
0.045343685895204544
0.04305841028690338
0.04166258126497269
0.03955124318599701
0.03448689356446266
0.03159404918551445
0.028374163433909416
0.028192570433020592
0.026798218488693237
0.03027382120490074
0.026413243263959885
0.020834486931562424
0.021016109734773636
0.017509164288640022
0.01732943020761013
0.019114503636956215
0.015132876113057137
0.017522338777780533
0.014461100101470947
0.02438100427389145
0.014101781882345676
0.028772909194231033
0.02966342121362686
0.014110284857451916
0.013068655505776405
0.009616074152290821
0.008591326884925365
0.008132015354931355
0.007173370569944382
0.008902239613234997
0.007460284512490034
0.006376273930072784
0.005922708194702864
0.005636781919747591
0.005083167459815741
0.0046073803678154945
0.006169576663523912
0.0057174949906766415
0.004785984288901091
0.004374628886580467
0.004066904541105032
0.0034402913879603148
0.0033757968340069056
0.003115012776106596
0.003499583574011922
0.0033905869349837303
0.0034595539327710867
0.003534494899213314
0.0028149671852588654
0.0037309012841433287
0.051669783890247345
0.021054433658719063
0.009633350186049938
0.00750475050881505
0.004964618012309074
0.003412218065932393
0.0024907749611884356
0.002365711610764265
0.0021892900113016367
0.0020769794937223196
0.0019662596751004457
0.0018765543354675174
0.0017843699315562844
0.0017191041260957718
0.0016626850701868534
0.001637109904550016
0.0016037606401368976
0.0015686117112636566
0.001539875753223896
0.0015531376702710986
0.001534374663606286
0.0014640958979725838
0.0014644826296716928
0.0014137732796370983
0.0013651435729116201
0.0013315886026248336
0.0013206286821514368
0.0012892283266410232
0.0012577653396874666
0.0012380831176415086
0.0012263882672414184
0.0012057778658345342
0.0011901985853910446
0.002025904133915901
0.0015977106522768736
0.0012580264592543244
0.0011681385803967714
0.001072774757631123
0.0010663667926564813
0.0010458502219989896
0.0010808395454660058
0.0010224753059446812
0.000973754096776247
0.0009522351901978254
0.0009378179674968123
0.0009168823016807437
0.0008920145919546485
0.000886691443156451
0.0008697240264154971
0.000856253202073276
0.0008361437940038741
0.0008308689575642347
0.0008155670948326588
0.0008088041213341057
0.0008002889808267355
0.0007910882704891264
0.0007754017715342343
0.0007642342243343592
0.0007546969573013484
0.0007430004188790917
0.0007318216376006603
0.000722558586858213
0.0007109578582458198
0.0007009877590462565
0.0007003051578067243
0.0006891691009514034
0.0007985010743141174
0.0008073349599726498
0.0007029438274912536
0.0006771315820515156
0.0006720361416228116
0.0006683926330879331
0.0006415822426788509
0.0006328257150016725
0.0006164333317428827
0.0006044068140909076
0.0005947794998064637
0.0005885806167498231
0.0005782041698694229
0.0005707044620066881
0.0005685341893695295
0.0005602324963547289
0.0005531753413379192
0.0005426263669505715
0.0005389091093093157
0.000532628851942718
0.0005238504381850362
0.0005192813114263117
0.0005134980310685933
0.0005078167887404561
0.0005018110969103873
0.000497516302857548
0.0005731555866077542
0.0006354321958497167
0.0004998913500458002
0.000485600670799613
0.0004799473681487143
0.00263978517614305
0.0008570690988563001
0.0012363384012132883
0.0005448103765957057
0.000564129208214581
0.0004623140557669103
0.0004378361627459526
0.0004340801970101893
0.0004209073376841843
0.00041466468246653676
0.0004059424391016364
0.00040078628808259964
0.0003963863127864897
0.00039040393312461674
0.00040176333277486265
0.00039606605423614383
0.000379525386961177
0.00037467313813976943
0.000371432863175869
0.0003706195275299251
0.00036625927896238863
0.0003641200310084969
0.0003613895969465375
0.0003607111284509301
0.0003586503444239497
0.00035585431032814085
0.0003523693885654211
0.00035111678880639374
0.0003484091139398515
0.00034707115264609456
0.00034407430212013423
0.0003430614888202399
0.00034058582969009876
0.0003385021991562098
0.00033709508716128767
0.00033466273453086615
0.0003324105928186327
0.00033171739778481424
0.000330645649228245
0.00032829149859026074
0.0003260956727899611
0.00032319387537427247
0.00032238863059319556
0.00032230757642537355
0.0003205744724255055
0.0003319115494377911
0.0003306484140921384
0.00032084586564451456
0.00031455399584956467
0.0003102514601778239
0.00044374854769557714
0.0005029592430219054
0.000374078459572047
0.00031701422994956374
0.0003079199814237654
0.0003019608266185969
0.0003006876213476062
0.0002988528576679528
0.00029479138902388513
0.00029163568979129195
0.0002894948411267251
0.000287568720523268
0.00028610319714061916
0.0003437442646827549
0.0004280269786249846
0.00034269539173692465
0.0002856406499631703
0.000277631392236799
0.0002755043387878686
0.00027351148310117424
0.000270599004579708
0.000269481010036543
0.00026636297116056085
0.00026409525889903307
0.00028601204394362867
0.0002899320097640157
0.00028045481303706765
0.00026827785768546164
0.00026250554947182536
0.00026022273232229054
0.00025702675338834524
0.0002578827552497387
0.00032289576483890414
0.00030526163754984736
0.0002709318359848112
0.00026075102505274117
0.00025305032613687217
0.00024777144426479936
0.0002446753205731511
0.00024363581906072795
0.00024095822300296277
0.0002386594860581681
0.00023745633370708674
0.0002442453696858138
0.0002505439333617687
0.0002409403386991471
0.00023433577734977007
0.00023154888185672462
0.00022992769663687795
0.00022766365145798773
0.00022593389439862221
0.00022441752662416548
0.00022345273464452475
0.00022189259470906109
0.00022629686282016337
0.0002340335340704769
0.00022800848819315434
0.00022188437287695706
0.00021598082093987614
0.00021529824880417436
0.0002128424821421504
0.00020971834601368755
0.00022052267740946263
0.00021758448565378785
0.000210912199690938
0.00020648480858653784
0.00020495727949310094
0.0002039210230577737
0.00020395262981764972
0.00020281120669096708
0.00020555192895699292
0.00020217755809426308
0.00020121954730711877
0.0002000586682697758
0.00020017010683659464
0.0001992739998968318
0.00019778787100221962
0.00019666428852360696
0.0001961016678251326
0.00019550892466213554
0.00019506736134644598
0.00019392883405089378
0.00019348811474628747
0.00019313757366035134
0.00019265117589384317
0.00019210299069527537
0.00019120654906146228
0.00019033164426218718
0.00019008840899914503
0.00018961317255161703
0.00018841821292880923
0.00018800265388563275
0.0001882993965409696
0.00018735490448307246
0.0001867698592832312
0.00018594124412629753
0.00018578398157842457
0.00018492723756935447
0.00018462984007783234
0.0001832723501138389
0.00018323358381167054
0.00018174233264289796
0.0001815216091927141
0.00018061189621221274
0.00018071952217724174
0.00017975213995669037
0.00017925976135302335
0.00017850790754891932
0.00017763086361810565
0.0001770374656189233
0.00017780133930500597
0.00017960101831704378
0.00018041220027953386
0.00017880585801322013
0.00017699768068268895
0.00017537262465339154
0.00017434742767363787
0.00017325617955066264
0.00017253306577913463
0.00017162272706627846
0.0001712850498734042
0.00017023742839228362
0.0001697356638032943
0.00016868312377482653
0.00016803308972157538
0.00016767341003287584
0.00016914278967306018
0.000168420301633887
0.00016735850658733398
0.00016621474060229957
0.00016564330144319683
0.00016442345804534853
0.0001640945702092722
0.0001629360776860267
0.00016224598221015185
0.00016182541730813682
0.0001609032042324543
0.0001607689046068117
0.00016008784587029368
0.00015914517280180007
0.00015865496243350208
0.0001581292599439621
0.00015721365343779325
0.00015715161862317473
0.00015630443522240967
0.00015952922694850713
0.0001580918178660795
0.00015680243086535484
0.00015547849761787802
0.0001592098706169054
0.0001657952816458419
0.0001611184561625123
0.00015619531041011214
0.0001531416637590155
0.00015494953549932688
0.00016538194904569536
0.00016177791985683143
0.00015428356709890068
0.00015197046741377562
0.00014873906911816448
0.000147702477988787
0.0001468653790652752
0.00014601834118366241
0.00014515385555569082
0.00014465195999946445
0.0001437158789485693
0.00014332719729281962
0.00014462652325164527
0.00014525477308779955
0.00014472813927568495
0.000143780984217301
0.00014285834913607687
0.00014168625057209283
0.00014121280401013792
0.00014090609329286963
0.00014077461673878133
0.00014017456851433963
0.0001398947642883286
0.0001394604187225923
0.00013915268937125802
0.00013879299513064325
0.000138465577038005
0.00013900628255214542
0.0001391877740388736
0.00013868232781533152
0.00013795617269352078
0.00013754365500062704
0.00013769346696790308
0.0001372116239508614
0.00013665729784406722
0.0001377283042529598
0.00013774630497209728
0.00013685440353583544
0.00013625466090161353
0.00013579601363744587
0.00013660390686709434
0.00013624639541376382
0.00013656065857503563
0.00013569838483817875
0.00013487170508597046
0.00013448228128254414
0.00013418310845736414
0.00013378671428654343
0.00013305468019098043
0.00013216274965088814
0.00013142262469045818
0.00013106023834552616
0.00013067263353150338
0.0001303219178225845
0.00012998406600672752
0.00012959114974364638
0.0001292666856897995
0.00012917244748678058
0.00012868620979133993
0.000128453757497482
0.00012849108316004276
0.00012830963532906026
0.00012780104589182884
0.00012845949095208198
0.00012776166840922087
0.000127177539980039
0.0001266757899429649
0.0001260154094779864
0.0001255450479220599
0.0001252551155630499
0.00012487141066230834
0.00012461337610147893
0.00012454802345018834
0.00012442025763448328
0.0001240304409293458
0.00012364779831841588
0.00012406357564032078
0.00012357103696558625
0.00012353979400359094
0.00012378506653476506
0.0001227935717906803
0.00012224895181134343
0.00012170433183200657
0.00012091201642761007
0.00012091303506167606
0.00012097998842364177
0.00012048402277287096
0.00012002778385067359
0.00011957329115830362
0.0001195053628180176
0.00011854169861180708
0.00011826252011815086
0.0001180951512651518
0.0001174986973637715
0.0001175411744043231
0.00011743607319658622
0.00011719714530045167
0.00011728022946044803
0.00011605108011281118
0.00011572588846320286
0.00011557896505109966
0.00011636324052233249
0.0001158334780484438
0.00011521937267389148
0.00011487153096823022
0.00011424974218243733
0.00011388081475161016
0.00011357279436197132
0.00011345033999532461
0.00011296413867967203
0.00011266098590567708
0.00011208835348952562
0.00011195531260455027
0.00011182946764165536
0.00011157006520079449
0.00011135647218907252
0.00011111605272162706
0.00011094913497800007
0.00011095469380961731
0.00011079169053118676
0.00011048195301555097
0.0001103768590837717
0.0001101058442145586
0.00010998387006111443
0.00011003210966009647
0.00010975202167173848
0.00010956162441289052
0.00010957249469356611
0.00010911995195783675
0.00010905522503890097
0.00010891070996876806
0.00010873857536353171
0.00010846563236555085
0.00010842112533282489
0.00010830053361132741
0.0001081163136404939
0.00010793482215376571
0.00010775647388072684
0.00010747638589236885
0.00010728487541200593
0.00010713972005760297
0.00010695093806134537
0.00010680068226065487
0.00010679881233954802
0.00010646245937095955
0.00010631635086610913
0.00010619113163556904
0.00010641013068379834
0.00010624408605508506
0.0001060267532011494
0.00010579943045740947
0.00010550041042733938
0.00010535080218687654
0.00010509821731830016
0.00010490302520338446
0.00010457249300088733
0.00010442172060720623
0.00010432230919832364
0.00010412900155643001
0.0001050110804499127
0.00010492419096408412
0.00010464277875144035
0.00010428881796542555
0.00010390111128799617
0.00010328867210773751
0.00010306124750059098
0.00010275194654241204
0.00010260000999551266
0.00010228900646325201
0.00010210708569502458
0.0001019865449052304
0.00010174787894356996
0.00010159042722079903
0.00010132321040146053
0.00010117053898284212
0.00010097247286466882
0.00010074223973788321
0.00010064139496535063
0.00010062736691907048
0.00010070951975649223
0.00010055962775368243
0.00010031709098257124
9.997245069826022e-05
9.959786257240921e-05
9.955282439477742e-05
9.938161383615807e-05
9.915469127008691e-05
9.909903747029603e-05
9.856175893219188e-05
9.861475700745359e-05
9.847160981735215e-05
9.870907524600625e-05
9.893216338241473e-05
9.908693027682602e-05
9.881494770525023e-05
9.892459638649598e-05
9.923704783432186e-05
9.88297033472918e-05
9.80587865342386e-05
9.765119466464967e-05
9.712248720461503e-05
9.64685168582946e-05
9.615888848202303e-05
