0.7196121215820312
0.6302886605262756
0.5941345691680908
0.570637047290802
0.5499883890151978
0.5292354822158813
0.5133088231086731
0.4985768795013428
0.48287102580070496
0.46988800168037415
0.4571772813796997
0.44819921255111694
0.438191294670105
0.4301801025867462
0.4230296313762665
0.41370889544487
0.40765196084976196
0.4009473919868469
0.3949534296989441
0.38795801997184753
0.3823015093803406
0.37638533115386963
0.37185558676719666
0.36601942777633667
0.361213743686676
0.3584024906158447
0.35345733165740967
0.35029348731040955
0.3474673330783844
0.3429756164550781
0.33965936303138733
0.33897078037261963
0.3432600498199463
0.3348957598209381
0.3305518329143524
0.3286145031452179
0.326298326253891
0.3239005506038666
0.3243160545825958
0.32068899273872375
0.3344278633594513
0.326272189617157
0.3213058114051819
0.31981024146080017
0.31546810269355774
0.31419190764427185
0.3130897581577301
0.31066828966140747
0.30980390310287476
0.3087097704410553
0.3104438781738281
0.3083650767803192
0.3058199882507324
0.30496159195899963
0.30498677492141724
0.3018707036972046
0.30074626207351685
0.3001902997493744
0.2983371913433075
0.297943651676178
0.2989908754825592
0.3016873598098755
0.29911258816719055
0.2958214282989502
0.2947734594345093
0.2916456460952759
0.29074254631996155
0.2879149615764618
0.28738537430763245
0.2864626944065094
0.28451067209243774
0.28374284505844116
0.28254061937332153
0.28394100069999695
0.28425994515419006
0.27984294295310974
0.2791147828102112
0.2770846486091614
0.27630555629730225
0.27511104941368103
0.27427980303764343
0.27407920360565186
0.2733204960823059
0.2717990577220917
0.27028799057006836
0.2696569561958313
0.26865220069885254
0.2680681645870209
0.26792311668395996
0.2698129415512085
0.27069005370140076
0.2670880854129791
0.2654886543750763
0.2643614709377289
0.2624904215335846
0.2653504014015198
0.2655726969242096
0.26117071509361267
0.2605850398540497
0.25837966799736023
0.26836884021759033
0.2657633125782013
0.2565120458602905
0.2555217444896698
0.254682332277298
0.2552432417869568
0.25535091757774353
0.2541217803955078
0.2509089410305023
0.2494138479232788
0.2481057047843933
0.24636656045913696
0.24602475762367249
0.2450351119041443
0.24401095509529114
0.2428610920906067
0.2453957200050354
0.24511516094207764
0.24199643731117249
0.24432285130023956
0.24608738720417023
0.2397342026233673
0.24042989313602448
0.24067455530166626
0.2394048422574997
0.2374567836523056
0.23662973940372467
0.23506620526313782
0.23765039443969727
0.23650415241718292
0.2331828624010086
0.23147587478160858
0.23146572709083557
0.23642562329769135
0.23597760498523712
0.23277275264263153
0.2320222407579422
0.22823800146579742
0.22740128636360168
0.23841170966625214
0.23500743508338928
0.22879888117313385
0.22510944306850433
0.22442199289798737
0.22377784550189972
0.22184734046459198
0.21979455649852753
0.22329343855381012
0.22338135540485382
0.2230187952518463
0.21977385878562927
0.2173958122730255
0.21588096022605896
0.21639223396778107
0.2146775722503662
0.21796450018882751
0.2194252908229828
0.2138761430978775
0.21144530177116394
0.20913919806480408
0.2094983458518982
0.2085130661725998
0.20563411712646484
0.2049374282360077
0.2038058489561081
0.20236094295978546
0.20202434062957764
0.20328274369239807
0.20253492891788483
0.20142628252506256
0.2009081244468689
0.20042595267295837
0.19900132715702057
0.19679120182991028
0.19674861431121826
0.19388946890830994
0.19339683651924133
0.19347254931926727
0.19167636334896088
0.19194097816944122
0.1897355616092682
0.18901465833187103
0.18909254670143127
0.19018901884555817
0.20893819630146027
0.20866189897060394
0.200841024518013
0.19201527535915375
0.18930597603321075
0.18854065239429474
0.18548639118671417
0.1835646629333496
0.1824367791414261
0.19348666071891785
0.1934257447719574
0.1849031001329422
0.18276068568229675
0.17947471141815186
0.1790543496608734
0.17775997519493103
0.1773177981376648
0.17976200580596924
0.18212440609931946
0.17828817665576935
0.1772461235523224
0.17624257504940033
0.17566432058811188
0.17562741041183472
0.17548337578773499
0.17394083738327026
0.17347121238708496
0.17398230731487274
0.17309904098510742
0.17251160740852356
0.17217709124088287
0.17220976948738098
0.17273379862308502
0.17111384868621826
0.17081454396247864
0.17133916914463043
0.17011046409606934
0.17113256454467773
0.16957023739814758
0.1685664802789688
0.16873179376125336
0.16847793757915497
0.16766996681690216
0.16747991740703583
0.16840972006320953
0.16839928925037384
0.168504536151886
0.16715948283672333
0.16705189645290375
0.16652919352054596
0.16575925052165985
0.1649284064769745
0.16652964055538177
0.16513368487358093
0.16417333483695984
0.16492949426174164
0.165736585855484
0.16573183238506317
0.1643633395433426
0.16703420877456665
0.16398151218891144
0.16248658299446106
0.16152307391166687
0.16115255653858185
0.16257305443286896
0.16375598311424255
0.16150344908237457
0.16090211272239685
0.16376398503780365
0.16155873239040375
0.16155648231506348
0.1595921367406845
0.16146181523799896
0.1589924693107605
0.1580599546432495
0.1572219431400299
0.15803030133247375
0.16034753620624542
0.15752558410167694
0.1565120667219162
0.16368402540683746
0.16489803791046143
0.1577543169260025
0.15858976542949677
0.1549120992422104
0.15496014058589935
0.15643902122974396
0.15356360375881195
0.15349382162094116
0.15287406742572784
0.15230219066143036
0.15308859944343567
0.15245431661605835
0.15289364755153656
0.15395709872245789
0.15844659507274628
0.15398137271404266
0.1538291573524475
0.1540294587612152
0.15157029032707214
0.15146362781524658
0.14947988092899323
0.1487625390291214
0.14836011826992035
0.1477508395910263
0.1495133489370346
0.14836269617080688
0.14696668088436127
0.15183959901332855
0.15319153666496277
0.14873653650283813
0.14830917119979858
0.14638657867908478
0.14514057338237762
0.1457098126411438
0.14511334896087646
0.14452725648880005
0.1441536247730255
0.14536850154399872
0.14623495936393738
0.14591293036937714
0.1467464715242386
0.14644445478916168
0.1443210244178772
0.1453000158071518
0.14515334367752075
0.1436503380537033
0.14265389740467072
0.14230208098888397
0.14203470945358276
0.14169400930404663
0.14147019386291504
0.14124076068401337
0.1411878764629364
0.14105641841888428
0.1408972293138504
0.14142975211143494
0.14134496450424194
0.1412133127450943
0.14128580689430237
0.14096699655056
0.14081430435180664
0.14053122699260712
0.14024482667446136
0.14188623428344727
0.1413114368915558
0.14172221720218658
0.14149706065654755
0.14116506278514862
0.13934925198554993
0.1420910507440567
0.14078523218631744
0.13941925764083862
0.1391739547252655
0.13855822384357452
0.13859158754348755
0.1383761614561081
0.13811790943145752
0.13790766894817352
0.13766062259674072
0.13753150403499603
0.1387770175933838
0.13896428048610687
0.137974813580513
0.13731078803539276
0.13666926324367523
0.13677425682544708
0.1366182565689087
0.13633736968040466
0.1360917091369629
0.13574866950511932
0.13559837639331818
0.13583774864673615
0.13597647845745087
0.13567550480365753
0.13599713146686554
0.13541676104068756
0.13504548370838165
0.1348913013935089
0.1350448876619339
0.13478146493434906
0.13443684577941895
0.13419049978256226
0.13437142968177795
0.13599893450737
0.13474558293819427
0.1342720240354538
0.134176567196846
0.1337379366159439
0.13339419662952423
0.13325262069702148
0.13338631391525269
0.13304072618484497
0.13286513090133667
0.13280431926250458
0.1324291080236435
0.1323542445898056
0.13216476142406464
0.13237391412258148
0.13247644901275635
0.13195964694023132
0.13193358480930328
0.13203993439674377
0.1315595656633377
0.13123539090156555
0.1308770328760147
0.13114474713802338
0.13077308237552643
0.13040363788604736
0.1302143782377243
0.1301327496767044
0.12983299791812897
0.13194569945335388
0.13155798614025116
0.1307026445865631
0.13014204800128937
0.12996846437454224
0.12964099645614624
0.129379004240036
0.12940821051597595
0.12994036078453064
0.12926116585731506
0.12914960086345673
0.1288410723209381
0.12882348895072937
0.12889012694358826
0.12867945432662964
0.1285044401884079
0.12851008772850037
0.12852492928504944
0.12832793593406677
0.12817488610744476
0.1280517876148224
0.12793844938278198
0.12795735895633698
0.12782850861549377
0.12824833393096924
0.1281331479549408
0.12822486460208893
0.12819944322109222
0.12784574925899506
0.1281808465719223
0.12825673818588257
0.12795665860176086
0.12742547690868378
0.12730129063129425
0.12716510891914368
0.1270449459552765
0.1273215264081955
0.1271674782037735
0.12703651189804077
0.126816987991333
0.12704965472221375
0.12675894796848297
0.12698906660079956
0.12796112895011902
0.12748421728610992
0.12667550146579742
0.12711314857006073
0.12791308760643005
0.12757167220115662
0.12696124613285065
0.12664081156253815
0.12640224397182465
0.1261724978685379
0.12599103152751923
0.1258823424577713
0.1257954239845276
0.12577348947525024
0.12614110112190247
0.1263793408870697
0.12598247826099396
0.1257450431585312
0.1255062073469162
0.12517696619033813
0.12526746094226837
0.12543830275535583
0.1254947930574417
0.1251695454120636
0.12495171278715134
0.12494947016239166
0.12479410320520401
0.12568767368793488
0.12550409138202667
0.12517723441123962
0.12483450770378113
0.12465094029903412
0.12434876710176468
0.12422028928995132
0.12409558147192001
0.12410234659910202
0.12424872815608978
0.12435223907232285
0.12405862659215927
0.1238197386264801
0.12371040880680084
0.12371361255645752
0.12356425821781158
0.12344595789909363
0.12336646765470505
0.12373562157154083
0.12428844720125198
0.12380211055278778
0.12369003891944885
0.12328577786684036
0.12374326586723328
0.12424175441265106
0.1240900307893753
0.12405117601156235
0.12399078905582428
0.12369579076766968
0.12485506385564804
0.12517796456813812
0.12452282756567001
0.12340746819972992
0.12302087247371674
0.12286310642957687
0.12273649126291275
0.12260814011096954
0.12258601188659668
0.12240537256002426
0.12242582440376282
0.12235639989376068
0.12232551723718643
0.12214811891317368
0.12231608480215073
0.12219492346048355
0.12209785729646683
0.12206228822469711
0.12198854982852936
0.1220492273569107
0.12199286371469498
0.12193825095891953
0.12176653742790222
0.12193024903535843
0.12173647433519363
0.12169475108385086
0.12173531949520111
0.12169167399406433
0.12163589894771576
0.1215343177318573
0.12150628119707108
0.12150841951370239
0.1214449405670166
0.1213935911655426
0.12134019285440445
0.12130239605903625
0.12168298661708832
0.12183038890361786
0.1217775046825409
0.121622733771801
0.1214362159371376
0.12138701975345612
0.12123099714517593
0.12115826457738876
0.12109655141830444
0.12102442979812622
0.12115787714719772
0.12143483757972717
0.12132786214351654
0.12115861475467682
0.12108244001865387
0.12103243172168732
0.1210615336894989
0.12106622755527496
0.12104793637990952
0.12092436105012894
0.12089481204748154
0.1209237277507782
0.12084610015153885
0.12076617032289505
0.12065643817186356
0.12057952582836151
0.12050133943557739
0.12051592767238617
0.12045418471097946
0.12041770666837692
0.1203584298491478
0.12043645977973938
0.12025998532772064
0.12024690955877304
0.12025260180234909
0.12035828828811646
0.12029505521059036
0.1205020323395729
0.12049613893032074
0.12035683542490005
0.12012685835361481
0.12007293105125427
0.12023422122001648
0.12005747109651566
0.12001942098140717
0.11996250599622726
0.11986660957336426
0.1198400929570198
0.11980833858251572
0.1198483407497406
0.11975742876529694
0.11981111019849777
0.11976918578147888
0.11971499025821686
0.11961957812309265
0.11975190043449402
0.11935586482286453
0.12029168009757996
0.12025398015975952
0.1201004758477211
0.11979793012142181
0.11967192590236664
0.1194198802113533
0.11947901546955109
0.11946871131658554
0.11941510438919067
0.11932041496038437
0.11928410828113556
0.11921312659978867
0.11926664412021637
0.11927001923322678
0.11922354996204376
0.11918528378009796
0.1191449761390686
