0.6425126194953918
0.5379397869110107
0.48215895891189575
0.42889076471328735
0.38868439197540283
0.36862292885780334
0.3453712463378906
0.33482590317726135
0.3229910433292389
0.3164879381656647
0.3034113645553589
0.2956405282020569
0.2865714132785797
0.28374183177948
0.29933786392211914
0.2864438593387604
0.2684391736984253
0.25417158007621765
0.25102683901786804
0.24404332041740417
0.23646166920661926
0.22692275047302246
0.21956786513328552
0.21554601192474365
0.20930545032024384
0.20088551938533783
0.2018040269613266
0.19110232591629028
0.1886867880821228
0.1804875284433365
0.17404673993587494
0.16442620754241943
0.15860633552074432
0.15219567716121674
0.1537688672542572
0.14542384445667267
0.1579941064119339
0.14006295800209045
0.2041405886411667
0.16743865609169006
0.1426822692155838
0.12237634509801865
0.11209062486886978
0.10969051718711853
0.1094188541173935
0.10151422768831253
0.09810646623373032
0.09748587757349014
0.0903802216053009
0.08559470623731613
0.08134496957063675
0.07771220803260803
0.08752117305994034
0.08309514075517654
0.06928084790706635
0.06723446398973465
0.11737164855003357
0.08036837726831436
0.12100471556186676
0.1145295575261116
0.10348167270421982
0.07783089578151703
0.061330053955316544
0.0551571398973465
0.04923577979207039
0.04452484846115112
0.048434287309646606
0.08227698504924774
0.058269940316677094
0.055342379957437515
0.03870570287108421
0.039867497980594635
0.032149240374565125
0.030069909989833832
0.026775546371936798
0.1042376160621643
0.07346156984567642
0.055231302976608276
0.04654020071029663
0.04059791937470436
0.03205448389053345
0.027956876903772354
0.024456262588500977
0.022316789254546165
0.0216909758746624
0.021297084167599678
0.018036413937807083
0.017740847542881966
0.01592712104320526
0.015099969692528248
0.013907939195632935
0.013287799432873726
0.013150032609701157
0.012845923192799091
0.01215909793972969
0.011353565379977226
0.01073435042053461
0.010787437669932842
0.009926830418407917
0.009049385786056519
0.008679361082613468
0.009079905226826668
0.008157250471413136
0.008145462721586227
0.007094007451087236
0.008580634370446205
0.006621053442358971
0.005849863402545452
0.005833880975842476
0.005358320660889149
0.004763320088386536
0.004358982667326927
0.005851247813552618
0.005613132379949093
0.005005835555493832
0.003923869226127863
0.003816205309703946
0.004878994543105364
0.0036437625531107187
0.0033597503788769245
0.0034456001594662666
0.0032405746169388294
0.0030536893755197525
0.0031777680851519108
0.0030263846274465322
0.002912814263254404
0.0028902350459247828
0.002859351458027959
0.0026376857422292233
0.0026978820096701384
0.002518675522878766
0.0025280993431806564
0.002459642942994833
0.002470351755619049
0.002387518994510174
0.002302637090906501
0.0022615836933255196
0.002254358259961009
0.002195575973019004
0.0021304814144968987
0.0021210394334048033
0.0020570585038512945
0.002009568503126502
0.0020127356983721256
0.0019720513373613358
0.0019442463526502252
0.001883885357528925
0.001856836024671793
0.0019629087764769793
0.00190297095105052
0.0017955381190404296
0.001731470343656838
0.0017091790214180946
0.0016871971311047673
0.0016672348137944937
0.0016234442591667175
0.0016410198295488954
0.0016419666353613138
0.0016076888423413038
0.0015504496404901147
0.0015343853738158941
0.0016313476953655481
0.0017968041356652975
0.0015524050686508417
0.0014757125172764063
0.001428318559192121
0.0015600362094119191
0.001464798697270453
0.0013969414867460728
0.0013453169958665967
0.001310483436100185
0.003838001750409603
0.002883925335481763
0.0018138304585590959
0.0016226712614297867
0.001206102897413075
0.001263845944777131
0.0012007547775283456
0.0013952042208984494
0.001146874506957829
0.001103819697163999
0.0010780845768749714
0.0010568873258307576
0.0010598404332995415
0.00103564967866987
0.0010008936515077949
0.0009952659020200372
0.0009828456677496433
0.0009643734665587544
0.0009491703822277486
0.0010431840782985091
0.0009196809260174632
0.0009798113023862243
0.0008936969097703695
0.0009281066013500094
0.000884919601958245
0.0008998542907647789
0.0008513540960848331
0.0008368300041183829
0.0008405468543060124
0.006477290764451027
0.003555636154487729
0.0019108591368421912
0.0016065705567598343
0.001082697999663651
0.0009621152421459556
0.0008378656348213553
0.0008102956344373524
0.0007819460006430745
0.0007623459678143263
0.0007752554956823587
0.0007595709757879376
0.000727516075130552
0.0007329964428208768
0.0007066606776788831
0.0006990586989559233
0.0006894405814819038
0.00068468734389171
0.0006772454944439232
0.0006680633523501456
0.0006587820826098323
0.0006560243782587349
0.0006464640609920025
0.0006479722214862704
0.0006490813102573156
0.000643847684841603
0.0006343356217257679
0.0006323390989564359
0.0006295493803918362
0.0006153809372335672
0.0006132985581643879
0.0006115194992162287
0.0005992011283524334
0.0005931503837928176
0.0005895490758121014
0.0005856566713191569
0.0005798828206025064
0.0005766735412180424
0.0005719754262827337
0.0005698039312846959
0.0005656350986100733
0.0005622332682833076
0.0005559794954024255
0.0005574954557232559
0.00055455177789554
0.0005590959917753935
0.0005487129092216492
0.000541121989954263
0.0005368979764170945
0.0005315759917721152
0.0005298586911521852
0.0005271970294415951
0.0005225818022154272
0.0005180661100894213
0.0005242449697107077
0.0005155146936886013
0.0005085190641693771
0.0005058812675997615
0.0005085289012640715
0.0005340194329619408
0.0006043586763553321
0.000506524695083499
0.000497253960929811
0.0004939328646287322
0.0004834480641875416
0.0004772243555635214
0.00047512102173641324
0.0005168855423107743
0.0005408076103776693
0.0005129965138621628
0.0004890374257229269
0.0004701251455117017
0.0004612274351529777
0.0004567936121020466
0.0004499139613471925
0.00044705739128403366
0.0004439475596882403
0.00045206729555502534
0.00046773412032052875
0.00044879692723043263
0.0004413252172525972
0.00043429387733340263
0.00043149376870132983
0.0004670520138461143
0.00045882732956670225
0.00043924691271968186
0.0004294383688829839
0.0004209494509268552
0.0004193054046481848
0.00041489984141662717
0.00041085941484197974
0.00040331430500373244
0.0003988160169683397
0.000396829069359228
0.000395247305277735
0.0003908819635398686
0.0003874769026879221
0.0003848374471999705
0.0003814884985331446
0.0003839581913780421
0.00038037195918150246
0.00037800049176439643
0.0003758254460990429
0.00037236642674542964
0.0003749120223801583
0.0003686024574562907
0.00036658861790783703
0.00036251143319532275
0.00036088874912820756
0.0003596352180466056
0.000355188618414104
0.00035310344537720084
0.00034917102311737835
0.00034708227030932903
0.0003456532722339034
0.0003462896856945008
0.0003511273243930191
0.00034791030338965356
0.00034129235427826643
0.00034660883829928935
0.00034473786945454776
0.00034095605951733887
0.00034026012872345746
0.00033757384517230093
0.0003364446747582406
0.0003347323799971491
0.0003352054045535624
0.00033188812085427344
0.0003319353854749352
0.0003342328127473593
0.00033262980286963284
0.00033066084142774343
0.00033608783269301057
0.0003403134469408542
0.000332506257109344
0.00032710880623199046
0.00032625164021737874
0.0003260702360421419
0.0003233879106119275
0.0003204512468073517
0.00031944032525643706
0.00031736757955513895
0.00031645313720218837
0.0003160963533446193
0.00031364301685243845
0.00031216550269164145
0.0003109902609139681
0.0003095258434768766
0.000308617134578526
0.0003083103511016816
0.00030578410951420665
0.0003052789834327996
0.00030314226751215756
0.0003027986385859549
0.00030198629247024655
0.00030095400870777667
0.0003004498721566051
0.0002993725356645882
0.000297144113574177
0.0002973107621073723
0.0002953571092803031
0.00029385581729002297
0.00029361341148614883
0.00029232274391688406
0.0002935333177447319
0.00029634038219228387
0.00029394286684691906
0.0002919651451520622
0.0002918748650699854
0.00028878170996904373
0.0002859655360225588
0.00028466733056120574
0.00028363391174934804
0.00028171835583634675
0.00028098441543988883
0.0002798909554257989
0.0002786219120025635
0.0002776827022898942
0.00027694448363035917
0.0002807741111610085
0.0002797245979309082
0.0002762025978881866
0.0002725146187003702
0.0002731047570705414
0.00027179691824130714
0.0002693403803277761
0.0002686481748241931
0.00026771394186653197
0.0002663116611074656
0.00026484663248993456
0.00026424703537486494
0.0002639669110067189
0.00026220668223686516
0.00026138307293877006
0.0002609649964142591
0.00025930930860340595
0.0002592722303234041
0.0002580970467533916
0.00025666921283118427
0.00025553852901794016
0.00025393502437509596
0.00025375501718372107
0.0002539660781621933
0.0002537933178246021
0.0002531475038267672
0.00025110156275331974
0.0002489918260835111
0.00024796914658509195
0.000251742429099977
0.0002503637515474111
0.00024803675478324294
0.00024449671036563814
0.00024384436255786568
0.00024206975649576634
0.0002412505418760702
0.00024063861928880215
0.00024017800751607865
0.0002393169852439314
0.00023880141088739038
0.0002382536040386185
0.00023780927585903555
0.0002379680663580075
0.00024111330276355147
0.00024202057102229446
0.0002401080564595759
0.00023677819990552962
0.00023554792278446257
0.00023455929476767778
0.000234036982874386
0.00023335881996899843
0.0002329012204427272
0.00023234721447806805
0.0002315326128154993
0.00023113869247026742
0.0002306607348145917
0.000229889657930471
0.00022939190967008471
0.00022898112365510315
0.00022886374790687114
0.00022786474437452853
0.00022781819279771298
0.00022743447334505618
0.0002264764771098271
0.00022598255600314587
0.00022520592028740793
0.00022486892703454942
0.00022508803522214293
0.00022418409935198724
0.00022364514006767422
0.00022310513304546475
0.00022251259360928088
0.00022161424567457289
0.0002210757229477167
0.0002210093807661906
0.0002233884297311306
0.00022279779659584165
0.00022163476387504488
0.00021967572683934122
0.00021822664712090045
0.00021813993225805461
0.0002178749127779156
0.00021749008737970144
0.00021655287127941847
0.00022235406504478306
0.00022843401529826224
0.0002230511890957132
0.00021738348004873842
0.00021551814279519022
0.00021488973288796842
0.00021318986546248198
0.00021223801013547927
0.00021122720499988645
0.0002106173924403265
0.00021007104078307748
0.00020955417130608112
0.00020934277563355863
0.0002087969332933426
0.00020841541117988527
0.00020782751380465925
0.0002075838710879907
0.0002212353138020262
0.0002148205239791423
0.00020978281099814922
0.0002067025488940999
0.00020620132272597402
0.00020475588098634034
0.00020361000497359782
0.00020394063903950155
0.0002039472892647609
0.00020372634753584862
0.00020239618606865406
0.00022335659014061093
0.00022585302940569818
0.00021365877182688564
0.00020643378957174718
0.00020447606220841408
0.00020241654419805855
0.00020112833590246737
0.00019958069606218487
0.00019861994951497763
0.00019728188635781407
0.00019679772958625108
0.00019539217464625835
0.00019458276801742613
0.00019431371765676886
0.00019338411220815033
0.00019321587751619518
0.0001920600770972669
0.00019159572548232973
0.0001903136435430497
0.00018997750885318965
0.0001896442990982905
0.00018894090317189693
0.00018802065460477024
0.00018794364586938173
0.00018747379363048822
0.00018728722352534533
0.00018696159531828016
0.00018684196402318776
0.0001863188954303041
0.00018628596444614232
0.00018600364273879677
0.00018550673848949373
0.00018524343613535166
0.0001854607544373721
0.00018490102957002819
0.00018455339886713773
0.00018411393102724105
0.00018419315165374428
0.00018356239888817072
0.00018322282994631678
0.0001832570560509339
0.0001831990375649184
0.00018246224499307573
0.0001823117199819535
0.00018198566976934671
0.0001818206801544875
0.00018164266657549888
0.00018125299538951367
0.0001812164846342057
0.00021896444377489388
0.00024119210138451308
0.000230385921895504
0.0002094167866744101
0.0001922845549415797
0.00018619393813423812
0.00018358293164055794
0.00018306999118067324
0.00018228833505418152
0.00018140389875043184
0.000180910385097377
0.00017988072067964822
0.00017939729150384665
0.00017866710550151765
0.00017782590293791145
0.00017718467279337347
0.00017574030789546669
0.0001763808832038194
0.00017556162492837757
0.000175530556589365
0.0001747649221215397
0.00017443600518163294
0.0001742999447742477
0.00017380245844833553
0.00017326962552033365
0.00017265936185140163
0.0001722125889500603
0.00017196389671880752
0.00017167790792882442
0.00017113324429374188
0.0001720126165309921
0.00017045511049218476
0.00017039042722899467
0.0001699311687843874
0.00016969352145679295
0.0001694214588496834
0.00016896819579415023
0.00016855201101861894
0.00016827057697810233
0.0001678973058005795
0.0001675529347267002
0.00016721330757718533
0.0001669923949521035
0.00016663095448166132
0.00016651699843350798
0.00016611161117907614
0.00016585613775532693
0.0001656515378272161
0.0001657133543631062
0.0001650024059927091
0.0001645609736442566
0.00016458466416224837
0.00016413067351095378
0.0001638636749703437
0.0001635682856431231
0.00016313526430167258
0.00016302127914968878
0.00016233713540714234
0.00016249905456788838
0.00016171768947970122
0.00016155072080437094
