0.5959784984588623
0.4708199203014374
0.4227464199066162
0.39956599473953247
0.3852456510066986
0.3722778260707855
0.3595550060272217
0.34861448407173157
0.3390957713127136
0.32905909419059753
0.3206859529018402
0.31222599744796753
0.3058878481388092
0.30200034379959106
0.2953830659389496
0.2894265949726105
0.28415775299072266
0.28138038516044617
0.2742210030555725
0.26875174045562744
0.26238754391670227
0.25936800241470337
0.25187206268310547
0.25240615010261536
0.24562868475914001
0.24003258347511292
0.26508307456970215
0.261455237865448
0.24675622582435608
0.2342056781053543
0.22747790813446045
0.22182761132717133
0.22023174166679382
0.21533074975013733
0.2109230011701584
0.2141333818435669
0.2109948992729187
0.20513400435447693
0.20877830684185028
0.20280157029628754
0.20159520208835602
0.2056170254945755
0.20081093907356262
0.2021608203649521
0.18816132843494415
0.1848023235797882
0.18077830970287323
0.17890816926956177
0.17626698315143585
0.17269589006900787
0.1809096783399582
0.1749408096075058
0.1672525405883789
0.16764099895954132
0.16165554523468018
0.16044358909130096
0.15809176862239838
0.15564212203025818
0.15255434811115265
0.14997798204421997
0.1484508067369461
0.14669311046600342
0.1433366984128952
0.14577655494213104
0.14074555039405823
0.13716675341129303
0.14058752357959747
0.1389491856098175
0.13313028216362
0.13124965131282806
0.1274987906217575
0.12566514313220978
0.12286067008972168
0.12508094310760498
0.12032058835029602
0.11841743439435959
0.11740905046463013
0.11395592987537384
0.11239294707775116
0.10971082746982574
0.10753165930509567
0.12325470894575119
0.11922955513000488
0.11150180548429489
0.10389409959316254
0.1021917462348938
0.0992153212428093
0.0976579561829567
0.09522460401058197
0.12165770679712296
0.10971296578645706
0.09921357035636902
0.0917653813958168
0.0903058797121048
0.08633256703615189
0.08627420663833618
0.08738209307193756
0.08227366954088211
0.08041016757488251
0.07641977071762085
0.07556494325399399
0.07770007103681564
0.07341357320547104
0.07356736063957214
0.07778792083263397
0.07087449729442596
0.08442261070013046
0.07690011709928513
0.07090404629707336
0.06632092595100403
0.06413684040307999
0.06122662127017975
0.05910438299179077
0.057607751339673996
0.06341248750686646
0.061740897595882416
0.0628848522901535
0.05855775251984596
0.05873839929699898
0.05660500377416611
0.06539855897426605
0.054257869720458984
0.07089900225400925
0.06842663884162903
0.05416933074593544
0.04632383584976196
0.04576486349105835
0.04425468295812607
0.04219518601894379
0.04092813655734062
0.040417976677417755
0.039460428059101105
0.03858470171689987
0.03841198608279228
0.038232795894145966
0.03721260651946068
0.03690889850258827
0.03564785420894623
0.03459396958351135
0.07747098803520203
0.05752168968319893
0.042670417577028275
0.03732168674468994
0.034488558769226074
0.032531850039958954
0.03121916763484478
0.030258212238550186
0.028860632330179214
0.029019251465797424
0.027663525193929672
0.026780132204294205
0.026758594438433647
0.027176856994628906
0.02804863452911377
0.025455040857195854
0.024370405822992325
0.023499412462115288
0.02275812067091465
0.02246716059744358
0.021518658846616745
0.021007351577281952
0.020536968484520912
0.020080650225281715
0.02006443403661251
0.0206432081758976
0.019837049767374992
0.019290156662464142
0.022684603929519653
0.019003545865416527
0.017942586913704872
0.017550190910696983
0.017111755907535553
0.016521979123353958
0.016181757673621178
0.015753760933876038
0.015620901249349117
0.015200487338006496
0.01580544374883175
0.015556314960122108
0.0148246381431818
0.014145834371447563
0.013717938214540482
0.013430925086140633
0.013392326422035694
0.016164686530828476
0.013949110172688961
0.013255411759018898
0.012825341895222664
0.012151720002293587
0.012154958210885525
0.011835663579404354
0.011495443060994148
0.011124864220619202
0.011083883233368397
0.010729947127401829
0.010683871805667877
0.011628998443484306
0.01310116145759821
0.01081709936261177
0.010081565007567406
0.010080860927700996
0.009557166136801243
0.00977099034935236
0.009353159926831722
0.009213101118803024
0.008886064402759075
0.009117656387388706
0.009107118472456932
0.00856249313801527
0.00839078426361084
0.008097052574157715
0.007980608381330967
0.00785528589040041
0.007701966445893049
0.00791660975664854
0.007881357334554195
0.0074590835720300674
0.00729968398809433
0.007182567846029997
0.007034239359200001
0.006905837450176477
0.008313405327498913
0.007322532590478659
0.006977337412536144
0.0069599151611328125
0.007359745446592569
0.006873678881675005
0.0065492913126945496
0.006438765674829483
0.006310796365141869
0.006190703250467777
0.0061592767015099525
0.006015725899487734
0.005965806543827057
0.005872508976608515
0.005844345781952143
0.007423203904181719
0.006329776253551245
0.005900632124394178
0.005833046976476908
0.006010842975229025
0.007549851667135954
0.0060813152231276035
0.005569991189986467
0.005451655481010675
0.005404471419751644
0.005327844992280006
0.005269330460578203
0.005313599947839975
0.005719879176467657
0.005787640810012817
0.005318266339600086
0.005191532429307699
0.005094720050692558
0.005050701089203358
0.004968625959008932
0.004899796098470688
0.005003931932151318
0.0048936824314296246
0.004797318484634161
0.004768409300595522
0.004709505010396242
0.004739164374768734
0.004672372248023748
0.013429426588118076
0.01063388679176569
0.0173654742538929
0.010930987074971199
0.006769181229174137
0.005930306855589151
0.00533448439091444
0.005036972463130951
0.004866508301347494
0.004721987061202526
0.004668082110583782
0.0045470139011740685
0.004467812832444906
0.004419111181050539
0.004336649086326361
0.004341973457485437
0.004216860514134169
0.004590940661728382
0.005323705263435841
0.004611784126609564
0.004363054875284433
0.004227621015161276
0.004128484521061182
0.004037666600197554
0.003991434350609779
0.0039038483519107103
0.003851858200505376
0.003798131598159671
0.004559672903269529
0.0043496014550328255
0.0038735142443329096
0.0036988265346735716
0.0036077944096177816
0.003553491784259677
0.0035061463713645935
0.0034719486720860004
0.003448055125772953
0.003483822103589773
0.00340657914057374
0.003392164595425129
0.0034021595492959023
0.00492914579808712
0.005020251497626305
0.0037625464610755444
0.003550143213942647
0.003352764528244734
0.003244127379730344
0.0031931891571730375
0.0031383056193590164
0.0030998096335679293
0.003051377832889557
0.003060803050175309
0.003003732766956091
0.0029691774398088455
0.0029732948169112206
0.0028820654843002558
0.002891465788707137
0.002977738156914711
0.0031889688689261675
0.003029512008652091
0.0028787716291844845
0.0028337473049759865
0.0027941169682890177
0.0027760802768170834
0.0027990888338536024
0.002763555385172367
0.0027291409205645323
0.002694761613383889
0.002682780846953392
0.00266501703299582
0.0026868293061852455
0.0026978268288075924
0.002670702990144491
0.002619171282276511
0.0025933953002095222
0.0025825256016105413
0.0026704752817749977
0.0026545338332653046
0.00259070354513824
0.0025733113288879395
0.002563283545896411
0.0025267046876251698
0.002496590605005622
0.002485765377059579
0.0024640685878694057
0.0024415573570877314
0.002429191255941987
0.00241912342607975
0.0024004217702895403
0.002390264067798853
0.002377244643867016
0.0023661258164793253
0.002358528319746256
0.0023468132130801678
0.0023501571267843246
0.0023313844576478004
0.0023138478863984346
0.002301117405295372
0.002291611861437559
0.002286846749484539
0.0022777130361646414
0.0022597606293857098
0.0022499847691506147
0.0022374605759978294
0.002227404620498419
0.0022259303368628025
0.002208175603300333
0.0022028451785445213
0.002196294954046607
0.0021808224264532328
0.0021924427710473537
0.002188483253121376
0.0021609615068882704
0.0021511923987418413
0.0021430756896734238
0.002130370819941163
0.002119476208463311
0.002107206964865327
0.0020974043291062117
0.0020905619021505117
0.0020814479794353247
0.0020786081440746784
0.0020563697908073664
0.0020552510395646095
0.0020513185299932957
0.0020375954918563366
0.002029579831287265
0.002017062157392502
0.00200802949257195
0.001996078295633197
0.001988702919334173
0.0019750825595110655
0.0020065244752913713
0.002001083455979824
0.0019747160840779543
0.0020029349252581596
0.002032059710472822
0.002055451972410083
0.0019963562954217196
0.0019681057892739773
0.0019881026819348335
0.00204765354283154
0.001994455698877573
0.0019466177327558398
0.0019075400196015835
0.001893421052955091
0.001877381233498454
0.0018661943031474948
0.0018536461284384131
0.0018366135191172361
0.0018184821819886565
0.001838410971686244
0.0018232760485261679
0.0017999174306169152
0.001789584755897522
0.0017795198364183307
0.001766885514371097
0.0017849153373390436
0.0019307329785078764
0.0019360060105100274
0.0018378108507022262
0.0017943164566531777
0.0017716301372274756
0.0017539063701406121
0.0017393630696460605
0.0017304073553532362
0.001717012608423829
0.0017184135504066944
0.0017552312929183245
0.0017525652656331658
0.0017309560207650065
0.0017026627901941538
0.0017267981311306357
0.0017178216949105263
0.001707949792034924
0.001692139427177608
0.0016776073025539517
0.0016861739568412304
0.001682347385212779
0.0016785119660198689
0.0016767196357250214
0.0016751526854932308
0.0016601340612396598
0.0016515795141458511
0.0016413243720307946
0.0016279745614156127
0.0016213281778618693
0.0016148908762261271
0.001607595244422555
0.0016038635512813926
0.0015975686255842447
0.0015886236215010285
0.0015839245170354843
0.0015780405374243855
0.0015728679718449712
0.0015710878651589155
0.0015639797784388065
0.0015751541359350085
0.0015700290678068995
0.00156243029050529
0.0015635434538125992
0.0015863296575844288
0.001569320447742939
0.0015549883246421814
0.0015414825174957514
0.0015366909792646766
0.0015294706681743264
0.001525871572084725
0.0015163315692916512
0.001510613365098834
0.0015087603824213147
0.0015063073951750994
0.0015042986487969756
0.0015025929315015674
0.0014943304704502225
0.0014888333389535546
0.0014821609947830439
0.001479378086514771
0.0014736490556970239
0.0014694115379825234
0.0014642159221693873
0.0014675523852929473
0.0014635262778028846
0.001455854275263846
0.0014496274525299668
0.0014451165916398168
0.001455026213079691
0.0015288349241018295
0.0015177825698629022
0.0014932238264009356
0.0014664080226793885
0.0014527951134368777
0.0014479333767667413
0.0014384135138243437
0.0014232174726203084
0.001418515807017684
0.001410899916663766
0.0014045732095837593
0.001398144057020545
0.001399706699885428
0.00139448675327003
0.0013850879622623324
0.001380591420456767
0.0013751829974353313
0.0013710842467844486
0.0013669037725776434
0.0013623982667922974
0.001358328154310584
0.0013896916061639786
0.001399097265675664
0.0013778794091194868
0.0013696376699954271
0.0013536876067519188
0.0013353743124753237
0.0013323710300028324
0.001329326070845127
0.0013498233165591955
0.0013408667873591185
0.00132944795768708
0.0013191255275160074
0.001309792511165142
0.0013069771230220795
0.0013045074883848429
0.0012997881276533008
0.0012978768208995461
0.0012941844761371613
0.0012933596735820174
0.0012909285724163055
0.0012867485638707876
0.0012868470512330532
0.001284744474105537
0.0012812565546482801
0.0012786949519068003
0.0012758121592923999
0.0012734453193843365
0.001271052286028862
0.0012737297220155597
0.001269988133572042
0.0012891520746052265
0.0012924406910315156
0.0012869603233411908
0.001284990576095879
0.0012802437413483858
0.0012809463078156114
0.0012899705907329917
0.001289657549932599
0.001283623743802309
0.0012708012945950031
0.0012645840179175138
0.0012579853646457195
0.0012532408582046628
0.0012468697968870401
0.00124395452439785
0.0012396317906677723
0.0012356475926935673
0.0012327050790190697
0.001229619374498725
0.0012312971521168947
0.001235672039911151
0.0012355452636256814
0.0012282048119232059
0.0012238938361406326
0.0012220037169754505
0.0012162992497906089
0.001212090952321887
0.0012089497176930308
0.0012049163924530149
0.0012026316253468394
0.0012006078613922
0.0011973090004175901
0.0011951063061133027
0.0011936065275222063
0.0011915621580556035
0.001188013469800353
0.0011922806734219193
0.0011955432128161192
0.0011914675123989582
0.0011851160088554025
0.0011812786106020212
0.0011779778869822621
0.0011750624980777502
0.001172343734651804
0.001169499009847641
0.001168006332591176
0.0011674106353893876
0.001163750421255827
0.0011621520388871431
0.001158989267423749
0.0011562753934413195
0.0011550525669008493
0.0011528434697538614
0.0011501803528517485
0.0011478073429316282
0.001145679852925241
0.0011424908880144358
0.0011409162543714046
0.0011393118184059858
