0.59464031457901
0.4801368713378906
0.4166148602962494
0.37850135564804077
0.3583303391933441
0.3416418731212616
0.3280833065509796
0.3216850459575653
0.3125930428504944
0.32046616077423096
0.3075485825538635
0.2996669411659241
0.28968992829322815
0.283375084400177
0.28168928623199463
0.2753850221633911
0.270335853099823
0.26496610045433044
0.26296794414520264
0.27747756242752075
0.2656359374523163
0.25748884677886963
0.25153279304504395
0.25186750292778015
0.24559175968170166
0.24536371231079102
0.23510657250881195
0.23509575426578522
0.22945523262023926
0.23056744039058685
0.24144552648067474
0.22493351995944977
0.2202213853597641
0.22673717141151428
0.22627019882202148
0.21478690207004547
0.207744300365448
0.2031661719083786
0.20523829758167267
0.20359531044960022
0.19348298013210297
0.20477822422981262
0.19481882452964783
0.19024696946144104
0.18477891385555267
0.20208053290843964
0.19539885222911835
0.17925769090652466
0.1749313622713089
0.1721651405096054
0.16796450316905975
0.16718687117099762
0.2051011323928833
0.1745554655790329
0.16875889897346497
0.16351079940795898
0.15819281339645386
0.1554810255765915
0.15505515038967133
0.15359584987163544
0.1554519236087799
0.15489459037780762
0.15053942799568176
0.14287608861923218
0.1401289403438568
0.13711193203926086
0.13412359356880188
0.1319429576396942
0.12923741340637207
0.1260681003332138
0.1259760558605194
0.12430776655673981
0.1207096204161644
0.12052294611930847
0.12059582024812698
0.11699271202087402
0.11232996731996536
0.1111828088760376
0.10709567368030548
0.10607744008302689
0.13054023683071136
0.12132197618484497
0.11624695360660553
0.10723040252923965
0.1053156852722168
0.10123354196548462
0.0997982919216156
0.09573422372341156
0.09622404724359512
0.10807959735393524
0.09595489501953125
0.0902840793132782
0.08642569929361343
0.08322867006063461
0.08130662888288498
0.07908622175455093
0.07821451127529144
0.07738324999809265
0.07609635591506958
0.08805477619171143
0.08047527074813843
0.07609597593545914
0.11027367413043976
0.08992079645395279
0.07730288803577423
0.09307324886322021
0.0920519009232521
0.07765554636716843
0.07048846781253815
0.06542300432920456
0.06311669945716858
0.060247041285037994
0.05853000655770302
0.05649283155798912
0.055474307388067245
0.05423232167959213
0.05313170328736305
0.050966180860996246
0.050890665501356125
0.052812766283750534
0.05023615062236786
0.04932054504752159
0.04861953854560852
0.047988347709178925
0.04775546118617058
0.04668967425823212
0.04596595838665962
0.045562200248241425
0.04721269756555557
0.04911555349826813
0.048573050647974014
0.0465819351375103
0.0445915088057518
0.04325678572058678
0.04336486756801605
0.043201759457588196
0.041749078780412674
0.04393617808818817
0.044885169714689255
0.04167984426021576
0.04132409393787384
0.040212150663137436
0.03846846520900726
0.037751369178295135
0.03722552955150604
0.03730950504541397
0.03616999834775925
0.03671365603804588
0.03579581901431084
0.03489440679550171
0.03428828716278076
0.03493937849998474
0.03714452683925629
0.03773678466677666
0.03504565358161926
0.03423118591308594
0.03290433809161186
0.0354175865650177
0.03403555229306221
0.03263349458575249
0.031215528026223183
0.032985102385282516
0.032947733998298645
0.0312001034617424
0.030424561351537704
0.029240163043141365
0.02863691747188568
0.02857753075659275
0.037037529051303864
0.03296394646167755
0.028933389112353325
0.02812928333878517
0.027250345796346664
0.026426101103425026
0.025981198996305466
0.02543698623776436
0.02499861642718315
0.024583730846643448
0.02912009134888649
0.029830602928996086
0.025851737707853317
0.025350896641612053
0.0247330479323864
0.023841701447963715
0.023234693333506584
0.02264365181326866
0.029826922342181206
0.023774195462465286
0.023322036489844322
0.021932262927293777
0.021717198193073273
0.025319958105683327
0.024600736796855927
0.021761978045105934
0.020389579236507416
0.019964752718806267
0.028799956664443016
0.028501572087407112
0.02231578715145588
0.019771629944443703
0.0194143895059824
0.020682213827967644
0.020261874422430992
0.018504353240132332
0.017919687554240227
0.017274612560868263
0.017042120918631554
0.020267542451620102
0.018365154042840004
0.01726006343960762
0.016211776062846184
0.01854122243821621
0.01814310811460018
0.01667863130569458
0.01604129932820797
0.015285699628293514
0.015161054208874702
0.014736955054104328
0.014617455191910267
0.014330648817121983
0.014198114164173603
0.014103158377110958
0.014957415871322155
0.01543682161718607
0.014516176655888557
0.01407670695334673
0.013735967688262463
0.013584098778665066
0.013486921787261963
0.013449344784021378
0.013351687230169773
0.013159260153770447
0.014068039134144783
0.014688312076032162
0.013230855576694012
0.013272705487906933
0.012891257181763649
0.012667376548051834
0.012580853886902332
0.012472638860344887
0.012338095344603062
0.012214036658406258
0.012248506769537926
0.012074270285665989
0.012000737711787224
0.011884944513440132
0.01180532481521368
0.01272637490183115
0.012389389798045158
0.011824053712189198
0.01176645141094923
0.011489661410450935
0.011443991214036942
0.011325457133352757
0.011280077509582043
0.011161471717059612
0.011059116572141647
0.01100798137485981
0.010961409658193588
0.011459642089903355
0.011890441179275513
0.011262514628469944
0.01091986894607544
0.01077176071703434
0.010572043247520924
0.010444143787026405
0.010415783151984215
0.01031098049134016
0.010216722264885902
0.01011708751320839
0.010075269266963005
0.010006699711084366
0.009904932230710983
0.009837391786277294
0.009768105112016201
0.009746543131768703
0.010008377023041248
0.01023491844534874
0.009852657094597816
0.00968247652053833
0.009539304301142693
0.009693446569144726
0.009564646519720554
0.00928538292646408
0.009337363764643669
0.009356185793876648
0.00907154381275177
0.008957472629845142
0.008880341425538063
0.008832784369587898
0.008724207058548927
0.008695059455931187
0.008596490137279034
0.008527823723852634
0.008476007729768753
0.008409175090491772
0.008847896941006184
0.008650812320411205
0.00843220204114914
0.00835965946316719
0.00822035688906908
0.008300283923745155
0.008203540928661823
0.008941635489463806
0.009237122721970081
0.008317328989505768
0.00812769215553999
0.007871543057262897
0.0077931503765285015
0.00764264864847064
0.007625682279467583
0.0076115853153169155
0.007462101988494396
0.008183472789824009
0.007737547624856234
0.007599314209073782
0.007360923103988171
0.007256550248712301
0.007195338141173124
0.007155702915042639
0.00712204072624445
0.007076337933540344
0.007028826978057623
0.00711233913898468
0.007160558365285397
0.007031984627246857
0.0069663128815591335
0.007087979931384325
0.007197867147624493
0.007211935706436634
0.0072305165231227875
0.007080661132931709
0.006932276301085949
0.00686798058450222
0.006807383615523577
0.006777459755539894
0.006705245468765497
0.006734033115208149
0.006734302267432213
0.006683185696601868
0.0066087073646485806
0.0065431310795247555
0.006512999068945646
0.0064955479465425014
0.006440359633415937
0.006410643458366394
0.006394537165760994
0.006405675318092108
0.006366315297782421
0.00632883096113801
0.0063014221377670765
0.006270081736147404
0.006257073488086462
0.006211202125996351
0.006181202828884125
0.006161588244140148
0.006144719664007425
0.006111959461122751
0.00608401233330369
0.006061627063900232
0.006038032006472349
0.006002191454172134
0.005982126574963331
0.005951656494289637
0.005928592756390572
0.005915453191846609
0.005883856676518917
0.005857701413333416
0.005836800206452608
0.005814987700432539
0.005799919832497835
0.005782128777354956
0.005756841041147709
0.005721093155443668
0.005701737944036722
0.005740613676607609
0.005791459232568741
0.005733779165893793
0.005646952427923679
0.005729007534682751
0.005645875819027424
0.005596131552010775
0.005585839040577412
0.00554503733292222
0.0055094435811042786
0.005461497697979212
0.005497396923601627
0.005550934001803398
0.005562223959714174
0.005589794367551804
0.005466537084430456
0.005378462839871645
0.0053255800157785416
0.005301993805915117
0.005259630270302296
0.00523180840536952
0.005212024319916964
0.00521174818277359
0.005216626916080713
0.005179950501769781
0.005141505505889654
0.005120967049151659
0.005244027357548475
0.005400294903665781
0.005283914506435394
0.005172900855541229
0.005108184181153774
0.005061937961727381
0.005010014399886131
0.00498192897066474
0.00494155241176486
0.004969025030732155
0.00491642439737916
0.004881695378571749
0.004853082820773125
0.00482407258823514
0.004897086415439844
0.004826636053621769
0.0047942413948476315
0.004776364658027887
0.004755551926791668
0.0047408463433384895
0.004726973827928305
0.0047067925333976746
0.0047117117792367935
0.00469264667481184
0.004679397214204073
0.004666280932724476
0.004645419307053089
0.004663430154323578
0.00466151861473918
0.004641588311642408
0.004634082317352295
0.004614445846527815
0.004598655737936497
0.004587292671203613
0.00457391794770956
0.004563101567327976
0.004551460035145283
0.004539215471595526
0.004535422194749117
0.004516607616096735
0.0045053125359117985
0.004503446165472269
0.0044840299524366856
0.0044703674502670765
0.004459885880351067
0.004450974985957146
0.00444053066894412
0.004436049610376358
0.004420663230121136
0.0044723511673510075
0.004422515630722046
0.0044005014933645725
0.004384097643196583
0.004374001175165176
0.004362245090305805
0.004337685648351908
0.004333865828812122
0.004324057605117559
0.004307292867451906
0.004297114443033934
0.004291921388357878
0.004305343609303236
0.004364933352917433
0.004325282294303179
0.004270655568689108
0.0042559439316391945
0.004255820997059345
0.004235554952174425
0.0042440216057002544
0.004246442578732967
0.004231367725878954
0.004220398608595133
0.004195753950625658
0.004173969849944115
0.004157769028097391
0.004146869760006666
0.004161672201007605
0.004135333001613617
0.00411146180704236
0.0040988740511238575
0.004108159337192774
0.004140155855566263
0.004089270252734423
0.004069230984896421
0.004044245928525925
0.004035355988889933
0.00402999809011817
0.004012793768197298
0.0040051802061498165
0.004001353867352009
0.003988260868936777
0.003971082624047995
0.003959761932492256
0.003942519426345825
0.003957317676395178
0.003943237941712141
0.003931323532015085
0.0039036073721945286
0.003884178353473544
0.0038718616124242544
0.0038636524695903063
0.003844245569780469
0.003836048301309347
0.0038250661455094814
0.003812838112935424
0.0038004377856850624
0.003791480790823698
0.003765824483707547
0.003786290530115366
0.003770355600863695
0.0037528967950493097
0.0037503784988075495
0.0038707011844962835
0.003860380034893751
0.0038007379043847322
0.003760670544579625
0.0037361502181738615
0.003723172703757882
0.0037073458079248667
0.0036975687835365534
0.0036883221473544836
0.003679514629766345
0.0036700391210615635
0.003662983188405633
0.003657127730548382
0.003651459002867341
0.0036469248589128256
0.003636434907093644
0.0036348223220556974
0.0036513612139970064
0.0036449444014579058
0.0036373583134263754
0.0036279819905757904
0.0036159830633550882
0.0036146927159279585
0.0036022751592099667
0.00359284202568233
0.003584535326808691
0.003600063733756542
0.003610817715525627
0.0036051443312317133
0.0035884918179363012
0.003571348497644067
0.0035599006805568933
0.0035503061953932047
0.003541948739439249
0.0035407831892371178
0.0035533581394702196
0.0035488386638462543
0.0035336241126060486
0.0035217732656747103
0.003512980882078409
0.0035052718594670296
0.0034953139256685972
0.003493413794785738
0.0034983421210199594
0.0035040501970797777
0.0034885676577687263
0.003478050697594881
0.003465988440439105
0.0035358110908418894
0.0035084581468254328
0.0034872516989707947
0.003478702623397112
0.003456842852756381
0.003440720960497856
0.0034301504492759705
0.0034227853175252676
0.0034315823577344418
0.003425194416195154
0.0034153773449361324
0.0034049588721245527
0.003394498722627759
0.0033870749175548553
0.0033860458061099052
0.003385157324373722
0.003371881553903222
0.0033664696384221315
0.0033600598108023405
0.003354536835104227
0.0033464787993580103
0.00334422430023551
0.0033382668625563383
0.0033484697341918945
0.003363310359418392
0.0033477325923740864
0.0033433029893785715
0.0033237759489566088
0.0033170871902257204
0.0033084561582654715
0.0033021934796124697
0.0032967054285109043
0.003289920976385474
0.003281060140579939
0.0032756184227764606
0.0032676139380782843
0.003292481414973736
0.0032945789862424135
0.0032738959416747093
