0.8537613153457642
0.6540430784225464
0.5310460329055786
0.4571842551231384
0.41415348649024963
0.393305242061615
0.380725622177124
0.369186669588089
0.3605603277683258
0.3543201982975006
0.3488381505012512
0.3441438376903534
0.3378306031227112
0.3329102098941803
0.32756179571151733
0.32290518283843994
0.3231252133846283
0.3236009180545807
0.31762608885765076
0.31321796774864197
0.30883699655532837
0.30391180515289307
0.30242919921875
0.29961061477661133
0.30060312151908875
0.299265056848526
0.29399120807647705
0.29096719622612
0.28772804141044617
0.2858337461948395
0.28442510962486267
0.282279908657074
0.2817227244377136
0.28052884340286255
0.27797284722328186
0.2760544419288635
0.27389588952064514
0.2716686427593231
0.27079537510871887
0.27033787965774536
0.2702844440937042
0.2728121876716614
0.2726939916610718
0.26657283306121826
0.2639275789260864
0.2621448040008545
0.2607365548610687
0.258790522813797
0.2572367787361145
0.2557958960533142
0.25614410638809204
0.25482478737831116
0.2537226378917694
0.25236740708351135
0.25082632899284363
0.24954518675804138
0.24870359897613525
0.24817006289958954
0.24703413248062134
0.2465907782316208
0.2443990707397461
0.24472853541374207
0.24354234337806702
0.24227562546730042
0.24096477031707764
0.23954984545707703
0.2385355681180954
0.2399289309978485
0.23919229209423065
0.24199128150939941
0.2378988265991211
0.2353111058473587
0.23402102291584015
0.2325844168663025
0.23158033192157745
0.2302899956703186
0.22989866137504578
0.22856588661670685
0.22717611491680145
0.2295818328857422
0.2275378555059433
0.2327347993850708
0.23186010122299194
0.2266140580177307
0.2235719859600067
0.2230280637741089
0.22291740775108337
0.22072944045066833
0.22080598771572113
0.21880967915058136
0.2183615118265152
0.2185247540473938
0.21812331676483154
0.21592703461647034
0.2140195369720459
0.21341900527477264
0.21667461097240448
0.21709580719470978
0.2137710005044937
0.2121129184961319
0.2139981985092163
0.21105149388313293
0.20894232392311096
0.20760633051395416
0.2074170708656311
0.2054314762353897
0.20487244427204132
0.2043084353208542
0.2041628360748291
0.20324167609214783
0.20268522202968597
0.20215722918510437
0.20112234354019165
0.19955772161483765
0.1982467919588089
0.19739441573619843
0.19652843475341797
0.19538722932338715
0.1964629739522934
0.19582399725914001
0.1943756341934204
0.19542157649993896
0.19714370369911194
0.19345717132091522
0.19152113795280457
0.19103221595287323
0.19021356105804443
0.19230228662490845
0.19220079481601715
0.1898917555809021
0.1885899305343628
0.1873723268508911
0.18768124282360077
0.1884685605764389
0.18769244849681854
0.1869703084230423
0.18557564914226532
0.18555860221385956
0.1860097497701645
0.18568244576454163
0.1846623420715332
0.18376006186008453
0.18316999077796936
0.1833481788635254
0.18255431950092316
0.18201151490211487
0.18174941837787628
0.18151144683361053
0.1808774620294571
0.18046633899211884
0.18023499846458435
0.1796625703573227
0.17927008867263794
0.17878508567810059
0.1784212291240692
0.17844901978969574
0.17789262533187866
0.17780175805091858
0.17750798165798187
0.17746923863887787
0.18072783946990967
0.17857109010219574
0.1754228174686432
0.17630019783973694
0.1765110045671463
0.17539042234420776
0.17423702776432037
0.1739686280488968
0.1731037050485611
0.17278434336185455
0.17200447618961334
0.17309965193271637
0.17315618693828583
0.17165566980838776
0.17088903486728668
0.17041128873825073
0.1698131114244461
0.16954565048217773
0.16893433034420013
0.16838091611862183
0.16882383823394775
0.16918250918388367
0.16846226155757904
0.16791044175624847
0.1677667200565338
0.17018108069896698
0.16808579862117767
0.16618701815605164
0.16826950013637543
0.1718132346868515
0.16768254339694977
0.16589656472206116
0.16471314430236816
0.1641649752855301
0.1638088822364807
0.16289670765399933
0.16270802915096283
0.16241727769374847
0.16369178891181946
0.1648925244808197
0.1645270437002182
0.16388647258281708
0.16267025470733643
0.1627454310655594
0.1616198718547821
0.1605200618505478
0.15974630415439606
0.15951861441135406
0.15912595391273499
0.15924261510372162
0.1583406925201416
0.1581486612558365
0.1572900414466858
0.15708911418914795
0.15726639330387115
0.15579643845558167
0.15600378811359406
0.15545232594013214
0.15485049784183502
0.1551864892244339
0.15423235297203064
0.1531553417444229
0.15291909873485565
0.15271855890750885
0.15245939791202545
0.15177221596240997
0.15143436193466187
0.15102079510688782
0.15084561705589294
0.15051014721393585
0.1503303498029709
0.15023969113826752
0.15017686784267426
0.14985424280166626
0.1496639847755432
0.14945298433303833
0.1492161601781845
0.1490117609500885
0.14982658624649048
0.15016262233257294
0.14959698915481567
0.14876101911067963
0.1483563929796219
0.14814923703670502
0.14777852594852448
0.14779993891716003
0.14746683835983276
0.147210031747818
0.14705000817775726
0.14768587052822113
0.14910352230072021
0.14847475290298462
0.1474640667438507
0.14671960473060608
0.14633344113826752
0.14593498408794403
0.14556512236595154
0.14550654590129852
0.1451605260372162
0.14501309394836426
0.14472596347332
0.14461930096149445
0.144290953874588
0.14401301741600037
0.14398913085460663
0.14392879605293274
0.14365293085575104
0.14335565268993378
0.143070250749588
0.14318715035915375
0.14289823174476624
0.14294883608818054
0.14277733862400055
0.1424385905265808
0.14219704270362854
0.1420392096042633
0.14169777929782867
0.14161799848079681
0.14136971533298492
0.1419515460729599
0.14205873012542725
0.14142188429832458
0.1407788097858429
0.1407734751701355
0.14035262167453766
0.14036478102207184
0.14005686342716217
0.13977602124214172
0.1395779848098755
0.13921748101711273
0.14029552042484283
0.14013920724391937
0.14048616588115692
0.1398785561323166
0.13944019377231598
0.1389276683330536
0.13849154114723206
0.1381012201309204
0.13768626749515533
0.13772326707839966
0.1373496949672699
0.13730397820472717
0.1365336775779724
0.13758964836597443
0.13726207613945007
0.13700588047504425
0.13638989627361298
0.13636665046215057
0.13620926439762115
0.13573512434959412
0.13607560098171234
0.13611800968647003
0.1360483318567276
0.13620389997959137
0.13646677136421204
0.13571059703826904
0.13670222461223602
0.13848701119422913
0.13927751779556274
0.1369745433330536
0.13556474447250366
0.1350502371788025
0.13472890853881836
0.13412605226039886
0.133883997797966
0.1335943639278412
0.13327078521251678
0.13308267295360565
0.13277007639408112
0.13269954919815063
0.1328175961971283
0.13266392052173615
0.1324997991323471
0.13231155276298523
0.13226379454135895
0.132453054189682
0.1324441283941269
0.1321433037519455
0.13200503587722778
0.13178275525569916
0.1315486878156662
0.13169915974140167
0.1315668225288391
0.1314043253660202
0.13132691383361816
0.13113990426063538
0.13106843829154968
0.13091444969177246
0.13085289299488068
0.13073095679283142
0.130654439330101
0.13063877820968628
0.13114884495735168
0.13140417635440826
0.13122181594371796
0.13084077835083008
0.13022346794605255
0.13000966608524323
0.13017603754997253
0.1300140619277954
0.12985877692699432
0.1298951804637909
0.12982244789600372
0.12965770065784454
0.12943552434444427
0.12952309846878052
0.1294478327035904
0.12932424247264862
0.12915164232254028
0.12919378280639648
0.12914332747459412
0.1291234791278839
0.12895581126213074
0.1288866251707077
0.12884554266929626
0.12886478006839752
0.12866975367069244
0.12850268185138702
0.12814925611019135
0.12865111231803894
0.12868355214595795
0.12857313454151154
0.12836040556430817
0.12822595238685608
0.12810207903385162
0.12789689004421234
0.1278010606765747
0.1277056485414505
0.12754561007022858
0.12743979692459106
0.1273287981748581
0.12722879648208618
0.1272660791873932
0.1272491216659546
0.12718917429447174
0.1272846907377243
0.12721854448318481
0.12709693610668182
0.12688563764095306
0.12675556540489197
0.12661801278591156
0.126641184091568
0.12680374085903168
0.12683598697185516
0.12629994750022888
0.1261376440525055
0.12606027722358704
0.1259079873561859
0.12582188844680786
0.125745952129364
0.12564250826835632
0.12557031214237213
0.12546919286251068
0.12532764673233032
0.1254349648952484
0.12529411911964417
0.12570762634277344
0.12523600459098816
0.125242680311203
0.1250997930765152
0.1250970959663391
0.12489272654056549
0.12486863881349564
0.12476309388875961
0.12491164356470108
0.12609967589378357
0.12698251008987427
0.12676693499088287
0.1263326108455658
0.12590229511260986
0.12546582520008087
0.125257670879364
0.1249619722366333
0.12478633224964142
0.12464068084955215
0.12461286038160324
0.12457369267940521
0.12445031851530075
0.12432122975587845
0.12406957149505615
0.12402902543544769
0.12394105643033981
0.12393958866596222
0.12412355840206146
0.1240493580698967
0.12393351644277573
0.12387839704751968
0.12382033467292786
0.12379077821969986
0.12367305904626846
0.12364819645881653
0.12358283251523972
0.12349092215299606
0.12341464310884476
0.1232781782746315
0.12335435301065445
0.12329047173261642
0.1232430636882782
0.12314310669898987
0.12323661148548126
0.12323121726512909
0.12315616011619568
0.1230630874633789
0.1229495257139206
0.12287191301584244
0.12278769165277481
0.12285818159580231
0.12274748831987381
0.12264978140592575
0.12267665565013885
0.12251699715852737
0.12272202968597412
0.12261888384819031
0.12272360920906067
0.12263927608728409
0.1225261390209198
0.12241297215223312
0.12232127785682678
0.12232160568237305
0.12227288633584976
0.12221906334161758
0.12222425639629364
0.12216819822788239
0.12213093042373657
0.12207420915365219
0.12206050008535385
0.12213028967380524
0.12202919274568558
0.12198130041360855
0.12195271998643875
0.12188918143510818
0.12182191759347916
0.12179610878229141
0.12176286429166794
0.12171351164579391
0.12163767963647842
0.12179120630025864
0.12181730568408966
0.1218453049659729
0.12190254777669907
0.12193121016025543
0.12180837243795395
0.12169131636619568
0.12152726948261261
0.12140466272830963
0.12134915590286255
0.12131601572036743
0.12128226459026337
0.12124519795179367
0.1212211474776268
0.1211467981338501
0.12116055190563202
0.12111661583185196
0.12107030302286148
0.12100893259048462
0.12095168232917786
0.12091002613306046
0.12084220349788666
0.12079835683107376
0.120770663022995
0.12071989476680756
0.12066598981618881
0.12062330543994904
0.1206006333231926
0.12055274099111557
0.12050684541463852
0.12047640979290009
0.12043885886669159
0.1204034835100174
0.12040047347545624
0.12038235366344452
0.120360367000103
0.12034614384174347
0.12032138556241989
0.12030746787786484
0.12032513320446014
0.12030819803476334
0.12027101218700409
0.12020616233348846
0.12018852680921555
0.12015192210674286
0.12014051526784897
0.12011583149433136
0.1201053038239479
0.12009534239768982
0.12009230256080627
0.1200757846236229
0.12000370025634766
0.11997392773628235
0.11996381729841232
0.11994859576225281
0.11992321163415909
0.11989938467741013
0.11999000608921051
0.11993959546089172
0.11993648111820221
0.11989309638738632
0.11987628787755966
0.11984488368034363
0.11980642378330231
0.11975642293691635
0.11974374204874039
0.1197115108370781
0.1196945309638977
0.11969411373138428
0.11968321353197098
0.11966335773468018
0.11961835622787476
0.11958140879869461
0.11961055546998978
0.11959605664014816
0.11955949664115906
0.11950863152742386
0.11949905008077621
0.11953048408031464
0.11949237436056137
0.11947888880968094
0.11946377158164978
0.11945568770170212
0.11942565441131592
0.11941903829574585
0.11938988417387009
0.1193644106388092
0.11933333426713943
0.11932218819856644
0.11927007883787155
0.11924607306718826
0.11922948062419891
0.11923093348741531
0.11924494057893753
0.11921501904726028
0.11919745057821274
0.11916279047727585
0.11921268701553345
0.11920461803674698
0.11916667222976685
0.11913145333528519
0.11912283301353455
0.11912422627210617
0.11908400058746338
0.11905474215745926
