0.6840958595275879
0.5887973308563232
0.5426182746887207
0.5028724670410156
0.47073379158973694
0.45331257581710815
0.4317416846752167
0.41851121187210083
0.40412527322769165
0.39529338479042053
0.38849514722824097
0.38034284114837646
0.3723295331001282
0.3650701642036438
0.35780832171440125
0.3564995527267456
0.3482985496520996
0.34056901931762695
0.3349155783653259
0.33059483766555786
0.3355635702610016
0.3223150074481964
0.31254395842552185
0.30723074078559875
0.30159977078437805
0.2969108521938324
0.30015966296195984
0.2889974117279053
0.2840423882007599
0.2748177647590637
0.27076879143714905
0.2662743926048279
0.26541274785995483
0.26014649868011475
0.25725531578063965
0.271954208612442
0.2705341577529907
0.2647513747215271
0.25068286061286926
0.24370929598808289
0.2376929074525833
0.2332262396812439
0.22876682877540588
0.22379805147647858
0.22487100958824158
0.22095417976379395
0.2169044017791748
0.21462972462177277
0.2115994095802307
0.2225203514099121
0.21745403110980988
0.2087070792913437
0.20384424924850464
0.19814127683639526
0.2082798033952713
0.21245378255844116
0.20041680335998535
0.19200007617473602
0.18804553151130676
0.18393340706825256
0.17964224517345428
0.17648260295391083
0.17334924638271332
0.1743248701095581
0.16944019496440887
0.16521407663822174
0.16556276381015778
0.1624571532011032
0.1640213131904602
0.15888594090938568
0.15463389456272125
0.15094251930713654
0.1499490588903427
0.14614075422286987
0.1418003886938095
0.14072607457637787
0.18008992075920105
0.14846065640449524
0.14551305770874023
0.1342598795890808
0.13004496693611145
0.1392451524734497
0.14495326578617096
0.13259512186050415
0.1266053467988968
0.1205170676112175
0.11637584865093231
0.11368514597415924
0.11047665029764175
0.10789100080728531
0.10521984100341797
0.10200487077236176
0.10029308497905731
0.09783605486154556
0.09449916332960129
0.09192392975091934
0.09930051863193512
0.100727878510952
0.08923831582069397
0.08495108038187027
0.11503419280052185
0.11540617793798447
0.1016317680478096
0.12243301421403885
0.10829717665910721
0.08101042360067368
0.07406868785619736
0.07103293389081955
0.06827328354120255
0.06556954979896545
0.06311693787574768
0.061249081045389175
0.05873487517237663
0.06636946648359299
0.06315488368272781
0.05783495306968689
0.05426185950636864
0.05237511545419693
0.051158275455236435
0.04934396967291832
0.04900771751999855
0.0480743944644928
0.04472222179174423
0.04259563609957695
0.04385746642947197
0.04280277341604233
0.04263541102409363
0.04443465918302536
0.03979653865098953
0.03790416195988655
0.03435511142015457
0.03302847594022751
0.03153296932578087
0.03132413700222969
0.03201454132795334
0.030007073655724525
0.028163036331534386
0.02750777266919613
0.025725683197379112
0.025628210976719856
0.02472466230392456
0.023466728627681732
0.02259032055735588
0.022195274010300636
0.020954441279172897
0.020395157858729362
0.020018449053168297
0.019271278753876686
0.01896369643509388
0.018904736265540123
0.017947597429156303
0.016730697825551033
0.016521677374839783
0.016298264265060425
0.01593002863228321
0.016062116250395775
0.015361797995865345
0.015277295373380184
0.015472260303795338
0.014881553128361702
0.016448745504021645
0.015104361809790134
0.015380831435322762
0.01437609363347292
0.013324754312634468
0.013157611712813377
0.012967731803655624
0.01271752454340458
0.012390783056616783
0.012219507247209549
0.012014532461762428
0.012494297698140144
0.012303515337407589
0.013447822071611881
0.013971869833767414
0.011895984411239624
0.010961787775158882
0.010561442002654076
0.010604871436953545
0.010130569338798523
0.009999833069741726
0.009809230454266071
0.009600238874554634
0.00921375397592783
0.009207868948578835
0.010379097424447536
0.00985211506485939
0.009275923483073711
0.008935331366956234
0.008548639714717865
0.008628122508525848
0.008578639477491379
0.008110502734780312
0.007929912768304348
0.00777022261172533
0.007500679697841406
0.007692068815231323
0.007563352584838867
0.007187800016254187
0.007227040361613035
0.006834228988736868
0.007052857428789139
0.006802559830248356
0.006708514876663685
0.006528765894472599
0.006264230702072382
0.006333895027637482
0.006395465694367886
0.007191900163888931
0.007533613592386246
0.006416624411940575
0.006019243039190769
0.006146128289401531
0.006053967867046595
0.005804954096674919
0.005560721270740032
0.005409140605479479
0.005219371058046818
0.0051491656340658665
0.005068539176136255
0.004912721924483776
0.005117939319461584
0.004792474675923586
0.004694798495620489
0.004709186032414436
0.004786382429301739
0.004517109598964453
0.004532627761363983
0.0044183507561683655
0.00442684069275856
0.004848218057304621
0.0044007753022015095
0.004137394018471241
0.004023302346467972
0.003967770375311375
0.003938201814889908
0.012642903253436089
0.009100864641368389
0.006089163012802601
0.005093240179121494
0.0038921223022043705
0.0037551738787442446
0.003663233947008848
0.0034922005143016577
0.003460145788267255
0.0037397334817796946
0.003308795625343919
0.003305744146928191
0.0032236918341368437
0.0031326329335570335
0.003091438440605998
0.0030250560957938433
0.0030091130174696445
0.002996202325448394
0.002970022615045309
0.002921096049249172
0.0029285582713782787
0.002881178166717291
0.0028533712029457092
0.0028452822007238865
0.0028244955465197563
0.00278776534833014
0.002761778188869357
0.002739257412031293
0.0027324261609464884
0.002705957042053342
0.002679887693375349
0.002688331762328744
0.002682674443349242
0.0026334160938858986
0.0026353560388088226
0.002606887137517333
0.0036751842126250267
0.0033327676355838776
0.0027660313062369823
0.0026529086753726006
0.0025486492086201906
0.002546814037486911
0.0024921754375100136
0.0024847581516951323
0.0024399813264608383
0.0024378816597163677
0.0024032157380133867
0.002400079509243369
0.0023895029444247484
0.0024366602301597595
0.003423765767365694
0.0037233068142086267
0.002415433758869767
0.002478501293808222
0.0023300328757613897
0.002762936055660248
0.0023557180538773537
0.0023450807202607393
0.002259292872622609
0.0022181288804858923
0.002175805624574423
0.0021461774595081806
0.002137727802619338
0.002109707100316882
0.0021079471334815025
0.0021112989634275436
0.0021153923589736223
0.0020589965861290693
0.0020525327417999506
0.002583722583949566
0.0024669405538588762
0.002055583754554391
0.0020153385121375322
0.002033284632489085
0.0019554393365979195
0.0019385062623769045
0.0019363511819392443
0.0019207478035241365
0.0019127274863421917
0.0018937549320980906
0.0018838178366422653
0.0018712871242314577
0.0018483387539163232
0.0018677676562219858
0.0018205379601567984
0.001799052581191063
0.0018121390603482723
0.0017853531753644347
0.0017696964787319303
0.001771295559592545
0.0017598966369405389
0.0017504460411146283
0.0017406073166057467
0.0017356713069602847
0.0017165360040962696
0.0016815150156617165
0.0017365207895636559
0.0016891438281163573
0.0016719124978408217
0.0016587270656600595
0.0016488120891153812
0.0016330668004229665
0.0016268016770482063
0.0016382046742364764
0.0016065757954493165
0.0015697020571678877
0.0015571470139548182
0.001533418195322156
0.001536898547783494
0.00152880628593266
0.0014993270160630345
0.0014852487947791815
0.0014738653553649783
0.0014631975209340453
0.0014537317911162972
0.001445112400688231
0.0014520559925585985
0.0016933107981458306
0.002359319245442748
0.001917567802593112
0.0015188651159405708
0.0014963470166549087
0.0014511888148263097
0.0014447459252551198
0.0014213371323421597
0.0014102248242124915
0.0014176536351442337
0.0013949823332950473
0.0013971927110105753
0.0013833950506523252
0.0013759380672127008
0.0025920039042830467
0.0030898635741323233
0.0018019729759544134
0.0015044683823361993
0.0014543106080964208
0.0014037392102181911
0.0013831910910084844
0.0013625870924443007
0.001351198530755937
0.001350670587271452
0.0013338500866666436
0.0013221963308751583
0.0013155140914022923
0.0013012198032811284
0.0012926055351272225
0.001284089870750904
0.001263048266991973
0.001350355800241232
0.0013021847698837519
0.0012725441483780742
0.0012592190178111196
0.001249418593943119
0.0012497220886871219
0.001233293442055583
0.0012199117336422205
0.001210487331263721
0.0012040708679705858
0.0011942003620788455
0.001187086571007967
0.0011900748359039426
0.0011769342236220837
0.0011761060450226068
0.0011653599794954062
0.0011783411027863622
0.0012081265449523926
0.0012109691742807627
0.0011844760738313198
0.0011787820840254426
0.0011561166029423475
0.0011484407586976886
0.0011495606740936637
0.0011409824946895242
0.0011286655208095908
0.001117797801271081
0.001118674874305725
0.0011054596398025751
0.0011056822258979082
0.0010983498068526387
0.001092930673621595
0.0010899596381932497
0.0010848428355529904
0.0010823763441294432
0.0010728302877396345
0.0010673587676137686
0.0010622383560985327
0.0010557584464550018
0.0010681767016649246
0.0011024861596524715
0.0010838948655873537
0.0010603420669212937
0.0010501493234187365
0.001046875142492354
0.0010417747544124722
0.0010305678006261587
0.001024085097014904
0.001026422018185258
0.0010191131150349975
0.0010074716992676258
0.0010002203052863479
0.0009953782428056002
0.0009891890222206712
0.0009918577270582318
0.0009855753742158413
0.0009812085190787911
0.0009686521370895207
0.0009755543433129787
0.0009615711169317365
0.0009590447880327702
0.0009552761330269277
0.0009511157986707985
0.0009454269893467426
0.0009410802740603685
0.0009382655844092369
0.0009313425398431718
0.0009276759228669107
0.0009305501007474959
0.0009243558743037283
0.0009215469472110271
0.0009186738752759993
0.0009173664730042219
0.000915568380150944
0.0009129081736318767
0.0009111487888731062
0.0009083847398869693
0.0009075285051949322
0.0009057078277692199
0.0009096834692172706
0.0009039728902280331
0.0008995398529805243
0.0009005074389278889
0.0008969575283117592
0.0008938657119870186
0.0008910830365493894
0.0008885175338946283
0.0008872234029695392
0.0008841649978421628
0.0008864145493134856
0.0008806509431451559
0.0008793451706878841
0.000899698119610548
0.0008971357601694763
0.0008819260983727872
0.0008746321545913815
0.0008773892768658698
0.0008679535239934921
0.0008660116582177579
0.0008625633199699223
0.0008588701603002846
0.000866372196469456
0.0008584771421737969
0.0008551595383323729
0.0008533011423423886
0.0008495324873365462
0.0008499687537550926
0.000847040384542197
0.0008474171627312899
0.0008404136751778424
0.0008385828696191311
0.0008365980465896428
0.0008351944852620363
0.0008322232752107084
0.0008302035857923329
0.0008288013050332665
0.0008265508804470301
0.0008262965129688382
0.0008388769929297268
0.0008317003957927227
0.0008218970615416765
0.00081698561552912
0.0008177829440683126
0.0008131237700581551
0.0008116078679449856
0.000810259603895247
0.0008070188341662288
0.0008042718400247395
0.0008021619287319481
0.0007971049635671079
0.0008097417303360999
0.0008067954913713038
0.0008025823626667261
0.0008017152431420982
0.0007948683924041688
0.0007917130715213716
0.0007873926660977304
0.0007845555082894862
0.0007825004286132753
0.0007799032609909773
0.0007783450419083238
0.0008073333883658051
0.000802392780315131
0.0007879537297412753
0.0007799830636940897
0.0008120348211377859
0.0007932576118037105
0.0007713116938248277
0.0007625187863595784
0.0007584771956317127
0.0007564593106508255
0.000753212021663785
0.0007518533384427428
0.000756105815526098
0.0007458767504431307
0.0007447534590028226
0.00074072799179703
0.0007377710426226258
0.000737411028239876
0.0007355287671089172
0.0007482867804355919
0.0007604295387864113
0.0007547129644080997
0.0007451109704561532
0.0007426623487845063
0.000735431385692209
0.0007303624879568815
0.0007279464043676853
0.0007252584327943623
0.0007234764634631574
0.0007223630091175437
0.0007194328354671597
0.0007188357412815094
0.0007178745581768453
0.0007141759269870818
0.0007128625293262303
0.0007124660769477487
0.0007115033222362399
0.000710196269210428
0.0007089771097525954
0.0007056564791128039
0.0007058301125653088
0.0007055313908495009
0.0007047768449410796
0.0007009416585788131
0.0006989680114202201
0.0006978239398449659
0.000697344308719039
0.0006965259672142565
0.000693688984028995
0.0006930565577931702
0.0006918252329342067
0.0006903193425387144
0.0006889220094308257
0.0006877179257571697
0.0006867217016406357
0.000686614599544555
0.0006856832769699395
0.000683329242747277
0.0006819874397478998
0.000679923570714891
0.0006830234779044986
0.0006799656548537314
0.0006770053296349943
0.0006757103255949914
0.0006751072942279279
0.000675100483931601
0.0006724326522089541
0.0006730303284712136
0.0006701612728647888
0.0006707904976792634
0.0006717029609717429
0.0006669237627647817
0.0006652125157415867
0.0006663284730166197
0.0006641856743954122
0.000661696307361126
