0.555269718170166
0.42240315675735474
0.38278666138648987
0.37228628993034363
0.3483874797821045
0.3161938786506653
0.3023844063282013
0.29038771986961365
0.28199905157089233
0.29617971181869507
0.282818078994751
0.30181631445884705
0.26262056827545166
0.24795711040496826
0.24044036865234375
0.22613665461540222
0.21792733669281006
0.20847149193286896
0.20057374238967896
0.18950766324996948
0.17909495532512665
0.25284817814826965
0.22841064631938934
0.1918533444404602
0.17479245364665985
0.1568070501089096
0.15741364657878876
0.1545630693435669
0.15362581610679626
0.15943211317062378
0.13274633884429932
0.13298530876636505
0.13791798055171967
0.12103407084941864
0.1270897537469864
0.12393587827682495
0.12340588122606277
0.17049053311347961
0.16493573784828186
0.13054877519607544
0.11459923535585403
0.09035346657037735
0.08532983064651489
0.0755840465426445
0.06926394253969193
0.0651126429438591
0.05945670232176781
0.13296464085578918
0.12374486029148102
0.09262634813785553
0.06754489988088608
0.05289216339588165
0.04795844852924347
0.03982405364513397
0.03669503703713417
0.03313455730676651
0.02772320620715618
0.03127298876643181
0.02680940367281437
0.0206036027520895
0.017506033182144165
0.01812049187719822
0.014013255946338177
0.012767896987497807
0.012098150327801704
0.010754760354757309
0.010356105864048004
0.009031458757817745
0.00849335826933384
0.00774359330534935
0.007300190627574921
0.006961237173527479
0.0062947459518909454
0.006221098825335503
0.006034424062818289
0.005168331786990166
0.004821986425668001
0.004485055338591337
0.004403599072247744
0.004100732039660215
0.003736449172720313
0.0038719894364476204
0.003483191132545471
0.0032092807814478874
0.0030378703959286213
0.0027601695619523525
0.002635503886267543
0.0025370437651872635
0.002437800634652376
0.0023358925245702267
0.00316693470813334
0.002662727842107415
0.0022278267424553633
0.001968834549188614
0.0018055354012176394
0.0018645762465894222
0.001946594682522118
0.001765167573466897
0.0016118125058710575
0.0015843083383515477
0.001758890924975276
0.0015681941295042634
0.00130611308850348
0.0012534121051430702
0.0011862602550536394
0.0012114106211811304
0.0011811215663328767
0.0010723501909524202
0.0010449070250615478
0.0009981163311749697
0.0009562671184539795
0.0009874143870547414
0.0009460505098104477
0.0008984100422821939
0.00085544737521559
0.0009554798016324639
0.000990786007605493
0.0008741894853301346
0.0008290595724247396
0.0014002119423821568
0.0009190163691528141
0.0008554725209251046
0.0007958011119626462
0.0007766788476146758
0.000733868801034987
0.0007228585309349
0.0007117935456335545
0.000782999093644321
0.0007681940332986414
0.0008867881842888892
0.0007228297763504088
0.0006917906575836241
0.0006589973345398903
0.0006356334779411554
0.0006227334379218519
0.0006131944246590137
0.0006007120246067643
0.0005898356321267784
0.0005807529087178409
0.0005763486842624843
0.0005988313932903111
0.0005749629344791174
0.0005609667859971523
0.0005496236844919622
0.0005342262447811663
0.0005252406117506325
0.0005316029419191182
0.0005532844224944711
0.0005512780044227839
0.0005439258529804647
0.0005134069942869246
0.0005015024216845632
0.0004872663121204823
0.0004854898143094033
0.0004926447290927172
0.0004998981603421271
0.00047794810961931944
0.0004608344752341509
0.000451227038865909
0.0004376567085273564
0.0004263435839675367
0.00042077869875356555
0.0004201179544907063
0.0004121675156056881
0.00040725499275140464
0.0003986271331086755
0.0003929379163309932
0.0003934551787097007
0.0003867020714096725
0.0003785438893828541
0.00037425378104671836
0.00037018914008513093
0.0003647478006314486
0.00036079189158044755
0.00035697544808499515
0.00035213615046814084
0.00034880725434049964
0.0003582082281354815
0.00033965150942094624
0.00035086210118606687
0.0003467793285381049
0.0003303124976810068
0.00032662926241755486
0.00032658810960128903
0.0003215453471057117
0.000316465157084167
0.0003183163935318589
0.0003285557613708079
0.00033159187296405435
0.00030767646967433393
0.0003010435320902616
0.0002960562123917043
0.00029130105394870043
0.00028586486587300897
0.0002842918911483139
0.0002799447102006525
0.00027657076134346426
0.0002727768733166158
0.0002699539181776345
0.00026682985480874777
0.0002642644685693085
0.00026069028535857797
0.00025965418899431825
0.0002592422242742032
0.00025481352349743247
0.0002504934964235872
0.00024879068951122463
0.0002471354673616588
0.00024665507953613997
0.0002546324394643307
0.00024499857681803405
0.0002402099926257506
0.00023311952827498317
0.0002302708016941324
0.00022848349181003869
0.00022703308786731213
0.0002254032006021589
0.00022394873667508364
0.0002223559858975932
0.00022112832812126726
0.0002202689356636256
0.00022070520208217204
0.00021943195315543562
0.00021663331426680088
0.00021495447435881943
0.00021404905419331044
0.00021308878785930574
0.0002118220436386764
0.00021022406872361898
0.00020915811182931066
0.0002090454363496974
0.00020725616195704788
0.00020636558474507183
0.0002053895586868748
0.00020370850688777864
0.0002023580454988405
0.0002009152085520327
0.00019958967459388077
0.0001982659159693867
0.00019760025315918028
0.00019597909704316407
0.00019489489204715937
0.0001935863256221637
0.0001946530828718096
0.00019263139984104782
0.00019198429072275758
0.00019005528884008527
0.00018877617549151182
0.00018790524336509407
0.0001882117794593796
0.00018742046086117625
0.00018508752691559494
0.00018352942424826324
0.000182103700353764
0.00018818285025190562
0.00019627010624390095
0.00021153147099539638
0.00019883860659319907
0.00018683279631659389
0.00018171087140217423
0.00017850792210083455
0.00017572284559719265
0.000173855441971682
0.0001720698201097548
0.0001707202463876456
0.00017115735681727529
0.00016983604291453958
0.00016971743025351316
0.00016784151375759393
0.00016617342771496624
0.0001647531462367624
0.00016381910245399922
0.00016346725169569254
0.00016214650531765074
0.00016086531104519963
0.00015946177882142365
0.00015827445895411074
0.00015811652701813728
0.00015695879119448364
0.00015540301683358848
0.0001544354308862239
0.00015335735224653035
0.00015275515033863485
0.000151606640429236
0.0001504842657595873
0.000149299725308083
0.00014859529619570822
0.00014963364810682833
0.00015327855362556875
0.0001506353437434882
0.00014870254381094128
0.00014683976769447327
0.00014542770804837346
0.00014429439033847302
0.00014284961798693985
0.00014187998021952808
0.0001408569369232282
0.00014093751087784767
0.0001405265647917986
0.00013924441009294242
0.00013850111281499267
0.00013690754713024944
0.0001355268177576363
0.00013547307753469795
0.0001339357258984819
0.00013366164057515562
0.00013209087774157524
0.00013180880341678858
0.00013051855785306543
0.00012977833102922887
0.00012891271035186946
0.00012826798774767667
0.000127665902255103
0.00012720571248792112
0.000126858867588453
0.00012628341210074723
0.00012562950723804533
0.00012486250489018857
0.00012428536138031632
0.00012389941548462957
0.00012303172843530774
0.00012309278827160597
0.00012289226287975907
0.000121855475299526
0.0001216106247738935
0.00012113882985431701
0.00012062046880600974
0.00012006606993963942
0.00011971430649282411
0.0001192710769828409
0.00011921682016691193
0.00011928819731110707
0.0001182748019346036
0.00011772075231419876
0.00011729017569450662
0.00011682814511004835
0.00011635547707555816
0.00011616593837970868
0.00011564684245968238
0.00011519247345859185
0.00011520319822011515
0.00011497271771077067
0.00011444197298260406
0.00011386049300199375
0.00011361766519257799
0.00011328529217280447
0.00011253925913479179
0.00011206289491383359
0.00011166602780576795
0.0001112564787035808
0.00011075499060098082
0.00011053636262658983
0.00011005681153619662
0.00011036529031116515
0.00011011854803655297
0.00010940264473902062
0.0001089414581656456
0.000108358493889682
0.00010808875231305137
0.0001076053231372498
0.00010710496280808002
0.00010669095354387537
0.00010633359488565475
0.00010596645006444305
0.00010565044067334384
0.00010529066639719531
0.00010489252599654719
0.00010461877536727116
0.00010415497672511265
0.00010415667929919437
0.00010359103907831013
0.00010311032383469865
0.00010288906923960894
0.00010240863775834441
0.00010209007450612262
0.00010192759509664029
0.00010163046681554988
0.0001013839864754118
0.00010146801650989801
0.000101002115115989
0.00010014613508246839
9.975993452826515e-05
9.948046499630436e-05
9.983198833651841e-05
9.936154674505815e-05
9.847857290878892e-05
9.846875036600977e-05
9.789949399419129e-05
9.757881343830377e-05
9.700015652924776e-05
9.655955363996327e-05
9.615814633434638e-05
9.563096682541072e-05
9.516163845546544e-05
9.484581096330658e-05
9.495279664406553e-05
9.438109555048868e-05
9.384765144204721e-05
9.334758942713961e-05
9.314714407082647e-05
9.266068082069978e-05
9.227780537912622e-05
9.202858927892521e-05
9.18679143069312e-05
9.137261076830328e-05
9.171832061838359e-05
9.10470262169838e-05
9.04260014067404e-05
9.055762347998098e-05
8.90746305231005e-05
8.969487680587918e-05
8.897312363842502e-05
8.874222112353891e-05
8.824844553600997e-05
8.788624836597592e-05
8.77975471667014e-05
8.764489029999822e-05
8.742814679862931e-05
8.720436744624749e-05
8.68790375534445e-05
8.667730435263366e-05
8.65796537254937e-05
8.643395995022729e-05
8.617740240879357e-05
8.593062375439331e-05
8.564595191273838e-05
8.586173498770222e-05
8.58268394949846e-05
8.55306934681721e-05
8.51732402225025e-05
8.491840708302334e-05
8.467617590213194e-05
8.452829206362367e-05
8.426654676441103e-05
8.433646144112572e-05
8.413778414251283e-05
8.371179137611762e-05
8.357936894753948e-05
8.329790580319241e-05
8.310787961818278e-05
8.290606638183817e-05
8.267458179034293e-05
8.245989738497883e-05
8.227580838138238e-05
8.212549437303096e-05
8.196539420168847e-05
8.17098916741088e-05
8.158555283444002e-05
8.142188016790897e-05
8.112571958918124e-05
8.082251588348299e-05
8.100939157884568e-05
8.093856740742922e-05
8.061691914917901e-05
8.029966556932777e-05
8.027620788197964e-05
7.99776753410697e-05
7.987255958141759e-05
7.955925684655085e-05
7.934830500744283e-05
7.913928129710257e-05
7.895849557826295e-05
7.870266563259065e-05
7.892149733379483e-05
7.88499164627865e-05
7.863066275604069e-05
7.822195766493678e-05
7.822419138392434e-05
7.803770859027281e-05
7.776234997436404e-05
7.748341158730909e-05
7.726858166279271e-05
7.707469194428995e-05
7.681814167881384e-05
7.665390148758888e-05
7.658779213670641e-05
7.64551805332303e-05
7.612885383423418e-05
7.595851639052853e-05
7.572511094622314e-05
7.544304389739409e-05
7.52088162698783e-05
7.509136048611253e-05
7.472415745723993e-05
7.452624413417652e-05
7.438764441758394e-05
7.419654866680503e-05
7.424026262015104e-05
7.399130117846653e-05
7.400191680062562e-05
7.355584966717288e-05
7.338610157603398e-05
7.297744741663337e-05
7.279814599314705e-05
7.283574086613953e-05
7.271631329786032e-05
7.367926446022466e-05
7.466899114660919e-05
7.341506716329604e-05
7.223284774227068e-05
7.188568270066753e-05
7.151612226152793e-05
7.125272531993687e-05
7.093932799762115e-05
7.061518408590928e-05
7.037381146801636e-05
7.009402179392055e-05
6.987388769630343e-05
6.961103645153344e-05
6.957320147193968e-05
6.935515557415783e-05
6.914349069120362e-05
6.889038195367903e-05
6.86141720507294e-05
6.852421938674524e-05
6.837734690634534e-05
6.827661127317697e-05
6.81907549733296e-05
6.808584294049069e-05
6.832424696767703e-05
6.836497050244361e-05
6.916454731253907e-05
6.942845357116312e-05
6.90230808686465e-05
6.809017941122875e-05
6.795131776016206e-05
6.782613490941003e-05
6.76244089845568e-05
6.746426515746862e-05
6.728447624482214e-05
6.721729732817039e-05
6.705264968331903e-05
6.692974420730025e-05
6.676673365291208e-05
6.660009239567444e-05
6.646457768511027e-05
6.634378951275721e-05
6.622351065743715e-05
6.606969691347331e-05
6.594986189156771e-05
6.58473654766567e-05
6.569681863766164e-05
6.553916318807751e-05
6.540228059748188e-05
6.530240352731198e-05
6.516879511764273e-05
6.5050640841946e-05
6.492856482509524e-05
6.487582868430763e-05
6.473695248132572e-05
6.467333878390491e-05
6.452920933952555e-05
6.451131048379466e-05
6.43243474769406e-05
6.41986116534099e-05
6.403964653145522e-05
6.398856203304604e-05
6.368129834299907e-05
6.41258739051409e-05
6.415272218873724e-05
6.397473771357909e-05
6.37723205727525e-05
6.365748413372785e-05
6.360675615724176e-05
6.350699550239369e-05
6.331346230581403e-05
6.31309230811894e-05
6.29529167781584e-05
6.274419138208032e-05
6.262053648242727e-05
6.248448335099965e-05
6.241736264200881e-05
6.22398656560108e-05
6.208148988662288e-05
6.191794818732888e-05
6.180180935189128e-05
6.169790140120313e-05
6.154509901534766e-05
6.153762660687789e-05
6.146489613456652e-05
6.140506593510509e-05
6.128553650341928e-05
6.113807467045262e-05
6.0972994106123224e-05
6.085952918510884e-05
6.066574860597029e-05
6.067732465453446e-05
6.057121208868921e-05
6.0549573390744627e-05
6.034108446328901e-05
6.0108533944003284e-05
6.001333531457931e-05
5.981780850561336e-05
5.970575148239732e-05
5.9556859923759475e-05
5.943977885181084e-05
5.92846299696248e-05
5.9225247241556644e-05
5.907941886107437e-05
5.8958015870302916e-05
5.87943140999414e-05
5.8673685998655856e-05
