0.7445474863052368
0.6375632882118225
0.5926023125648499
0.5548998117446899
0.5145359635353088
0.4747185707092285
0.4329893887042999
0.40678295493125916
0.3858386278152466
0.3701653778553009
0.35641637444496155
0.3452187776565552
0.33444303274154663
0.32508984208106995
0.314104825258255
0.3319108188152313
0.3164457380771637
0.30233997106552124
0.2931222915649414
0.28862059116363525
0.2842583656311035
0.275637686252594
0.2696625888347626
0.26924681663513184
0.27177882194519043
0.261966347694397
0.2625204920768738
0.2537473738193512
0.24761618673801422
0.2420533150434494
0.2389696091413498
0.23474720120429993
0.22932030260562897
0.22731401026248932
0.22842364013195038
0.24819853901863098
0.2641410529613495
0.23822453618049622
0.2249348908662796
0.2168467938899994
0.211399108171463
0.2050900161266327
0.20153892040252686
0.19740937650203705
0.1946125626564026
0.19285587966442108
0.18968842923641205
0.18969272077083588
0.18643195927143097
0.18342751264572144
0.17748874425888062
0.17479932308197021
0.17485037446022034
0.1697583943605423
0.21331855654716492
0.21463879942893982
0.18210798501968384
0.174821138381958
0.16874462366104126
0.16811931133270264
0.17429837584495544
0.16431310772895813
0.15676560997962952
0.15388676524162292
0.14986231923103333
0.14699508249759674
0.14371535181999207
0.14070364832878113
0.13949967920780182
0.13909214735031128
0.13589878380298615
0.13175570964813232
0.13018901646137238
0.1285821944475174
0.12526383996009827
0.12288294732570648
0.12033538520336151
0.11748071759939194
0.11577967554330826
0.11329104006290436
0.11155667155981064
0.11525111645460129
0.11350767314434052
0.11057347804307938
0.10900938510894775
0.10158617049455643
0.10073530673980713
0.09873609989881516
0.095378577709198
0.09277095645666122
0.09106267243623734
0.08838406205177307
0.08810831606388092
0.08589667081832886
0.08188784122467041
0.0794571042060852
0.09273144602775574
0.0955355241894722
0.08233919739723206
0.07594913244247437
0.12324358522891998
0.10737953335046768
0.09255198389291763
0.07957138121128082
0.07359509915113449
0.07027753442525864
0.06715873628854752
0.06484980881214142
0.06318173557519913
0.06105004623532295
0.06028859317302704
0.05854664370417595
0.056428197771310806
0.05627446249127388
0.055479858070611954
0.052638765424489975
0.051380664110183716
0.04980836436152458
0.05274663493037224
0.052979592233896255
0.049550291150808334
0.048264190554618835
0.04554940015077591
0.04323140159249306
0.045940957963466644
0.044416457414627075
0.04345676302909851
0.06601221114397049
0.05558255314826965
0.046704377979040146
0.04170221462845802
0.038722600787878036
0.03456669673323631
0.034299030900001526
0.0314917117357254
0.03012693114578724
0.029339846223592758
0.03650990128517151
0.03188483417034149
0.027993857860565186
0.026701727882027626
0.02603094093501568
0.025379765778779984
0.0248563252389431
0.024169374257326126
0.02403153106570244
0.02328115701675415
0.022953681647777557
0.023238856345415115
0.02284516766667366
0.022252477705478668
0.021682584658265114
0.021392449736595154
0.02091420628130436
0.020429939031600952
0.020294783636927605
0.01991155929863453
0.019809113815426826
0.01912706531584263
0.01896228827536106
0.022117750719189644
0.022062048316001892
0.020267704501748085
0.01885225623846054
0.018284259364008904
0.01777055487036705
0.01725073531270027
0.0171388890594244
0.016700923442840576
0.01632528007030487
0.0158305112272501
0.015724802389740944
0.015754777938127518
0.014834895730018616
0.01478888001292944
0.014325177296996117
0.013931810855865479
0.013757700100541115
0.013685056939721107
0.018594536930322647
0.016327744349837303
0.016062093898653984
0.015090427361428738
0.013494751416146755
0.012640263885259628
0.01204069796949625
0.011652499437332153
0.011460071429610252
0.011277075856924057
0.01098674163222313
0.01086476817727089
0.010557313449680805
0.011873005889356136
0.010424495674669743
0.0103593859821558
0.009901471436023712
0.009915520437061787
0.009540658444166183
0.009237819351255894
0.009208684787154198
0.008844654075801373
0.00966294202953577
0.009408925659954548
0.008651605807244778
0.008598409593105316
0.0083394143730402
0.008227767422795296
0.00821154098957777
0.007987761870026588
0.007932690903544426
0.007884744554758072
0.007650259416550398
0.007518165744841099
0.007339527830481529
0.007601860444992781
0.007588228210806847
0.00785879511386156
0.007254081312566996
0.007047222461551428
0.007551351562142372
0.006688900291919708
0.00741444481536746
0.006927174050360918
0.006587028503417969
0.006496138405054808
0.0062649971805512905
0.00607038801535964
0.006086091976612806
0.01413919497281313
0.012794089503586292
0.008226189762353897
0.007114896085113287
0.0062187607400119305
0.006100824568420649
0.005910452920943499
0.005812443792819977
0.005788364913314581
0.005469606723636389
0.005386261735111475
0.005298654083162546
0.005338155664503574
0.005415859632194042
0.005346560850739479
0.005206615198403597
0.005150070879608393
0.005088052246719599
0.005040455609560013
0.00497685419395566
0.004955333191901445
0.004889899864792824
0.00489540072157979
0.004831747617572546
0.0048380144871771336
0.004798270296305418
0.004785486031323671
0.00470897788181901
0.004684519954025745
0.004644539672881365
0.00461058784276247
0.004580846522003412
0.004555108956992626
0.004507269244641066
0.004473032895475626
0.004445304162800312
0.004435520153492689
0.004404998850077391
0.004362666979432106
0.0043631745502352715
0.004306095186620951
0.004333772696554661
0.004297188483178616
0.004249384626746178
0.004216624423861504
0.004194590263068676
0.00418207747861743
0.004141428507864475
0.004105660133063793
0.004099120385944843
0.004044060595333576
0.004069866146892309
0.003984449431300163
0.003965875133872032
0.004042881075292826
0.004082142375409603
0.003974888473749161
0.003991005010902882
0.008388086222112179
0.00648829061537981
0.004644291941076517
0.004225709475576878
0.003817438380792737
0.0038491974119096994
0.0037240488454699516
0.003730278229340911
0.0037005089689046144
0.0036566213238984346
0.0036278637126088142
0.003604475874453783
0.0035912084858864546
0.00355922756716609
0.0035296508576720953
0.003534529358148575
0.0035353025887161493
0.0034904310014098883
0.0034694282803684473
0.0034542831126600504
0.0034481598995625973
0.003412168240174651
0.0034001560416072607
0.003373582847416401
0.0033454170916229486
0.003319373121485114
0.0033063695300370455
0.003271708497777581
0.0032333224080502987
0.003224068321287632
0.0032035585027188063
0.003188076429069042
0.003161136992275715
0.0032689578365534544
0.0033001683186739683
0.003223186358809471
0.0031329274643212557
0.003101249225437641
0.003064846619963646
0.003052282612770796
0.003042556345462799
0.003008128609508276
0.0030018207617104053
0.00299806147813797
0.0029496336355805397
0.003006325801834464
0.003080156398937106
0.0029715958517044783
0.002956137526780367
0.0029109905008226633
0.0028896064031869173
0.0028627971187233925
0.002821782836690545
0.0027851108461618423
0.0027772807516157627
0.0027568419463932514
0.002752505009993911
0.0027329465374350548
0.0027225911617279053
0.0027053195517510176
0.0027054136153310537
0.002690193708986044
0.002677628770470619
0.0026628957130014896
0.00266280653886497
0.00264613120816648
0.0026415365282446146
0.002641423139721155
0.0026326386723667383
0.0026316663715988398
0.0026176520623266697
0.0026069695595651865
0.0025862902402877808
0.0025936507154256105
0.00256928289309144
0.0025758056435734034
0.002569478703662753
0.0025519677437841892
0.002538327593356371
0.0025246641598641872
0.002511837752535939
0.003203300293534994
0.004567829892039299
0.0033565685153007507
0.0026373087894171476
0.002596307313069701
0.0025555994361639023
0.002522258320823312
0.0024940487928688526
0.002473593922331929
0.002466360805556178
0.002449695486575365
0.002430489519611001
0.002416456351056695
0.0024055088870227337
0.002394217299297452
0.002380095887929201
0.002372924005612731
0.0023742779158055782
0.0023641730658710003
0.0023423838429152966
0.0023298843298107386
0.0023250840604305267
0.002313419012352824
0.002308997791260481
0.0022923399228602648
0.0023002445232123137
0.002290230942890048
0.0022851249668747187
0.002268298529088497
0.0022631632164120674
0.002244348870590329
0.0022360647562891245
0.0022222057450562716
0.0022184057161211967
0.0022154839243739843
0.0022013650741428137
0.0021978882141411304
0.002186560072004795
0.002175290137529373
0.002164671663194895
0.00215105595998466
0.0021464668679982424
0.002136202994734049
0.0021257775370031595
0.002142078708857298
0.002123084384948015
0.002108232816681266
0.002100420417264104
0.0020856421906501055
0.0021105576306581497
0.0021171721164137125
0.0020605435129255056
0.002046430017799139
0.0020362611394375563
0.0020210070069879293
0.0020193387754261494
0.002005745656788349
0.002009435323998332
0.001990431686863303
0.00198980956338346
0.001969619421288371
0.001959962770342827
0.0019532321020960808
0.0019463291391730309
0.0019359696889296174
0.0019321073777973652
0.0019198806257918477
0.0018994821002706885
0.001895658322609961
0.0018850951455533504
0.001877733157016337
0.0018770775059238076
0.0018612757558003068
0.0018550694221630692
0.0018473336240276694
0.001847769832238555
0.0018418612889945507
0.0018369461176916957
0.0018318945076316595
0.0018310709856450558
0.001825776998884976
0.0018218577606603503
0.0018157970625907183
0.0018159403698518872
0.0018039074493572116
0.001827529864385724
0.0018172292038798332
0.0018108290387317538
0.0018093133112415671
0.0018004566663876176
0.0017944466089829803
0.0017868037102743983
0.0017833345336839557
0.0017742752097547054
0.001768168294802308
0.001762650441378355
0.0017645854968577623
0.0017533121863380075
0.0017478594090789557
0.0017482186667621136
0.0017422796227037907
0.0017312028212472796
0.001752295414917171
0.0017445740522816777
0.0017424856778234243
0.0017217780696228147
0.0017127743922173977
0.0017044513951987028
0.0017033861950039864
0.0017082840204238892
0.0017024368280544877
0.0016929353587329388
0.001685891766101122
0.0016821669414639473
0.0016750141512602568
0.0016731498762965202
0.001664771232753992
0.00167000200599432
0.001693613245151937
0.0016836206195876002
0.0016688104951754212
0.0016612738836556673
0.0016476165037602186
0.0016396272694692016
0.0016365621704608202
0.0016330225626006722
0.0016289709601551294
0.0016225225990638137
0.0016182365361601114
0.0016142504755407572
0.0016104188980534673
0.0016057909233495593
0.0016004892531782389
0.0015964074991643429
0.0015934864059090614
0.0015978447627276182
0.0015952227404341102
0.0015858070692047477
0.001577004324644804
0.0015797630185261369
0.0015682852827012539
0.0015697922790423036
0.0015722208190709352
0.0015755948843434453
0.0015650169225409627
0.0015531100798398256
0.001545619685202837
0.00155106489546597
0.0015413386281579733
0.0015341974794864655
0.0015370530309155583
0.0015247175469994545
0.0015241685323417187
0.0015162244671955705
0.0015117296716198325
0.0015079703880473971
0.0015041638398543
0.001500431913882494
0.0014981786953285336
0.0014907961012795568
0.0014867661520838737
0.0014835832407698035
0.0014795089373365045
0.0014754192670807242
0.001471756026148796
0.0014664040645584464
0.001462347456254065
0.0014651053352281451
0.0014696421567350626
0.0014646349009126425
0.0014590078499168158
0.001470576855354011
0.0014672543620690703
0.0014592352090403438
0.0014459455851465464
0.0014391652075573802
0.0014315410517156124
0.0014331347774714231
0.0014308083336800337
0.0014236501883715391
0.0014214084949344397
0.0014173358213156462
0.0014136286918073893
0.0014121219282969832
0.0014089714968577027
0.0014049146557226777
0.0014024890260770917
0.0013996348716318607
0.0013990203151479363
0.001396607025526464
0.0013938879128545523
0.001388689735904336
0.0013882709899917245
0.0013853469863533974
0.0013843021588400006
0.0013821219326928258
0.001380029134452343
0.0013758555287495255
0.001380952075123787
0.00137664086651057
0.0013747403863817453
0.0013708118349313736
0.0013670559274032712
0.0013643363490700722
0.0013618363300338387
0.0013602650724351406
0.0013579865917563438
0.001358408248052001
0.0013564405962824821
0.0013570329174399376
0.001357411383651197
0.0013527184491977096
0.0013481344794854522
0.0013462681090459228
0.0013423978816717863
0.0013395348796620965
0.0013379816664382815
0.0013349209912121296
0.0013343174941837788
0.0013307235203683376
0.0013262180145829916
0.0013249877374619246
0.0013219707179814577
0.0013214261271059513
0.0013173515908420086
0.0013194943312555552
0.0013133633183315396
0.0013127916026860476
0.0013133378233760595
0.0013078604824841022
0.0013043149374425411
0.0013098632916808128
0.0013048570835962892
0.0013018816243857145
0.001298542134463787
