0.752871036529541
0.528946578502655
0.4508248567581177
0.41078391671180725
0.38854676485061646
0.3768879175186157
0.3632165491580963
0.346963107585907
0.3365342915058136
0.32669124007225037
0.31956279277801514
0.31892237067222595
0.31015467643737793
0.3018750548362732
0.2968711853027344
0.30068764090538025
0.2997875213623047
0.2889496386051178
0.2844792902469635
0.2801513671875
0.28239181637763977
0.2729603052139282
0.2685133218765259
0.26557978987693787
0.26361581683158875
0.2611701488494873
0.2587684988975525
0.2530295252799988
0.24987992644309998
0.24595601856708527
0.24276354908943176
0.24019023776054382
0.23853342235088348
0.23788024485111237
0.23426495492458344
0.2385001927614212
0.24052388966083527
0.2353234887123108
0.226980522274971
0.22442375123500824
0.22134482860565186
0.2167120724916458
0.21398210525512695
0.21000060439109802
0.2105325311422348
0.20764654874801636
0.20595291256904602
0.20307570695877075
0.20227473974227905
0.1970057338476181
0.19806057214736938
0.1935659646987915
0.1908106803894043
0.18845753371715546
0.19767171144485474
0.196963369846344
0.1858178675174713
0.18195992708206177
0.17969810962677002
0.1755719780921936
0.1736125349998474
0.1711709052324295
0.1695013791322708
0.16875450313091278
0.16517959535121918
0.16366246342658997
0.16466476023197174
0.16320855915546417
0.1611684411764145
0.1590806394815445
0.1611378788948059
0.1551273912191391
0.15298587083816528
0.15031246840953827
0.14865562319755554
0.14403589069843292
0.1438552886247635
0.14142602682113647
0.13903935253620148
0.13724301755428314
0.1359158158302307
0.13478918373584747
0.1406930387020111
0.1370265781879425
0.13061825931072235
0.12651538848876953
0.12400596588850021
0.12193364650011063
0.11822198331356049
0.11725844442844391
0.11463404446840286
0.11243302375078201
0.1116909459233284
0.10916571319103241
0.10664518922567368
0.1051042377948761
0.11436472833156586
0.11438209563493729
0.10589611530303955
0.10162321478128433
0.1180056631565094
0.11615105718374252
0.10361816734075546
0.10535810142755508
0.10004083812236786
0.09398596733808517
0.09037472307682037
0.08884954452514648
0.08606801182031631
0.0865880697965622
0.08312514424324036
0.08193886280059814
0.0819951519370079
0.10121618211269379
0.08887124806642532
0.0793178528547287
0.08147783577442169
0.092622771859169
0.08442648500204086
0.07885494828224182
0.07593131065368652
0.07206975668668747
0.06919507682323456
0.06757169216871262
0.06666296720504761
0.0661868304014206
0.0672500804066658
0.07280196249485016
0.06590837240219116
0.06267810612916946
0.06362014263868332
0.06138079613447189
0.060699984431266785
0.05977892130613327
0.06038317456841469
0.05889588221907616
0.058258846402168274
0.057349152863025665
0.05618027225136757
0.05568188056349754
0.05622100085020065
0.054807450622320175
0.054812319576740265
0.05409805104136467
0.05296054109930992
0.0526481568813324
0.051714859902858734
0.05117272585630417
0.0508335679769516
0.0513102263212204
0.05040685832500458
0.049583327025175095
0.04905999079346657
0.04845418781042099
0.04796816408634186
0.04801325127482414
0.04737161472439766
0.046831164509058
0.04661622270941734
0.04667143523693085
0.05497276037931442
0.053432904183864594
0.05012857913970947
0.0467396154999733
0.04622012749314308
0.04496679827570915
0.043935395777225494
0.04313875734806061
0.042507946491241455
0.041840504854917526
0.04183163121342659
0.04140874370932579
0.041076164692640305
0.040279511362314224
0.0402444526553154
0.039401471614837646
0.03940877690911293
0.039119184017181396
0.041638411581516266
0.05233225226402283
0.05810172110795975
0.0464327335357666
0.04300093278288841
0.04286910220980644
0.040700964629650116
0.03858058527112007
0.03774316981434822
0.036725323647260666
0.036493606865406036
0.03612010180950165
0.03589346632361412
0.03537249192595482
0.035905830562114716
0.03502708300948143
0.034209106117486954
0.03335238993167877
0.03429519385099411
0.033203497529029846
0.03291703015565872
0.032774150371551514
0.0323413722217083
0.03303880989551544
0.033593714237213135
0.032046470791101456
0.03111902065575123
0.03034413419663906
0.030061965808272362
0.029739653691649437
0.029627565294504166
0.029570668935775757
0.030111068859696388
0.029378525912761688
0.02910802699625492
0.028499487787485123
0.029133416712284088
0.029082687571644783
0.02777281403541565
0.02738715521991253
0.027013393118977547
0.03146548196673393
0.029793165624141693
0.030477462336421013
0.027270901948213577
0.02606363594532013
0.025760605931282043
0.02539929375052452
0.024728426709771156
0.02426580712199211
0.026293370872735977
0.028583507984876633
0.02578682452440262
0.024677617475390434
0.024062415584921837
0.023591605946421623
0.023533295840024948
0.02329619787633419
0.023488210514187813
0.023318864405155182
0.02288208343088627
0.02299335226416588
0.02293768711388111
0.022544709965586662
0.022526156157255173
0.02214878797531128
0.022108448669314384
0.022388868033885956
0.02217654138803482
0.021757453680038452
0.021600713953375816
0.02151765674352646
0.02149197645485401
0.021279925480484962
0.021227862685918808
0.021049220114946365
0.020862646400928497
0.020826395601034164
0.02073638141155243
0.02054668962955475
0.020377714186906815
0.020335787907242775
0.020471585914492607
0.020227739587426186
0.01996268332004547
0.019744785502552986
0.01965930685400963
0.019565880298614502
0.019428124651312828
0.0193825364112854
0.019617795944213867
0.019800996407866478
0.019183820113539696
0.018974490463733673
0.01917470432817936
0.018888913094997406
0.01879923976957798
0.018549956381320953
0.018470657989382744
0.01849677413702011
0.018358051776885986
0.018299363553524017
0.01796073652803898
0.018321897834539413
0.01797162927687168
0.017813442274928093
0.017718039453029633
0.01756315864622593
0.01838536746799946
0.018529687076807022
0.017523078247904778
0.017556583508849144
0.017143109813332558
0.01760498620569706
0.0190326776355505
0.02155078761279583
0.01748259924352169
0.017564987763762474
0.017059940844774246
0.016811560839414597
0.016607236117124557
0.016514843329787254
0.016316263005137444
0.016230260953307152
0.01609680987894535
0.015955496579408646
0.01581999845802784
0.016264162957668304
0.016511738300323486
0.016016509383916855
0.015762891620397568
0.015577922575175762
0.01541787851601839
0.015294072218239307
0.01520424522459507
0.015541687607765198
0.015841832384467125
0.015282782725989819
0.015051434747874737
0.014752800576388836
0.01464175432920456
0.014612492173910141
0.014559454284608364
0.01434972696006298
0.014224991202354431
0.014204691164195538
0.014078278094530106
0.014018942601978779
0.014001920819282532
0.013746942393481731
0.013708790764212608
0.013701051473617554
0.013606304302811623
0.014399675652384758
0.01659824140369892
0.015618237666785717
0.014545291662216187
0.01442855503410101
0.014195342548191547
0.014020762406289577
0.013787633739411831
0.013654219917953014
0.013535656966269016
0.01348983496427536
0.01354318205267191
0.013341805897653103
0.01341919880360365
0.01413937471807003
0.013747407123446465
0.01337385643273592
0.013214237987995148
0.013071201741695404
0.012987486086785793
0.012898525223135948
0.012891203165054321
0.012878309935331345
0.012886137701570988
0.012835050001740456
0.012767521664500237
0.012741937302052975
0.012554538436233997
0.012886062264442444
0.01262932363897562
0.012968752533197403
0.013055379502475262
0.012727162800729275
0.012500911951065063
0.012434052303433418
0.012357836589217186
0.014232860878109932
0.01524507999420166
0.013689939863979816
0.01272484939545393
0.012867700308561325
0.012839509174227715
0.012541837990283966
0.012335882522165775
0.012236502021551132
0.01213635504245758
0.012057723477482796
0.011927234008908272
0.011878441087901592
0.011805313639342785
0.01174200139939785
0.011668318882584572
0.0115418815985322
0.011576374061405659
0.011523409746587276
0.011525321751832962
0.01143577042967081
0.01138620637357235
0.011344746686518192
0.011296470649540424
0.011263472959399223
0.011202920228242874
0.0115100909024477
0.011639079079031944
0.011372970417141914
0.011275872588157654
0.011201109737157822
0.011154328472912312
0.011266450397670269
0.011231747455894947
0.011118586175143719
0.010997790843248367
0.010994260199368
0.010950285010039806
0.010856477543711662
0.010877257212996483
0.011215406470000744
0.010911892168223858
0.010748528875410557
0.011142479255795479
0.01164232101291418
0.01112343743443489
0.01081304345279932
0.010666434653103352
0.01058467198163271
0.010519014671444893
0.010490532964468002
0.01043176744133234
0.011328249238431454
0.011534219607710838
0.010993675328791142
0.01057863887399435
0.010295281186699867
0.010191106237471104
0.010151364840567112
0.010081463493406773
0.010016892105340958
0.009985088370740414
0.00996524840593338
0.00999943446367979
0.009960951283574104
0.00994410365819931
0.009898675605654716
0.00987732782959938
0.009843464940786362
0.009820555336773396
0.009807441383600235
0.009785761125385761
0.009765543974936008
0.009737398475408554
0.009718134067952633
0.009700492955744267
0.009675557725131512
0.009647868573665619
0.009651409462094307
0.009643849916756153
0.009607143700122833
0.009591149166226387
0.009557552635669708
0.009573281742632389
0.009500696323812008
0.009528272785246372
0.009507212787866592
0.009587151929736137
0.009532411582767963
0.009481345303356647
0.009434415958821774
0.009422363713383675
0.009391212835907936
0.009367687627673149
0.009335432201623917
0.009331810288131237
0.009339015930891037
0.009320774115622044
0.009286556392908096
0.009251320734620094
0.00922667607665062
0.009196038357913494
0.009208783507347107
0.009204267524182796
0.009181865490972996
0.009151481091976166
0.009120330214500427
0.00921617541462183
0.00917462632060051
0.009154215455055237
0.009179332293570042
0.009106762707233429
0.00905398279428482
0.009030251763761044
0.008987515233457088
0.008962553925812244
0.008930371142923832
0.008930586278438568
0.008918843232095242
0.008898686617612839
0.00888398103415966
0.00886892806738615
0.008823997341096401
0.008820801042020321
0.008784732781350613
0.008773105219006538
0.008752088062465191
0.008724533021450043
0.008711135014891624
0.008706456981599331
0.00869204755872488
0.008667193353176117
0.008638940751552582
0.008618941530585289
0.008602578192949295
0.00860622338950634
0.008589360862970352
0.008546650409698486
0.00854815635830164
0.008544768206775188
0.008532632142305374
0.008563928306102753
0.008660789579153061
0.008668079972267151
0.0085509167984128
0.008482439443469048
0.008371067233383656
0.00842921994626522
0.008429870009422302
0.00841345265507698
0.008377007208764553
0.008414415642619133
0.00834107119590044
0.008318629115819931
0.008288390003144741
0.008265926502645016
0.008229246363043785
0.008215355686843395
0.008225366473197937
0.008196104317903519
0.008168415166437626
0.008160131983458996
0.008155525662004948
0.008148371241986752
0.008127697743475437
0.008108802139759064
0.008095555007457733
0.008084846660494804
0.008086162619292736
0.008063631132245064
0.008057266473770142
0.008042986504733562
0.008039921522140503
0.008019511587917805
0.00802628230303526
0.00801633857190609
0.007990298792719841
0.008003688417375088
0.007986530661582947
0.007970749400556087
0.007965645752847195
0.007948070764541626
0.007932486943900585
0.00792236253619194
0.007920549251139164
0.007916667498648167
0.007894943468272686
0.007882045581936836
0.0078800730407238
0.007873485796153545
0.007854102179408073
0.007848821580410004
0.00783468782901764
0.007844220846891403
0.007829081267118454
0.007817840203642845
0.007806815672665834
0.0077872248366475105
0.0077809724025428295
0.007769030053168535
0.007765030022710562
0.007753739133477211
0.007744091562926769
0.007733409758657217
0.007737104780972004
0.007856720127165318
0.007863793522119522
0.00788332149386406
0.007879133336246014
0.007855735719203949
0.007788291200995445
0.007754862308502197
0.007695832289755344
0.007674016058444977
0.007668402977287769
0.007644477300345898
0.0076266685500741005
0.007623277138918638
0.007614627480506897
0.007601550780236721
0.007581981830298901
0.007578487507998943
0.00756758451461792
0.007565461099147797
0.00754760205745697
0.007548544090241194
0.007533968426287174
0.007526937872171402
0.007518512662500143
0.007507189176976681
0.007490862160921097
0.007507915608584881
0.007487501949071884
0.007503243628889322
0.007532693911343813
0.00750106293708086
0.007477293256670237
