0.6826665997505188
0.5001838803291321
0.41322407126426697
0.371355801820755
0.3437264859676361
0.32238447666168213
0.3055063784122467
0.2972271740436554
0.2888292968273163
0.2794031798839569
0.2825762629508972
0.2703961730003357
0.26922929286956787
0.2629034221172333
0.25555217266082764
0.24574147164821625
0.24115338921546936
0.2336043119430542
0.24481745064258575
0.24858136475086212
0.22861675918102264
0.22783705592155457
0.2267131358385086
0.21823498606681824
0.2453828901052475
0.2258206158876419
0.20634058117866516
0.20046700537204742
0.19523462653160095
0.19240476191043854
0.18371842801570892
0.17750440537929535
0.17885693907737732
0.17261849343776703
0.1695064753293991
0.1649024337530136
0.16175241768360138
0.15725423395633698
0.15297530591487885
0.14751502871513367
0.14361703395843506
0.14001673460006714
0.13774140179157257
0.14907164871692657
0.14231927692890167
0.13546107709407806
0.13101492822170258
0.1360049545764923
0.19302523136138916
0.16067984700202942
0.15157796442508698
0.13738442957401276
0.1254202127456665
0.11577486246824265
0.10963553935289383
0.1065930649638176
0.1020306721329689
0.09994444996118546
0.10346677154302597
0.09793803095817566
0.09201071411371231
0.09395952522754669
0.08935454487800598
0.08419577777385712
0.08071581274271011
0.07503917813301086
0.07191868126392365
0.06898382306098938
0.06789352744817734
0.0656418651342392
0.06925904005765915
0.09674898535013199
0.08043599128723145
0.0699450895190239
0.06312326341867447
0.056411661207675934
0.05373949930071831
0.05217701196670532
0.05288425832986832
0.05044792592525482
0.04763762280344963
0.05976113677024841
0.05586962774395943
0.04745947942137718
0.05247187986969948
0.05251288041472435
0.04330626130104065
0.0396677702665329
0.036936935037374496
0.03598889335989952
0.03335677087306976
0.03154281899333
0.03059585578739643
0.0342123806476593
0.030388502404093742
0.02690640278160572
0.025913838297128677
0.024630118161439896
0.02329508401453495
0.022447621449828148
0.031663935631513596
0.028212787583470345
0.02372785098850727
0.02077747881412506
0.01900482550263405
0.017360111698508263
0.015942588448524475
0.015110142529010773
0.01449232455343008
0.025025183334946632
0.02018890343606472
0.01591680943965912
0.013867303729057312
0.012524102814495564
0.011554180644452572
0.010777456685900688
0.01021010521799326
0.009774409234523773
0.009352829307317734
0.008923470042645931
0.009167761541903019
0.00842967163771391
0.00807125587016344
0.008103331550955772
0.007921935990452766
0.0074630011804401875
0.00729334307834506
0.007135023362934589
0.007165222428739071
0.0068373545072972775
0.006625710986554623
0.006394573487341404
0.0062591079622507095
0.006029584910720587
0.006025292910635471
0.005693801213055849
0.0066277096047997475
0.008389130234718323
0.006446228362619877
0.005730804521590471
0.0070437476970255375
0.005415229592472315
0.005468686576932669
0.004864389542490244
0.004915742203593254
0.004634442273527384
0.020435960963368416
0.00780085101723671
0.006220989394932985
0.004990357905626297
0.004597111139446497
0.004437282215803862
0.004226395860314369
0.004028133116662502
0.003871770342811942
0.003838503733277321
0.0037228150758892298
0.0036994856782257557
0.0034808849450200796
0.003482803702354431
0.003496752819046378
0.003370806807652116
0.0053087081760168076
0.0034402660094201565
0.0032379033509641886
0.0030857319943606853
0.005885020829737186
0.003714456455782056
0.0031085337977856398
0.002867343369871378
0.0027304210234433413
0.0026438019704073668
0.0025605401024222374
0.0025166429113596678
0.0024433406069874763
0.0024033780209720135
0.0024034101516008377
0.0022948572877794504
0.0022562388330698013
0.009633461944758892
0.005345589946955442
0.0037783910520374775
0.0029343836940824986
0.0023834253661334515
0.002251338679343462
0.0022167798597365618
0.002209877595305443
0.0020740169566124678
0.001956663094460964
0.0019276227103546262
0.0018322449177503586
0.0018069654470309615
0.0017450193408876657
0.0017098058015108109
0.0016967448173090816
0.0029830446001142263
0.0021829078905284405
0.00196532579138875
0.0017585477326065302
0.0016284547746181488
0.001578575698658824
0.001546067651361227
0.001567923347465694
0.0014821130316704512
0.0014437977224588394
0.0014028465375304222
0.0013736478285863996
0.0013381346361711621
0.0021344900596886873
0.0013022484490647912
0.0013125183759257197
0.0012784474529325962
0.0012611437123268843
0.0012507715728133917
0.0012364977737888694
0.0012492152163758874
0.0012334389612078667
0.0012131005059927702
0.001195469405502081
0.001185476197861135
0.001170797273516655
0.0011611985974013805
0.0011525220470502973
0.001142294378951192
0.0011300561018288136
0.001152760349214077
0.001138779567554593
0.0011197201674804091
0.0011406505946069956
0.0012960361782461405
0.00115286186337471
0.0011073318310081959
0.0010855293367058039
0.001068632467649877
0.0010552472667768598
0.001043817144818604
0.0010358308209106326
0.0010299190180376172
0.0010220423573628068
0.0010231516789644957
0.0010019055334851146
0.0010163605911657214
0.0009991659317165613
0.0009840016718953848
0.0009728803997859359
0.0009720223606564105
0.0009564676438458264
0.0009492136887274683
0.0009475209517404437
0.0009376276866532862
0.0009308190201409161
0.0009230219293385744
0.0009150124387815595
0.0009149929392151535
0.0009045618353411555
0.0009141561458818614
0.0008993810042738914
0.0008914899663068354
0.0008937859674915671
0.0008783903322182596
0.0008645895286463201
0.0008597414125688374
0.0008514128276146948
0.000845141417812556
0.0008400012739002705
0.0008336961036548018
0.0008242008625529706
0.0008190714288502932
0.0008392661693505943
0.000844093388877809
0.0008281731279566884
0.0008254970307461917
0.0007984166732057929
0.0007876981981098652
0.0007815927383489907
0.0007733887177892029
0.0007712434162385762
0.0007613206398673356
0.0007565434207208455
0.0007623696583323181
0.000795840285718441
0.0007815475109964609
0.0007411463302560151
0.000730286817997694
0.000726109545212239
0.0007194098434410989
0.0007137646898627281
0.0007280960562638938
0.0007275564130395651
0.0007092506275512278
0.0007017190218903124
0.0006936254794709384
0.0007175332284532487
0.0007030508131720126
0.0006842160364612937
0.0006745168357156217
0.0006646305555477738
0.0006594127626158297
0.0006540821050293744
0.0006513575790449977
0.0006421631551347673
0.0006405975436791778
0.0006359049002639949
0.0006300872773863375
0.0006249501602724195
0.0006193762528710067
0.0006196348695084453
0.0006214774330146611
0.000609392358455807
0.0006033283425495028
0.0005993482773192227
0.0005956327659077942
0.0005928669706918299
0.0005907547893002629
0.0005887855659238994
0.0005908487364649773
0.0005861622630618513
0.0005825063562951982
0.0005799041246064007
0.0005794999306090176
0.0006473712855949998
0.0007083903765305877
0.000671291898470372
0.00062129384605214
0.0005938985850661993
0.0005795360775664449
0.0005725013324990869
0.0005683173658326268
0.0005678865709342062
0.0005657756701111794
0.0005612668464891613
0.0005542652797885239
0.0005512437201105058
0.0005490380572155118
0.0005457307561300695
0.0005433897022157907
0.0005417530774138868
0.0005400108639150858
0.0005381418159231544
0.0005343819502741098
0.0005329182022251189
0.0005300387856550515
0.0005282643251121044
0.0005272162961773574
0.0005251392722129822
0.0005258828168734908
0.000529527897015214
0.0005287916865199804
0.0005916035152040422
0.0005808153655380011
0.0005493794451467693
0.0005392469465732574
0.0005339569179341197
0.0005269278190098703
0.0005159212742000818
0.000511310703586787
0.0005074599757790565
0.0005039440002292395
0.000500412832479924
0.0004972313763573766
0.0004935304750688374
0.000491904909722507
0.0004885877715423703
0.00048645888455212116
0.0004823538474738598
0.0004818776505999267
0.0004792989930137992
0.00047683919547125697
0.00047435826854780316
0.00047144037671387196
0.0004699777055066079
0.0004671483766287565
0.00048332399455830455
0.000487116863951087
0.00048088590847328305
0.00046920805471017957
0.00046314377686940134
0.0004598543746396899
0.0004582845722325146
0.00045773215242661536
0.00045581511221826077
0.00045072712237015367
0.00044729429646395147
0.0004445976228453219
0.00044379723840393126
0.00044102405081503093
0.0004459621850401163
0.00044543566764332354
0.0004378794983495027
0.0004380667523946613
0.00044446729589253664
0.0004387472872622311
0.00043350039049983025
0.00042891863267868757
0.0004324576002545655
0.0004256666579749435
0.00042457046220079064
0.0004207732854411006
0.0004170695610810071
0.00041540362872183323
0.0004126371059101075
0.0004105431435164064
0.00040939502650871873
0.00040698074735701084
0.000405429454986006
0.00040855567203834653
0.00042008364107459784
0.0004285345203243196
0.0004210710758343339
0.00040924991481006145
0.0004016313177999109
0.00039992242818698287
0.00040483687189407647
0.00040731285116635263
0.00040600303327664733
0.0003992929123342037
0.000396034651203081
0.0003935763379558921
0.0003919456503354013
0.00039039808325469494
0.0003879534488078207
0.0003864632162731141
0.00038569598109461367
0.000384139217203483
0.0003837361291516572
0.00038336007855832577
0.00038143323035910726
0.00038009011768735945
0.0003789218026213348
0.00037726861773990095
0.0003771930932998657
0.00037615105975419283
0.00037471321411430836
0.00037334152148105204
0.0003734547062776983
0.00037295714719220996
0.0003714840568136424
0.00037099551991559565
0.0003696936182677746
0.00036879806430079043
0.0003682459064293653
0.0003667087003123015
0.0003663456882350147
0.00036416962393559515
0.00036314400495029986
0.0003625876852311194
0.0003609675040934235
0.0003604284138418734
0.0003617295587901026
0.00036202091723680496
0.0003597591130528599
0.0003586542734410614
0.0003565895603969693
0.00035511647001840174
0.0003540069446898997
0.00035294334520585835
0.00035306112840771675
0.00035420534550212324
0.00035271220258437097
0.00035076888161711395
0.00034950010012835264
0.00034752057399600744
0.00034769397461786866
0.000345488399034366
0.00034487806260585785
0.00034363975282758474
0.000342334620654583
0.00034164037788286805
0.0003407895565032959
0.0003404388262424618
0.00033903203438967466
0.00033817175426520407
0.00033781721140258014
0.0003365055308677256
0.00033550974330864847
0.00033461354905739427
0.0003337605739943683
0.00033293728483840823
0.0003317425143904984
0.00033063176670111716
0.0003301331016700715
0.0003290220629423857
0.00032889677095226943
0.0003270643064752221
0.000326210749335587
0.00032516627106815577
0.00032396847382187843
0.00032327036024071276
0.00032238836865872145
0.000321326544508338
0.0003207765403203666
0.00031996131292544305
0.0003233595343772322
0.00032088684383779764
0.00031876825960353017
0.00031655794009566307
0.00031490594847127795
0.00031395358382724226
0.00031299146940000355
0.00031213852344080806
0.00031176183256320655
0.00031074468279257417
0.0003099216555710882
0.00031027549994178116
0.00030874498770572245
0.00030813820194453
0.00030638137832283974
0.0003054141125176102
0.0003039579896721989
0.00030262177460826933
0.0003019851865246892
0.00030165514908730984
0.00030072499066591263
0.0003004831087309867
0.00030011028866283596
0.00030300565413199365
0.000302036787616089
0.0003010752552654594
0.00029992335475981236
0.0002990303619299084
0.00029783090576529503
0.00029724775231443346
0.00029632518999278545
0.000295724137686193
0.00029514895868487656
0.0002949775371234864
0.0002943227009382099
0.0002937961253337562
0.0002932174247689545
0.0002926529268734157
0.00029218473355285823
0.0002920591796282679
0.0002909059403464198
0.00029055881896056235
0.0002894863428082317
0.0002907593152485788
0.0002900100953411311
0.00028918287716805935
0.00028880740865133703
0.0002877047809306532
0.00028754613595083356
0.0002871192409656942
0.00028595837648026645
0.00028543948428705335
0.0002851322933565825
0.0002866190916392952
0.00028555537573993206
0.0002856851206161082
0.0002842986141331494
0.00028313221991993487
0.0002823337272275239
0.00028203483088873327
0.00028087894315831363
0.0002803092065732926
0.0002802699455060065
0.0002794656902551651
0.0002815460611600429
0.0002808658464346081
0.0002798085624817759
0.0002787357952911407
0.0002778856724034995
0.00027706308173947036
0.0002762345829978585
0.00027567410143092275
0.0002753426961135119
0.0002751391439232975
0.0002742528449743986
0.0002735931775532663
0.00027267239056527615
0.0002732960565481335
0.0002736373571678996
0.00027275699540041387
0.00027390089235268533
0.0002748177503235638
0.00027922287699766457
0.0002771789731923491
0.0002724049554672092
0.0002705855295062065
0.0002697842719499022
0.00026861659716814756
0.00026751693803817034
0.0002667456865310669
0.00026579995756037533
0.00026512425392866135
0.00026426161639392376
0.00026361693744547665
0.00026395166059955955
0.00026327354134991765
0.0002623969630803913
0.0002616985293570906
0.0002614171535242349
0.00026070725289173424
0.0002634997945278883
0.00026397014153189957
0.00026211864314973354
0.0002579776628408581
0.00025805740733630955
0.0002576122642494738
0.00025677066878415644
0.0002559299464337528
0.0002554885286372155
0.0002548836055211723
0.00025388775975443423
