0.8797628283500671
0.8172779679298401
0.7646287083625793
0.7189633846282959
0.680090069770813
0.6438469886779785
0.6114169359207153
0.5794589519500732
0.5556108951568604
0.5354684591293335
0.5148029923439026
0.4990452229976654
0.4847012460231781
0.47083723545074463
0.45904678106307983
0.44858860969543457
0.43754056096076965
0.42786380648612976
0.419924259185791
0.4130832850933075
0.4064379930496216
0.40065139532089233
0.39585763216018677
0.3904719054698944
0.38577428460121155
0.3814961910247803
0.3792187571525574
0.3771507143974304
0.3752034306526184
0.3717004656791687
0.36817502975463867
0.3653430938720703
0.3633759319782257
0.3606690466403961
0.35807543992996216
0.3568110167980194
0.3549143970012665
0.35292041301727295
0.35135573148727417
0.3504832684993744
0.3501603305339813
0.3494126498699188
0.347024142742157
0.3447728753089905
0.34326156973838806
0.34203529357910156
0.34073516726493835
0.33957579731941223
0.33829617500305176
0.336929589509964
0.336875855922699
0.33575722575187683
0.334806889295578
0.3341328799724579
0.3331974148750305
0.3321402370929718
0.3321772515773773
0.33109408617019653
0.33021703362464905
0.3295243978500366
0.3305976986885071
0.33033764362335205
0.32905036211013794
0.3276914656162262
0.3274175226688385
0.32671692967414856
0.3260684311389923
0.32502681016921997
0.32465416193008423
0.32462406158447266
0.3241633474826813
0.32374897599220276
0.3238077461719513
0.3225943148136139
0.32195141911506653
0.32122302055358887
0.3207821547985077
0.31969740986824036
0.318708598613739
0.3180710971355438
0.3174646198749542
0.31701260805130005
0.3165931701660156
0.31636500358581543
0.3162882328033447
0.3156992495059967
0.31483182311058044
0.31417304277420044
0.3147083818912506
0.3149150609970093
0.3134613037109375
0.3122989535331726
0.3114430010318756
0.3108621835708618
0.3101509213447571
0.3105996549129486
0.31086307764053345
0.3097703456878662
0.3096885681152344
0.30869626998901367
0.3092705011367798
0.30811524391174316
0.3076142370700836
0.3071615993976593
0.30633726716041565
0.30580294132232666
0.3053516149520874
0.3048528730869293
0.30458784103393555
0.30430591106414795
0.303810179233551
0.30313998460769653
0.30247703194618225
0.3019949793815613
0.3014712631702423
0.30154138803482056
0.3008332848548889
0.2999931275844574
0.2989477515220642
0.2984793484210968
0.2982501983642578
0.29782891273498535
0.2971237599849701
0.29670450091362
0.2973516881465912
0.2958003878593445
0.2952739894390106
0.294918954372406
0.2943008542060852
0.2941792607307434
0.29432302713394165
0.29358842968940735
0.29182082414627075
0.2922179400920868
0.2919783890247345
0.2911366820335388
0.2907653748989105
0.2903037369251251
0.2897142171859741
0.2893833518028259
0.28900450468063354
0.2884540259838104
0.288118839263916
0.292235791683197
0.2951429486274719
0.2928228974342346
0.289469838142395
0.2877201735973358
0.2860734164714813
0.28524428606033325
0.2851604223251343
0.28471264243125916
0.28660818934440613
0.2848571240901947
0.28366169333457947
0.2818426489830017
0.2826198637485504
0.2827036380767822
0.2816336154937744
0.2812378406524658
0.2805178761482239
0.28007078170776367
0.27956804633140564
0.2789488434791565
0.27837881445884705
0.277694970369339
0.27836140990257263
0.2779545187950134
0.2774067223072052
0.27695953845977783
0.27663421630859375
0.2761538326740265
0.2757357954978943
0.27510184049606323
0.27455881237983704
0.2742787003517151
0.2749815881252289
0.2745262384414673
0.27362313866615295
0.27279505133628845
0.2723328769207001
0.27187004685401917
0.2715268135070801
0.27077391743659973
0.2702071964740753
0.2699139416217804
0.26936981081962585
0.26894858479499817
0.26882103085517883
0.2684159278869629
0.2678130567073822
0.26761358976364136
0.2674280107021332
0.2668894827365875
0.2668388783931732
0.26599493622779846
0.26716917753219604
0.27041739225387573
0.26915550231933594
0.2671408951282501
0.266561359167099
0.26740583777427673
0.2660714387893677
0.26409822702407837
0.2632918953895569
0.2632759213447571
0.2628181576728821
0.2624753713607788
0.2619386613368988
0.26171740889549255
0.26097288727760315
0.26063472032546997
0.26016268134117126
0.2599809169769287
0.26301810145378113
0.26281777024269104
0.260682612657547
0.2595052719116211
0.2584370970726013
0.258057177066803
0.2574482560157776
0.25710734724998474
0.25688135623931885
0.2567517161369324
0.2561803460121155
0.2554837167263031
0.2552965581417084
0.2551671862602234
0.2544286847114563
0.25405099987983704
0.2536645233631134
0.25328096747398376
0.2530285716056824
0.2528587579727173
0.25268545746803284
0.25293225049972534
0.25265392661094666
0.25232669711112976
0.2518145740032196
0.25181856751441956
0.2518215775489807
0.25153642892837524
0.2516056299209595
0.25203168392181396
0.2521764934062958
0.25178736448287964
0.2512373626232147
0.2512415051460266
0.2507728934288025
0.25054672360420227
0.25108590722084045
0.2509342133998871
0.2502679228782654
0.24975453317165375
0.24937377870082855
0.24924395978450775
0.24897505342960358
0.2489108294248581
0.24863530695438385
0.248517706990242
0.2492257058620453
0.24844498932361603
0.24809721112251282
0.24778375029563904
0.24784822762012482
0.247456893324852
0.2472943514585495
0.2470868080854416
0.24695830047130585
0.24673378467559814
0.24696165323257446
0.24674752354621887
0.24647653102874756
0.24637289345264435
0.2465609759092331
0.2462548166513443
0.24629142880439758
0.24586327373981476
0.2456214427947998
0.24552254378795624
0.2454441338777542
0.24502404034137726
0.24500977993011475
0.24559704959392548
0.24548831582069397
0.2456957846879959
0.2456732988357544
0.24531486630439758
0.24490363895893097
0.24460287392139435
0.2441486418247223
0.24372628331184387
0.2434391975402832
0.24331943690776825
0.2433340698480606
0.24317489564418793
0.2430463433265686
0.2427459955215454
0.24247802793979645
0.24229326844215393
0.24217431247234344
0.24209226667881012
0.24193337559700012
0.24183838069438934
0.24153505265712738
0.24164573848247528
0.241665780544281
0.2418062388896942
0.24238897860050201
0.2423265427350998
0.24194079637527466
0.24153916537761688
0.24128787219524384
0.24090149998664856
0.24081508815288544
0.24050846695899963
0.24026820063591003
0.24011285603046417
0.23978139460086823
0.23993000388145447
0.23973746597766876
0.23938359320163727
0.2392602413892746
0.2390512228012085
0.23889195919036865
0.23870877921581268
0.23865805566310883
0.2385202795267105
0.23834043741226196
0.2381228357553482
0.23795601725578308
0.23773221671581268
0.23758122324943542
0.23756960034370422
0.23746854066848755
0.2373942732810974
0.23731668293476105
0.23722918331623077
0.23715569078922272
0.2370843142271042
0.23696771264076233
0.23686090111732483
0.23706233501434326
0.23710417747497559
0.23704680800437927
0.2368309497833252
0.23670057952404022
0.23654043674468994
0.23643173277378082
0.23631159961223602
0.23620866239070892
0.2361433357000351
0.23611098527908325
0.2360621690750122
0.23604504764080048
0.2358650416135788
0.23591306805610657
0.23580226302146912
0.23575599491596222
0.23591525852680206
0.2358332872390747
0.23604726791381836
0.235958069562912
0.23588846623897552
0.2357778549194336
0.23560884594917297
0.23535163700580597
0.23514017462730408
0.2350275218486786
0.2350056916475296
0.234930619597435
0.2347850650548935
0.23471951484680176
0.2347412109375
0.23465321958065033
0.23468400537967682
0.23469312489032745
0.23465761542320251
0.23454520106315613
0.23446758091449738
0.23434874415397644
0.23427091538906097
0.23421333730220795
0.2340775728225708
0.23400971293449402
0.23403140902519226
0.23398429155349731
0.23391181230545044
0.2337672859430313
0.2336750626564026
0.23370800912380219
0.2334674596786499
0.23344390094280243
0.23335325717926025
0.2332477569580078
0.23405145108699799
0.23336635529994965
0.23355402052402496
0.2332904189825058
0.2333390861749649
0.23341460525989532
0.23321853578090668
0.23305004835128784
0.23278991878032684
0.23280058801174164
0.23255705833435059
0.23265311121940613
0.23259620368480682
0.23248378932476044
0.23242132365703583
0.2323751002550125
0.23228245973587036
0.23202840983867645
0.23220433294773102
0.2320060133934021
0.23190702497959137
0.23185022175312042
0.23190195858478546
0.23187997937202454
0.23181112110614777
0.23171362280845642
0.23156054317951202
0.23144258558750153
0.23141659796237946
0.23135316371917725
0.2312682867050171
0.23128385841846466
0.2311978042125702
0.2311515212059021
0.23106533288955688
0.23103344440460205
0.23092910647392273
0.23092782497406006
0.23089635372161865
0.23084962368011475
0.2307855188846588
0.23075759410858154
0.2306784987449646
0.23066996037960052
0.23060399293899536
0.23057608306407928
0.23053885996341705
0.2305445671081543
0.23051799833774567
0.2304598093032837
0.2304890751838684
0.23049455881118774
0.23046264052391052
0.2304127812385559
0.23036408424377441
0.23032894730567932
0.2303827404975891
0.23037075996398926
0.23034672439098358
0.2302839308977127
0.23023119568824768
0.23024345934391022
0.23022428154945374
0.2300824075937271
0.23003235459327698
0.22998203337192535
0.22994990646839142
0.22992107272148132
0.22984085977077484
0.22980326414108276
0.2299928516149521
0.22991926968097687
0.22991816699504852
0.22987377643585205
0.22982996702194214
0.22977571189403534
0.22972579300403595
0.22970588505268097
0.22958537936210632
0.22947809100151062
0.22953000664710999
0.2294638752937317
0.2293471395969391
0.22927908599376678
0.2292756587266922
0.22913408279418945
0.22916515171527863
0.22904224693775177
0.22904987633228302
0.22900281846523285
0.2290208339691162
0.22896935045719147
0.2290629893541336
0.22896796464920044
0.22891850769519806
0.22883138060569763
0.22881875932216644
0.22877973318099976
0.22874702513217926
0.22870203852653503
0.2286331057548523
0.22860810160636902
0.22858472168445587
0.22857998311519623
0.22855016589164734
0.22855350375175476
0.2285541594028473
0.22865056991577148
0.2284073680639267
0.22836343944072723
0.22833935916423798
0.2283065915107727
0.2282637655735016
0.2282324582338333
0.22820769250392914
0.22817786037921906
0.2282247096300125
0.22811998426914215
0.2280881106853485
0.22811341285705566
0.22809240221977234
0.22804179787635803
0.22799870371818542
0.22794154286384583
0.2279956191778183
0.22784197330474854
0.22786277532577515
0.22780102491378784
0.22782158851623535
0.2277543544769287
0.22783732414245605
0.22775249183177948
0.22772201895713806
0.22766819596290588
0.22770412266254425
0.2275809943675995
0.22755353152751923
0.22762633860111237
0.2275417000055313
0.22751829028129578
0.2275025099515915
0.22748562693595886
0.22746384143829346
0.22746464610099792
0.22744899988174438
0.2274373173713684
0.22740992903709412
0.22739830613136292
0.22737188637256622
0.2273547202348709
0.2273470014333725
0.2273346334695816
0.22734205424785614
0.2273799329996109
0.22737473249435425
0.22732268273830414
0.22729991376399994
0.22728049755096436
0.22727300226688385
0.2272111177444458
0.2272597998380661
0.2272203117609024
0.22724488377571106
0.22720947861671448
0.22720712423324585
0.22720158100128174
0.22718390822410583
0.22715674340724945
0.22712871432304382
0.22711288928985596
0.2270832061767578
0.227095827460289
0.22707726061344147
0.22706033289432526
0.2270205020904541
0.22700203955173492
0.22699634730815887
0.22697791457176208
0.22695203125476837
0.22693298757076263
0.22689563035964966
0.22688008844852448
0.22686798870563507
0.2268567830324173
0.2268294095993042
0.2268129140138626
0.22678841650485992
0.2267506718635559
0.22681866586208344
0.22677907347679138
0.2267758548259735
0.22674952447414398
0.2267259955406189
0.22669623792171478
0.226693794131279
0.22668133676052094
0.2266828864812851
0.2266605943441391
0.22662420570850372
0.22661739587783813
0.22660744190216064
0.2265692949295044
0.22654199600219727
0.2265474796295166
0.22652114927768707
0.22648392617702484
0.22651724517345428
0.22649775445461273
0.22647666931152344
0.22648105025291443
0.22645264863967896
0.22642037272453308
0.22639217972755432
0.2263791859149933
0.2263868749141693
0.226373091340065
0.22636114060878754
0.22634080052375793
0.22634609043598175
0.22631779313087463
0.226312056183815
0.22629475593566895
0.22627650201320648
0.22628635168075562
0.22625388205051422
0.2262425422668457
0.22622376680374146
0.22622688114643097
0.22620327770709991
0.22619925439357758
0.2261713743209839
0.22617854177951813
0.22616629302501678
0.22612793743610382
0.22610922157764435
0.22610318660736084
