0.7840383648872375
0.7054958343505859
0.6611852645874023
0.6325186491012573
0.6074726581573486
0.588388204574585
0.5713441967964172
0.5547805428504944
0.5383105874061584
0.5231338739395142
0.5099248886108398
0.4964319169521332
0.48246726393699646
0.4713311493396759
0.460046648979187
0.4505496025085449
0.44249555468559265
0.4343867897987366
0.42412373423576355
0.4146760404109955
0.4053710401058197
0.39800727367401123
0.39237120747566223
0.38604626059532166
0.38134002685546875
0.3767542839050293
0.3716493844985962
0.3669340908527374
0.36250734329223633
0.3594525456428528
0.356027215719223
0.35377877950668335
0.3518468737602234
0.3496268689632416
0.34794268012046814
0.3450624644756317
0.3424185514450073
0.33922895789146423
0.3374038636684418
0.3353835940361023
0.33451277017593384
0.3343707323074341
0.33352920413017273
0.3311533033847809
0.32900023460388184
0.3267294466495514
0.324873149394989
0.3232572674751282
0.321492999792099
0.3200077414512634
0.31966912746429443
0.3173597455024719
0.31575652956962585
0.31438544392585754
0.31324663758277893
0.31225743889808655
0.3112052083015442
0.30961665511131287
0.3090905249118805
0.30754944682121277
0.307982861995697
0.30700695514678955
0.30607694387435913
0.3050888180732727
0.3048383593559265
0.3059748411178589
0.3041752874851227
0.30283811688423157
0.301515132188797
0.3011680543422699
0.3005411624908447
0.2991490960121155
0.29771745204925537
0.29714372754096985
0.29657629132270813
0.2958127558231354
0.29492276906967163
0.29387250542640686
0.29275789856910706
0.29320013523101807
0.2926863431930542
0.2920585572719574
0.29088523983955383
0.28978878259658813
0.2885383069515228
0.2880297601222992
0.28709274530410767
0.2866487503051758
0.2861720323562622
0.2851877808570862
0.28515496850013733
0.28529176115989685
0.28597456216812134
0.2854273319244385
0.28379014134407043
0.28319260478019714
0.2826896607875824
0.28225958347320557
0.2811109125614166
0.28168776631355286
0.2835068702697754
0.28109508752822876
0.27891623973846436
0.27803486585617065
0.27777838706970215
0.2773512899875641
0.27714815735816956
0.2771003246307373
0.27750638127326965
0.2762349843978882
0.27504947781562805
0.2744101583957672
0.2739153206348419
0.2732621133327484
0.27259230613708496
0.2721932530403137
0.2721371352672577
0.27127373218536377
0.27087125182151794
0.2704923450946808
0.2703167796134949
0.271512895822525
0.2710823118686676
0.27021124958992004
0.2721024453639984
0.27360960841178894
0.26980337500572205
0.2707420885562897
0.270046591758728
0.2692020535469055
0.2682676315307617
0.2665643095970154
0.2678811252117157
0.2707967162132263
0.2708405554294586
0.2682243287563324
0.26506200432777405
0.2648185193538666
0.26446279883384705
0.2637154459953308
0.26332569122314453
0.2627500295639038
0.2622950077056885
0.2626071870326996
0.2624928951263428
0.26155203580856323
0.26094377040863037
0.26067429780960083
0.26004651188850403
0.25957176089286804
0.2594325840473175
0.25882256031036377
0.2582986056804657
0.2575414478778839
0.25779542326927185
0.2573653757572174
0.25673073530197144
0.25616955757141113
0.2560708820819855
0.25562354922294617
0.2559982240200043
0.2557021677494049
0.2552405297756195
0.25547459721565247
0.2554773688316345
0.25502604246139526
0.2550557553768158
0.2548835873603821
0.2548324465751648
0.25469863414764404
0.2539695203304291
0.25396499037742615
0.2543644905090332
0.2541373074054718
0.25376826524734497
0.2534463107585907
0.2531939446926117
0.25372886657714844
0.2534100413322449
0.25289466977119446
0.2526057958602905
0.2535672187805176
0.25314024090766907
0.2527415156364441
0.2518930733203888
0.25307583808898926
0.25292858481407166
0.2523351013660431
0.2519363462924957
0.2535962760448456
0.25357481837272644
0.2526090443134308
0.25178930163383484
0.2513046860694885
0.2515770196914673
0.2509203255176544
0.2508619427680969
0.2506061792373657
0.2503806948661804
0.25088801980018616
0.25107666850090027
0.25075647234916687
0.25042060017585754
0.25030794739723206
0.25000444054603577
0.24948398768901825
0.24903777241706848
0.24902810156345367
0.2487608939409256
0.24932605028152466
0.24970999360084534
0.2502085268497467
0.25026941299438477
0.24999921023845673
0.2496408075094223
0.24822938442230225
0.24830478429794312
0.2479708194732666
0.24755112826824188
0.24807846546173096
0.24802479147911072
0.247310608625412
0.2469712197780609
0.24672959744930267
0.24655753374099731
0.24633416533470154
0.24625703692436218
0.2458842694759369
0.24578355252742767
0.246049165725708
0.24583035707473755
0.2455717921257019
0.2453112006187439
0.2451811283826828
0.24513018131256104
0.24483469128608704
0.24472013115882874
0.2446165531873703
0.2453332543373108
0.24520106613636017
0.24488383531570435
0.24442411959171295
0.24405470490455627
0.24380473792552948
0.2435687780380249
0.24368083477020264
0.24340461194515228
0.24320194125175476
0.2430320829153061
0.24322377145290375
0.24452939629554749
0.2438962161540985
0.24303600192070007
0.24277947843074799
0.2422608882188797
0.24223938584327698
0.2417975515127182
0.24173620343208313
0.2416500449180603
0.24167102575302124
0.24144305288791656
0.241385817527771
0.24128614366054535
0.241201713681221
0.24120953679084778
0.2412170022726059
0.2411404401063919
0.24098742008209229
0.2409413456916809
0.24088439345359802
0.24069306254386902
0.2410256713628769
0.24100981652736664
0.24085596203804016
0.24076710641384125
0.24060818552970886
0.24040818214416504
0.24035020172595978
0.24036070704460144
0.24037230014801025
0.24136540293693542
0.24099035561084747
0.2406436949968338
0.2405063658952713
0.2400370091199875
0.2399122565984726
0.23974645137786865
0.23970761895179749
0.239699125289917
0.23969891667366028
0.23992104828357697
0.23973092436790466
0.2396261841058731
0.23937097191810608
0.23941783607006073
0.2393673062324524
0.23923161625862122
0.23941615223884583
0.23889462649822235
0.23909695446491241
0.2390633523464203
0.23907585442066193
0.23879636824131012
0.23902936279773712
0.23897473514080048
0.23893119394779205
0.23862124979496002
0.2391929030418396
0.23893269896507263
0.23854279518127441
0.2386915683746338
0.2387007176876068
0.2386496663093567
0.2388008087873459
0.23880991339683533
0.2386414259672165
0.23862887918949127
0.23908454179763794
0.2395648956298828
0.23921500146389008
0.2387012243270874
0.23858407139778137
0.23866862058639526
0.2383033037185669
0.23819416761398315
0.2381504625082016
0.23819944262504578
0.23811325430870056
0.2377975583076477
0.23774486780166626
0.23778225481510162
0.2379714697599411
0.2379368096590042
0.2379905730485916
0.23807621002197266
0.23866994678974152
0.2385597825050354
0.23798397183418274
0.23763282597064972
0.2374761700630188
0.23748986423015594
0.2377781867980957
0.23758089542388916
0.2375221848487854
0.23742595314979553
0.23717659711837769
0.23705600202083588
0.23715274035930634
0.2373916506767273
0.23728959262371063
0.23706625401973724
0.23691092431545258
0.23733976483345032
0.2376084327697754
0.23743438720703125
0.2371046394109726
0.23671525716781616
0.23633140325546265
0.2363538146018982
0.23622949421405792
0.23618561029434204
0.23611676692962646
0.2361091822385788
0.23611091077327728
0.23607680201530457
0.236069917678833
0.23603597283363342
0.23598337173461914
0.2359652817249298
0.23602397739887238
0.23605303466320038
0.23601771891117096
0.23600029945373535
0.23600034415721893
0.23593859374523163
0.23596510291099548
0.23587507009506226
0.23583278059959412
0.2357325404882431
0.2357351928949356
0.23571833968162537
0.2357150912284851
0.23566579818725586
0.23561620712280273
0.23559577763080597
0.23557637631893158
0.23553282022476196
0.2354833036661148
0.23544913530349731
0.23543208837509155
0.2354149967432022
0.23539277911186218
0.23539294302463531
0.2353413850069046
0.23527151346206665
0.23533932864665985
0.23527762293815613
0.2352888584136963
0.2352118045091629
0.2352474331855774
0.2351914346218109
0.23526978492736816
0.23520945012569427
0.2352207452058792
0.23511390388011932
0.23506812751293182
0.2350434809923172
0.23506619036197662
0.23496538400650024
0.23495255410671234
0.23492319881916046
0.23490354418754578
0.23490570485591888
0.23485586047172546
0.23484431207180023
0.23481835424900055
0.23488932847976685
0.23477739095687866
0.23475810885429382
0.23470860719680786
0.23478707671165466
0.23471421003341675
0.23476338386535645
0.23472528159618378
0.23464103043079376
0.2346705198287964
0.2348467856645584
0.23482860624790192
0.23474657535552979
0.23466794192790985
0.2345818430185318
0.23453958332538605
0.23444093763828278
0.23442943394184113
0.23440679907798767
0.23445065319538116
0.23454909026622772
0.2345311939716339
0.234427809715271
0.23430290818214417
0.23422783613204956
0.23425154387950897
0.2341938465833664
0.23424287140369415
0.23417408764362335
0.2341589480638504
0.2341710329055786
0.23428551852703094
0.23434536159038544
0.23415078222751617
0.23415371775627136
0.23411399126052856
0.23406167328357697
0.23402321338653564
0.23395195603370667
0.23393309116363525
0.2339516580104828
0.2338850349187851
0.23384784162044525
0.23384566605091095
0.23382967710494995
0.23383119702339172
0.23379816114902496
0.23377586901187897
0.23379811644554138
0.23379531502723694
0.23379532992839813
0.23375143110752106
0.23369917273521423
0.23369555175304413
0.23360228538513184
0.23365655541419983
0.23362532258033752
0.2336549609899521
0.23365500569343567
0.23362241685390472
0.23359796404838562
0.23358610272407532
0.23362472653388977
0.23359456658363342
0.23355725407600403
0.23355922102928162
0.2335156798362732
0.23350892961025238
0.23351654410362244
0.2335439920425415
0.23355941474437714
0.2335202991962433
0.2335040420293808
0.23346629738807678
0.23345716297626495
0.23342879116535187
0.2334197759628296
0.23340046405792236
0.23337818682193756
0.23335720598697662
0.2333659529685974
0.23340755701065063
0.23339775204658508
0.23337046802043915
0.23343662917613983
0.2334040254354477
0.23338469862937927
0.2333434820175171
0.23331518471240997
0.23327672481536865
0.23325851559638977
0.23324988782405853
0.23324927687644958
0.23325081169605255
0.23327884078025818
0.23325946927070618
0.23323290050029755
0.23318488895893097
0.2331734597682953
0.23313908278942108
0.23312637209892273
0.23310688138008118
0.23309430480003357
0.23308080434799194
0.23307785391807556
0.2330581396818161
0.2330482453107834
0.23303206264972687
0.2330857515335083
0.2330399453639984
0.23306576907634735
0.23305383324623108
0.2329919934272766
0.2329922467470169
0.23297367990016937
0.23296651244163513
0.23295173048973083
0.2329150289297104
0.23290716111660004
0.2329234480857849
0.23305675387382507
0.23290587961673737
0.2328617423772812
0.2328340709209442
0.23281040787696838
0.23280712962150574
0.23280222713947296
0.2328237146139145
0.23281332850456238
0.23279152810573578
0.2327941656112671
0.23275388777256012
0.23273563385009766
0.23270659148693085
0.23269841074943542
0.23268094658851624
0.23266950249671936
0.23272329568862915
0.2326485961675644
0.2326429784297943
0.23261703550815582
0.23258744180202484
0.23261034488677979
0.2325853705406189
0.2325776070356369
0.23257701098918915
0.23257361352443695
0.23253607749938965
0.23253843188285828
0.23254099488258362
0.23253288865089417
0.23253068327903748
0.2324908971786499
0.23250336945056915
0.23250770568847656
0.23252549767494202
0.23248881101608276
0.2324867844581604
0.2324935346841812
0.23247073590755463
0.23246461153030396
0.2324545979499817
0.2324647307395935
0.23244668543338776
0.23243696987628937
0.23242613673210144
0.2324209213256836
0.2324104607105255
0.2324133962392807
0.23239901661872864
0.23239009082317352
0.2323848009109497
0.2323799729347229
0.2323840856552124
0.2323797047138214
0.23237697780132294
0.23236283659934998
0.23236925899982452
0.23236680030822754
0.2323686182498932
0.23236726224422455
0.23236390948295593
0.23234085738658905
0.2323419451713562
0.23232829570770264
