0.5062305331230164
0.5342679023742676
0.5669782161712646
0.585669755935669
0.6074766516685486
0.6261682510375977
0.6401869058609009
0.6682242751121521
0.6884735226631165
0.7071651220321655
0.7196261882781982
0.7383177280426025
0.7538940906524658
0.767912745475769
0.777258574962616
0.7850467562675476
0.7881619930267334
0.7975077629089355
0.8037382960319519
0.8084112405776978
0.8130841255187988
0.822429895401001
0.827102780342102
0.8317757248878479
0.8395638465881348
0.8395638465881348
0.8426791429519653
0.8442367315292358
0.8426791429519653
0.8473520278930664
0.8520249128341675
0.8504672646522522
0.8535825610160828
0.8535825610160828
0.8535825610160828
0.8504672646522522
0.8520249128341675
0.8504672646522522
0.855140209197998
0.8535825610160828
0.8520249128341675
0.8535825610160828
0.8535825610160828
0.8582554459571838
0.8566977977752686
0.8598130941390991
0.8582554459571838
0.8582554459571838
0.8598130941390991
0.8598130941390991
0.8598130941390991
0.8629283308982849
0.8644859790802002
0.8644859790802002
0.8660436272621155
0.8660436272621155
0.8676012754440308
0.8676012754440308
0.8676012754440308
0.8660436272621155
0.8660436272621155
0.8660436272621155
0.8629283308982849
0.8676012754440308
0.8676012754440308
0.8691588640213013
0.8738317489624023
0.8738317489624023
0.8722741603851318
0.8722741603851318
0.8722741603851318
0.8738317489624023
0.8738317489624023
0.8722741603851318
0.8722741603851318
0.8722741603851318
0.8722741603851318
0.8707165122032166
0.8722741603851318
0.8722741603851318
0.8722741603851318
0.8707165122032166
0.8707165122032166
0.8707165122032166
0.8707165122032166
0.8707165122032166
0.8722741603851318
0.8707165122032166
0.8722741603851318
0.8722741603851318
0.8722741603851318
0.8722741603851318
0.8738317489624023
0.8738317489624023
0.8738317489624023
0.8769470453262329
0.8738317489624023
0.8738317489624023
0.8753893971443176
0.8738317489624023
0.8753893971443176
0.8753893971443176
0.8800622820854187
0.8800622820854187
0.8785046935081482
0.8753893971443176
0.8738317489624023
0.8753893971443176
0.8753893971443176
0.8769470453262329
0.8753893971443176
0.8738317489624023
0.8738317489624023
0.8738317489624023
0.8753893971443176
0.8753893971443176
0.8753893971443176
0.8769470453262329
0.8785046935081482
0.881619930267334
0.8847352266311646
0.8847352266311646
0.8831775784492493
0.8785046935081482
0.881619930267334
0.8769470453262329
0.8785046935081482
0.8785046935081482
0.8769470453262329
0.8769470453262329
0.8785046935081482
0.8785046935081482
0.8785046935081482
0.8753893971443176
0.8753893971443176
0.8753893971443176
0.8707165122032166
0.8753893971443176
0.8769470453262329
0.8753893971443176
0.8738317489624023
0.8800622820854187
0.8800622820854187
0.8800622820854187
0.8800622820854187
0.8800622820854187
0.881619930267334
0.881619930267334
0.8785046935081482
0.8800622820854187
0.881619930267334
0.8800622820854187
0.881619930267334
0.8831775784492493
0.8831775784492493
0.8831775784492493
0.8847352266311646
0.8862928152084351
0.8862928152084351
0.8847352266311646
0.8847352266311646
0.8831775784492493
0.8847352266311646
0.8862928152084351
0.8878504633903503
0.8862928152084351
0.8894081115722656
0.8909657597541809
0.8909657597541809
0.8909657597541809
0.8862928152084351
0.8831775784492493
0.8847352266311646
0.8862928152084351
0.8878504633903503
0.8878504633903503
0.8878504633903503
0.8862928152084351
0.8878504633903503
0.8878504633903503
0.8894081115722656
0.8894081115722656
0.8894081115722656
0.8894081115722656
0.8862928152084351
0.8847352266311646
0.8862928152084351
0.8878504633903503
0.8862928152084351
0.8894081115722656
0.8909657597541809
0.8909657597541809
0.8909657597541809
0.8940809965133667
0.895638644695282
0.8925233483314514
0.8940809965133667
0.8909657597541809
0.8925233483314514
0.8894081115722656
0.8894081115722656
0.8894081115722656
0.8909657597541809
0.8894081115722656
0.8894081115722656
0.8894081115722656
0.8894081115722656
0.8894081115722656
0.8894081115722656
0.8894081115722656
0.8894081115722656
0.8894081115722656
0.8894081115722656
0.8894081115722656
0.8894081115722656
0.8909657597541809
0.8909657597541809
0.8925233483314514
0.8925233483314514
0.8909657597541809
0.8909657597541809
0.8925233483314514
0.8925233483314514
0.8925233483314514
0.8925233483314514
0.8925233483314514
0.8925233483314514
0.8909657597541809
0.8909657597541809
0.8909657597541809
0.8925233483314514
0.8940809965133667
0.8925233483314514
0.8925233483314514
0.8925233483314514
0.8925233483314514
0.8940809965133667
0.895638644695282
0.895638644695282
0.8971962332725525
0.8940809965133667
0.895638644695282
0.8940809965133667
0.895638644695282
0.895638644695282
0.895638644695282
0.895638644695282
0.8971962332725525
0.8987538814544678
0.895638644695282
0.895638644695282
0.8925233483314514
0.895638644695282
0.8925233483314514
0.8909657597541809
0.8909657597541809
0.8909657597541809
0.8925233483314514
0.8925233483314514
0.8909657597541809
0.8925233483314514
0.8925233483314514
0.8925233483314514
0.8925233483314514
0.895638644695282
0.895638644695282
0.895638644695282
0.895638644695282
0.8971962332725525
0.895638644695282
0.8940809965133667
0.8940809965133667
0.8940809965133667
0.895638644695282
0.895638644695282
0.8940809965133667
0.8925233483314514
0.8940809965133667
0.8940809965133667
0.8940809965133667
0.895638644695282
0.8940809965133667
0.8940809965133667
0.8971962332725525
0.9003115296363831
0.9003115296363831
0.9003115296363831
0.9003115296363831
0.9003115296363831
0.8971962332725525
0.8971962332725525
0.8971962332725525
0.8987538814544678
0.8971962332725525
0.8971962332725525
0.8987538814544678
0.895638644695282
0.8971962332725525
0.8971962332725525
0.8987538814544678
0.895638644695282
0.895638644695282
0.8925233483314514
0.8940809965133667
0.8925233483314514
0.8925233483314514
0.8925233483314514
0.8925233483314514
0.8940809965133667
0.8971962332725525
0.8971962332725525
0.8987538814544678
0.8987538814544678
0.8987538814544678
0.8987538814544678
0.8987538814544678
0.8987538814544678
0.8987538814544678
0.8987538814544678
0.8987538814544678
0.9003115296363831
0.8987538814544678
0.8971962332725525
0.8971962332725525
0.8971962332725525
0.8971962332725525
0.8987538814544678
0.8987538814544678
0.8987538814544678
0.8971962332725525
0.8971962332725525
0.8971962332725525
0.8971962332725525
0.8971962332725525
0.8971962332725525
0.8971962332725525
0.8971962332725525
0.8971962332725525
0.8971962332725525
0.8971962332725525
0.8971962332725525
0.8971962332725525
0.8971962332725525
0.8971962332725525
0.8971962332725525
0.8971962332725525
0.8971962332725525
0.895638644695282
0.895638644695282
0.895638644695282
0.895638644695282
0.895638644695282
0.9003115296363831
0.9003115296363831
0.9003115296363831
0.9003115296363831
0.9018691778182983
0.9003115296363831
0.8987538814544678
0.8987538814544678
0.8987538814544678
0.9003115296363831
0.9003115296363831
0.9003115296363831
0.9003115296363831
0.9003115296363831
0.8987538814544678
0.8987538814544678
0.8987538814544678
0.9003115296363831
0.9003115296363831
0.8987538814544678
0.9003115296363831
0.9003115296363831
0.8987538814544678
0.8987538814544678
0.9018691778182983
0.9018691778182983
0.9034267663955688
0.9003115296363831
0.9018691778182983
0.9003115296363831
0.9003115296363831
0.9003115296363831
0.9003115296363831
0.9018691778182983
0.9034267663955688
0.9034267663955688
0.9034267663955688
0.9034267663955688
0.9034267663955688
0.9034267663955688
0.9034267663955688
0.9034267663955688
0.9034267663955688
0.9018691778182983
0.9034267663955688
0.9034267663955688
0.9034267663955688
0.9034267663955688
0.9018691778182983
0.9018691778182983
0.9003115296363831
0.9003115296363831
0.9003115296363831
0.9003115296363831
0.9003115296363831
0.9018691778182983
0.9018691778182983
0.9018691778182983
0.9018691778182983
0.9018691778182983
0.9049844145774841
0.9049844145774841
0.9049844145774841
0.9034267663955688
0.9034267663955688
0.9034267663955688
0.9034267663955688
0.9034267663955688
0.9018691778182983
0.9003115296363831
0.9018691778182983
0.9018691778182983
0.9018691778182983
0.9003115296363831
0.9003115296363831
0.9003115296363831
0.9003115296363831
0.9003115296363831
0.9003115296363831
0.9003115296363831
0.9003115296363831
0.9003115296363831
0.9003115296363831
0.9003115296363831
0.9003115296363831
0.9003115296363831
0.9018691778182983
0.9018691778182983
0.9018691778182983
0.9018691778182983
0.9034267663955688
0.9034267663955688
0.9034267663955688
0.9034267663955688
0.9034267663955688
0.9034267663955688
0.9034267663955688
0.9034267663955688
0.9034267663955688
0.9034267663955688
0.9034267663955688
0.9034267663955688
0.9034267663955688
0.9018691778182983
0.9018691778182983
0.9018691778182983
0.9018691778182983
0.9018691778182983
0.9018691778182983
0.9018691778182983
0.9018691778182983
0.9034267663955688
0.9034267663955688
0.9018691778182983
0.9034267663955688
0.9034267663955688
0.9034267663955688
0.9034267663955688
0.9034267663955688
0.9034267663955688
0.9034267663955688
0.9034267663955688
0.9018691778182983
0.9018691778182983
0.9018691778182983
0.9018691778182983
0.9018691778182983
0.9018691778182983
0.9018691778182983
0.9018691778182983
0.9018691778182983
0.9018691778182983
0.9018691778182983
0.9003115296363831
0.9018691778182983
0.9018691778182983
0.9018691778182983
0.9018691778182983
0.9018691778182983
0.9018691778182983
0.9018691778182983
0.9018691778182983
0.9018691778182983
0.9018691778182983
0.9018691778182983
0.9018691778182983
0.9018691778182983
0.9018691778182983
0.9018691778182983
0.9018691778182983
0.9018691778182983
0.9018691778182983
0.9018691778182983
0.9018691778182983
0.9018691778182983
0.9018691778182983
0.9018691778182983
0.9018691778182983
0.9003115296363831
0.9003115296363831
0.9003115296363831
0.9003115296363831
0.9018691778182983
0.9018691778182983
0.9003115296363831
0.9003115296363831
0.9003115296363831
0.9018691778182983
0.9034267663955688
0.9034267663955688
0.9034267663955688
0.9034267663955688
0.9034267663955688
0.9034267663955688
0.9034267663955688
0.9034267663955688
0.9018691778182983
0.9018691778182983
0.9018691778182983
0.9034267663955688
0.9034267663955688
0.9034267663955688
0.9034267663955688
0.9034267663955688
0.9034267663955688
0.9034267663955688
0.9034267663955688
0.9034267663955688
0.9034267663955688
0.9034267663955688
0.9018691778182983
0.9018691778182983
0.9034267663955688
0.9034267663955688
0.9034267663955688
0.9018691778182983
0.9018691778182983
0.9018691778182983
0.9018691778182983
0.9018691778182983
0.9018691778182983
0.9018691778182983
0.9018691778182983
0.9018691778182983
0.9018691778182983
0.9018691778182983
0.9018691778182983
0.9018691778182983
0.9018691778182983
0.9018691778182983
0.9018691778182983
0.9018691778182983
0.9018691778182983
0.9018691778182983
0.9034267663955688
0.9034267663955688
0.9018691778182983
0.9018691778182983
0.9018691778182983
0.9034267663955688
0.9034267663955688
0.9018691778182983
0.9018691778182983
0.9018691778182983
0.9018691778182983
0.9034267663955688
0.9034267663955688
0.9034267663955688
0.9034267663955688
0.9018691778182983
0.9034267663955688
0.9034267663955688
0.9034267663955688
0.9034267663955688
0.9018691778182983
0.9034267663955688
0.9034267663955688
0.9034267663955688
0.9034267663955688
0.9034267663955688
0.9034267663955688
0.9034267663955688
0.9018691778182983
0.9018691778182983
0.9018691778182983
0.9018691778182983
0.9018691778182983
0.9018691778182983
0.9018691778182983
0.9018691778182983
0.9018691778182983
