0.7937802672386169
0.5625002384185791
0.46714478731155396
0.41698986291885376
0.39035388827323914
0.3655371069908142
0.34614500403404236
0.3293706476688385
0.3180709183216095
0.3065985143184662
0.2982797622680664
0.29450303316116333
0.2860220968723297
0.28225839138031006
0.2745996415615082
0.2704313397407532
0.26582929491996765
0.2618703246116638
0.2574594020843506
0.25367242097854614
0.24846473336219788
0.25026804208755493
0.24503229558467865
0.23790384829044342
0.23440659046173096
0.22950342297554016
0.22754500806331635
0.22534091770648956
0.21957729756832123
0.21792182326316833
0.21278589963912964
0.21009106934070587
0.21065224707126617
0.2064298540353775
0.2030949741601944
0.1981137990951538
0.19451792538166046
0.19042392075061798
0.20333191752433777
0.19844850897789001
0.20781080424785614
0.2195838838815689
0.19648809731006622
0.18360762298107147
0.1791522353887558
0.17392578721046448
0.17011670768260956
0.1688862442970276
0.16874748468399048
0.16087204217910767
0.17001540958881378
0.16356785595417023
0.15392296016216278
0.16043804585933685
0.15144814550876617
0.1493000090122223
0.14235320687294006
0.14089691638946533
0.13738788664340973
0.1348218321800232
0.1314677596092224
0.1302594691514969
0.12865151464939117
0.12485987693071365
0.1209951639175415
0.11842869967222214
0.11700097471475601
0.11495938152074814
0.11293700337409973
0.1146889328956604
0.10889249294996262
0.10751564800739288
0.10298893600702286
0.10377506166696548
0.09873048961162567
0.09577582776546478
0.0925683081150055
0.09131796658039093
0.08731826394796371
0.08592458814382553
0.08319307863712311
0.08943309634923935
0.08454561978578568
0.07834149897098541
0.073867566883564
0.07362601161003113
0.06927918642759323
0.06882087886333466
0.06855036318302155
0.1380288004875183
0.10877379775047302
0.09285177290439606
0.07215020805597305
0.06330565363168716
0.059538885951042175
0.05662774294614792
0.054779570549726486
0.05334406718611717
0.05172407999634743
0.04782223701477051
0.046398237347602844
0.0445777103304863
0.043698281049728394
0.04396933317184448
0.04660870507359505
0.04392435401678085
0.04378417879343033
0.04492005705833435
0.04226699844002724
0.0361725315451622
0.0364069789648056
0.03425294905900955
0.03497849404811859
0.034032415598630905
0.03139366954565048
0.030239613726735115
0.030844857916235924
0.029254797846078873
0.027881301939487457
0.028025826439261436
0.02663050778210163
0.024342501536011696
0.024269279092550278
0.02349557727575302
0.021972497925162315
0.021525263786315918
0.021488266065716743
0.021014956757426262
0.020377956330776215
0.020311428233981133
0.019872238859534264
0.019423799589276314
0.01902334950864315
0.01981571689248085
0.01958526112139225
0.019504975527524948
0.018545396625995636
0.01772221550345421
0.018566884100437164
0.052112169563770294
0.027837203815579414
0.02218572609126568
0.019005008041858673
0.017416950315237045
0.01660972833633423
0.01597648300230503
0.01557110995054245
0.015257233753800392
0.01599743589758873
0.0156043516471982
0.01496382150799036
0.014729145914316177
0.014221438206732273
0.013916881754994392
0.013548084534704685
0.013414256274700165
0.013029168359935284
0.012836246751248837
0.012712321244180202
0.012381517328321934
0.012234196998178959
0.012284758500754833
0.01177622564136982
0.011666074395179749
0.01138710230588913
0.011173902079463005
0.011023442260921001
0.011599753983318806
0.011445782147347927
0.010901815257966518
0.010705281980335712
0.010574323125183582
0.010160055942833424
0.010053378529846668
0.009836318902671337
0.00975107029080391
0.010216387920081615
0.010076391510665417
0.009617664851248264
0.009352737106382847
0.009060950018465519
0.009030362591147423
0.008989407680928707
0.00878935493528843
0.009045478887856007
0.0084155835211277
0.00841022189706564
0.00830080732703209
0.008158105425536633
0.007944497279822826
0.007934685796499252
0.007655024994164705
0.00764460489153862
0.007474236655980349
0.007446430157870054
0.007675222121179104
0.007211482618004084
0.00723991496488452
0.009210102260112762
0.008526097983121872
0.007449875585734844
0.009531823918223381
0.009139441885054111
0.007929319515824318
0.00736794900149107
0.006898393388837576
0.006960415747016668
0.006840995512902737
0.006380950100719929
0.006407085806131363
0.006024006754159927
0.006062805186957121
0.005882555618882179
0.0057966019958257675
0.005944717209786177
0.0058091795071959496
0.005562172271311283
0.005543114151805639
0.005463842302560806
0.0054846215061843395
0.005568827502429485
0.005329597275704145
0.005161465145647526
0.005232674535363913
0.005131442099809647
0.005132971331477165
0.005041525233536959
0.0049608186818659306
0.004873060155659914
0.004865764640271664
0.004819677211344242
0.004774467553943396
0.0047257402911782265
0.004710235632956028
0.004641681909561157
0.004692612681537867
0.004715705756098032
0.004670294467359781
0.004582666791975498
0.004561091307550669
0.0063536930829286575
0.01072910986840725
0.0084303617477417
0.00694994255900383
0.005596598144620657
0.005074844229966402
0.00458968710154295
0.004525269381701946
0.004474205896258354
0.005440546199679375
0.006027396768331528
0.005254943389445543
0.004737779963761568
0.004449947737157345
0.004259692505002022
0.004164197016507387
0.004114357754588127
0.004088317044079304
0.0040256911888718605
0.003943624906241894
0.003971554338932037
0.0039116088300943375
0.004595308098942041
0.0044798292219638824
0.006382264196872711
0.009446377865970135
0.004661813843995333
0.0052538076415658
0.004280205350369215
0.0039939116686582565
0.0039067864418029785
0.003811288857832551
0.003725584829226136
0.0036701508797705173
0.0036129257641732693
0.0035544882994145155
0.0035409664269536734
0.0034956587478518486
0.003464947221800685
0.003455389989539981
0.003399068722501397
0.003425599541515112
0.0035579840186983347
0.0034443805925548077
0.003373092506080866
0.0033419132232666016
0.003254974726587534
0.003337762551382184
0.0032952975016087294
0.0032124982681125402
0.003184135537594557
0.0031473543494939804
0.0031343435402959585
0.003112430451437831
0.0030662643257528543
0.0030522423330694437
0.003052238840609789
0.0030302531085908413
0.002987528918311
0.0029633508529514074
0.002956704469397664
0.002923050196841359
0.0032630411442369223
0.003875491674989462
0.004163217265158892
0.006230954546481371
0.004283443558961153
0.0035922315437346697
0.00308156106621027
0.002909901086241007
0.0028424011543393135
0.0027997067663818598
0.0027935542166233063
0.002806119853630662
0.002732358407229185
0.0026804341468960047
0.002643199171870947
0.0026217543054372072
0.0025979005731642246
0.002604807261377573
0.0025551305152475834
0.002585164736956358
0.0026031145825982094
0.00253815739415586
0.0024920478463172913
0.0024882371071726084
0.0024611130356788635
0.00245859008282423
0.002452683635056019
0.0024372655898332596
0.002420801902189851
0.002410206478089094
0.002398477867245674
0.0023965106811374426
0.0024244780652225018
0.002423618221655488
0.002396324882283807
0.002389430534094572
0.002380847465246916
0.002361343242228031
0.0023330135736614466
0.0023263704497367144
0.002305877162143588
0.0023328023962676525
0.0023186192847788334
0.002294882433488965
0.0022756592370569706
0.002283293753862381
0.0022520299535244703
0.0022434655111283064
0.0022320470307022333
0.002225126838311553
0.002221078611910343
0.002206250326707959
0.0021954036783427
0.0021919349674135447
0.002190920989960432
0.0021798021625727415
0.0021824438590556383
0.0021767355501651764
0.002158581744879484
0.002153319539502263
0.002143286867067218
0.0021356428042054176
0.0021225805394351482
0.002116346498951316
0.0021048723720014095
0.0020962986163794994
0.0020868792198598385
0.0020816128235310316
0.002070313785225153
0.002079695463180542
0.002073934068903327
0.0020538971293717623
0.002063936786726117
0.0020926205907016993
0.0020704411435872316
0.0020441527012735605
0.0020301383920013905
0.002015534322708845
0.002000897889956832
0.0020085859578102827
0.0019933858420699835
0.0019929781556129456
0.0019922994542866945
0.0019830940291285515
0.0019622696563601494
0.0019618533551692963
0.001972348429262638
0.0019537461921572685
0.0019602798856794834
0.0019465432269498706
0.0019225099822506309
0.0019098857883363962
0.0019032639684155583
0.0018972345860674977
0.0019077396718785167
0.0018824320286512375
0.00187004916369915
0.0018689216813072562
0.0018627862446010113
0.001854820060543716
0.001839778502471745
0.0018487373599782586
0.0018414034275338054
0.001816942123696208
0.0018127185758203268
0.00180436996743083
0.0017997444374486804
0.0017885352717712522
0.0018484090687707067
0.001877023372799158
0.001852273941040039
0.0017930010799318552
0.001765248947776854
0.0017674595583230257
0.0017427022103220224
0.0017296792939305305
0.0017304037464782596
0.0017193007515743375
0.0017267961520701647
0.002450006315484643
0.00443664938211441
0.0025676549412310123
0.0019934370648115873
0.00191449502017349
0.001849029096774757
0.0018019173294305801
0.0017747750971466303
0.0017545173177495599
0.0017305915243923664
0.001817014766857028
0.001958519918844104
0.0019409649539738894
0.0018706421833485365
0.0017782277427613735
0.0017504573334008455
0.0017260282766073942
0.0017099764663726091
0.0016886154189705849
0.0016828961670398712
0.0016830394743010402
0.0016703126020729542
0.0016589077422395349
0.0016510137356817722
0.0016439756145700812
0.0016447958769276738
0.0016593642067164183
0.0016498430632054806
0.0016319873975589871
0.0016211490146815777
0.0016132206656038761
0.001607678597792983
0.0016022068448364735
0.0015987865626811981
0.0015916459960862994
0.0015884977765381336
0.0015865371096879244
0.001578926807269454
0.0015758353983983397
0.0015710421139374375
0.0015715925255790353
0.001577222254127264
0.0015672413865104318
0.0015624514780938625
0.0015597267774865031
0.0015546852955594659
0.0015463449526578188
0.0015403153374791145
0.0015565648209303617
0.0015542092733085155
0.0015433686785399914
0.0015349882887676358
0.0015256706392392516
0.0015205936506390572
0.0015177222667261958
0.0015138521557673812
0.0015116074355319142
0.0015064869076013565
0.00150115299038589
0.0014973982470110059
0.0014899225207045674
0.0015004168963059783
0.0014943454880267382
0.0014893567422404885
0.0014812835725024343
0.001477411831729114
0.0014778249897062778
0.0014695990830659866
0.0014675718266516924
0.0014611430233344436
0.0014611639780923724
0.0014595149550586939
0.0014729215763509274
0.001459420775063336
0.0014522252604365349
0.0014467857545241714
0.001439594547264278
0.001435315003618598
0.001434344332665205
0.0014275704743340611
0.0014267382211983204
0.00142631062772125
0.0014220122247934341
0.0014198137214407325
0.0014112709322944283
0.0014097304083406925
0.0014030663296580315
0.0013984234537929296
0.0013987303245812654
0.0013895073207095265
0.0013881309423595667
0.0013848647940903902
0.0013847826048731804
0.0013807209907099605
0.0013765234034508467
0.001376134343445301
0.0013650383334606886
0.0013645815197378397
0.001362304319627583
0.0013630548492074013
0.0013579872902482748
0.001350772799924016
0.001355901826173067
0.0013512602308765054
0.0013465567026287317
0.0013428846141323447
0.0013398223090916872
0.001337954425252974
0.0013363694306463003
0.0013341768644750118
0.0013331474037840962
0.001330754836089909
0.0013290077913552523
0.001325147575698793
0.0013240935513749719
0.0013213737402111292
0.001319216680712998
0.0013171422760933638
0.0013193218037486076
0.0013199984095990658
0.0013156753266230226
0.0013197078369557858
0.0013309443602338433
0.0013247377937659621
0.0013220752589404583
0.0013725395547226071
0.0014221767196431756
0.0014395798789337277
0.0014239210868254304
0.0013960918877273798
0.0013553001917898655
0.0013331304071471095
0.0013233619974926114
0.0013081181095913053
0.0013027864042669535
0.0013012122362852097
0.0012936656130477786
0.001290480955503881
0.001286358223296702
0.0012851125793531537
0.0012766302097588778
0.0012785218423232436
0.0012762726983055472
0.001274698763154447
0.0012719101505354047
0.0012722709216177464
0.0012658083578571677
0.0012641714420169592
0.0012517222203314304
0.0012585000367835164
0.0012558335438370705
0.001253842143341899
0.0012527115177363157
0.0012486670166254044
0.0012466959888115525
0.00124560936819762
0.0012421354185789824
0.0012416774407029152
0.0012379640247672796
0.0012348488671705127
0.0012333275517448783
0.0012308129807934165
0.0012293283361941576
0.0012270250590518117
0.0012273904867470264
0.0012248210841789842
0.0012251697480678558
0.0012312625767663121
0.0012268321588635445
0.0012237838236615062
0.001220859820023179
0.0012166292872279882
0.0012149731628596783
0.0012118981685489416
0.001211394788697362
0.001207062159664929
0.001204597414471209
0.0012023119488731027
0.0012024312745779753
0.001201041042804718
