0.5849457383155823
0.4318450689315796
0.39515259861946106
0.3663799464702606
0.34791290760040283
0.336332768201828
0.3248669505119324
0.3164808750152588
0.31093481183052063
0.30388563871383667
0.2946503162384033
0.2899341583251953
0.2870158851146698
0.27973875403404236
0.2753780782222748
0.2646355926990509
0.2806203365325928
0.2780075669288635
0.26170599460601807
0.2567390501499176
0.24958057701587677
0.2470451146364212
0.2536052167415619
0.2439333200454712
0.25399890542030334
0.2413249909877777
0.23715119063854218
0.2314934879541397
0.22499345242977142
0.22335252165794373
0.22347865998744965
0.227258563041687
0.23326754570007324
0.23280175030231476
0.21741822361946106
0.21252533793449402
0.20880845189094543
0.20620179176330566
0.2045985609292984
0.20618195831775665
0.20034055411815643
0.20533843338489532
0.21139341592788696
0.19797489047050476
0.19341713190078735
0.19021664559841156
0.1861196905374527
0.18236523866653442
0.18038612604141235
0.17741353809833527
0.17658652365207672
0.17375138401985168
0.17238949239253998
0.16951709985733032
0.16659782826900482
0.16269363462924957
0.1617717742919922
0.16033393144607544
0.159480020403862
0.16136547923088074
0.17016245424747467
0.16696657240390778
0.1570422500371933
0.15226635336875916
0.15107989311218262
0.1464637964963913
0.1426323652267456
0.1486140489578247
0.1770809143781662
0.15378513932228088
0.147506982088089
0.13879285752773285
0.13292619585990906
0.13140606880187988
0.12983231246471405
0.1262824982404709
0.12333595752716064
0.12074926495552063
0.11879144608974457
0.12016341835260391
0.11613156646490097
0.12185582518577576
0.11493391543626785
0.11054918169975281
0.11077411472797394
0.1356925517320633
0.1157691702246666
0.11032944917678833
0.10258639603853226
0.10023526102304459
0.09855233877897263
0.09970387816429138
0.09796407073736191
0.09398124366998672
0.09170275181531906
0.08884469419717789
0.10842060297727585
0.09243200719356537
0.08886321634054184
0.08369117230176926
0.08266742527484894
0.07861462980508804
0.07710526883602142
0.07653302699327469
0.075785331428051
0.07239291071891785
0.07844970375299454
0.0746694803237915
0.07344236224889755
0.07100171595811844
0.06720620393753052
0.06806439906358719
0.06637011468410492
0.06313997507095337
0.0612712986767292
0.062479760497808456
0.06030268222093582
0.05709119141101837
0.05539437010884285
0.05450737848877907
0.05400772765278816
0.052627161145210266
0.05188312008976936
0.05225546285510063
0.05159670487046242
0.05023564025759697
0.0510723739862442
0.05612217262387276
0.050282061100006104
0.05000575631856918
0.04859616607427597
0.0466170459985733
0.05422106757760048
0.04781205207109451
0.04663226008415222
0.045596666634082794
0.044515855610370636
0.04381714388728142
0.04322058707475662
0.04258498176932335
0.041911181062459946
0.040845416486263275
0.0404132641851902
0.040618784725666046
0.039476506412029266
0.03883339837193489
0.03962986171245575
0.03977341949939728
0.03787098079919815
0.037554383277893066
0.03875086084008217
0.03641718998551369
0.03639787808060646
0.035587895661592484
0.034830063581466675
0.034861162304878235
0.034310232847929
0.033672161400318146
0.033598631620407104
0.057164669036865234
0.04007153585553169
0.0367143489420414
0.036178428679704666
0.034046173095703125
0.033135369420051575
0.03181762248277664
0.031195908784866333
0.03041647933423519
0.02964896522462368
0.029659679159522057
0.02894551493227482
0.030897600576281548
0.029343124479055405
0.028469450771808624
0.02769480086863041
0.026951944455504417
0.02667013183236122
0.026411905884742737
0.026206834241747856
0.025670187547802925
0.025202855467796326
0.02561855874955654
0.025248482823371887
0.024609200656414032
0.04250974953174591
0.034181300550699234
0.029580844566226006
0.025580570101737976
0.03381893411278725
0.03041410632431507
0.027332032099366188
0.02391507849097252
0.023364149034023285
0.02237236313521862
0.022008225321769714
0.021686440333724022
0.021263180300593376
0.020947981625795364
0.020692257210612297
0.021242652088403702
0.020915020257234573
0.02034965343773365
0.020153086632490158
0.019841393455863
0.01917220838367939
0.01896473951637745
0.018528424203395844
0.018577057868242264
0.023155709728598595
0.01992039382457733
0.01922079175710678
0.018181130290031433
0.017764417454600334
0.017258353531360626
0.017589516937732697
0.016595428809523582
0.016664886847138405
0.016290750354528427
0.015950698405504227
0.01582317426800728
0.015692688524723053
0.015572779811918736
0.015506762079894543
0.015479250811040401
0.015209927223622799
0.015138775110244751
0.015093890018761158
0.014957270585000515
0.014876557514071465
0.01476543489843607
0.014757328666746616
0.01458466611802578
0.01451515220105648
0.014407724142074585
0.014356357976794243
0.014213694259524345
0.01412668451666832
0.014012917876243591
0.014081005938351154
0.014379371888935566
0.014270867221057415
0.013849141076207161
0.013647982850670815
0.013553684577345848
0.013488329946994781
0.01342024002224207
0.013234809972345829
0.013175309635698795
0.013054066337645054
0.013212940655648708
0.013108843006193638
0.012907330878078938
0.012970460578799248
0.012775987386703491
0.012689798139035702
0.012600783258676529
0.01244352851063013
0.012390658259391785
0.012316863983869553
0.012266003526747227
0.012236806564033031
0.012034058570861816
0.012103031389415264
0.011990483850240707
0.012006741017103195
0.012119274586439133
0.011909096501767635
0.011712593957781792
0.011634450405836105
0.011619077064096928
0.011542946100234985
0.01158064417541027
0.011700875125825405
0.011493692174553871
0.011286230757832527
0.011268272995948792
0.011201574467122555
0.011393927969038486
0.011044301092624664
0.0110813332721591
0.010834446176886559
0.010688148438930511
0.01055650319904089
0.010531735606491566
0.010408887639641762
0.010676411911845207
0.010615968145430088
0.0103089464828372
0.010194998234510422
0.01027117483317852
0.010453260503709316
0.010290008969604969
0.010180642828345299
0.009923259727656841
0.009762618690729141
0.009700908325612545
0.009559235535562038
0.009582939557731152
0.009395688772201538
0.00942477211356163
0.009259379468858242
0.0092594800516963
0.009298139251768589
0.009507541544735432
0.009213481098413467
0.009150820784270763
0.009036144241690636
0.00903259962797165
0.009065180085599422
0.008910576812922955
0.008759288117289543
0.00868867989629507
0.008608642965555191
0.008527313359081745
0.00846873689442873
0.008410314098000526
0.00870401132851839
0.011111356317996979
0.009854600764811039
0.008920845575630665
0.008879241533577442
0.008574135601520538
0.008421598933637142
0.00832715630531311
0.008263659663498402
0.008160222321748734
0.00811342615634203
0.008027725853025913
0.007989291101694107
0.007963388226926327
0.007985913194715977
0.007969146594405174
0.007869758643209934
0.0078054871410131454
0.0078096515499055386
0.0077371434308588505
0.007715633604675531
0.007659969851374626
0.007641141768544912
0.007589871063828468
0.007558593992143869
0.0075491052120924
0.007503459230065346
0.007467267103493214
0.0074567594565451145
0.007423706818372011
0.007398169953376055
0.007343078963458538
0.007325389422476292
0.0072797746397554874
0.007263762876391411
0.00723098311573267
0.007281074766069651
0.0072140879929065704
0.007176199462264776
0.007131034508347511
0.00709653040394187
0.007067494094371796
0.007079307921230793
0.00702390493825078
0.006994510535150766
0.0070368945598602295
0.007022966165095568
0.006968732923269272
0.0069594429805874825
0.006995942443609238
0.006860370747745037
0.006854564417153597
0.006785139441490173
0.0067646438255906105
0.006733650807291269
0.006702795159071684
0.006663287524133921
0.006647976581007242
0.006624707020819187
0.006606411654502153
0.006568250712007284
0.006550583988428116
0.006792278029024601
0.0089550307020545
0.007810938637703657
0.0071555981412529945
0.006648197304457426
0.006536060478538275
0.006440399680286646
0.006388145964592695
0.006349814590066671
0.006322952918708324
0.006298649590462446
0.006259073503315449
0.006249591708183289
0.006193181499838829
0.006236898712813854
0.0062162503600120544
0.006290921475738287
0.006314130499958992
0.0062300763092935085
0.006164200138300657
0.006090603768825531
0.006046083755791187
0.006028464995324612
0.006033992860466242
0.006015701685100794
0.006016882602125406
0.0059472545981407166
0.00587507477030158
0.005866675637662411
0.005845468956977129
0.0058124857023358345
0.005812466610223055
0.005775352008640766
0.005749813746660948
0.005710932891815901
0.005680517293512821
0.005674529355019331
0.005715582054108381
0.005746846087276936
0.005672901403158903
0.005635252222418785
0.005613320507109165
0.005598715506494045
0.005589742679148912
0.005566995125263929
0.00553846824914217
0.005552670452743769
0.005647086072713137
0.005639619193971157
0.005578924436122179
0.00552293099462986
0.005499210208654404
0.00550387566909194
0.005510238464921713
0.005478600971400738
0.005446089431643486
0.005437713582068682
0.005446442402899265
0.005477218423038721
0.005412353202700615
0.005367077421396971
0.005346108227968216
0.005338636226952076
0.005313377361744642
0.005322437267750502
0.005335929803550243
0.005282920319586992
0.0052682277746498585
0.005262330174446106
0.005245445296168327
0.005246681626886129
0.005227929912507534
0.005238060373812914
0.0052399346604943275
0.0052145542576909065
0.005197367165237665
0.005232078954577446
0.005361547227948904
0.005334199871867895
0.005273741669952869
0.005215574987232685
0.005189866293221712
0.005158703774213791
0.0051282308995723724
0.005103618372231722
0.005186425521969795
0.0052919513545930386
0.005234206560999155
0.005150124430656433
0.005108403507620096
0.005046315956860781
0.0050245625898242
0.004994238261133432
0.004988931585103273
0.004976946860551834
0.005082137882709503
0.00503961369395256
0.004973855335265398
0.0049439528957009315
0.004951633047312498
0.004937825258821249
0.00489535229280591
0.004872464574873447
0.004858190659433603
0.004840523470193148
0.004828282631933689
0.004822364076972008
0.0048428731970489025
0.004865594673901796
0.004814335610717535
0.004775611218065023
0.004774159751832485
0.004749936517328024
0.004772001877427101
0.004785210359841585
0.004760849289596081
0.004745259415358305
0.004715694580227137
0.005259186495095491
0.0052768634632229805
0.005051989573985338
0.004903303924947977
0.004767978563904762
0.00470392731949687
0.0046737827360630035
0.00465406896546483
0.0046247271820902824
0.0045974962413311005
0.004584365990012884
0.004556950181722641
0.004674901254475117
0.0048098573461174965
0.004725727718323469
0.004640007391571999
0.004599674139171839
0.004552372731268406
0.0045277331955730915
0.0045047951862216
0.004490298219025135
0.004471621010452509
0.004441987257450819
0.004437633324414492
0.004435323178768158
0.004424051847308874
0.004415358416736126
0.0044070142321288586
0.004400863312184811
0.004402215592563152
0.004412919748574495
0.004404300823807716
0.004393838346004486
0.004406895954161882
0.004388699308037758
0.0043746428564190865
0.004367139656096697
0.004357762634754181
0.0043571628630161285
0.0043520452454686165
0.0043420568108558655
0.004330984316766262
0.004317291546612978
0.004312039352953434
0.0043074218556284904
0.004301514942198992
0.0042938110418617725
0.004294295329600573
0.004285208880901337
0.004288567695766687
0.00427299365401268
0.004260878078639507
0.004254674073308706
0.0042477198876440525
0.0042469254694879055
0.0042400723323225975
0.0042319647036492825
0.00424604956060648
0.004246239550411701
0.0042371503077447414
0.004220318049192429
0.004210927523672581
0.004209642298519611
0.004204424563795328
0.004196630325168371
0.004187155049294233
0.004180216696113348
0.0041734580881893635
0.004192892462015152
0.00419159559533
0.004169721156358719
0.004163667559623718
0.004143967758864164
0.004142674617469311
0.004138560499995947
0.004150301683694124
0.0041356924921274185
0.004126595798879862
0.004175374284386635
0.004274176899343729
0.00426148809492588
0.004229926969856024
0.00418844586238265
0.004176439717411995
0.0041520483791828156
0.004118580371141434
0.004103679675608873
0.004082286264747381
0.004080106969922781
0.004084283486008644
0.004071966279298067
0.004057697951793671
0.004041696898639202
0.004047747701406479
0.004037654958665371
0.004028414376080036
0.00402130838483572
0.004019749350845814
0.004016017075628042
0.004005712457001209
0.00399829400703311
0.003993257414549589
0.004009638447314501
0.003991646692156792
0.003978857304900885
