0.6579492092132568
0.6345301270484924
0.6110833287239075
0.5859467387199402
0.5569213628768921
0.5228172540664673
0.4852636754512787
0.4512594938278198
0.425083726644516
0.4062446653842926
0.3920982778072357
0.38173720240592957
0.37351399660110474
0.3666140139102936
0.3653985261917114
0.362383633852005
0.3555094003677368
0.34932559728622437
0.3450545072555542
0.3440742492675781
0.3445729911327362
0.34070831537246704
0.3333817422389984
0.3309759199619293
0.32850053906440735
0.3254361152648926
0.3233737647533417
0.31998273730278015
0.3177780508995056
0.31517350673675537
0.3139567971229553
0.3132264018058777
0.3100993037223816
0.3089555501937866
0.310323566198349
0.30683988332748413
0.3028263449668884
0.29949474334716797
0.2979363203048706
0.29699552059173584
0.294472336769104
0.29380980134010315
0.2901337146759033
0.289163738489151
0.28683042526245117
0.2889954149723053
0.2886183261871338
0.2832486033439636
0.2791061997413635
0.27766621112823486
0.27463483810424805
0.2733723223209381
0.2727053463459015
0.2759063243865967
0.2741425335407257
0.26950377225875854
0.26753801107406616
0.26633599400520325
0.2659772038459778
0.2646214962005615
0.2628811001777649
0.2634448707103729
0.259676992893219
0.25775814056396484
0.25581619143486023
0.2535017728805542
0.2527564764022827
0.2508496642112732
0.24927841126918793
0.24757839739322662
0.24644306302070618
0.2452692836523056
0.24407850205898285
0.24226830899715424
0.2435353845357895
0.24170751869678497
0.23830977082252502
0.237344428896904
0.23606161773204803
0.23463782668113708
0.23660145699977875
0.2541591227054596
0.24596616625785828
0.23305825889110565
0.2340604066848755
0.23076258599758148
0.2343580275774002
0.23794351518154144
0.22813104093074799
0.2305285483598709
0.2287805676460266
0.225965216755867
0.22111442685127258
0.21987910568714142
0.218170166015625
0.21581855416297913
0.2142101526260376
0.21258097887039185
0.21110977232456207
0.21233446896076202
0.21422676742076874
0.21095696091651917
0.21381734311580658
0.21705248951911926
0.20845091342926025
0.2090916782617569
0.21292732656002045
0.20903107523918152
0.20492510497570038
0.2029372900724411
0.2006840705871582
0.1991705447435379
0.19642986357212067
0.19643503427505493
0.1937577724456787
0.19216561317443848
0.19150006771087646
0.18909166753292084
0.18938066065311432
0.19376179575920105
0.19447508454322815
0.18848556280136108
0.18520863354206085
0.18532389402389526
0.18492470681667328
0.1826980859041214
0.18223123252391815
0.179615780711174
0.18066346645355225
0.18085026741027832
0.1813521832227707
0.18045605719089508
0.17778712511062622
0.176481232047081
0.17629708349704742
0.17315132915973663
0.1720866858959198
0.17013728618621826
0.17294622957706451
0.16983433067798615
0.173809215426445
0.171835258603096
0.1682523936033249
0.16627375781536102
0.16359394788742065
0.1735583394765854
0.18305779993534088
0.16777074337005615
0.16190668940544128
0.15879404544830322
0.15671460330486298
0.1648724526166916
0.16255085170269012
0.16178834438323975
0.16123934090137482
0.1593325138092041
0.15394558012485504
0.1535104513168335
0.15191707015037537
0.15030597150325775
0.15181371569633484
0.1545599400997162
0.1526934802532196
0.15007959306240082
0.14572365581989288
0.14380595088005066
0.14541426301002502
0.1447022408246994
0.15436144173145294
0.1506490260362625
0.14353683590888977
0.14047764241695404
0.1390724927186966
0.13702058792114258
0.13596950471401215
0.1345416009426117
0.13301552832126617
0.1432095468044281
0.15567053854465485
0.1457706093788147
0.13591539859771729
0.13241790235042572
0.1295502483844757
0.12836559116840363
0.12728318572044373
0.12682554125785828
0.12871217727661133
0.12721654772758484
0.12540902197360992
0.12399182468652725
0.12276837974786758
0.12240172922611237
0.12197522819042206
0.12067761272192001
0.1195189580321312
0.11845032125711441
0.12107855081558228
0.13126394152641296
0.12930159270763397
0.12929938733577728
0.131181001663208
0.12447696179151535
0.12319435179233551
0.11801870167255402
0.11712261289358139
0.11457157135009766
0.113131582736969
0.11244047433137894
0.11186046898365021
0.11084625124931335
0.1105043962597847
0.1099138930439949
0.10970601439476013
0.10935112833976746
0.10944770276546478
0.10969137400388718
0.10814564675092697
0.10821491479873657
0.10871997475624084
0.10850115120410919
0.10752349346876144
0.10649450123310089
0.10724378377199173
0.10932568460702896
0.10774712264537811
0.10651733726263046
0.1053123027086258
0.10536201298236847
0.10467706620693207
0.10474459826946259
0.105253204703331
0.10356509685516357
0.10417452454566956
0.10455845296382904
0.10203626751899719
0.1033925786614418
0.10241501778364182
0.10203880071640015
0.1014588475227356
0.10117092728614807
0.10152783244848251
0.10052084922790527
0.10023133456707001
0.09952681511640549
0.09949389845132828
0.09959936141967773
0.09897156059741974
0.10392269492149353
0.10482095181941986
0.09938160330057144
0.10272947698831558
0.09968382865190506
0.09829496592283249
0.0972859188914299
0.09679543226957321
0.09585177898406982
0.09573570638895035
0.09554517269134521
0.0957062691450119
0.09577776491641998
0.09680737555027008
0.09614141285419464
0.09495750069618225
0.09394972771406174
0.09327097237110138
0.09271291643381119
0.09238062798976898
0.09226863086223602
0.09269244968891144
0.09220333397388458
0.09166420251131058
0.09100158512592316
0.09061799198389053
0.09017778187990189
0.09020833671092987
0.08959749341011047
0.09245886653661728
0.09396230429410934
0.09192243963479996
0.09065327048301697
0.09038978815078735
0.09102179855108261
0.08882991224527359
0.08782605081796646
0.08952144533395767
0.08975400030612946
0.08903727680444717
0.087860606610775
0.0869746133685112
0.08648759126663208
0.08590961247682571
0.08536060899496078
0.08473509550094604
0.08448000252246857
0.0841117575764656
0.08405694365501404
0.08379010111093521
0.08319661021232605
0.08285515010356903
0.08279605209827423
0.08414433896541595
0.08543947339057922
0.08370081335306168
0.08543159812688828
0.08676284551620483
0.08350544422864914
0.08328122645616531
0.08197207748889923
0.08158160001039505
0.08120031654834747
0.08106562495231628
0.08192841708660126
0.08125632256269455
0.08161866664886475
0.08277536183595657
0.08263123035430908
0.08121630549430847
0.08033042401075363
0.07982642948627472
0.07934495806694031
0.0791243463754654
0.0789167508482933
0.07868891209363937
0.07883317023515701
0.0799502283334732
0.07902971655130386
0.078386589884758
0.0789300948381424
0.08045768737792969
0.08183060586452484
0.08249395340681076
0.08060353994369507
0.07925805449485779
0.07882551103830338
0.07827675342559814
0.07868515700101852
0.07791267335414886
0.07761164754629135
0.07702306658029556
0.07673577964305878
0.0763968750834465
0.07614393532276154
0.07585270702838898
0.07569156587123871
0.07549416273832321
0.07532165944576263
0.07525628805160522
0.0749938115477562
0.07640174776315689
0.07732439041137695
0.07614973187446594
0.07566291838884354
0.07497994601726532
0.07437663525342941
0.0740254744887352
0.07380859553813934
0.07393991202116013
0.07360315322875977
0.07361773401498795
0.0736093819141388
0.07409437745809555
0.07353299856185913
0.07293961197137833
0.07270004600286484
0.0725412517786026
0.07223962992429733
0.07205568999052048
0.07202962785959244
0.0718550831079483
0.07166086882352829
0.0716075673699379
0.07153763622045517
0.07123156636953354
0.07102116197347641
0.07096915692090988
0.07104547321796417
0.07129416614770889
0.07132623344659805
0.07154901325702667
0.071074478328228
0.07041610777378082
0.07026301324367523
0.0713082104921341
0.07126618921756744
0.07054807245731354
0.06984029710292816
0.07038857042789459
0.0702715814113617
0.07004538923501968
0.07238302379846573
0.07333935797214508
0.07153666764497757
0.06987249851226807
0.0692039355635643
0.06872887164354324
0.06822510808706284
0.06788310408592224
0.06809764355421066
0.06853565573692322
0.06800761818885803
0.06759686022996902
0.06742765754461288
0.06750941276550293
0.06864405423402786
0.06820336729288101
0.06767585128545761
0.0671541839838028
0.06689868122339249
0.06665019690990448
0.06656042486429214
0.06637977063655853
0.0662984549999237
0.06621664017438889
0.06606189906597137
0.06594643741846085
0.06580515950918198
0.06583297252655029
0.0656631588935852
0.06576511263847351
0.0658254399895668
0.06578797101974487
0.06567880511283875
0.06553024798631668
0.0654965192079544
0.06554409116506577
0.06535517424345016
0.06520431488752365
0.06507881730794907
0.0649188831448555
0.06501918286085129
0.06508670002222061
0.06484027206897736
0.06476343423128128
0.06455676257610321
0.06444450467824936
0.06436342746019363
0.0642058327794075
0.0641608014702797
0.0640329048037529
0.06394504010677338
0.06381775438785553
0.06377475708723068
0.06368830800056458
0.06363718211650848
0.06353218108415604
0.06379961222410202
0.06445502489805222
0.0640498697757721
0.0636507049202919
0.0636603981256485
0.06372766941785812
0.06348367035388947
0.06319998949766159
0.06316319108009338
0.06302141398191452
0.06297752261161804
0.06295270472764969
0.06283970922231674
0.06278158724308014
0.06271094083786011
0.06304498016834259
0.06305772811174393
0.06266907602548599
0.06254652887582779
0.06251970678567886
0.062492258846759796
0.06240839883685112
0.062471531331539154
0.06215846166014671
0.06189122423529625
0.06212034821510315
0.06204164773225784
0.06173773854970932
0.061608776450157166
0.06145954877138138
0.061327800154685974
0.06127775087952614
0.06120504066348076
0.06119610369205475
0.06100644916296005
0.06094881892204285
0.06093096360564232
0.06133047491312027
0.06161714717745781
0.06133957579731941
0.06107937544584274
0.06085742637515068
0.06064062565565109
0.06053099408745766
0.0604197233915329
0.06041503697633743
0.06038976088166237
0.060254909098148346
0.060113899409770966
0.060158293694257736
0.059936970472335815
0.05982884392142296
0.059766508638858795
0.05980721488595009
0.059651508927345276
0.05953593924641609
0.05943626910448074
0.05938931554555893
0.059283383190631866
0.059169232845306396
0.059129733592271805
0.059033945202827454
0.0589061863720417
0.05883624032139778
0.05884120613336563
0.05880836024880409
0.058771874755620956
0.05875222012400627
0.05858627334237099
0.058715760707855225
0.05868248641490936
0.058806274086236954
0.05884121358394623
0.058724019676446915
0.058577682822942734
0.05850246921181679
0.05841889604926109
0.05838768556714058
0.058323029428720474
0.058285925537347794
0.05827219784259796
0.0582033134996891
0.058185555040836334
0.05811486765742302
0.05812286213040352
0.05814228951931
0.05819343775510788
0.05827736109495163
0.05828244239091873
0.05821559578180313
0.05807306617498398
0.057983435690402985
0.0579468309879303
0.05784555897116661
0.05779595673084259
0.057780921459198
0.05784788727760315
0.05776939541101456
0.05772333964705467
0.05764245241880417
0.05757081136107445
0.057512104511260986
0.05745234712958336
0.05747673287987709
0.05780631676316261
0.05771934241056442
0.057578179985284805
0.05743226408958435
0.05736033618450165
0.057251207530498505
0.05718494579195976
0.05713750422000885
0.057437714189291
0.05754641816020012
0.05745512247085571
0.057282090187072754
0.05715947598218918
0.05724373832345009
0.05699709802865982
0.057047758251428604
0.0570719838142395
0.05697367340326309
0.0569094717502594
0.056796904653310776
0.05672713741660118
0.05666196346282959
0.05657903105020523
0.05652642250061035
0.0565161369740963
0.056498222053050995
0.05645293742418289
0.05638933554291725
0.05634310096502304
0.05628686398267746
0.056476134806871414
0.05638684704899788
0.05635084956884384
0.05623555928468704
0.05620104447007179
0.056105487048625946
0.05621299147605896
0.056214604526758194
0.05615369975566864
0.05618191137909889
0.056681327521800995
0.05671518296003342
0.0565456859767437
0.05637713894248009
0.05621592700481415
0.05619482323527336
0.05602853745222092
0.055943820625543594
0.05586981400847435
0.055818550288677216
0.05574927479028702
0.05574658513069153
0.05570868030190468
0.0557643324136734
0.05567852035164833
0.0556216686964035
0.05560261756181717
0.05554122105240822
