0.6473965644836426
0.4163156747817993
0.3730586767196655
0.3531161844730377
0.3353852331638336
0.3242974579334259
0.3122751712799072
0.3035217523574829
0.2944040596485138
0.28892019391059875
0.2786114811897278
0.27331632375717163
0.2635266184806824
0.2546844780445099
0.2505207657814026
0.2431638240814209
0.2377135306596756
0.23351188004016876
0.23431360721588135
0.2243363857269287
0.21872204542160034
0.21474500000476837
0.2093563675880432
0.23221856355667114
0.21038825809955597
0.20253708958625793
0.19365093111991882
0.1908876895904541
0.2000497430562973
0.19532403349876404
0.18802006542682648
0.18011309206485748
0.17741034924983978
0.17402905225753784
0.168085977435112
0.16809599101543427
0.16812266409397125
0.1645192801952362
0.16324461996555328
0.16507157683372498
0.15017719566822052
0.1517588049173355
0.15968924760818481
0.14890719950199127
0.14259064197540283
0.1350848227739334
0.13077735900878906
0.12736020982265472
0.12782317399978638
0.13855288922786713
0.15757852792739868
0.1432337760925293
0.13290444016456604
0.12351342290639877
0.11452022194862366
0.11464203894138336
0.11006850004196167
0.10502168536186218
0.11352106183767319
0.10797522962093353
0.10135260969400406
0.0962684378027916
0.10089914500713348
0.09654313325881958
0.08875816315412521
0.08797037601470947
0.08503648638725281
0.08369851857423782
0.07949785888195038
0.09217407554388046
0.0869404599070549
0.07795663177967072
0.07371361553668976
0.07817622274160385
0.0709126740694046
0.06867413222789764
0.06696119159460068
0.08556713163852692
0.07680187374353409
0.06705182790756226
0.06241295859217644
0.060721512883901596
0.05922265723347664
0.05601011961698532
0.053080134093761444
0.050659287720918655
0.050539229065179825
0.04927916079759598
0.04806419089436531
0.04587149992585182
0.04531160742044449
0.07861854881048203
0.0683380514383316
0.06015815585851669
0.0466972254216671
0.042706068605184555
0.03902791067957878
0.038402315229177475
0.08430220931768417
0.07503444701433182
0.052540965378284454
0.04254814609885216
0.03879270330071449
0.03516498580574989
0.03315434977412224
0.03126205503940582
0.0301023218780756
0.03297045826911926
0.03276633471250534
0.02908136323094368
0.027522847056388855
0.025622617453336716
0.024698862805962563
0.024929754436016083
0.025285035371780396
0.02384343184530735
0.029268253594636917
0.026368889957666397
0.022445401176810265
0.020545076578855515
0.020775139331817627
0.019875969737768173
0.01957881450653076
0.01922093704342842
0.01893947832286358
0.018913140520453453
0.018563415855169296
0.01797219179570675
0.018289625644683838
0.017760062590241432
0.017634224146604538
0.01738877408206463
0.017142271623015404
0.01671545021235943
0.020233482122421265
0.017968744039535522
0.017063334584236145
0.016564542427659035
0.01577427238225937
0.017685765400528908
0.01798567920923233
0.015846967697143555
0.015356977470219135
0.015209862031042576
0.014447231777012348
0.0153590627014637
0.0156371109187603
0.014888842590153217
0.016022097319364548
0.014308707788586617
0.013736787252128124
0.01349085383117199
0.013134514912962914
0.013001966290175915
0.012724669650197029
0.012395785190165043
0.012187502346932888
0.012192724272608757
0.01199349481612444
0.011732998304069042
0.012384632602334023
0.012339646928012371
0.011554715223610401
0.01118958368897438
0.01129909884184599
0.0112985260784626
0.01091366820037365
0.011155656538903713
0.010840293020009995
0.010958571918308735
0.010723695158958435
0.010369416326284409
0.009890290908515453
0.009659072384238243
0.011993934400379658
0.013023829087615013
0.010773858986794949
0.009595762938261032
0.009524097666144371
0.009200246073305607
0.008961146697402
0.00873477105051279
0.00884931068867445
0.008952658623456955
0.008611754514276981
0.008556593209505081
0.00848886463791132
0.008285432122647762
0.008821994066238403
0.009954961016774178
0.00815531611442566
0.007937843911349773
0.008919400162994862
0.01082367543131113
0.008897468447685242
0.008463946171104908
0.00764413783326745
0.007890143431723118
0.007383089046925306
0.007275990676134825
0.00701181311160326
0.006713631562888622
0.006687749642878771
0.006509778089821339
0.006571736186742783
0.006618650630116463
0.006456575822085142
0.006398478057235479
0.00620591314509511
0.0060643688775599
0.006481571588665247
0.006471548695117235
0.005988188553601503
0.0057909609749913216
0.005631713662296534
0.005548043176531792
0.005759076215326786
0.00566016836091876
0.005451046861708164
0.005364888347685337
0.005279168486595154
0.005256508477032185
0.007370454259216785
0.006673653144389391
0.00551836472004652
0.005473369266837835
0.005175058264285326
0.005141087342053652
0.005076293833553791
0.005026999861001968
0.004970314912497997
0.0049345060251653194
0.0049045505002141
0.0050147525034844875
0.004854693077504635
0.004800556227564812
0.004900638945400715
0.004970107227563858
0.004866901785135269
0.004744244273751974
0.0046676089987158775
0.00463525578379631
0.004579947330057621
0.004553958307951689
0.004837454296648502
0.004702572710812092
0.004636264871805906
0.004513983614742756
0.0044482676312327385
0.004507172852754593
0.004618560429662466
0.004509026650339365
0.004385553300380707
0.004314805381000042
0.004322191700339317
0.004277384374290705
0.004413269925862551
0.004345552530139685
0.004184659570455551
0.004145000595599413
0.004306793678551912
0.004283268004655838
0.004215817898511887
0.004148839972913265
0.004114764276891947
0.003992562182247639
0.00475093862041831
0.005425504874438047
0.004605431575328112
0.004273915663361549
0.0040275584906339645
0.003948264289647341
0.00393840204924345
0.003991022706031799
0.003954967018216848
0.0039021263364702463
0.0037504322826862335
0.003726906143128872
0.0036847686860710382
0.003722231602296233
0.00360997230745852
0.0035946343559771776
0.0035651514772325754
0.0035200437996536493
0.0035026022233068943
0.0034848328214138746
0.0034723065327852964
0.0036602034233510494
0.0035023812670260668
0.0034538512118160725
0.003403619397431612
0.0034742113202810287
0.0035477178171277046
0.0034293895587325096
0.0033321769442409277
0.0032774009741842747
0.0034761852584779263
0.003469244809821248
0.0032591507770121098
0.0034782744478434324
0.0035058860667049885
0.0034393914975225925
0.00462360680103302
0.004293530248105526
0.0033193593844771385
0.0033478555269539356
0.0031539711635559797
0.0032350285910069942
0.0031373430974781513
0.0030406969599425793
0.0030122341122478247
0.002977237803861499
0.0029287682846188545
0.0029653836973011494
0.0030010042246431112
0.0028979138005524874
0.0028706297744065523
0.0028491844423115253
0.0028050499968230724
0.0027832502964884043
0.0027724863030016422
0.002966694999486208
0.0030954782851040363
0.0028910860419273376
0.0027891683857887983
0.0027635705191642046
0.0027387444861233234
0.002801579190418124
0.002829291857779026
0.0027558528818190098
0.002713260008022189
0.002695217728614807
0.002671558642759919
0.002656009513884783
0.002646149368956685
0.0026408706326037645
0.0026298416778445244
0.0026092214975506067
0.0026100536342710257
0.0026406696997582912
0.002589753596112132
0.0025760591961443424
0.0025565444957464933
0.0025608495343476534
0.002558143110945821
0.0025412170216441154
0.002527024829760194
0.0025167507119476795
0.002508606994524598
0.0024919018615037203
0.002481678267940879
0.002473121974617243
0.0024667028337717056
0.0024624643847346306
0.00253119389526546
0.00250920164398849
0.0024594441056251526
0.0025377552956342697
0.0025098181795328856
0.0024831737391650677
0.0024432700593024492
0.002442114520817995
0.002427221741527319
0.0023943819105625153
0.0023739621974527836
0.002363490639254451
0.0023619490675628185
0.0023639241699129343
0.002428000560030341
0.002404867671430111
0.002345126587897539
0.0023182653822004795
0.00231138220988214
0.0022989267017692327
0.00228439224883914
0.0022730110213160515
0.002269973512738943
0.002263394184410572
0.002247502328827977
0.0022378438152372837
0.002251682337373495
0.002282415982335806
0.0022674703504890203
0.002235129475593567
0.0022479745093733072
0.0022367392666637897
0.0021944353356957436
0.0021903959568589926
0.00221432838588953
0.002212038729339838
0.0021638621110469103
0.00214690831489861
0.002141097094863653
0.0021251575089991093
0.0021163062192499638
0.0021231630817055702
0.002096701180562377
0.0020902426913380623
0.002080475678667426
0.0020719380117952824
0.0021004213485866785
0.002123010577633977
0.0020898582879453897
0.0021083131432533264
0.002083780011162162
0.002044333377853036
0.002032582415267825
0.0020170281641185284
0.0020065000280737877
0.001992379082366824
0.0019985088147222996
0.002013752469792962
0.0019947506953030825
0.0020849346183240414
0.002001581946387887
0.0019637441728264093
0.0019577560015022755
0.001938520697876811
0.001926920493133366
0.0019203994888812304
0.0019164185505360365
0.0019156100461259484
0.001919229282066226
0.0019317048136144876
0.001932705519720912
0.0019459318136796355
0.001932290499098599
0.0019001273903995752
0.0018920343136414886
0.001886354060843587
0.0018794267671182752
0.0018709070282056928
0.0018695087637752295
0.0018632520223036408
0.0018663917435333133
0.0018608516547828913
0.0018529158551245928
0.001858025905676186
0.001844686921685934
0.0018466062610968947
0.0018393781501799822
0.0018304552650079131
0.0018254119204357266
0.0018245356623083353
0.001819663099013269
0.001812376664020121
0.0018074441468343139
0.0018016701797023416
0.001797557808458805
0.0017957244999706745
0.0018000833224505186
0.0017928471788764
0.0017926429864019156
0.001783920917659998
0.0017822518711909652
0.0017805430106818676
0.0017712147673591971
0.0017637729179114103
0.0017593103693798184
0.0017563904402777553
0.0017533608479425311
0.0017456072382628918
0.0017427131533622742
0.0017439589137211442
0.00173843908123672
0.0017364046070724726
0.0017306311056017876
0.0017516477964818478
0.0017667646752670407
0.0017500092508271337
0.0017273544799536467
0.0017141216667369008
0.0017039866652339697
0.0016970298020169139
0.001697112456895411
0.0017032860778272152
0.0016973464516922832
0.0016873666318133473
0.0016878627939149737
0.0016720915446057916
0.0016778402496129274
0.0016713786171749234
0.0016665111761540174
0.0016883468488231301
0.0017458354122936726
0.0016958672786131501
0.0016609858721494675
0.0016507582040503621
0.0016402805922552943
0.0016470539849251509
0.0016413633711636066
0.0016206218861043453
0.0016237166710197926
0.0016207913868129253
0.001612805644981563
0.0016061145579442382
0.0015996824949979782
0.0015987376682460308
0.0016085997922345996
0.0015990131068974733
0.0016011433908715844
0.0015955171547830105
0.0015912492526695132
0.001580104697495699
0.001572181354276836
0.0015844113659113646
0.0016188781009986997
0.0015969185624271631
0.0015787851298227906
0.0015701635275036097
0.0015640667406842113
0.0015473238890990615
0.0015381219564005733
0.001531965215690434
0.0015401362907141447
0.0015614067669957876
0.0015483982861042023
0.00153047451749444
0.0015198582550510764
0.0015161869814619422
0.0015115428250283003
0.0015058869030326605
0.0015080791199579835
0.001505253603681922
0.0015011091018095613
0.0014972989447414875
0.0014935866929590702
0.0014907949371263385
0.001505047082901001
0.0015051811933517456
0.001498273923061788
0.0014915852807462215
0.0014850078150629997
0.001480360864661634
0.0014765597879886627
0.0014744601212441921
0.0014710273826494813
0.001471223309636116
0.0014725251821801066
0.001468289759941399
0.0014878211077302694
0.0014991683419793844
0.0014836628688499331
0.0014684271300211549
0.0014606661861762404
0.0014535995433107018
0.0014518843963742256
0.0014477299991995096
0.0014501074329018593
0.0014784232480451465
0.001478621386922896
0.0014616271946579218
0.0014665444614365697
0.0014669984811916947
0.0014492227928712964
0.0014392846496775746
0.0014337596949189901
0.0014283503405749798
0.001426053699105978
0.0014222589088603854
0.001420878921635449
0.0014164270833134651
0.0014127675676718354
0.0014123204164206982
0.0014066742733120918
0.0014053788036108017
0.0014085769653320312
0.001402562134899199
0.0013981385855004191
0.0013951639411970973
0.0013936475152149796
0.0013928308617323637
0.0013917055912315845
0.0013904658844694495
0.001398543594405055
0.0014045062707737088
0.0013986695557832718
0.0013931641587987542
0.001387680764310062
0.0013803101610392332
0.001378753106109798
0.0013741025468334556
0.0013714523520320654
0.0013699939008802176
0.0013814606936648488
0.0013785302871838212
0.001368644181638956
0.0013640098040923476
0.0013572185998782516
0.0013535054167732596
0.0013504362432286143
0.0013461436610668898
0.0013424090575426817
0.0013445193180814385
0.0013425771612673998
0.0013415657449513674
0.0013370492961257696
0.001331775332801044
0.0013294407399371266
0.0013259653933346272
0.001323486678302288
