0.5685358
0.57009345
0.5996885
0.66510904
0.7398754
0.7616822
0.7943925
0.7959501
0.7772585
0.80685353
0.8426791
0.8457944
0.86292833
0.85046726
0.86915886
0.86915886
0.85825545
0.8613707
0.8707165
0.86292833
0.864486
0.87383175
0.864486
0.85825545
0.88161993
0.8426791
0.85825545
0.86915886
0.83644855
0.88940805
0.88785046
0.8722741
0.8613707
0.8800623
0.8831775
0.88785046
0.8909657
0.8862928
0.85825545
0.88785046
0.8909657
0.88785046
0.86604357
0.8956386
0.7803738
0.8831775
0.8956386
0.88785046
0.85825545
0.8862928
0.8411215
0.8956386
0.864486
0.88785046
0.876947
0.88785046
0.8987539
0.8987539
0.86915886
0.8520249
0.894081
0.8956386
0.90031147
0.89719623
0.9143302
0.91121495
0.8753894
0.86915886
0.8753894
0.8707165
0.87850463
0.90342677
0.8707165
0.8862928
0.89252335
0.85825545
0.9096573
0.91121495
0.8800623
0.88940805
0.90809965
0.78660434
0.85981303
0.90342677
0.80685353
0.8987539
0.87850463
0.8707165
0.9096573
0.87383175
0.8676012
0.88940805
0.83956385
0.906542
0.89719623
0.91277254
0.9018691
0.9096573
0.91277254
0.8909657
0.8909657
0.88785046
0.847352
0.80529594
0.91588783
0.8987539
0.9049844
0.90809965
0.89719623
0.8800623
0.8987539
0.91277254
0.90809965
0.8753894
0.90342677
0.91277254
0.90031147
0.876947
0.9018691
0.86915886
0.91900307
0.91588783
0.89252335
0.89252335
0.8862928
0.8333333
0.906542
0.8800623
0.876947
0.6900311
0.8956386
0.8987539
0.87383175
0.84423673
0.9143302
0.9143302
0.90809965
0.88940805
0.9143302
0.91121495
0.87850463
0.8956386
0.9049844
0.906542
0.91900307
0.9143302
0.9096573
0.92211837
0.89252335
0.8271028
0.7912772
0.85514015
0.89719623
0.8613707
0.8956386
0.8566978
0.8753894
0.91900307
0.91121495
0.9143302
0.9049844
0.9174455
0.8146417
0.89252335
0.8909657
0.92211837
0.906542
0.9299065
0.90809965
0.8753894
0.8909657
0.9096573
0.91900307
0.9143302
0.8707165
0.8956386
0.91121495
0.906542
0.90342677
0.9252336
0.8613707
0.88161993
0.90031147
0.90809965
0.92211837
0.91277254
0.90031147
0.91588783
0.90342677
0.847352
0.9096573
0.906542
0.81619936
0.88940805
0.90809965
0.88161993
0.8800623
0.8909657
0.8987539
0.9049844
0.9205607
0.92367595
0.8676012
0.92367595
0.92367595
0.9143302
0.91900307
0.90031147
0.8535825
0.9143302
0.9049844
0.88940805
0.90342677
0.9049844
0.9049844
0.8566978
0.9205607
0.90342677
0.90342677
0.8520249
0.64641744
0.8800623
0.8707165
0.7694704
0.906542
0.92367595
0.92367595
0.817757
0.87850463
0.85825545
0.8800623
0.8831775
0.92367595
0.8566978
0.894081
0.864486
0.84423673
0.9018691
0.83177567
0.87850463
0.9096573
0.88785046
0.8987539
0.86915886
0.894081
0.91900307
0.9096573
0.87850463
0.876947
0.89252335
0.8566978
0.91277254
0.92211837
0.84423673
0.8566978
0.91121495
0.87850463
0.88940805
0.8753894
0.88161993
0.91588783
0.876947
0.91121495
0.84423673
0.88161993
0.9283489
0.88473517
0.88940805
0.86604357
0.88161993
0.80218065
0.8535825
0.6869159
0.91900307
0.6370716
0.8084112
0.83177567
0.8909657
0.86915886
0.92679125
0.9174455
0.90342677
0.9205607
0.91121495
0.90809965
0.9143302
0.87850463
0.6791277
0.86915886
0.894081
0.8489096
0.8831775
0.86604357
0.9049844
0.6214953
0.8566978
0.9049844
0.9049844
0.91900307
0.84423673
0.9205607
0.88940805
0.9049844
0.8722741
0.9174455
0.86604357
0.8909657
0.91277254
0.9252336
0.86604357
0.85825545
0.92211837
0.9143302
0.92211837
0.92211837
0.9018691
0.7663551
0.9096573
0.7959501
0.91121495
0.9096573
0.91900307
0.91900307
0.9018691
0.92679125
0.7959501
