2.2543757
1.6736286
1.2800303
0.87762135
0.5841914
0.48854786
0.46485886
0.4335924
0.4514599
0.43864012
0.40477383
0.54787415
0.45454466
0.393096
0.38940567
0.38550332
0.4564214
0.38106528
0.37863564
0.44952762
0.38837236
0.42031038
0.387485
0.39212862
0.3662816
0.3772895
0.36159968
0.5238071
0.5258086
0.355655
0.35408834
0.40112397
0.36216906
0.34969112
0.34758347
0.34658936
0.34374645
0.34296066
0.35560068
0.35024506
0.33646438
0.35014883
0.37612382
0.3494594
0.46743906
0.35358682
0.33555084
0.3494099
0.38759106
0.35487527
0.3328514
0.32106468
0.54658824
0.3282642
0.43870932
0.3289419
0.31596324
0.34788835
0.3284735
0.39987648
0.3154147
0.31199938
0.3115738
0.32938242
0.34627214
0.33814508
0.39166695
0.33701292
0.3119812
0.3035109
0.34730312
0.33865416
0.35854208
0.3406573
0.29994527
0.34842286
0.301134
0.29891092
0.3463311
0.2984713
0.29767016
0.3481394
0.60536116
0.29531464
0.48402807
0.36445823
0.32017612
0.3025859
0.2943626
0.36656317
0.38896427
0.2937189
0.36393455
0.30938804
0.29475653
0.29204163
0.32582322
0.2922171
0.29162166
0.29473343
0.39063522
0.33704755
0.29044187
0.35115764
0.29094765
0.3032185
0.2943431
0.29236263
0.29723576
0.29798698
0.290501
0.29088894
0.28835526
0.33204406
0.3002337
0.28985232
0.3271674
0.33021685
0.30437505
0.29748088
0.2864664
0.28600782
0.34641215
0.28942722
0.35708135
0.41666847
0.3014792
0.3486948
0.3259721
0.48680845
0.2963378
0.3251152
0.29912457
0.4577597
0.28463036
0.28470084
0.2843119
0.45219877
0.28490433
0.28575638
0.31097388
0.32698533
0.28622654
0.28821266
0.3084603
0.28463897
0.31795162
0.28365785
0.296963
0.31400394
0.34358323
0.38524693
0.29722208
0.337739
0.3063109
0.8029589
0.31344774
0.2854299
0.28250703
0.28884256
0.29005355
0.29003936
0.33306882
0.3573532
0.41649282
0.28244862
0.2988614
0.2821721
0.2825722
0.2947589
0.4100712
0.2838367
0.28174022
0.31004828
0.29331008
0.31300038
0.2894725
0.2835015
0.39578715
0.28283897
0.40206665
0.37902787
0.32622942
0.41647494
0.2812533
0.29290697
0.33960193
0.31554997
0.28177366
0.32069352
0.28606698
0.28717384
0.3452979
0.2809941
0.2815733
0.39409888
0.28162044
0.2853991
0.28090003
0.29705018
0.28560764
0.31234515
0.31594145
0.28196853
0.28136304
0.29234114
0.2867935
0.28163618
0.372049
0.3340929
0.28020892
0.3621094
0.28239956
0.3355693
0.28040552
0.2839242
0.28023908
0.2878783
0.28092846
0.35723573
0.3576126
0.37801498
0.29237816
0.29078722
0.3286424
0.28396413
0.2803442
0.6153366
0.43212405
0.35311422
0.28072464
0.29176417
0.2900216
0.32062548
0.3168697
0.3381622
0.2797894
0.3046674
0.28057355
