0.49999997
0.51713395
0.5841121
0.61214954
0.6666666
0.70716506
0.71806854
0.74454826
0.7507788
0.75233644
0.81619936
0.8084112
0.7990654
0.830218
0.83489096
0.80685353
0.78348905
0.8457944
0.847352
0.83956385
0.85514015
0.85825545
0.8535825
0.8489096
0.85981303
0.85514015
0.85514015
0.86292833
0.8535825
0.8753894
0.87383175
0.87383175
0.8566978
0.86604357
0.8676012
0.8722741
0.8707165
0.8707165
0.876947
0.86915886
0.8800623
0.8800623
0.88161993
0.8722741
0.7476635
0.86915886
0.8535825
0.87383175
0.8411215
0.847352
0.86292833
0.88940805
0.86292833
0.8800623
0.87850463
0.8707165
0.88473517
0.8831775
0.8707165
0.8753894
0.8909657
0.8862928
0.8862928
0.8271028
0.8426791
0.8676012
0.85825545
0.8753894
0.79750776
0.86292833
0.876947
0.86292833
0.8613707
0.8380062
0.89252335
0.88940805
0.8862928
0.89719623
0.8862928
0.894081
0.894081
0.7663551
0.82554513
0.85981303
0.7850467
0.8753894
0.8831775
0.81308407
0.894081
0.87383175
0.8722741
0.906542
0.8676012
0.89252335
0.8956386
0.894081
0.86915886
0.906542
0.9049844
0.85981303
0.8722741
0.894081
0.8800623
0.83489096
0.89719623
0.88785046
0.81308407
0.847352
0.8987539
0.88940805
0.88473517
0.90342677
0.89719623
0.86915886
0.7912772
0.9049844
0.86292833
0.864486
0.8862928
0.8956386
0.9018691
0.90342677
0.8271028
0.906542
0.80685353
0.88785046
0.788162
0.86604357
0.9096573
0.8613707
0.8224299
0.8831775
0.83177567
0.7741433
0.8707165
0.90031147
0.9018691
0.8831775
0.906542
0.906542
0.8722741
0.8707165
0.8753894
0.8707165
0.89719623
0.8987539
0.89252335
0.9049844
0.8535825
0.864486
0.73364484
0.78348905
0.8380062
0.8566978
0.830218
0.71028036
0.7959501
0.87850463
0.906542
0.9049844
0.8239875
0.85981303
