0.50934577
0.5311526
0.6074766
0.6697819
0.69158876
0.7461059
0.7461059
0.7803738
0.7757009
0.7928349
0.81308407
0.8099688
0.8037383
0.8224299
0.8239875
0.8239875
0.77258563
0.83489096
0.83956385
0.8193146
0.82554513
0.83956385
0.83956385
0.82554513
0.8535825
0.77881616
0.83956385
0.85514015
0.8099688
0.85825545
0.86292833
0.84423673
0.85046726
0.85046726
0.864486
0.8722741
0.8707165
0.8613707
0.85825545
0.87383175
0.864486
0.8535825
0.85825545
0.8380062
0.7429906
0.85514015
0.8707165
0.87383175
0.8084112
0.8707165
0.8613707
0.8831775
0.84423673
0.87383175
0.864486
0.8676012
0.88161993
0.8676012
0.88473517
0.85981303
0.88473517
0.8831775
0.8831775
0.6479751
0.8753894
0.8800623
0.82554513
0.78660434
0.62305295
0.8535825
0.8722741
0.8239875
0.86915886
0.88161993
0.8613707
0.8613707
0.88161993
0.8862928
0.8862928
0.8753894
0.8909657
0.8271028
0.8084112
0.8676012
0.8380062
0.8489096
0.88940805
0.8115265
0.88785046
0.8613707
0.8909657
0.8956386
0.864486
0.88940805
0.894081
0.894081
0.8909657
0.8909657
0.8987539
0.88473517
0.8535825
0.85514015
0.90031147
0.894081
0.90342677
0.83956385
0.876947
0.8271028
0.89252335
0.8956386
0.8800623
0.9049844
0.9049844
0.8271028
0.76323986
0.9018691
0.894081
0.847352
0.88161993
0.89252335
0.9018691
0.89719623
0.88161993
0.8987539
0.8722741
0.88940805
0.8037383
0.864486
0.87383175
0.88161993
0.83644855
0.8613707
0.8613707
0.8909657
0.89719623
0.9018691
0.8707165
0.8956386
0.906542
0.90031147
0.88473517
0.87850463
0.87850463
0.894081
0.88161993
0.8909657
0.86915886
0.8987539
0.9018691
0.88161993
0.864486
0.82087225
0.87383175
0.89252335
0.89252335
0.8146417
0.8099688
0.90031147
0.8987539
0.9049844
0.6448598
0.85981303
0.788162
0.8146417
0.87383175
0.9096573
0.894081
0.91121495
0.90342677
0.88785046
0.88940805
0.88940805
0.88940805
0.8831775
0.8987539
0.8722741
0.8956386
0.89252335
0.85981303
0.90809965
0.894081
0.8753894
0.8862928
0.8707165
0.9049844
0.8239875
0.88473517
0.88473517
0.89252335
0.89252335
0.9049844
0.9096573
0.8862928
0.91588783
0.906542
0.88940805
0.9049844
0.876947
0.90342677
0.88161993
0.90342677
0.8800623
0.88473517
0.9049844
0.906542
0.89719623
0.90342677
0.89252335
0.73052955
